Size	Relations	OrthoA	OrthoB
2	1	25.362 1	71.122 1
2	1	25.451 1	71.284 1
2	1	25.361 1	71.121 1
2	1	25.47 1	71.523 1
2	1	25.204 1	71.125 1
2	1	25.178 1	71.580 1
2	1	25.141 1	71.1973 1
2	1	25.449 1	71.272 1
2	1	25.320 1	71.4 1
2	1	25.6 1	71.1936 1
2	1	25.143 1	71.1976 1
2	1	25.450 1	71.267 1
2	1	25.196 1	71.1419 1
2	1	25.39 1	71.126 1
2	1	25.445 1	71.184 1
2	1	25.118 1	71.1812 1
2	1	25.321 1	71.3 1
2	1	25.186 1	71.1479 1
2	1	25.296 1	71.483 1
2	1	25.339 1	71.14 1
2	1	25.48 1	71.549 1
2	1	25.443 1	71.182 1
2	1	25.147 1	71.1970 1
2	1	25.376 1	71.19 1
2	1	25.41 1	71.347 1
2	1	25.10 1	71.2100 1
2	1	25.436 1	71.861 1
2	1	25.135 1	71.445 1
2	1	25.283 1	71.404 1
2	1	25.273 1	71.317 1
2	1	25.288 1	71.513 1
2	1	25.194 1	71.1423 1
2	1	25.160 1	71.68 1
2	1	25.433 1	71.1316 1
2	1	25.54 1	71.526 1
2	1	25.22 1	71.316 1
2	1	25.386 1	71.384 1
2	1	25.278 1	71.1404 1
2	1	25.38 1	71.1994 1
2	1	25.369 1	71.368 1
2	1	25.129 1	71.1809 1
2	1	25.332 1	71.5 1
2	1	25.364 1	71.1584 1
2	1	25.164 1	71.1872 1
2	1	25.202 1	71.60 1
2	1	25.276 1	71.292 1
2	1	25.182 1	71.438 1
2	1	25.152 1	71.2092 1
2	1	25.33 1	71.2098 1
2	1	25.346 1	71.567 1
2	1	25.400 1	71.396 1
2	1	25.181 1	71.439 1
2	1	25.359 1	71.488 1
2	1	25.375 1	71.16 1
2	1	25.355 1	71.310 1
2	1	25.340 1	71.360 1
2	1	25.179 1	71.197 1
2	1	25.140 1	71.1972 1
2	1	25.405 1	71.398 1
2	1	25.116 1	71.340 1
2	1	25.175 1	71.803 1
2	1	25.21 1	71.247 1
2	1	25.333 1	71.7 1
2	1	25.330 1	71.2246 1
2	1	25.388 1	71.391 1
2	1	25.52 1	71.528 1
2	1	25.327 1	71.1 1
2	1	25.130 1	71.1810 1
2	1	25.53 1	71.527 1
2	1	25.395 1	71.354 1
2	1	25.344 1	71.294 1
2	1	25.167 1	71.1875 1
3	2	25.103 0.181 25.106 1	71.2236 1
2	1	25.132 1	71.1926 1
2	1	25.148 1	71.351 1
2	1	25.211 1	71.199 1
2	1	25.56 1	71.782 1
2	1	25.372 1	71.371 1
2	1	25.394 1	71.353 1
2	1	25.125 1	71.2059 1
2	1	25.34 1	71.2097 1
2	1	25.92 1	71.1512 1
2	1	25.93 1	71.413 1
2	1	25.213 1	71.946 1
2	1	25.108 1	71.2237 1
2	1	25.190 1	71.1431 1
2	1	25.208 1	71.442 1
2	1	25.403 1	71.1802 1
2	1	25.380 1	71.377 1
4	3	25.357 1	71.270 1 71.450 0.825 71.1518 0.661
2	1	25.342 1	71.2162 1
2	1	25.366 1	71.365 1
2	1	25.373 1	71.372 1
2	1	25.35 1	71.2095 1
2	1	25.392 1	71.389 1
2	1	25.360 1	71.315 1
2	1	25.328 1	71.2258 1
2	1	25.206 1	71.123 1
2	1	25.356 1	71.312 1
2	1	25.120 1	71.1816 1
2	1	25.43 1	71.1409 1
2	1	25.176 1	71.444 1
2	1	25.396 1	71.355 1
2	1	25.397 1	71.2159 1
2	1	25.200 1	71.57 1
2	1	25.299 1	71.1839 1
2	1	25.384 1	71.382 1
2	1	25.84 1	71.115 1
4	3	25.85 1	71.1019 0.964 71.116 1 71.90 0.935
2	1	25.439 1	71.178 1
2	1	25.438 1	71.176 1
2	1	25.198 1	71.1417 1
2	1	25.295 1	71.573 1
2	1	25.348 1	71.2111 1
2	1	25.277 1	71.1774 1
2	1	25.349 1	71.2110 1
2	1	25.292 1	71.463 1
3	2	25.45 1	71.517 1 71.341 0.767
5	4	25.201 1 25.2 0.812 25.156 0.832 25.207 0.795	71.58 1
2	1	25.382 1	71.380 1
2	1	25.378 1	71.375 1
2	1	25.205 1	71.124 1
2	1	25.149 1	71.1287 1
2	1	25.282 1	71.1805 1
2	1	25.214 1	71.524 1
2	1	25.367 1	71.366 1
2	1	25.275 1	71.319 1
2	1	25.281 1	71.1601 1
2	1	25.172 1	71.529 1
2	1	25.370 1	71.369 1
3	2	25.154 1	71.402 0.200 71.632 1
3	2	25.297 1	71.485 1 71.486 0.751
2	1	25.390 1	71.387 1
2	1	25.173 1	71.530 1
2	1	25.391 1	71.388 1
3	2	25.122 1 25.306 0.078	71.1265 1
2	1	25.428 1	71.579 1
2	1	25.326 1	71.2 1
2	1	25.401 1	71.622 1
2	1	25.383 1	71.381 1
2	1	25.42 1	71.1410 1
2	1	25.345 1	71.298 1
2	1	25.432 1	71.1317 1
2	1	25.203 1	71.61 1
3	2	25.452 1	71.269 1 71.510 0.119
2	1	25.444 1	71.183 1
2	1	25.165 1	71.620 1
2	1	25.371 1	71.370 1
2	1	25.398 1	71.2158 1
2	1	25.298 1	71.1840 1
2	1	25.96 1	71.290 1
2	1	25.286 1	71.2239 1
2	1	25.144 1	71.774 1
2	1	25.406 1	71.2152 1
2	1	25.50 1	71.545 1
2	1	25.158 1	71.70 1
2	1	25.274 1	71.421 1
2	1	25.381 1	71.379 1
2	1	25.191 1	71.1430 1
2	1	25.183 1	71.437 1
2	1	25.387 1	71.385 1
2	1	25.343 1	71.2161 1
2	1	25.365 1	71.364 1
2	1	25.185 1	71.414 1
2	1	25.334 1	71.10 1
2	1	25.166 1	71.63 1
2	1	25.112 1	71.2045 1
2	1	25.193 1	71.1424 1
2	1	25.279 1	71.1603 1
2	1	25.354 1	71.24 1
2	1	25.363 1	71.243 1
2	1	25.284 1	71.1413 1
2	1	25.289 1	71.1089 1
2	1	25.385 1	71.383 1
2	1	25.379 1	71.376 1
2	1	25.97 1	71.288 1
2	1	25.159 1	71.69 1
2	1	25.368 1	71.367 1
2	1	25.142 1	71.1974 1
2	1	25.95 1	71.410 1
2	1	25.353 1	71.23 1
5	6	25.104 1 25.107 1 25.100 0.966	71.2201 1 71.1742 1
2	1	25.347 1	71.301 1
7	6	25.322 1	71.1940 1 71.186 0.756 71.187 0.861 71.200 0.756 71.1392 0.635 71.1977 0.883
2	1	25.456 1	71.190 1
2	1	25.434 1	71.1298 1
2	1	25.309 1	71.1526 1
2	1	25.91 1	71.1513 1
2	1	25.184 1	71.1968 1
2	1	25.36 1	71.2096 1
2	1	25.55 1	71.892 1
2	1	25.51 1	71.543 1
2	1	25.440 1	71.179 1
2	1	25.335 1	71.11 1
2	1	25.290 1	71.1748 1
2	1	25.20 1	71.22 1
2	1	25.90 1	71.241 1
2	1	25.389 1	71.386 1
2	1	25.170 1	71.239 1
2	1	25.287 1	71.566 1
2	1	25.377 1	71.374 1
2	1	25.4 1	71.1517 1
2	1	25.351 1	71.2217 1
2	1	25.442 1	71.181 1
2	1	25.352 1	71.55 1
2	1	25.46 1	71.518 1
4	4	25.86 1 25.88 0.353	71.117 1 71.91 0.543
2	1	25.192 1	71.1427 1
2	1	25.7 1	71.405 1
2	1	25.162 1	71.1551 1
3	2	25.124 1 25.126 0.051	71.1555 1
2	1	25.188 1	71.492 1
2	1	25.197 1	71.1418 1
2	1	25.350 1	71.2218 1
2	1	25.5 1	71.1516 1
2	1	25.195 1	71.1422 1
2	1	25.280 1	71.1602 1
2	1	25.291 1	71.1751 1
2	1	25.37 1	71.1939 1
2	1	25.40 1	71.1835 1
2	1	25.393 0.864	71.390 0.864
2	1	25.189 0.835	71.2259 0.835
2	1	25.174 0.864	71.544 0.864
