Size	Relations	OrthoA	OrthoB
2	1	25.362 1	72.97 1
2	1	25.451 1	72.263 1
2	1	25.361 1	72.96 1
2	1	25.204 1	72.100 1
2	1	25.178 1	72.563 1
2	1	25.141 1	72.2049 1
2	1	25.449 1	72.250 1
2	1	25.320 1	72.4 1
2	1	25.6 1	72.1990 1
2	1	25.450 1	72.245 1
2	1	25.196 1	72.1420 1
2	1	25.39 1	72.101 1
2	1	25.445 1	72.160 1
2	1	25.118 1	72.1865 1
2	1	25.321 1	72.3 1
2	1	25.186 1	72.1511 1
2	1	25.296 1	72.463 1
2	1	25.339 1	72.13 1
2	1	25.47 1	72.505 1
2	1	25.48 1	72.532 1
2	1	25.443 1	72.158 1
2	1	25.147 1	72.2046 1
2	1	25.143 1	72.2053 1
2	1	25.376 1	72.18 1
2	1	25.41 1	72.327 1
2	1	25.10 1	72.2147 1
2	1	25.436 1	72.917 1
2	1	25.135 1	72.425 1
2	1	25.283 1	72.384 1
2	1	25.152 1	72.2139 1
2	1	25.273 1	72.297 1
2	1	25.288 1	72.494 1
2	1	25.194 1	72.1424 1
2	1	25.160 1	72.68 1
2	1	25.360 1	72.295 1
2	1	25.433 1	72.1286 1
2	1	25.54 1	72.509 1
2	1	25.22 1	72.296 1
2	1	25.386 1	72.364 1
2	1	25.278 1	72.1405 1
2	1	25.38 1	72.2072 1
2	1	25.369 1	72.348 1
2	1	25.129 1	72.1862 1
2	1	25.332 1	72.5 1
2	1	25.364 1	72.1619 1
2	1	25.164 1	72.1925 1
2	1	25.202 1	72.60 1
2	1	25.276 1	72.271 1
2	1	25.182 1	72.418 1
2	1	25.33 1	72.2145 1
2	1	25.346 1	72.550 1
2	1	25.400 1	72.376 1
2	1	25.181 1	72.419 1
2	1	25.359 1	72.468 1
2	1	25.375 1	72.15 1
2	1	25.355 1	72.290 1
2	1	25.340 1	72.340 1
2	1	25.140 1	72.2048 1
2	1	25.405 1	72.378 1
2	1	25.175 1	72.807 1
2	1	25.21 1	72.225 1
2	1	25.116 1	72.320 1
2	1	25.333 1	72.7 1
2	1	25.330 1	72.2292 1
2	1	25.388 1	72.371 1
2	1	25.52 1	72.511 1
2	1	25.327 1	72.1 1
2	1	25.130 1	72.1863 1
2	1	25.53 1	72.510 1
2	1	25.395 1	72.334 1
2	1	25.167 1	72.1929 1
3	2	25.103 0.181 25.106 1	72.2282 1
2	1	25.132 1	72.1980 1
2	1	25.148 1	72.331 1
2	1	25.211 1	72.176 1
2	1	25.56 1	72.786 1
2	1	25.372 1	72.351 1
2	1	25.125 1	72.2108 1
2	1	25.34 1	72.2144 1
2	1	25.213 1	72.1004 1
2	1	25.93 1	72.393 1
2	1	25.108 1	72.2283 1
2	1	25.190 1	72.1432 1
2	1	25.208 1	72.422 1
2	1	25.380 1	72.357 1
4	3	25.357 1	72.248 1 72.430 0.825 72.1552 0.661
2	1	25.342 1	72.2209 1
2	1	25.366 1	72.345 1
2	1	25.373 1	72.352 1
2	1	25.35 1	72.2142 1
2	1	25.392 1	72.369 1
2	1	25.328 1	72.2304 1
2	1	25.206 1	72.98 1
2	1	25.356 1	72.292 1
2	1	25.120 1	72.1869 1
2	1	25.43 1	72.1410 1
2	1	25.176 1	72.424 1
2	1	25.396 1	72.335 1
2	1	25.397 1	72.2206 1
2	1	25.200 1	72.57 1
2	1	25.299 1	72.1893 1
2	1	25.384 1	72.362 1
2	1	25.439 1	72.154 1
2	1	25.198 1	72.1418 1
2	1	25.438 1	72.152 1
2	1	25.295 1	72.556 1
2	1	25.348 1	72.2158 1
2	1	25.394 1	72.333 1
3	2	25.85 1	72.1093 0.969 72.91 1
2	1	25.92 1	72.1546 1
2	1	25.349 1	72.2157 1
2	1	25.277 1	72.1825 1
2	1	25.179 1	72.174 1
3	2	25.45 1	72.499 1 72.321 0.767
2	1	25.292 1	72.443 1
5	4	25.201 1 25.2 0.812 25.156 0.832 25.207 0.795	72.58 1
2	1	25.382 1	72.360 1
2	1	25.378 1	72.355 1
2	1	25.205 1	72.99 1
2	1	25.149 1	72.1256 1
2	1	25.282 1	72.1858 1
2	1	25.214 1	72.507 1
2	1	25.275 1	72.299 1
2	1	25.367 1	72.346 1
2	1	25.281 1	72.1636 1
2	1	25.370 1	72.349 1
2	1	25.172 1	72.512 1
3	2	25.297 1	72.465 1 72.466 0.751
3	2	25.154 1	72.382 0.200 72.630 1
2	1	25.390 1	72.367 1
2	1	25.173 1	72.513 1
2	1	25.391 1	72.368 1
3	2	25.122 1 25.306 0.078	72.1233 1
2	1	25.428 1	72.562 1
2	1	25.326 1	72.2 1
2	1	25.401 1	72.605 1
2	1	25.383 1	72.361 1
2	1	25.42 1	72.1411 1
2	1	25.403 1	72.1854 1
2	1	25.345 1	72.278 1
2	1	25.432 1	72.1287 1
3	2	25.452 1	72.247 1 72.491 0.119
2	1	25.203 1	72.61 1
2	1	25.444 1	72.159 1
2	1	25.165 1	72.603 1
2	1	25.371 1	72.350 1
2	1	25.398 1	72.2205 1
2	1	25.298 1	72.1894 1
2	1	25.96 1	72.269 1
2	1	25.286 1	72.2285 1
2	1	25.406 1	72.2199 1
2	1	25.50 1	72.528 1
2	1	25.144 1	72.776 1
2	1	25.158 1	72.71 1
2	1	25.274 1	72.401 1
2	1	25.381 1	72.359 1
2	1	25.191 1	72.1431 1
2	1	25.183 1	72.417 1
2	1	25.387 1	72.365 1
2	1	25.343 1	72.2208 1
2	1	25.365 1	72.344 1
2	1	25.166 1	72.63 1
2	1	25.185 1	72.394 1
2	1	25.334 1	72.9 1
2	1	25.363 1	72.221 1
2	1	25.354 1	72.23 1
2	1	25.279 1	72.1638 1
2	1	25.193 1	72.1425 1
3	2	25.261 1	72.2016 1 72.650 0.473
2	1	25.284 1	72.1414 1
2	1	25.289 1	72.1107 1
2	1	25.385 1	72.363 1
2	1	25.379 1	72.356 1
2	1	25.97 1	72.267 1
2	1	25.159 1	72.69 1
2	1	25.368 1	72.347 1
2	1	25.142 1	72.2050 1
2	1	25.95 1	72.390 1
2	1	25.353 1	72.22 1
5	6	25.104 1 25.107 1 25.100 0.966	72.2248 1 72.1793 1
2	1	25.434 1	72.1268 1
2	1	25.456 1	72.166 1
7	6	25.322 1	72.1994 1 72.162 0.756 72.163 0.861 72.177 0.756 72.1392 0.702 72.2054 0.883
2	1	25.309 1	72.1560 1
2	1	25.347 1	72.281 1
2	1	25.91 1	72.1547 1
2	1	25.184 1	72.2044 1
2	1	25.36 1	72.2143 1
2	1	25.20 1	72.21 1
2	1	25.290 1	72.1799 1
2	1	25.335 1	72.10 1
2	1	25.440 1	72.155 1
2	1	25.55 1	72.949 1
2	1	25.90 1	72.219 1
2	1	25.389 1	72.366 1
2	1	25.84 1	72.88 1
3	2	25.86 1 25.88 0.349	72.92 1
2	1	25.170 1	72.217 1
2	1	25.4 1	72.1551 1
2	1	25.51 1	72.526 1
2	1	25.377 1	72.354 1
2	1	25.287 1	72.549 1
2	1	25.442 1	72.157 1
2	1	25.351 1	72.2263 1
2	1	25.352 1	72.55 1
2	1	25.46 1	72.500 1
2	1	25.192 1	72.1428 1
2	1	25.7 1	72.385 1
2	1	25.162 1	72.1586 1
3	2	25.124 1 25.126 0.051	72.1589 1
2	1	25.188 1	72.472 1
2	1	25.344 1	72.274 1
2	1	25.195 1	72.1423 1
2	1	25.197 1	72.1419 1
2	1	25.350 1	72.2264 1
2	1	25.5 1	72.1550 1
2	1	25.280 1	72.1637 1
2	1	25.291 1	72.1802 1
2	1	25.37 1	72.1993 1
2	1	25.40 1	72.1889 1
2	1	25.393 0.864	72.370 0.864
2	1	25.189 0.835	72.2305 0.835
2	1	25.174 0.864	72.527 0.864
