Size	Relations	OrthoA	OrthoB
2	1	25.362 1	73.100 1
2	1	25.451 1	73.263 1
2	1	25.361 1	73.99 1
2	1	25.47 1	73.508 1
2	1	25.178 1	73.565 1
2	1	25.141 1	73.1840 1
2	1	25.449 1	73.251 1
2	1	25.320 1	73.5 1
2	1	25.6 1	73.1799 1
2	1	25.450 1	73.246 1
2	1	25.196 1	73.1240 1
2	1	25.445 1	73.165 1
2	1	25.321 1	73.4 1
2	1	25.186 1	73.1353 1
2	1	25.296 1	73.466 1
2	1	25.118 1	73.1672 1
2	1	25.339 1	73.14 1
2	1	25.48 1	73.534 1
2	1	25.443 1	73.163 1
2	1	25.143 1	73.1844 1
2	1	25.376 1	73.19 1
2	1	25.41 1	73.329 1
2	1	25.204 1	73.104 1
2	1	25.10 1	73.1941 1
2	1	25.436 1	73.833 1
2	1	25.39 1	73.105 1
2	1	25.135 1	73.428 1
2	1	25.283 1	73.388 1
2	1	25.273 1	73.299 1
2	1	25.288 1	73.497 1
2	1	25.194 1	73.1244 1
2	1	25.147 1	73.1836 1
2	1	25.160 1	73.71 1
2	1	25.360 1	73.297 1
2	1	25.54 1	73.511 1
2	1	25.22 1	73.298 1
2	1	25.278 1	73.1225 1
2	1	25.38 1	73.1862 1
2	1	25.433 1	73.1136 1
2	1	25.369 1	73.350 1
2	1	25.129 1	73.1669 1
2	1	25.332 1	73.6 1
2	1	25.364 1	73.1457 1
2	1	25.164 1	73.1734 1
2	1	25.276 1	73.272 1
2	1	25.182 1	73.421 1
2	1	25.152 1	73.1932 1
2	1	25.33 1	73.1939 1
2	1	25.346 1	73.552 1
2	1	25.400 1	73.380 1
2	1	25.181 1	73.422 1
2	1	25.359 1	73.471 1
2	1	25.386 1	73.367 1
2	1	25.375 1	73.16 1
2	1	25.355 1	73.292 1
2	1	25.340 1	73.342 1
2	1	25.179 1	73.178 1
2	1	25.140 1	73.1839 1
2	1	25.405 1	73.382 1
2	1	25.116 1	73.322 1
2	1	25.175 1	73.773 1
2	1	25.21 1	73.227 1
2	1	25.333 1	73.8 1
2	1	25.330 1	73.2089 1
2	1	25.388 1	73.375 1
2	1	25.52 1	73.513 1
2	1	25.130 1	73.1670 1
2	1	25.395 1	73.336 1
2	1	25.53 1	73.512 1
2	1	25.167 1	73.1737 1
2	1	25.148 1	73.333 1
2	1	25.211 1	73.180 1
2	1	25.56 1	73.753 1
2	1	25.132 1	73.1789 1
2	1	25.372 1	73.353 1
2	1	25.125 1	73.1898 1
2	1	25.34 1	73.1938 1
2	1	25.213 1	73.901 1
2	1	25.394 1	73.335 1
2	1	25.92 1	73.1386 1
2	1	25.93 1	73.397 1
2	1	25.190 1	73.1253 1
2	1	25.403 1	73.1662 1
2	1	25.208 1	73.425 1
2	1	25.380 1	73.359 1
4	3	25.357 1	73.249 1 73.433 0.825 73.1392 0.661
2	1	25.366 1	73.347 1
2	1	25.373 1	73.354 1
4	3	25.103 0.209 25.106 1 25.99 0.060	73.2076 1
2	1	25.328 1	73.2101 1
2	1	25.327 1	73.1 1
2	1	25.206 1	73.101 1
2	1	25.356 1	73.294 1
2	1	25.120 1	73.1677 1
2	1	25.43 1	73.1230 1
2	1	25.176 1	73.427 1
2	1	25.202 1	73.61 1
2	1	25.396 1	73.337 1
2	1	25.397 1	73.2001 1
2	1	25.200 1	73.58 1
2	1	25.299 1	73.1700 1
2	1	25.384 1	73.364 1
2	1	25.439 1	73.159 1
2	1	25.198 1	73.1238 1
2	1	25.438 1	73.157 1
2	1	25.295 1	73.558 1
2	1	25.348 1	73.1952 1
3	2	25.85 1	73.94 1 73.974 0.969
2	1	25.35 1	73.1936 1
2	1	25.349 1	73.1951 1
2	1	25.277 1	73.1632 1
2	1	25.292 1	73.446 1
3	2	25.45 1	73.502 1 73.323 0.767
5	4	25.201 1 25.2 0.812 25.156 0.832 25.207 0.795	73.59 1
2	1	25.382 1	73.362 1
2	1	25.378 1	73.357 1
2	1	25.205 1	73.102 1
2	1	25.149 1	73.1107 1
2	1	25.282 1	73.1665 1
2	1	25.214 1	73.509 1
2	1	25.275 1	73.301 1
2	1	25.367 1	73.348 1
2	1	25.281 1	73.1475 1
2	1	25.370 1	73.351 1
3	2	25.154 1	73.386 0.200 73.618 1
3	2	25.297 1	73.468 1 73.469 0.751
2	1	25.390 1	73.370 1
2	1	25.173 1	73.515 1
2	1	25.391 1	73.371 1
3	2	25.122 1 25.306 0.078	73.1085 1
2	1	25.428 1	73.564 1
2	1	25.326 1	73.3 1
2	1	25.342 1	73.2004 1
2	1	25.401 1	73.608 1
2	1	25.383 1	73.363 1
2	1	25.42 1	73.1231 1
2	1	25.345 1	73.280 1
2	1	25.432 1	73.1138 1
2	1	25.203 1	73.63 1
3	2	25.452 1	73.248 1 73.494 0.119
2	1	25.444 1	73.164 1
2	1	25.165 1	73.606 1
2	1	25.371 1	73.352 1
2	1	25.392 1	73.372 1
2	1	25.398 1	73.2000 1
2	1	25.172 1	73.514 1
2	1	25.298 1	73.1701 1
2	1	25.96 1	73.270 1
2	1	25.144 1	73.744 1
2	1	25.406 1	73.1994 1
2	1	25.50 1	73.530 1
2	1	25.274 1	73.405 1
2	1	25.158 1	73.73 1
2	1	25.381 1	73.361 1
2	1	25.191 1	73.1252 1
2	1	25.108 1	73.2079 1
2	1	25.183 1	73.420 1
2	1	25.387 1	73.368 1
2	1	25.343 1	73.2003 1
2	1	25.365 1	73.346 1
2	1	25.166 1	73.66 1
2	1	25.185 1	73.398 1
2	1	25.334 1	73.10 1
2	1	25.363 1	73.223 1
2	1	25.354 1	73.24 1
2	1	25.279 1	73.1477 1
2	1	25.193 1	73.1245 1
2	1	25.284 1	73.1234 1
2	1	25.289 1	73.992 1
2	1	25.385 1	73.365 1
2	1	25.379 1	73.358 1
2	1	25.97 1	73.268 1
2	1	25.159 1	73.72 1
2	1	25.368 1	73.349 1
2	1	25.142 1	73.1841 1
2	1	25.95 1	73.394 1
2	1	25.353 1	73.23 1
5	6	25.107 1 25.104 1 25.100 0.931	73.1599 1 73.2042 1
2	1	25.347 1	73.283 1
7	6	25.322 1	73.1803 1 73.167 0.756 73.168 0.861 73.181 0.756 73.1213 0.635 73.1845 0.883
2	1	25.434 1	73.1118 1
2	1	25.456 1	73.171 1
2	1	25.309 1	73.1400 1
2	1	25.91 1	73.1387 1
2	1	25.184 1	73.1834 1
2	1	25.36 1	73.1937 1
2	1	25.20 1	73.22 1
2	1	25.290 1	73.1605 1
2	1	25.335 1	73.11 1
2	1	25.440 1	73.160 1
2	1	25.51 1	73.528 1
2	1	25.55 1	73.865 1
2	1	25.90 1	73.221 1
2	1	25.389 1	73.369 1
2	1	25.84 1	73.91 1
2	1	25.170 1	73.219 1
3	2	25.86 1 25.88 0.349	73.95 1
2	1	25.287 1	73.551 1
2	1	25.377 1	73.356 1
2	1	25.4 1	73.1391 1
2	1	25.351 1	73.2058 1
2	1	25.442 1	73.162 1
2	1	25.352 1	73.56 1
2	1	25.46 1	73.503 1
2	1	25.192 1	73.1248 1
2	1	25.286 1	73.2082 1
2	1	25.7 1	73.389 1
2	1	25.162 1	73.1425 1
2	1	25.112 1	73.636 1
3	2	25.124 1 25.126 0.051	73.1428 1
2	1	25.188 1	73.475 1
2	1	25.344 1	73.276 1
2	1	25.195 1	73.1243 1
2	1	25.197 1	73.1239 1
2	1	25.350 1	73.2059 1
2	1	25.5 1	73.1390 1
2	1	25.280 1	73.1476 1
2	1	25.291 1	73.1608 1
2	1	25.37 1	73.1802 1
2	1	25.40 1	73.1696 1
2	1	25.393 0.864	73.374 0.864
2	1	25.174 0.864	73.529 0.864
