Size	Relations	OrthoA	OrthoB
2	1	25.362 1	70.44 1
2	1	25.451 1	70.61 1
2	1	25.361 1	70.43 1
2	1	25.47 1	70.566 1
2	1	25.204 1	70.783 1
2	1	25.178 1	70.309 1
2	1	25.450 1	70.60 1
3	2	25.141 1	70.291 1 70.509 0.771
2	1	25.449 1	70.59 1
2	1	25.6 1	70.132 1
2	1	25.196 1	70.594 1
2	1	25.143 1	70.288 1
2	1	25.39 1	70.782 1
2	1	25.445 1	70.54 1
2	1	25.320 1	70.4 1
3	2	25.321 1	70.3 1 70.379 0.089
2	1	25.339 1	70.13 1
2	1	25.186 1	70.163 1
2	1	25.118 1	70.690 1
2	1	25.296 1	70.677 1
2	1	25.48 1	70.459 1
2	1	25.443 1	70.52 1
2	1	25.10 1	70.111 1
2	1	25.436 1	70.766 1
2	1	25.376 1	70.18 1
2	1	25.433 1	70.366 1
2	1	25.135 1	70.146 1
2	1	25.194 1	70.610 1
2	1	25.77 1	70.507 1
2	1	25.360 1	70.803 1
2	1	25.355 1	70.806 1
2	1	25.283 1	70.89 1
2	1	25.369 1	70.758 1
2	1	25.152 1	70.160 1
2	1	25.54 1	70.553 1
2	1	25.273 1	70.818 1
2	1	25.386 1	70.742 1
2	1	25.160 1	70.82 1
2	1	25.278 1	70.180 1
2	1	25.22 1	70.819 1
2	1	25.129 1	70.719 1
2	1	25.332 1	70.5 1
2	1	25.364 1	70.204 1
2	1	25.164 1	70.327 1
2	1	25.288 1	70.248 1
2	1	25.359 1	70.829 1
2	1	25.181 1	70.653 1
2	1	25.202 1	70.794 1
2	1	25.38 1	70.777 1
2	1	25.76 1	70.508 1
2	1	25.182 1	70.654 1
2	1	25.289 1	70.246 1
2	1	25.116 1	70.182 1
2	1	25.405 1	70.86 1
2	1	25.276 1	70.816 1
2	1	25.375 1	70.15 1
2	1	25.179 1	70.646 1
2	1	25.33 1	70.113 1
2	1	25.400 1	70.93 1
2	1	25.21 1	70.821 1
2	1	25.346 1	70.579 1
2	1	25.340 1	70.25 1
2	1	25.175 1	70.280 1
2	1	25.130 1	70.720 1
2	1	25.333 1	70.7 1
2	1	25.388 1	70.740 1
2	1	25.52 1	70.551 1
2	1	25.327 1	70.1 1
2	1	25.56 1	70.423 1
2	1	25.344 1	70.30 1
2	1	25.53 1	70.552 1
2	1	25.92 1	70.296 1
2	1	25.211 1	70.643 1
3	2	25.103 0.184 25.106 1	70.688 1
2	1	25.403 1	70.198 1
2	1	25.372 1	70.755 1
5	6	25.108 1 25.102 0.659 25.105 0.659	70.689 1 70.56 0.691
2	1	25.190 1	70.618 1
2	1	25.34 1	70.114 1
2	1	25.394 1	70.732 1
2	1	25.125 1	70.702 1
2	1	25.140 1	70.292 1
2	1	25.380 1	70.749 1
2	1	25.395 1	70.731 1
2	1	25.392 1	70.735 1
2	1	25.35 1	70.116 1
2	1	25.93 1	70.276 1
2	1	25.216 1	70.564 1
2	1	25.208 1	70.257 1
2	1	25.167 1	70.324 1
4	3	25.357 1	70.66 1 70.153 0.700 70.258 0.649
2	1	25.330 1	70.836 1
2	1	25.373 1	70.754 1
2	1	25.206 1	70.785 1
2	1	25.213 1	70.571 1
2	1	25.356 1	70.805 1
2	1	25.366 1	70.761 1
2	1	25.342 1	70.28 1
2	1	25.120 1	70.695 1
2	1	25.176 1	70.638 1
2	1	25.122 1	70.481 1
2	1	25.396 1	70.730 1
2	1	25.349 1	70.37 1
2	1	25.438 1	70.46 1
2	1	25.439 1	70.48 1
2	1	25.384 1	70.744 1
2	1	25.214 1	70.555 1
2	1	25.198 1	70.592 1
2	1	25.295 1	70.232 1
2	1	25.299 1	70.669 1
2	1	25.378 1	70.751 1
2	1	25.397 1	70.726 1
5	4	25.201 1 25.2 0.770 25.156 0.822 25.207 0.752	70.795 1
2	1	25.275 1	70.206 1
2	1	25.382 1	70.746 1
2	1	25.43 1	70.214 1
2	1	25.45 1	70.217 1
2	1	25.205 1	70.784 1
2	1	25.367 1	70.760 1
3	2	25.154 1	70.85 1 70.534 0.724
2	1	25.200 1	70.796 1
2	1	25.328 1	70.839 1
2	1	25.149 1	70.535 1
2	1	25.390 1	70.737 1
2	1	25.277 1	70.176 1
2	1	25.348 1	70.36 1
2	1	25.292 1	70.239 1
2	1	25.345 1	70.31 1
2	1	25.432 1	70.365 1
2	1	25.169 1	70.454 1
2	1	25.370 1	70.757 1
2	1	25.173 1	70.549 1
3	2	25.297 1	70.674 1 70.675 0.763
2	1	25.42 1	70.213 1
2	1	25.112 1	70.524 1
2	1	25.401 1	70.343 1
2	1	25.391 1	70.736 1
2	1	25.172 1	70.550 1
2	1	25.158 1	70.84 1
2	1	25.383 1	70.745 1
2	1	25.428 1	70.308 1
2	1	25.398 1	70.725 1
2	1	25.406 1	70.637 1
2	1	25.281 1	70.196 1
2	1	25.284 1	70.589 1
2	1	25.444 1	70.53 1
3	2	25.452 1	70.65 1 70.67 0.106
2	1	25.371 1	70.756 1
2	1	25.365 1	70.762 1
2	1	25.381 1	70.747 1
2	1	25.50 1	70.210 1
2	1	25.326 1	70.2 1
2	1	25.144 1	70.205 1
2	1	25.96 1	70.685 1
2	1	25.385 1	70.743 1
2	1	25.387 1	70.741 1
2	1	25.282 1	70.513 1
2	1	25.334 1	70.9 1
2	1	25.363 1	70.45 1
2	1	25.298 1	70.670 1
2	1	25.159 1	70.83 1
2	1	25.354 1	70.23 1
2	1	25.191 1	70.617 1
2	1	25.203 1	70.793 1
2	1	25.286 1	70.825 1
2	1	25.379 1	70.750 1
2	1	25.343 1	70.29 1
2	1	25.185 1	70.277 1
2	1	25.270 1	70.523 1
2	1	25.97 1	70.686 1
2	1	25.95 1	70.273 1
2	1	25.279 1	70.194 1
9	8	25.322 1	70.124 1 70.38 0.793 70.122 0.751 70.150 0.729 70.482 0.771 70.532 0.738 70.536 0.774 70.775 0.883
2	1	25.166 1	70.697 1
2	1	25.347 1	70.34 1
2	1	25.368 1	70.759 1
2	1	25.434 1	70.412 1
2	1	25.184 1	70.657 1
2	1	25.274 1	70.817 1
2	1	25.142 1	70.290 1
2	1	25.90 1	70.453 1
2	1	25.165 1	70.341 1
2	1	25.123 1	70.480 1
2	1	25.440 1	70.49 1
2	1	25.456 1	70.75 1
2	1	25.91 1	70.295 1
2	1	25.162 1	70.419 1
2	1	25.20 1	70.21 1
2	1	25.290 1	70.244 1
2	1	25.352 1	70.798 1
2	1	25.170 1	70.452 1
2	1	25.183 1	70.655 1
2	1	25.351 1	70.41 1
2	1	25.377 1	70.752 1
2	1	25.51 1	70.208 1
2	1	25.195 1	70.609 1
2	1	25.37 1	70.123 1
2	1	25.389 1	70.739 1
2	1	25.40 1	70.664 1
2	1	25.1 1	70.78 1
5	6	25.100 0.931 25.104 0.932 25.107 1	70.316 1 70.763 0.266
2	1	25.353 1	70.22 1
2	1	25.4 1	70.154 1
2	1	25.442 1	70.51 1
2	1	25.192 1	70.615 1
2	1	25.441 1	70.50 1
3	2	25.124 1 25.126 0.060	70.722 1
2	1	25.350 1	70.40 1
2	1	25.291 1	70.241 1
2	1	25.98 1	70.687 1
2	1	25.189 1	70.840 1
2	1	25.393 0.864	70.734 0.864
2	1	25.280 0.941	70.195 0.941
2	1	25.174 0.834	70.209 0.834
2	1	25.46 0.796	70.218 0.796
