Size	Relations	OrthoA	OrthoB
2	1	25.362 1	69.40 1
2	1	25.451 1	69.632 1
2	1	25.361 1	69.39 1
2	1	25.204 1	69.638 1
2	1	25.47 1	69.422 1
2	1	25.178 1	69.321 1
2	1	25.141 1	69.310 1
2	1	25.449 1	69.634 1
2	1	25.143 1	69.307 1
2	1	25.6 1	69.130 1
2	1	25.450 1	69.633 1
2	1	25.196 1	69.436 1
2	1	25.39 1	69.637 1
2	1	25.320 1	69.4 1
2	1	25.445 1	69.54 1
2	1	25.339 1	69.13 1
3	2	25.321 1	69.3 1 69.339 0.052
2	1	25.186 1	69.164 1
2	1	25.443 1	69.52 1
2	1	25.296 1	69.203 1
2	1	25.48 1	69.375 1
2	1	25.118 1	69.542 1
2	1	25.10 1	69.583 1
2	1	25.376 1	69.18 1
2	1	25.436 1	69.626 1
2	1	25.135 1	69.106 1
2	1	25.283 1	69.88 1
2	1	25.433 1	69.384 1
2	1	25.360 1	69.145 1
2	1	25.369 1	69.621 1
2	1	25.355 1	69.660 1
2	1	25.273 1	69.43 1
2	1	25.160 1	69.667 1
2	1	25.54 1	69.409 1
2	1	25.152 1	69.161 1
2	1	25.194 1	69.439 1
2	1	25.278 1	69.508 1
2	1	25.386 1	69.605 1
2	1	25.288 1	69.271 1
2	1	25.129 1	69.105 1
2	1	25.332 1	69.5 1
2	1	25.22 1	69.42 1
2	1	25.359 1	69.322 1
2	1	25.164 1	69.397 1
2	1	25.33 1	69.581 1
2	1	25.289 1	69.270 1
2	1	25.346 1	69.449 1
2	1	25.38 1	69.628 1
2	1	25.405 1	69.85 1
2	1	25.181 1	69.230 1
2	1	25.202 1	69.651 1
2	1	25.276 1	69.676 1
2	1	25.375 1	69.15 1
2	1	25.364 1	69.486 1
2	1	25.21 1	69.679 1
2	1	25.175 1	69.301 1
2	1	25.400 1	69.91 1
2	1	25.344 1	69.27 1
2	1	25.182 1	69.229 1
2	1	25.388 1	69.603 1
2	1	25.130 1	69.104 1
2	1	25.179 1	69.234 1
2	1	25.52 1	69.407 1
2	1	25.333 1	69.7 1
2	1	25.211 1	69.235 1
2	1	25.340 1	69.24 1
2	1	25.394 1	69.596 1
2	1	25.167 1	69.400 1
2	1	25.56 1	69.361 1
2	1	25.403 1	69.494 1
2	1	25.125 1	69.549 1
2	1	25.208 1	69.278 1
2	1	25.372 1	69.618 1
2	1	25.380 1	69.612 1
2	1	25.395 1	69.595 1
3	2	25.103 0.197 25.106 1	69.540 1
2	1	25.140 1	69.311 1
2	1	25.92 1	69.315 1
2	1	25.34 1	69.580 1
3	2	25.108 1	69.541 1 69.56 0.739
2	1	25.190 1	69.446 1
2	1	25.206 1	69.640 1
2	1	25.373 1	69.617 1
2	1	25.93 1	69.294 1
2	1	25.53 1	69.408 1
3	2	25.357 1	69.60 1 69.120 0.668
2	1	25.330 1	69.691 1
2	1	25.327 1	69.1 1
2	1	25.392 1	69.598 1
2	1	25.396 1	69.594 1
2	1	25.213 1	69.223 1
2	1	25.366 1	69.624 1
2	1	25.43 1	69.477 1
2	1	25.356 1	69.659 1
2	1	25.439 1	69.48 1
2	1	25.120 1	69.546 1
2	1	25.384 1	69.607 1
2	1	25.349 1	69.34 1
2	1	25.205 1	69.639 1
2	1	25.295 1	69.462 1
2	1	25.382 1	69.609 1
2	1	25.397 1	69.587 1
5	4	25.207 1 25.2 0.751 25.156 0.907 25.201 0.803	69.652 1
2	1	25.35 1	69.563 1
2	1	25.378 1	69.614 1
2	1	25.292 1	69.455 1
2	1	25.176 1	69.237 1
2	1	25.45 1	69.474 1
2	1	25.214 1	69.414 1
2	1	25.275 1	69.483 1
2	1	25.198 1	69.434 1
2	1	25.348 1	69.33 1
2	1	25.367 1	69.623 1
3	2	25.122 0.050 25.306 1	69.144 1
2	1	25.438 1	69.46 1
2	1	25.154 1	69.84 1
3	2	25.277 1	69.41 0.083 69.513 1
2	1	25.149 1	69.404 1
2	1	25.390 1	69.600 1
2	1	25.391 1	69.599 1
2	1	25.370 1	69.620 1
2	1	25.432 1	69.385 1
2	1	25.200 1	69.653 1
3	2	25.297 1	69.207 1 69.206 0.810
2	1	25.299 1	69.212 1
2	1	25.345 1	69.28 1
2	1	25.172 1	69.406 1
2	1	25.216 1	69.418 1
2	1	25.326 1	69.2 1
2	1	25.452 1	69.59 1
2	1	25.328 1	69.693 1
2	1	25.383 1	69.608 1
2	1	25.281 1	69.495 1
2	1	25.42 1	69.478 1
2	1	25.286 1	69.682 1
2	1	25.401 1	69.327 1
2	1	25.50 1	69.479 1
2	1	25.406 1	69.238 1
2	1	25.444 1	69.53 1
2	1	25.169 1	69.635 1
2	1	25.173 1	69.405 1
2	1	25.203 1	69.650 1
2	1	25.371 1	69.619 1
2	1	25.398 1	69.586 1
2	1	25.158 1	69.665 1
2	1	25.365 1	69.625 1
2	1	25.385 1	69.606 1
2	1	25.96 1	69.537 1
2	1	25.144 1	69.484 1
2	1	25.428 1	69.320 1
2	1	25.381 1	69.610 1
2	1	25.387 1	69.604 1
2	1	25.343 1	69.26 1
2	1	25.379 1	69.613 1
2	1	25.354 1	69.22 1
2	1	25.284 1	69.431 1
2	1	25.298 1	69.210 1
2	1	25.279 1	69.497 1
2	1	25.334 1	69.9 1
2	1	25.368 1	69.622 1
2	1	25.185 1	69.295 1
2	1	25.159 1	69.666 1
2	1	25.184 1	69.225 1
2	1	25.95 1	69.292 1
2	1	25.363 1	69.44 1
2	1	25.434 1	69.357 1
2	1	25.91 1	69.314 1
2	1	25.97 1	69.538 1
2	1	25.165 1	69.325 1
2	1	25.347 1	69.31 1
2	1	25.440 1	69.49 1
8	7	25.322 1	69.110 1 69.108 0.774 69.137 0.694 69.138 0.759 69.313 0.801 69.509 0.883 69.645 0.757
2	1	25.335 1	69.10 1
2	1	25.20 1	69.20 1
2	1	25.352 1	69.655 1
2	1	25.166 1	69.648 1
2	1	25.377 1	69.615 1
2	1	25.4 1	69.149 1
2	1	25.51 1	69.481 1
2	1	25.90 1	69.372 1
2	1	25.353 1	69.21 1
2	1	25.142 1	69.309 1
2	1	25.40 1	69.217 1
2	1	25.183 1	69.228 1
2	1	25.162 1	69.323 1
2	1	25.192 1	69.443 1
2	1	25.351 1	69.38 1
2	1	25.456 1	69.70 1
2	1	25.46 1	69.473 1
2	1	25.291 1	69.453 1
2	1	25.261 1	69.198 1
2	1	25.389 1	69.602 1
2	1	25.393 1	69.597 1
2	1	25.290 1	69.450 1
2	1	25.280 0.941	69.496 0.941
2	1	25.189 0.833	69.694 0.833
2	1	25.174 0.914	69.480 0.914
