Size	Relations	OrthoA	OrthoB
2	1	4.899 1	92.2234 1
2	1	4.584 1	92.1849 1
2	1	4.1006 1	92.1212 1
2	1	4.700 1	92.2579 1
2	1	4.319 1	92.1257 1
2	1	4.318 1	92.1258 1
2	1	4.929 1	92.764 1
2	1	4.17 1	92.815 1
2	1	4.1175 1	92.2043 1
2	1	4.932 1	92.2500 1
2	1	4.193 1	92.1244 1
2	1	4.1041 1	92.1345 1
2	1	4.839 1	92.726 1
2	1	4.501 1	92.678 1
2	1	4.1062 1	92.1992 1
2	1	4.1185 1	92.1044 1
2	1	4.970 1	92.477 1
2	1	4.241 1	92.2220 1
2	1	4.1004 1	92.1673 1
2	1	4.1172 1	92.1925 1
2	1	4.1136 1	92.123 1
2	1	4.720 1	92.2412 1
2	1	4.431 1	92.8 1
2	1	4.526 1	92.1086 1
2	1	4.1208 1	92.1358 1
2	1	4.986 1	92.1863 1
2	1	4.1046 1	92.354 1
2	1	4.503 1	92.680 1
2	1	4.1040 1	92.1713 1
2	1	4.1012 1	92.513 1
2	1	4.711 1	92.111 1
2	1	4.227 1	92.1735 1
2	1	4.382 1	92.696 1
2	1	4.419 1	92.19 1
2	1	4.858 1	92.2352 1
3	2	4.1083 1	92.2944 0.795 92.302 1
2	1	4.1033 1	92.1530 1
2	1	4.743 1	92.459 1
2	1	4.900 1	92.2233 1
2	1	4.794 1	92.1111 1
2	1	4.866 1	92.904 1
2	1	4.347 1	92.945 1
2	1	4.421 1	92.17 1
2	1	4.957 1	92.2509 1
2	1	4.977 1	92.232 1
2	1	4.432 1	92.7 1
2	1	4.719 1	92.2413 1
2	1	4.417 1	92.1558 1
2	1	4.907 1	92.1217 1
2	1	4.755 1	92.240 1
2	1	4.280 1	92.2323 1
2	1	4.820 1	92.1988 1
2	1	4.62 1	92.154 1
2	1	4.1028 1	92.1563 1
2	1	4.940 1	92.376 1
2	1	4.705 1	92.2259 1
2	1	4.1078 1	92.1019 1
2	1	4.1144 1	92.1772 1
2	1	4.61 1	92.2306 1
2	1	4.305 1	92.1633 1
2	1	4.8 1	92.2358 1
2	1	4.946 1	92.1205 1
2	1	4.1210 1	92.1356 1
2	1	4.832 1	92.1752 1
2	1	4.967 1	92.486 1
2	1	4.97 1	92.2122 1
2	1	4.857 1	92.2353 1
2	1	4.1161 1	92.1587 1
2	1	4.951 1	92.602 1
2	1	4.385 1	92.699 1
2	1	4.1115 1	92.734 1
2	1	4.1044 1	92.1463 1
2	1	4.777 1	92.2600 1
2	1	4.787 1	92.837 1
2	1	4.1182 1	92.2198 1
2	1	4.1158 1	92.1576 1
2	1	4.348 1	92.944 1
2	1	4.1179 1	92.23 1
2	1	4.660 1	92.2092 1
2	1	4.139 1	92.2640 1
2	1	4.692 1	92.2572 1
2	1	4.668 1	92.589 1
2	1	4.690 1	92.2570 1
2	1	4.428 1	92.11 1
2	1	4.40 1	92.79 1
5	4	4.343 1	92.1412 1 92.1784 0.436 92.326 0.644 92.802 0.401
2	1	4.735 1	92.2424 1
2	1	4.1088 1	92.280 1
2	1	4.744 1	92.458 1
2	1	4.800 1	92.1117 1
2	1	4.230 1	92.104 1
2	1	4.902 1	92.2226 1
2	1	4.229 1	92.797 1
2	1	4.807 1	92.1169 1
2	1	4.673 1	92.1151 1
2	1	4.771 1	92.987 1
2	1	4.143 1	92.2645 1
2	1	4.695 1	92.2575 1
2	1	4.874 1	92.128 1
2	1	4.1074 1	92.821 1
2	1	4.1086 1	92.282 1
2	1	4.966 1	92.487 1
2	1	4.1035 1	92.1532 1
2	1	4.672 1	92.1150 1
2	1	4.952 1	92.603 1
2	1	4.1043 1	92.1462 1
2	1	4.999 1	92.1186 1
2	1	4.875 1	92.129 1
2	1	4.969 1	92.484 1
2	1	4.418 1	92.1559 1
2	1	4.721 1	92.2411 1
2	1	4.200 1	92.1234 1
2	1	4.982 1	92.1375 1
2	1	4.1036 1	92.1533 1
2	1	4.795 1	92.1112 1
2	1	4.196 1	92.1241 1
2	1	4.685 1	92.1545 1
2	1	4.525 1	92.1085 1
2	1	4.435 1	92.1 1
2	1	4.631 1	92.66 1
2	1	4.746 1	92.456 1
2	1	4.686 1	92.2563 1
2	1	4.745 1	92.457 1
2	1	4.939 1	92.377 1
2	1	4.78 1	92.974 1
2	1	4.1166 1	92.1594 1
2	1	4.944 1	92.1521 1
2	1	4.346 1	92.946 1
2	1	4.440 1	92.2673 1
2	1	4.422 1	92.16 1
2	1	4.797 1	92.1114 1
2	1	4.333 1	92.368 1
2	1	4.975 1	92.234 1
2	1	4.801 1	92.1118 1
2	1	4.1193 1	92.1994 1
2	1	4.712 1	92.112 1
2	1	4.1130 1	92.1023 1
2	1	4.950 1	92.601 1
2	1	4.1124 1	92.668 1
2	1	4.142 1	92.2644 1
2	1	4.924 1	92.637 1
2	1	4.96 1	92.2121 1
2	1	4.555 1	92.2474 1
2	1	4.153 1	92.1038 1
2	1	4.504 1	92.682 1
2	1	4.430 1	92.9 1
2	1	4.822 1	92.1990 1
2	1	4.809 1	92.1166 1
2	1	4.655 1	92.2086 1
2	1	4.741 1	92.2427 1
2	1	4.987 1	92.1862 1
5	6	4.731 1 4.445 0.895	92.2723 1 92.2724 0.867 92.2725 0.533
2	1	4.311 1	92.1719 1
2	1	4.984 1	92.1373 1
2	1	4.1000 1	92.1185 1
3	2	4.149 1	92.2657 1 92.1668 0.833
2	1	4.694 1	92.2574 1
2	1	4.804 1	92.1121 1
2	1	4.893 1	92.2240 1
2	1	4.83 1	92.2334 1
2	1	4.275 1	92.2319 1
2	1	4.236 1	92.2215 1
2	1	4.708 1	92.2255 1
2	1	4.1002 1	92.1183 1
2	1	4.434 1	92.2 1
2	1	4.438 1	92.2675 1
2	1	4.415 1	92.1556 1
2	1	4.1142 1	92.1774 1
2	1	4.293 1	92.1380 1
2	1	4.180 1	92.661 1
2	1	4.386 1	92.700 1
2	1	4.778 1	92.2599 1
2	1	4.148 1	92.2656 1
2	1	4.1164 1	92.1592 1
2	1	4.21 1	92.2524 1
2	1	4.981 1	92.1376 1
2	1	4.776 1	92.2601 1
2	1	4.51 1	92.98 1
2	1	4.556 1	92.2475 1
2	1	4.52 1	92.99 1
2	1	4.581 1	92.1842 1
3	2	4.885 1	92.2399 1 92.406 0.816
2	1	4.239 1	92.2218 1
2	1	4.1131 1	92.1024 1
2	1	4.699 1	92.2578 1
2	1	4.527 1	92.1087 1
2	1	4.634 1	92.58 1
2	1	4.1206 1	92.1360 1
2	1	4.1001 1	92.1184 1
2	1	4.1188 1	92.2841 1
2	1	4.693 1	92.2573 1
2	1	4.752 1	92.243 1
2	1	4.95 1	92.2120 1
2	1	4.876 1	92.130 1
2	1	4.505 1	92.683 1
2	1	4.796 1	92.1113 1
2	1	4.971 1	92.476 1
2	1	4.1123 1	92.669 1
2	1	4.989 1	92.2503 1
2	1	4.1207 1	92.1359 1
2	1	4.1030 1	92.1565 1
2	1	4.102 1	92.2150 1
2	1	4.414 1	92.1555 1
2	1	4.754 1	92.241 1
3	2	4.931 1	92.750 1 92.766 0.807
2	1	4.1140 1	92.2338 1
2	1	4.383 1	92.697 1
2	1	4.188 1	92.1170 1
2	1	4.941 1	92.375 1
2	1	4.908 1	92.1218 1
2	1	4.580 1	92.1841 1
2	1	4.146 1	92.2648 1
2	1	4.1038 1	92.1715 1
2	1	4.237 1	92.2216 1
2	1	4.187 1	92.1171 1
2	1	4.894 1	92.2239 1
2	1	4.810 1	92.1165 1
2	1	4.983 1	92.1374 1
2	1	4.1156 1	92.1584 1
2	1	4.175 1	92.134 1
2	1	4.656 1	92.2087 1
2	1	4.1116 1	92.733 1
2	1	4.1196 1	92.2039 1
2	1	4.277 1	92.2321 1
2	1	4.413 1	92.1554 1
2	1	4.249 1	92.1190 1
2	1	4.897 1	92.2236 1
2	1	4.68 1	92.1932 1
2	1	4.1129 1	92.1022 1
2	1	4.654 1	92.2085 1
2	1	4.7 1	92.2357 1
2	1	4.798 1	92.1115 1
2	1	4.936 1	92.2080 1
2	1	4.657 1	92.2088 1
2	1	4.722 1	92.2410 1
2	1	4.282 1	92.2325 1
2	1	4.825 1	92.1759 1
7	6	4.1064 1	92.1859 0.518 92.2250 0.559 92.2430 1 92.712 0.512 92.736 0.588 92.968 0.576
2	1	4.1165 1	92.1593 1
2	1	4.704 1	92.2260 1
2	1	4.238 1	92.2217 1
2	1	4.425 1	92.14 1
2	1	4.281 1	92.2324 1
2	1	4.498 1	92.1655 1
2	1	4.922 1	92.635 1
2	1	4.308 1	92.809 1
3	2	4.478 1	92.1748 0.255 92.2497 1
2	1	4.1029 1	92.1564 1
2	1	4.14 1	92.2876 1
6	5	4.545 1	92.1317 1 92.1737 0.121 92.2486 0.077 92.2956 0.306 92.708 0.088
2	1	4.1139 1	92.2337 1
2	1	4.198 1	92.1239 1
2	1	4.734 1	92.2423 1
2	1	4.742 1	92.460 1
6	5	4.565 1	92.1406 0.948 92.2282 0.907 92.2442 0.901 92.873 0.959 92.885 1
2	1	4.416 1	92.1557 1
2	1	4.635 1	92.57 1
2	1	4.202 1	92.605 1
2	1	4.779 1	92.2598 1
2	1	4.973 1	92.473 1
2	1	4.195 1	92.1242 1
2	1	4.1147 1	92.1386 1
2	1	4.1163 1	92.1589 1
2	1	4.921 1	92.634 1
2	1	4.290 1	92.496 1
2	1	4.740 1	92.2426 1
3	2	4.577 1	92.1500 1 92.1722 0.910
2	1	4.156 1	92.650 1
2	1	4.627 1	92.2562 1
2	1	4.1054 1	92.420 1
2	1	4.154 1	92.1039 1
2	1	4.304 1	92.2747 1
2	1	4.441 1	92.2672 1
2	1	4.799 1	92.1116 1
2	1	4.689 1	92.2569 1
2	1	4.895 1	92.2238 1
2	1	4.1141 1	92.2345 1
2	1	4.531 1	92.1091 1
2	1	4.553 1	92.2472 1
2	1	4.23 1	92.1731 1
2	1	4.1053 1	92.419 1
2	1	4.147 1	92.2655 1
2	1	4.240 1	92.2219 1
2	1	4.412 1	92.1553 1
2	1	4.772 1	92.984 1
2	1	4.127 1	92.1074 1
2	1	4.682 1	92.1540 1
2	1	4.317 1	92.1260 1
2	1	4.750 1	92.245 1
2	1	4.782 1	92.2583 1
2	1	4.367 1	92.1728 1
2	1	4.1087 1	92.281 1
2	1	4.974 1	92.472 1
3	2	4.849 1 4.991 0.887	92.2906 1
2	1	4.638 1	92.54 1
2	1	4.714 1	92.114 1
2	1	4.818 1	92.1980 1
2	1	4.378 1	92.2041 1
2	1	4.1055 1	92.421 1
2	1	4.1197 1	92.2038 1
2	1	4.861 1	92.2349 1
2	1	4.1007 1	92.1211 1
10	9	4.593 1	92.1222 0.290 92.1415 0.775 92.1781 0.881 92.2293 0.199 92.324 0.766 92.557 0.770 92.721 0.769 92.804 1 92.859 0.907
2	1	4.1037 1	92.1716 1
2	1	4.813 1	92.1162 1
2	1	4.1181 1	92.2199 1
2	1	4.253 1	92.1727 1
2	1	4.988 1	92.1861 1
2	1	4.42 1	92.83 1
2	1	4.208 1	92.2367 1
2	1	4.583 1	92.1848 1
2	1	4.1149 1	92.1388 1
2	1	4.115 1	92.1887 1
2	1	4.827 1	92.1757 1
2	1	4.528 1	92.1088 1
2	1	4.1122 1	92.670 1
2	1	4.57 1	92.1075 1
2	1	4.465 1	92.248 1
2	1	4.802 1	92.1119 1
2	1	4.1092 1	92.276 1
2	1	4.781 1	92.2584 1
2	1	4.923 1	92.636 1
2	1	4.167 1	92.2873 1
2	1	4.852 1	92.2903 1
2	1	4.814 1	92.1161 1
2	1	4.803 1	92.1120 1
2	1	4.90 1	92.843 1
2	1	4.1027 1	92.1562 1
2	1	4.1073 1	92.822 1
2	1	4.209 1	92.2368 1
2	1	4.630 1	92.67 1
2	1	4.529 1	92.1089 1
2	1	4.43 1	92.86 1
2	1	4.559 1	92.2478 1
2	1	4.56 1	92.1076 1
2	1	4.360 1	92.2914 1
2	1	4.1031 1	92.1566 1
2	1	4.194 1	92.1243 1
2	1	4.811 1	92.1164 1
2	1	4.1173 1	92.1924 1
2	1	4.284 1	92.2327 1
2	1	4.557 1	92.2476 1
2	1	4.696 1	92.2576 1
2	1	4.930 1	92.765 1
2	1	4.160 1	92.2900 1
2	1	4.871 1	92.848 1
2	1	4.920 1	92.633 1
2	1	4.1121 1	92.671 1
2	1	4.636 1	92.56 1
2	1	4.780 1	92.2585 1
2	1	4.1039 1	92.1714 1
2	1	4.54 1	92.1079 1
6	5	4.1026 1	92.1134 0.169 92.164 0.558 92.1820 0.281 92.32 0.303 92.923 1
2	1	4.633 1	92.59 1
2	1	4.993 1	92.2896 1
2	1	4.898 1	92.2235 1
2	1	4.919 1	92.632 1
3	2	4.18 1	92.1946 0.568 92.2527 1
2	1	4.136 1	92.1637 1
2	1	4.713 1	92.113 1
2	1	4.48 1	92.95 1
2	1	4.892 1	92.2241 1
2	1	4.943 1	92.1522 1
2	1	4.426 1	92.13 1
2	1	4.968 1	92.485 1
2	1	4.905 1	92.1215 1
2	1	4.520 1	92.255 1
4	4	4.1060 1 4.166 0.295	92.2890 1 92.2934 0.445
3	2	4.309 1	92.1955 0.437 92.2535 1
2	1	4.1094 1	92.274 1
2	1	4.84 1	92.2333 1
2	1	4.218 1	92.359 1
2	1	4.1047 1	92.355 1
2	1	4.1072 1	92.823 1
2	1	4.46 1	92.91 1
2	1	4.1076 1	92.1008 1
2	1	4.786 1	92.836 1
2	1	4.114 1	92.1888 1
2	1	4.274 1	92.2318 1
2	1	4.182 1	92.1750 1
2	1	4.9 1	92.777 1
2	1	4.225 1	92.1005 1
2	1	4.906 1	92.1216 1
2	1	4.819 1	92.1981 1
10	9	4.648 1	92.1055 0.130 92.1411 0.855 92.1476 0.840 92.1704 0.798 92.1785 0.810 92.2436 0.779 92.562 0.860 92.801 1 92.935 0.140
2	1	4.1075 1	92.818 1
2	1	4.410 1	92.228 1
2	1	4.1011 1	92.514 1
2	1	4.82 1	92.2335 1
2	1	4.344 1	92.947 1
8	7	4.104 1	92.159 0.638 92.1629 0.276 92.1826 0.659 92.2637 0.393 92.807 0.544 92.918 1 92.953 0.074
2	1	4.384 1	92.698 1
2	1	4.1162 1	92.1588 1
2	1	4.753 1	92.242 1
2	1	4.286 1	92.2329 1
2	1	4.174 1	92.135 1
2	1	4.514 1	92.428 1
2	1	4.405 1	92.1180 1
2	1	4.558 1	92.2477 1
2	1	4.589 1	92.1717 1
2	1	4.671 1	92.1149 1
2	1	4.145 1	92.2647 1
2	1	4.420 1	92.18 1
2	1	4.266 1	92.252 1
2	1	4.972 1	92.474 1
2	1	4.224 1	92.1004 1
2	1	4.886 1	92.2398 1
2	1	4.785 1	92.832 1
2	1	4.784 1	92.831 1
2	1	4.433 1	92.3 1
2	1	4.1198 1	92.2037 1
2	1	4.177 1	92.658 1
2	1	4.199 1	92.1237 1
3	2	4.262 1	92.1916 0.839 92.2536 1
2	1	4.354 1	92.2911 1
2	1	4.534 1	92.1095 1
2	1	4.889 1	92.2370 1
2	1	4.1117 1	92.732 1
2	1	4.667 1	92.588 1
2	1	4.1082 1	92.305 1
3	2	4.334 1 4.611 0.254	92.2935 1
2	1	4.369 1	92.594 1
2	1	4.424 1	92.15 1
2	1	4.1089 1	92.279 1
2	1	4.466 1	92.2924 1
2	1	4.467 1	92.2925 1
2	1	4.1150 1	92.1389 1
2	1	4.442 1	92.2671 1
2	1	4.285 1	92.2328 1
2	1	4.397 1	92.191 1
2	1	4.812 1	92.1163 1
2	1	4.1052 1	92.418 1
2	1	4.1205 1	92.1361 1
3	2	4.25 1	92.1952 1 92.2532 0.750
3	2	4.401 1	92.192 1 92.2926 0.700
2	1	4.186 1	92.1172 1
2	1	4.535 1	92.256 1
2	1	4.502 1	92.679 1
2	1	4.265 1	92.253 1
2	1	4.579 1	92.1840 1
2	1	4.661 1	92.2093 1
2	1	4.1045 1	92.1481 1
2	1	4.703 1	92.2261 1
2	1	4.41 1	92.80 1
2	1	4.826 1	92.1758 1
2	1	4.979 1	92.230 1
2	1	4.980 1	92.229 1
2	1	4.1157 1	92.1577 1
2	1	4.1194 1	92.1996 1
2	1	4.328 1	92.2854 1
2	1	4.530 1	92.1090 1
3	2	4.643 1	92.1502 0.333 92.1720 1
2	1	4.606 1	92.2932 1
2	1	4.706 1	92.2258 1
2	1	4.935 1	92.2068 1
2	1	4.216 1	92.361 1
2	1	4.911 1	92.1232 1
2	1	4.204 1	92.607 1
2	1	4.58 1	92.2317 1
2	1	4.1186 1	92.1043 1
2	1	4.674 1	92.1152 1
2	1	4.828 1	92.1756 1
2	1	4.1067 1	92.2003 1
2	1	4.637 1	92.55 1
2	1	4.289 1	92.495 1
2	1	4.429 1	92.10 1
2	1	4.321 1	92.1255 1
2	1	4.1098 1	92.2560 1
2	1	4.1190 1	92.2839 1
2	1	4.316 1	92.1261 1
14	13	4.524 1	92.1343 0.158 92.1396 0.193 92.1802 0.263 92.2178 0.263 92.2270 0.123 92.2457 0.263 92.258 1 92.310 0.193 92.345 0.158 92.455 0.175 92.578 0.246 92.863 0.158 92.899 0.351
2	1	4.710 1	92.110 1
2	1	4.352 1	92.940 1
2	1	4.619 1	92.897 1
2	1	4.107 1	92.1824 1
2	1	4.272 1	92.2108 1
2	1	4.1065 1	92.2001 1
2	1	4.404 1	92.1181 1
2	1	4.687 1	92.2564 1
2	1	4.260 1	92.2773 1
2	1	4.960 1	92.2514 1
2	1	4.393 1	92.2359 1
2	1	4.47 1	92.94 1
2	1	4.1134 1	92.124 1
2	1	4.698 1	92.2577 1
2	1	4.600 1	92.2581 1
3	2	4.1081 1	92.2947 1 92.306 0.977
2	1	4.1174 1	92.1923 1
2	1	4.203 1	92.606 1
2	1	4.718 1	92.122 1
2	1	4.450 1	92.1484 1
2	1	4.1128 1	92.1021 1
2	1	4.235 1	92.2211 1
2	1	4.10 1	92.776 1
2	1	4.379 1	92.2042 1
2	1	4.1169 1	92.1597 1
3	2	4.1114 1	92.2819 0.239 92.2879 1
2	1	4.976 1	92.233 1
2	1	4.45 1	92.90 1
2	1	4.789 1	92.841 1
2	1	4.805 1	92.1123 1
2	1	4.523 1	92.2184 1
2	1	4.709 1	92.109 1
2	1	4.942 1	92.1523 1
2	1	4.1009 1	92.516 1
2	1	4.888 1	92.2396 1
2	1	4.482 1	92.687 1
2	1	4.862 1	92.2348 1
2	1	4.349 1	92.943 1
3	2	4.228 1	92.1049 0.232 92.270 1
2	1	4.454 1	92.465 1
2	1	4.769 1	92.989 1
2	1	4.103 1	92.2151 1
2	1	4.536 1	92.257 1
2	1	4.1063 1	92.414 1
2	1	4.108 1	92.1823 1
2	1	4.1090 1	92.278 1
2	1	4.271 1	92.2109 1
2	1	4.715 1	92.119 1
2	1	4.79 1	92.973 1
2	1	4.64 1	92.152 1
2	1	4.640 1	92.2804 1
2	1	4.1195 1	92.2000 1
2	1	4.717 1	92.121 1
2	1	4.860 1	92.2350 1
2	1	4.1010 1	92.515 1
2	1	4.50 1	92.97 1
2	1	4.1069 1	92.2026 1
2	1	4.49 1	92.96 1
2	1	4.1077 1	92.1018 1
3	2	4.1020 1 4.213 0.394	92.2883 1
2	1	4.937 1	92.2083 1
2	1	4.879 1	92.133 1
2	1	4.24 1	92.2531 1
2	1	4.582 1	92.1847 1
2	1	4.751 1	92.244 1
2	1	4.86 1	92.1392 1
2	1	4.532 1	92.1093 1
2	1	4.551 1	92.2461 1
2	1	4.964 1	92.492 1
2	1	4.12 1	92.774 1
2	1	4.1152 1	92.1391 1
2	1	4.350 1	92.942 1
2	1	4.1148 1	92.1387 1
2	1	4.1178 1	92.25 1
2	1	4.1093 1	92.275 1
2	1	4.439 1	92.2674 1
2	1	4.189 1	92.1251 1
2	1	4.449 1	92.1483 1
2	1	4.683 1	92.1541 1
2	1	4.730 1	92.2692 1
2	1	4.320 1	92.1256 1
2	1	4.859 1	92.2351 1
2	1	4.887 1	92.2397 1
2	1	4.215 1	92.364 1
2	1	4.437 1	92.2676 1
2	1	4.927 1	92.1349 1
2	1	4.1085 1	92.283 1
2	1	4.232 1	92.2204 1
5	4	4.244 1	92.140 1 92.146 1 92.1470 0.600 92.71 1
2	1	4.307 1	92.811 1
2	1	4.756 1	92.239 1
2	1	4.255 1	92.900 1
2	1	4.407 1	92.2789 1
2	1	4.910 1	92.1231 1
2	1	4.1209 1	92.1357 1
2	1	4.701 1	92.2266 1
2	1	4.1145 1	92.1771 1
2	1	4.178 1	92.659 1
2	1	4.28 1	92.2690 1
2	1	4.1034 1	92.1531 1
2	1	4.554 1	92.2473 1
2	1	4.774 1	92.978 1
2	1	4.1066 1	92.2002 1
2	1	4.231 1	92.105 1
2	1	4.877 1	92.131 1
2	1	4.1183 1	92.2197 1
2	1	4.570 1	92.464 1
6	5	4.620 1	92.1643 0.077 92.2453 0.077 92.574 0.462 92.786 1 92.896 0.692
2	1	4.925 1	92.638 1
2	1	4.1068 1	92.2004 1
2	1	4.141 1	92.2643 1
2	1	4.179 1	92.660 1
2	1	4.965 1	92.488 1
2	1	4.1143 1	92.1773 1
2	1	4.117 1	92.1885 1
2	1	4.691 1	92.2571 1
2	1	4.949 1	92.600 1
2	1	4.1132 1	92.1025 1
2	1	4.85 1	92.2296 1
2	1	4.658 1	92.2089 1
2	1	4.150 1	92.2661 1
2	1	4.586 1	92.1488 1
4	3	4.997 1	92.2730 1 92.2776 0.308 92.2695 1
2	1	4.223 1	92.1003 1
2	1	4.283 1	92.2326 1
2	1	4.59 1	92.2316 1
2	1	4.1014 1	92.510 1
2	1	4.276 1	92.2320 1
2	1	4.873 1	92.846 1
2	1	4.1120 1	92.672 1
2	1	4.1187 1	92.1042 1
2	1	4.793 1	92.842 1
2	1	4.823 1	92.1991 1
2	1	4.206 1	92.608 1
2	1	4.851 1	92.2904 1
2	1	4.1138 1	92.2336 1
2	1	4.573 1	92.437 1
2	1	4.585 1	92.1490 1
2	1	4.926 1	92.639 1
2	1	4.896 1	92.2237 1
2	1	4.159 1	92.2913 1
2	1	4.168 1	92.2894 1
2	1	4.273 1	92.2105 1
12	11	4.538 1	92.1327 0.246 92.1654 1 92.1793 0.333 92.2281 0.211 92.2443 0.368 92.267 0.579 92.318 0.158 92.567 0.158 92.794 0.333 92.872 0.158 92.886 0.123
2	1	4.1050 1	92.357 1
2	1	4.1091 1	92.277 1
2	1	4.353 1	92.939 1
2	1	4.476 1	92.2936 1
2	1	4.80 1	92.970 1
26	25	4.824 1	92.1046 0.519 92.1705 0.429 92.1725 0.358 92.1843 0.337 92.1957 0.413 92.1985 0.513 92.2061 1 92.2229 0.544 92.2252 0.927 92.2332 0.385 92.2364 0.401 92.2379 0.540 92.247 0.494 92.2586 0.528 92.2596 0.516 92.2751 0.892 92.2779 0.513 92.2816 0.301 92.2836 0.500 92.2843 0.331 92.380 0.510 92.416 0.401 92.620 0.892 92.817 0.537 92.906 0.510
2	1	4.427 1	92.12 1
2	1	4.872 1	92.847 1
2	1	4.1095 1	92.193 1
2	1	4.670 1	92.1147 1
2	1	4.865 1	92.905 1
2	1	4.207 1	92.2366 1
2	1	4.998 1	92.2774 1
5	4	4.649 1	92.1460 0.103 92.2189 0.483 92.444 1 92.790 0.621
2	1	4.1061 1	92.1993 1
2	1	4.359 1	92.2931 1
2	1	4.870 1	92.850 1
2	1	4.93 1	92.2114 1
2	1	4.279 1	92.2322 1
2	1	4.1146 1	92.1769 1
2	1	4.901 1	92.2227 1
2	1	4.197 1	92.1240 1
5	4	4.487 1	92.1741 1 92.2126 1 92.2489 1 92.293 1
2	1	4.767 1	92.991 1
2	1	4.157 1	92.642 1
2	1	4.1013 1	92.512 1
2	1	4.125 1	92.2813 1
2	1	4.1032 1	92.1567 1
2	1	4.233 1	92.2209 1
6	5	4.254 1	92.1220 0.948 92.1779 0.922 92.1860 0.164 92.2251 0.190 92.857 1
2	1	4.519 1	92.254 1
2	1	4.707 1	92.2256 1
3	2	4.126 1	92.1944 0.966 92.2525 1
2	1	4.3 1	92.549 1
7	6	4.489 1	92.1743 1 92.2382 0.625 92.2491 1 92.2758 0.750 92.291 0.250 92.2951 0.250
2	1	4.507 1	92.685 1
3	2	4.26 1	92.1953 1 92.2533 1
2	1	4.978 1	92.231 1
2	1	4.144 1	92.2646 1
2	1	4.867 1	92.903 1
2	1	4.155 1	92.651 1
2	1	4.1084 1	92.284 1
2	1	4.1097 1	92.39 1
2	1	4.1151 1	92.1390 1
3	2	4.19 1	92.1945 1 92.2526 0.969
4	3	4.488 1	92.1742 1 92.2381 1 92.2759 1
2	1	4.98 1	92.1664 1
2	1	4.959 1	92.2513 1
2	1	4.1168 1	92.1596 1
3	2	4.486 1	92.2763 1 92.706 0.910
2	1	4.659 1	92.2091 1
2	1	4.1153 1	92.1393 1
2	1	4.1079 1	92.1020 1
6	8	4.1021 0.911 4.1112 0.911 4.212 0.867 4.493 1	92.2821 0.875 92.2880 1
2	1	4.1005 1	92.1678 1
2	1	4.863 1	92.2347 1
2	1	4.245 1	92.1699 1
2	1	4.226 1	92.1006 1
2	1	4.464 1	92.595 1
2	1	4.732 1	92.2422 1
2	1	4.653 1	92.2084 1
2	1	4.773 1	92.981 1
2	1	4.853 1	92.2805 1
2	1	4.958 1	92.2510 1
2	1	4.288 1	92.494 1
2	1	4.768 1	92.990 1
2	1	4.31 1	92.2919 1
5	4	4.463 1	92.1964 0.071 92.237 0.074 92.597 1 92.782 0.076
2	1	4.485 1	92.1739 1
2	1	4.361 1	92.2742 1
2	1	4.759 1	92.2035 1
2	1	4.909 1	92.1219 1
5	4	4.617 1	92.1342 0.333 92.454 0.333 92.577 0.667 92.898 1
2	1	4.303 1	92.2794 1
2	1	4.963 1	92.493 1
2	1	4.217 1	92.360 1
2	1	4.336 1	92.2866 1
2	1	4.533 1	92.1094 1
2	1	4.845 1	92.1028 1
2	1	4.162 1	92.2850 1
2	1	4.252 1	92.1726 1
6	5	4.548 1	92.1413 0.250 92.2291 0.181 92.325 1 92.41 0.137 92.803 0.274
2	1	4.310 1	92.1718 1
2	1	4.850 1	92.2905 1
2	1	4.457 1	92.2465 1
2	1	4.375 1	92.508 1
2	1	4.961 1	92.2515 1
2	1	4.1176 1	92.2044 1
2	1	4.322 1	92.1254 1
2	1	4.934 1	92.2498 1
2	1	4.541 1	92.617 1
8	7	4.537 1	92.1328 0.166 92.1404 0.083 92.317 0.167 92.336 0.167 92.793 1 92.871 0.167 92.887 0.083
2	1	4.100 1	92.2147 1
2	1	4.1191 1	92.2837 1
2	1	4.540 1	92.616 1
2	1	4.587 1	92.2432 1
2	1	4.688 1	92.2568 1
2	1	4.933 1	92.2499 1
2	1	4.1049 1	92.356 1
2	1	4.94 1	92.2115 1
2	1	4.267 1	92.251 1
2	1	4.44 1	92.89 1
2	1	4.947 1	92.1206 1
2	1	4.884 1	92.2400 1
2	1	4.1070 1	92.2031 1
2	1	4.1213 1	92.1353 1
2	1	4.516 1	92.429 1
2	1	4.543 1	92.2696 1
2	1	4.30 1	92.2801 1
2	1	4.985 1	92.1884 1
2	1	4.171 1	92.1224 1
2	1	4.327 1	92.2853 1
12	11	4.67 1	92.1103 0.370 92.1323 1 92.1736 0.264 92.1760 0.355 92.1972 0.348 92.2309 0.594 92.2419 0.498 92.2484 0.514 92.2958 0.394 92.298 0.083 92.709 0.261
2	1	4.808 1	92.1168 1
2	1	4.459 1	92.40 1
2	1	4.632 1	92.2712 1
2	1	4.1155 1	92.1585 1
2	1	4.436 1	92.2677 1
2	1	4.69 1	92.1931 1
4	4	4.517 1 4.651 0.101	92.1409 0.053 92.2438 1
2	1	4.1177 1	92.2045 1
2	1	4.351 1	92.941 1
7	6	4.363 1	92.1062 1 92.141 0.409 92.147 0.409 92.1471 0.363 92.582 0.203 92.860 0.114
2	1	4.458 1	92.1782 1
5	4	4.259 1 4.36 0.192 4.451 0.385 4.604 0.462	92.2778 1
2	1	4.821 1	92.1989 1
2	1	4.63 1	92.153 1
2	1	4.1170 1	92.1598 1
2	1	4.170 1	92.559 1
2	1	4.184 1	92.1751 1
2	1	4.152 1	92.2664 1
2	1	4.594 1	92.2448 1
2	1	4.817 1	92.1978 1
2	1	4.53 1	92.100 1
2	1	4.4 1	92.551 1
2	1	4.400 1	92.528 1
2	1	4.99 1	92.2146 1
2	1	4.22 1	92.1732 1
2	1	4.770 1	92.988 1
3	2	4.211 1 4.494 0.840	92.2769 1
2	1	4.371 1	92.2433 1
2	1	4.766 1	92.992 1
2	1	4.243 1	92.2222 1
2	1	4.295 1	92.2493 1
9	14	4.518 1 4.650 1	92.1284 1 92.1618 1 92.170 1 92.1815 1 92.1882 1 92.2168 1 92.2625 1
2	1	4.595 1	92.446 1
2	1	4.702 1	92.2262 1
2	1	4.5 1	92.2356 1
2	1	4.242 1	92.2221 1
2	1	4.250 1	92.1187 1
2	1	4.138 1	92.187 1
2	1	4.1167 1	92.1595 1
26	25	4.1184 1	92.1209 0.326 92.1324 0.381 92.1451 0.329 92.1469 0.324 92.1535 0.326 92.1548 0.768 92.1551 0.324 92.1675 0.768 92.1852 0.721 92.1975 0.326 92.2030 0.324 92.2340 0.525 92.2482 0.814 92.2588 1 92.2608 0.324 92.2895 0.534 92.641 0.750 92.649 0.327 92.65 0.330 92.657 0.323 92.684 0.324 92.879 0.324 92.93 0.323 92.952 0.326 92.976 0.530
2	1	4.473 1	92.2927 1
2	1	4.11 1	92.775 1
3	2	4.642 1	92.1501 0.279 92.1721 1
2	1	4.113 1	92.2391 1
2	1	4.1119 1	92.673 1
