Size	Relations	OrthoA	OrthoB
2	1	4.318 1	91.883 1
2	1	4.319 1	91.884 1
2	1	4.584 1	91.480 1
2	1	4.932 1	91.731 1
2	1	4.711 1	91.820 1
2	1	4.1175 1	91.164 1
2	1	4.1185 1	91.451 1
2	1	4.1172 1	91.1155 1
2	1	4.986 1	91.426 1
2	1	4.1046 1	91.745 1
2	1	4.1041 1	91.176 1
2	1	4.61 1	91.1396 1
2	1	4.382 1	91.1128 1
2	1	4.193 1	91.24 1
3	2	4.1004 1	91.1098 0.085 91.1102 1
2	1	4.957 1	91.754 1
2	1	4.431 1	91.942 1
2	1	4.241 1	91.961 1
2	1	4.787 1	91.553 1
2	1	4.719 1	91.214 1
2	1	4.432 1	91.943 1
2	1	4.1088 1	91.789 1
4	3	4.62 1	91.718 1 91.450 0.725 91.716 0.786
2	1	4.17 1	91.1240 1
2	1	4.720 1	91.216 1
2	1	4.858 1	91.1134 1
2	1	4.385 1	91.1131 1
2	1	4.503 1	91.174 1
2	1	4.1086 1	91.787 1
2	1	4.421 1	91.933 1
2	1	4.866 1	91.207 1
2	1	4.280 1	91.679 1
2	1	4.1033 1	91.1068 1
2	1	4.1144 1	91.1205 1
2	1	4.729 1	91.166 1
2	1	4.839 1	91.591 1
2	1	4.1115 1	91.586 1
2	1	4.690 1	91.699 1
2	1	4.744 1	91.890 1
2	1	4.794 1	91.41 1
2	1	4.940 1	91.1104 1
2	1	4.1012 1	91.782 1
2	1	4.902 1	91.735 1
2	1	4.1158 1	91.1064 1
2	1	4.800 1	91.556 1
2	1	4.1040 1	91.627 1
2	1	4.712 1	91.819 1
2	1	4.1136 1	91.971 1
2	1	4.1179 1	91.927 1
2	1	4.139 1	91.719 1
2	1	4.143 1	91.698 1
2	1	4.857 1	91.674 1
2	1	4.797 1	91.1252 1
3	2	4.65 1	91.185 1 91.187 0.871
2	1	4.41 1	91.407 1
2	1	4.952 1	91.477 1
2	1	4.1161 1	91.103 1
2	1	4.695 1	91.702 1
2	1	4.944 1	91.560 1
2	1	4.200 1	91.619 1
2	1	4.721 1	91.449 1
2	1	4.236 1	91.750 1
2	1	4.340 1	91.1351 1
2	1	4.686 1	91.1026 1
2	1	4.1206 1	91.771 1
2	1	4.1208 1	91.769 1
2	1	4.8 1	91.96 1
2	1	4.950 1	91.475 1
2	1	4.1193 1	91.492 1
2	1	4.1006 1	91.363 1
2	1	4.1035 1	91.1070 1
2	1	4.966 1	91.1076 1
2	1	4.672 1	91.566 1
2	1	4.293 1	91.378 1
2	1	4.1182 1	91.1229 1
2	1	4.741 1	91.125 1
2	1	4.1044 1	91.1306 1
2	1	4.1043 1	91.688 1
2	1	4.78 1	91.677 1
2	1	4.825 1	91.441 1
2	1	4.874 1	91.919 1
2	1	4.893 1	91.774 1
7	10	4.246 0.659 4.343 1 4.374 0.618 4.546 0.080 4.564 0.209	91.525 0.088 91.994 1
2	1	4.142 1	91.697 1
2	1	4.807 1	91.583 1
2	1	4.982 1	91.513 1
2	1	4.1124 1	91.153 1
2	1	4.1131 1	91.20 1
3	2	4.1200 1	91.1061 1 91.454 0.129
2	1	4.1036 1	91.1071 1
2	1	4.1194 1	91.493 1
2	1	4.999 1	91.578 1
2	1	4.1062 1	91.1197 1
2	1	4.435 1	91.945 1
2	1	4.962 1	91.1300 1
2	1	4.809 1	91.1243 1
2	1	4.752 1	91.899 1
2	1	4.555 1	91.438 1
2	1	4.692 1	91.548 1
2	1	4.430 1	91.941 1
2	1	4.975 1	91.663 1
2	1	4.685 1	91.1348 1
2	1	4.939 1	91.1103 1
2	1	4.907 1	91.589 1
2	1	4.946 1	91.323 1
2	1	4.440 1	91.951 1
2	1	4.1001 1	91.580 1
2	1	4.237 1	91.725 1
2	1	4.969 1	91.1074 1
3	2	4.885 1	91.204 1 91.632 0.848
2	1	4.804 1	91.1231 1
2	1	4.527 1	91.12 1
2	1	4.699 1	91.704 1
2	1	4.941 1	91.391 1
2	1	4.673 1	91.565 1
2	1	4.906 1	91.147 1
2	1	4.1053 1	91.672 1
3	2	4.689 1 4.582 0.906	91.967 1
2	1	4.722 1	91.408 1
2	1	4.146 1	91.759 1
2	1	4.973 1	91.623 1
2	1	4.346 1	91.1045 1
2	1	4.705 1	91.1392 1
2	1	4.275 1	91.498 1
2	1	4.1054 1	91.671 1
3	2	4.1165 1	91.257 1 91.909 0.718
2	1	4.1166 1	91.469 1
2	1	4.227 1	91.405 1
2	1	4.383 1	91.1129 1
2	1	4.1002 1	91.581 1
2	1	4.1140 1	91.1251 1
2	1	4.660 1	91.1090 1
2	1	4.1075 1	91.1238 1
3	2	4.656 1	91.751 1 91.1386 0.715
2	1	4.438 1	91.949 1
2	1	4.187 1	91.582 1
2	1	4.820 1	91.1190 1
2	1	4.526 1	91.13 1
2	1	4.676 1	91.1253 1
2	1	4.708 1	91.237 1
2	1	4.795 1	91.40 1
2	1	4.631 1	91.717 1
2	1	4.818 1	91.322 1
2	1	4.951 1	91.476 1
2	1	4.1000 1	91.579 1
2	1	4.1142 1	91.1202 1
2	1	4.1129 1	91.18 1
2	1	4.895 1	91.776 1
2	1	4.627 1	91.673 1
2	1	4.897 1	91.778 1
2	1	4.504 1	91.301 1
2	1	4.1055 1	91.670 1
2	1	4.97 1	91.811 1
2	1	4.48 1	91.1060 1
2	1	4.240 1	91.966 1
2	1	4.428 1	91.939 1
2	1	4.1139 1	91.1127 1
2	1	4.781 1	91.706 1
2	1	4.83 1	91.101 1
2	1	4.1195 1	91.319 1
2	1	4.90 1	91.1383 1
2	1	4.924 1	91.549 1
2	1	4.95 1	91.467 1
2	1	4.1164 1	91.211 1
2	1	4.202 1	91.479 1
2	1	4.810 1	91.1242 1
2	1	4.121 1	91.1092 1
2	1	4.505 1	91.302 1
2	1	4.931 1	91.1135 1
2	1	4.987 1	91.428 1
2	1	4.1087 1	91.788 1
3	2	4.229 1 4.461 0.069	91.533 1
2	1	4.441 1	91.952 1
2	1	4.802 1	91.741 1
3	2	4.704 1	91.1393 1 91.310 0.690
2	1	4.827 1	91.439 1
2	1	4.115 1	91.233 1
2	1	4.386 1	91.1132 1
2	1	4.1149 1	91.603 1
3	2	4.1127 1 4.734 0.345	91.136 1
2	1	4.1116 1	91.584 1
2	1	4.782 1	91.705 1
4	3	4.899 1	91.1008 1 91.1280 0.093 91.198 0.117
2	1	4.796 1	91.39 1
2	1	4.803 1	91.1232 1
2	1	4.1028 1	91.1385 1
2	1	4.1122 1	91.154 1
2	1	4.367 1	91.114 1
2	1	4.1123 1	91.1247 1
2	1	4.742 1	91.888 1
2	1	4.583 1	91.614 1
4	3	4.974 1	91.371 0.207 91.620 1 91.212 0.802
2	1	4.1207 1	91.770 1
2	1	4.180 1	91.119 1
2	1	4.175 1	91.1115 1
2	1	4.195 1	91.26 1
3	2	4.771 1	91.1162 0.234 91.456 1
2	1	4.814 1	91.33 1
2	1	4.743 1	91.889 1
2	1	4.1092 1	91.793 1
3	2	4.811 1	91.486 1 91.687 0.765
2	1	4.224 1	91.433 1
2	1	4.754 1	91.902 1
3	2	4.410 1	91.434 1 91.370 0.701
2	1	4.875 1	91.918 1
2	1	4.136 1	91.335 1
2	1	4.1094 1	91.795 1
2	1	4.581 1	91.481 1
2	1	4.819 1	91.321 1
2	1	4.694 1	91.701 1
2	1	4.1202 1	91.1062 1
4	3	4.230 1	91.444 0.060 91.446 0.146 91.466 1
2	1	4.281 1	91.121 1
2	1	4.559 1	91.435 1
2	1	4.921 1	91.1222 1
2	1	4.1147 1	91.600 1
2	1	4.786 1	91.552 1
2	1	4.657 1	91.744 1
2	1	4.922 1	91.1221 1
3	2	4.85 1	91.1246 1 91.1399 0.082
2	1	4.679 1	91.1254 1
2	1	4.426 1	91.937 1
2	1	4.514 1	91.808 1
2	1	4.654 1	91.753 1
2	1	4.635 1	91.1025 1
2	1	4.1029 1	91.1384 1
2	1	4.9 1	91.250 1
2	1	4.369 1	91.818 1
2	1	4.710 1	91.821 1
3	2	4.1126 1 4.735 0.381	91.360 1
2	1	4.186 1	91.685 1
2	1	4.68 1	91.209 1
2	1	4.784 1	91.550 1
2	1	4.46 1	91.711 1
2	1	4.147 1	91.959 1
2	1	4.753 1	91.901 1
4	4	4.312 0.305 4.593 1	91.519 1 91.998 0.954
2	1	4.923 1	91.1220 1
2	1	4.253 1	91.1073 1
2	1	4.750 1	91.898 1
2	1	4.1205 1	91.772 1
2	1	4.404 1	91.427 1
2	1	4.886 1	91.247 1
2	1	4.920 1	91.1223 1
3	2	4.290 1 4.156 1	91.1083 1
2	1	4.709 1	91.822 1
2	1	4.182 1	91.506 1
2	1	4.678 1	91.1255 1
2	1	4.198 1	91.1149 1
2	1	4.285 1	91.1105 1
2	1	4.636 1	91.1024 1
10	25	4.149 1 4.148 1 4.445 0.809 4.731 0.807 4.134 0.053	91.954 1 91.953 1 91.409 0.832 91.957 0.402 91.956 0.213
3	2	4.420 1	91.1257 1 91.597 0.738
2	1	4.580 1	91.483 1
2	1	4.272 1	91.1027 1
2	1	4.780 1	91.707 1
2	1	4.861 1	91.1157 1
2	1	4.892 1	91.1241 1
2	1	4.968 1	91.1075 1
2	1	4.397 1	91.497 1
2	1	4.930 1	91.1136 1
2	1	4.813 1	91.34 1
2	1	4.422 1	91.934 1
3	2	4.630 1	91.714 1 91.386 0.641
2	1	4.282 1	91.122 1
2	1	4.145 1	91.696 1
2	1	4.154 1	91.766 1
2	1	4.1130 1	91.19 1
2	1	4.299 1	91.630 1
2	1	4.501 1	91.172 1
2	1	4.557 1	91.437 1
2	1	4.558 1	91.436 1
2	1	4.943 1	91.561 1
2	1	4.419 1	91.1002 1
2	1	4.442 1	91.159 1
2	1	4.532 1	91.95 1
2	1	4.277 1	91.515 1
2	1	4.284 1	91.388 1
2	1	4.238 1	91.727 1
3	2	4.1069 1	91.1141 1 91.238 0.885
2	1	4.424 1	91.935 1
2	1	4.988 1	91.429 1
2	1	4.286 1	91.387 1
2	1	4.530 1	91.564 1
5	6	4.745 1 4.746 0.069	91.260 0.597 91.517 0.117 91.891 1
2	1	4.687 1	91.762 1
4	4	4.127 1 4.21 0.074	91.1000 0.112 91.518 1
3	2	4.718 1	91.1249 1 91.575 0.137
2	1	4.905 1	91.587 1
2	1	4.871 1	91.213 1
2	1	4.434 1	91.944 1
2	1	4.1009 1	91.781 1
4	3	4.682 1	91.773 1 91.282 0.711 91.785 0.882
2	1	4.47 1	91.1059 1
2	1	4.502 1	91.173 1
2	1	4.634 1	91.730 1
2	1	4.1074 1	91.1237 1
2	1	4.553 1	91.30 1
2	1	4.179 1	91.458 1
2	1	4.289 1	91.1080 1
2	1	4.454 1	91.1309 1
4	4	4.1064 1 4.480 0.082	91.1200 1 91.92 0.064
2	1	4.1089 1	91.790 1
2	1	4.1157 1	91.1066 1
2	1	4.579 1	91.485 1
2	1	4.529 1	91.9 1
2	1	4.826 1	91.440 1
6	9	4.401 0.056 4.433 0.052 4.936 1	91.1120 0.671 91.275 0.450 91.277 1
3	2	4.643 1	91.1037 1 91.326 0.169
2	1	4.958 1	91.308 1
2	1	4.153 1	91.765 1
2	1	4.822 1	91.839 1
2	1	4.203 1	91.109 1
2	1	4.345 1	91.1046 1
2	1	4.983 1	91.514 1
2	1	4.1198 1	91.1388 1
2	1	4.177 1	91.460 1
2	1	4.271 1	91.1028 1
2	1	4.350 1	91.1051 1
2	1	4.1148 1	91.602 1
2	1	4.1121 1	91.1390 1
2	1	4.1039 1	91.628 1
2	1	4.785 1	91.551 1
2	1	4.911 1	91.251 1
2	1	4.204 1	91.107 1
5	4	4.311 1	91.756 0.119 91.757 0.113 91.920 0.222 91.921 1
2	1	4.194 1	91.25 1
2	1	4.321 1	91.1004 1
2	1	4.528 1	91.507 1
2	1	4.671 1	91.567 1
3	2	4.188 1	91.1299 1 91.1314 0.124
2	1	4.1038 1	91.629 1
5	4	4.23 1	91.1150 1 91.557 0.797 91.784 0.919 91.1298 0.953
2	1	4.1030 1	91.555 1
4	4	4.1156 0.151 4.894 1	91.775 1 91.1277 0.676
2	1	4.10 1	91.177 1
2	1	4.415 1	91.255 1
2	1	4.534 1	91.93 1
3	2	4.640 0.137 4.979 1	91.923 1
2	1	4.1065 1	91.320 1
2	1	4.1128 1	91.17 1
3	2	4.828 1	91.1015 1 91.239 0.249
2	1	4.976 1	91.664 1
3	2	4.859 1	91.1133 1 91.742 0.739
2	1	4.637 1	91.661 1
2	1	4.756 1	91.907 1
2	1	4.239 1	91.728 1
2	1	4.1143 1	91.1203 1
2	1	4.1152 1	91.606 1
2	1	4.1073 1	91.120 1
2	1	4.541 1	91.105 1
2	1	4.1067 1	91.1273 1
2	1	4.66 1	91.817 1
2	1	4.908 1	91.590 1
2	1	4.1090 1	91.791 1
2	1	4.57 1	91.1049 1
2	1	4.706 1	91.1391 1
2	1	4.707 1	91.764 1
2	1	4.960 1	91.1160 1
2	1	4.429 1	91.940 1
2	1	4.867 1	91.304 1
3	2	4.648 1	91.527 1 91.993 0.521
2	1	4.970 1	91.1295 1
2	1	4.1104 1	91.797 1
2	1	4.344 1	91.1048 1
2	1	4.1091 1	91.792 1
2	1	4.349 1	91.1038 1
2	1	4.1188 1	91.1126 1
2	1	4.531 1	91.1156 1
2	1	4.840 1	91.111 1
2	1	4.155 1	91.385 1
2	1	4.266 1	91.896 1
2	1	4.683 1	91.1151 1
2	1	4.174 1	91.962 1
2	1	4.723 1	91.505 1
3	2	4.855 1	91.68 1 91.867 0.385
2	1	4.425 1	91.936 1
2	1	4.703 1	91.1394 1
2	1	4.919 1	91.1224 1
2	1	4.978 1	91.922 1
2	1	4.196 1	91.27 1
2	1	4.1066 1	91.1274 1
2	1	4.114 1	91.234 1
3	2	4.884 1 4.44 1	91.235 1
2	1	4.468 1	91.1337 1
2	1	4.608 1	91.461 1
5	4	4.759 1	91.1054 1 91.1139 0.089 91.1207 0.103 91.814 0.137
2	1	4.888 1	91.184 1
3	2	4.79 1 4.853 0.088	91.678 1
2	1	4.870 1	91.123 1
4	3	4.1103 1	91.803 1 91.42 0.728 91.912 0.774
2	1	4.1076 1	91.1275 1
2	1	4.1013 1	91.783 1
2	1	4.384 1	91.1130 1
2	1	4.178 1	91.459 1
2	1	4.533 1	91.94 1
3	2	4.763 1	91.1056 0.053 91.1324 1
2	1	4.1085 1	91.786 1
2	1	4.278 1	91.1192 1
3	2	4.3 1	91.547 0.111 91.761 1
2	1	4.1163 1	91.543 1
2	1	4.437 1	91.948 1
2	1	4.909 1	91.1225 1
6	9	4.523 1 4.620 1 4.619 0.649	91.537 1 91.536 1 91.983 0.305
6	5	4.231 1 4.244 0.842 4.877 0.905 4.997 0.860 4.1068 0.852	91.1271 1
2	1	4.713 1	91.1154 1
3	2	4.1125 1	91.131 0.086 91.132 1
2	1	4.482 1	91.389 1
2	1	4.949 1	91.473 1
2	1	4.1145 1	91.113 1
2	1	4.980 1	91.924 1
2	1	4.717 1	91.317 1
2	1	4.1034 1	91.1069 1
2	1	4.39 1	91.713 1
2	1	4.554 1	91.31 1
2	1	4.896 1	91.777 1
2	1	4.402 1	91.1315 1
2	1	4.436 1	91.947 1
2	1	4.972 1	91.1261 1
2	1	4.320 1	91.1005 1
2	1	4.225 1	91.430 1
2	1	4.1176 1	91.16 1
2	1	4.935 1	91.274 1
2	1	4.755 1	91.904 1
3	2	4.1209 1	91.1346 0.478 91.1349 1
2	1	4.288 1	91.1079 1
2	1	4.235 1	91.1146 1
2	1	4.953 1	91.478 1
2	1	4.223 1	91.1296 1
2	1	4.691 1	91.700 1
2	1	4.633 1	91.729 1
2	1	4.1120 1	91.169 1
2	1	4.439 1	91.950 1
2	1	4.793 1	91.115 1
2	1	4.103 1	91.156 1
