Size	Relations	OrthoA	OrthoB
2	1	4.584 1	93.763 1
2	1	4.319 1	93.639 1
2	1	4.318 1	93.640 1
2	1	4.899 1	93.4 1
2	1	4.932 1	93.534 1
2	1	4.17 1	93.234 1
2	1	4.1062 1	93.833 1
2	1	4.193 1	93.212 1
2	1	4.1004 1	93.932 1
2	1	4.986 1	93.650 1
2	1	4.1046 1	93.792 1
2	1	4.970 1	93.821 1
2	1	4.431 1	93.587 1
2	1	4.1172 1	93.228 1
2	1	4.1185 1	93.60 1
2	1	4.419 1	93.686 1
2	1	4.241 1	93.311 1
2	1	4.720 1	93.863 1
2	1	4.711 1	93.371 1
2	1	4.503 1	93.32 1
2	1	4.977 1	93.804 1
2	1	4.382 1	93.991 1
2	1	4.1012 1	93.855 1
2	1	4.432 1	93.588 1
2	1	4.729 1	93.924 1
2	1	4.957 1	93.539 1
2	1	4.1208 1	93.406 1
2	1	4.719 1	93.862 1
3	2	4.1040 1	93.354 1 93.967 0.765
2	1	4.820 1	93.837 1
2	1	4.858 1	93.299 1
2	1	4.526 1	93.69 1
2	1	4.305 1	93.222 1
2	1	4.1083 1	93.723 1
2	1	4.62 1	93.757 1
2	1	4.280 1	93.263 1
2	1	4.61 1	93.269 1
2	1	4.794 1	93.100 1
2	1	4.787 1	93.245 1
2	1	4.421 1	93.684 1
2	1	4.907 1	93.24 1
2	1	4.227 1	93.653 1
2	1	4.1144 1	93.928 1
2	1	4.967 1	93.845 1
2	1	4.8 1	93.860 1
2	1	4.1033 1	93.663 1
2	1	4.832 1	93.756 1
2	1	4.14 1	93.446 1
2	1	4.857 1	93.300 1
2	1	4.385 1	93.994 1
2	1	4.501 1	93.34 1
2	1	4.755 1	93.692 1
2	1	4.1115 1	93.871 1
2	1	4.705 1	93.146 1
2	1	4.690 1	93.552 1
2	1	4.1088 1	93.718 1
2	1	4.97 1	93.513 1
2	1	4.1158 1	93.921 1
2	1	4.902 1	93.310 1
2	1	4.1041 1	93.726 1
2	1	4.139 1	93.388 1
2	1	4.777 1	93.749 1
2	1	4.1179 1	93.688 1
2	1	4.660 1	93.505 1
2	1	4.807 1	93.887 1
2	1	4.1182 1	93.779 1
2	1	4.1194 1	93.830 1
2	1	4.800 1	93.94 1
2	1	4.1086 1	93.720 1
2	1	4.771 1	93.576 1
2	1	4.422 1	93.683 1
2	1	4.673 1	93.87 1
2	1	4.944 1	93.197 1
2	1	4.692 1	93.554 1
2	1	4.1044 1	93.949 1
2	1	4.435 1	93.601 1
2	1	4.969 1	93.843 1
2	1	4.695 1	93.132 1
2	1	4.797 1	93.97 1
2	1	4.525 1	93.68 1
2	1	4.721 1	93.868 1
2	1	4.975 1	93.802 1
2	1	4.230 1	93.363 1
2	1	4.428 1	93.678 1
2	1	4.1161 1	93.913 1
2	1	4.200 1	93.204 1
2	1	4.982 1	93.394 1
2	1	4.951 1	93.121 1
2	1	4.952 1	93.122 1
2	1	4.672 1	93.86 1
2	1	4.1035 1	93.665 1
2	1	4.686 1	93.546 1
2	1	4.795 1	93.99 1
2	1	4.1193 1	93.831 1
2	1	4.712 1	93.372 1
2	1	4.440 1	93.607 1
2	1	4.966 1	93.846 1
2	1	4.1043 1	93.948 1
2	1	4.1166 1	93.144 1
2	1	4.950 1	93.120 1
2	1	4.143 1	93.390 1
2	1	4.78 1	93.568 1
2	1	4.149 1	93.611 1
2	1	4.1126 1	93.575 1
2	1	4.741 1	93.225 1
2	1	4.1124 1	93.39 1
2	1	4.1036 1	93.666 1
2	1	4.142 1	93.389 1
2	1	4.1002 1	93.884 1
2	1	4.999 1	93.332 1
2	1	4.631 1	93.276 1
2	1	4.555 1	93.344 1
2	1	4.83 1	93.289 1
2	1	4.1078 1	93.140 1
2	1	4.1001 1	93.883 1
2	1	4.346 1	93.564 1
2	1	4.236 1	93.790 1
2	1	4.893 1	93.897 1
2	1	4.1206 1	93.404 1
2	1	4.809 1	93.888 1
2	1	4.989 1	93.527 1
2	1	4.347 1	93.879 1
2	1	4.1000 1	93.882 1
2	1	4.196 1	93.209 1
2	1	4.311 1	93.350 1
2	1	4.275 1	93.266 1
2	1	4.430 1	93.586 1
2	1	4.293 1	93.952 1
2	1	4.1142 1	93.926 1
2	1	4.386 1	93.995 1
2	1	4.434 1	93.600 1
2	1	4.1130 1	93.909 1
2	1	4.1074 1	93.238 1
2	1	4.655 1	93.500 1
2	1	4.971 1	93.822 1
2	1	4.987 1	93.649 1
2	1	4.1131 1	93.908 1
2	1	4.699 1	93.136 1
2	1	4.383 1	93.992 1
2	1	4.237 1	93.791 1
2	1	4.752 1	93.695 1
2	1	4.900 1	93.381 1
4	3	4.148 1 4.445 0.823 4.731 0.706	93.612 1
2	1	4.1075 1	93.237 1
2	1	4.581 1	93.765 1
2	1	4.804 1	93.90 1
2	1	4.931 1	93.487 1
2	1	4.924 1	93.413 1
2	1	4.438 1	93.605 1
2	1	4.146 1	93.731 1
3	2	4.885 1	93.113 1 93.167 0.824
2	1	4.527 1	93.70 1
2	1	4.1006 1	93.17 1
2	1	4.822 1	93.835 1
2	1	4.1116 1	93.872 1
2	1	4.504 1	93.31 1
2	1	4.1164 1	93.142 1
2	1	4.694 1	93.556 1
2	1	4.897 1	93.901 1
2	1	4.348 1	93.878 1
2	1	4.1140 1	93.294 1
2	1	4.1207 1	93.405 1
2	1	4.187 1	93.885 1
2	1	4.656 1	93.501 1
2	1	4.754 1	93.693 1
2	1	4.778 1	93.748 1
2	1	4.95 1	93.511 1
2	1	4.1156 1	93.918 1
2	1	4.505 1	93.30 1
2	1	4.1054 1	93.378 1
2	1	4.1053 1	93.377 1
2	1	4.796 1	93.98 1
2	1	4.973 1	93.841 1
2	1	4.1139 1	93.293 1
2	1	4.825 1	93.482 1
2	1	4.202 1	93.124 1
2	1	4.693 1	93.555 1
2	1	4.654 1	93.499 1
2	1	4.304 1	93.253 1
2	1	4.708 1	93.150 1
2	1	4.1165 1	93.143 1
2	1	4.1060 1	93.423 1
2	1	4.657 1	93.502 1
4	4	4.689 1 4.582 0.971	93.551 1 93.667 0.942
2	1	4.180 1	93.40 1
2	1	4.249 1	93.29 1
2	1	4.238 1	93.316 1
2	1	4.1147 1	93.942 1
2	1	4.682 1	93.15 1
2	1	4.360 1	93.470 1
2	1	4.894 1	93.898 1
2	1	4.1129 1	93.910 1
2	1	4.895 1	93.899 1
2	1	4.153 1	93.153 1
2	1	4.668 1	93.84 1
2	1	4.676 1	93.356 1
2	1	4.906 1	93.25 1
2	1	4.922 1	93.415 1
2	1	4.908 1	93.23 1
2	1	4.1055 1	93.379 1
2	1	4.281 1	93.262 1
2	1	4.634 1	93.277 1
2	1	4.580 1	93.766 1
2	1	4.779 1	93.747 1
5	4	4.991 1 4.610 0.661 4.849 0.661 4.466 0.683	93.476 1
2	1	4.115 1	93.493 1
2	1	4.635 1	93.278 1
2	1	4.781 1	93.741 1
2	1	4.776 1	93.750 1
2	1	4.413 1	93.670 1
5	6	4.993 1 4.33 0.665	93.620 1 93.474 0.708 93.520 0.708
2	1	4.23 1	93.655 1
2	1	4.801 1	93.93 1
2	1	4.1087 1	93.719 1
2	1	4.239 1	93.315 1
2	1	4.921 1	93.416 1
2	1	4.198 1	93.206 1
2	1	4.818 1	93.771 1
2	1	4.188 1	93.886 1
2	1	4.1109 1	93.529 1
2	1	4.782 1	93.740 1
2	1	4.583 1	93.762 1
2	1	4.827 1	93.480 1
2	1	4.96 1	93.512 1
2	1	4.1038 1	93.352 1
2	1	4.195 1	93.210 1
2	1	4.290 1	93.853 1
2	1	4.531 1	93.74 1
2	1	4.1102 1	93.509 1
2	1	4.65 1	93.484 1
2	1	4.441 1	93.608 1
2	1	4.68 1	93.489 1
2	1	4.147 1	93.613 1
2	1	4.414 1	93.669 1
2	1	4.1092 1	93.714 1
2	1	4.1181 1	93.780 1
2	1	4.704 1	93.271 1
2	1	4.722 1	93.341 1
2	1	4.1125 1	93.573 1
2	1	4.861 1	93.296 1
3	2	4.811 1	93.891 1 93.787 0.792
2	1	4.1149 1	93.939 1
2	1	4.282 1	93.261 1
2	1	4.1127 1	93.574 1
2	1	4.56 1	93.67 1
2	1	4.240 1	93.314 1
2	1	4.277 1	93.264 1
2	1	4.734 1	93.359 1
2	1	4.974 1	93.840 1
2	1	4.814 1	93.894 1
2	1	4.57 1	93.66 1
2	1	4.51 1	93.433 1
2	1	4.402 1	93.463 1
2	1	4.48 1	93.436 1
2	1	4.678 1	93.357 1
2	1	4.636 1	93.279 1
2	1	4.780 1	93.742 1
2	1	4.802 1	93.92 1
2	1	4.381 1	93.953 1
2	1	4.750 1	93.697 1
2	1	4.156 1	93.27 1
2	1	4.104 1	93.273 1
2	1	4.714 1	93.374 1
2	1	4.630 1	93.275 1
2	1	4.426 1	93.680 1
2	1	4.968 1	93.844 1
2	1	4.1094 1	93.712 1
2	1	4.160 1	93.454 1
2	1	4.1197 1	93.8 1
2	1	4.66 1	93.486 1
2	1	4.871 1	93.631 1
2	1	4.34 1	93.466 1
2	1	4.988 1	93.648 1
2	1	4.713 1	93.373 1
2	1	4.154 1	93.56 1
2	1	4.553 1	93.342 1
2	1	4.813 1	93.893 1
2	1	4.920 1	93.417 1
2	1	4.208 1	93.107 1
2	1	4.923 1	93.414 1
2	1	4.1121 1	93.37 1
2	1	4.905 1	93.26 1
2	1	4.528 1	93.71 1
2	1	4.1122 1	93.38 1
2	1	4.114 1	93.492 1
2	1	4.1072 1	93.240 1
2	1	4.46 1	93.438 1
2	1	4.753 1	93.694 1
2	1	4.529 1	93.72 1
2	1	4.984 1	93.398 1
2	1	4.182 1	93.652 1
2	1	4.410 1	93.808 1
2	1	4.810 1	93.329 1
2	1	4.943 1	93.198 1
2	1	4.1114 1	93.447 1
2	1	4.397 1	93.387 1
2	1	4.819 1	93.772 1
2	1	4.964 1	93.849 1
2	1	4.784 1	93.242 1
2	1	4.803 1	93.91 1
2	1	4.514 1	93.192 1
2	1	4.962 1	93.139 1
2	1	4.369 1	93.115 1
2	1	4.1076 1	93.334 1
2	1	4.224 1	93.337 1
2	1	4.425 1	93.681 1
2	1	4.786 1	93.244 1
2	1	4.892 1	93.896 1
2	1	4.886 1	93.112 1
2	1	4.1205 1	93.403 1
2	1	4.1039 1	93.353 1
2	1	4.1173 1	93.227 1
2	1	4.1195 1	93.829 1
2	1	4.284 1	93.285 1
2	1	4.671 1	93.85 1
2	1	4.194 1	93.211 1
2	1	4.298 1	93.469 1
2	1	4.679 1	93.358 1
2	1	4.972 1	93.842 1
2	1	4.9 1	93.232 1
2	1	4.286 1	93.287 1
2	1	4.1011 1	93.856 1
2	1	4.145 1	93.730 1
3	2	4.323 0.433 4.499 1	93.254 1
2	1	4.990 1	93.519 1
2	1	4.420 1	93.685 1
2	1	4.285 1	93.286 1
2	1	4.534 1	93.76 1
2	1	4.90 1	93.333 1
2	1	4.1037 1	93.351 1
2	1	4.272 1	93.543 1
2	1	4.429 1	93.677 1
2	1	4.424 1	93.682 1
2	1	4.209 1	93.109 1
2	1	4.47 1	93.437 1
2	1	4.535 1	93.585 1
2	1	4.919 1	93.418 1
2	1	4.1027 1	93.725 1
2	1	4.1089 1	93.717 1
2	1	4.935 1	93.531 1
2	1	4.102 1	93.515 1
2	1	4.1198 1	93.9 1
2	1	4.502 1	93.33 1
2	1	4.936 1	93.542 1
2	1	4.1073 1	93.239 1
2	1	4.111 1	93.430 1
2	1	4.7 1	93.301 1
2	1	4.710 1	93.370 1
2	1	4.235 1	93.789 1
2	1	4.862 1	93.295 1
2	1	4.643 1	93.349 1
2	1	4.785 1	93.243 1
2	1	4.812 1	93.892 1
2	1	4.911 1	93.220 1
2	1	4.333 1	93.870 1
2	1	4.136 1	93.923 1
2	1	4.225 1	93.336 1
2	1	4.1128 1	93.911 1
2	1	4.828 1	93.674 1
2	1	4.321 1	93.637 1
2	1	4.697 1	93.134 1
2	1	4.344 1	93.566 1
2	1	4.706 1	93.147 1
2	1	4.384 1	93.993 1
2	1	4.271 1	93.544 1
2	1	4.696 1	93.133 1
2	1	4.266 1	93.700 1
3	2	4.354 1 4.681 0.100	93.382 1
3	2	4.456 0.079 4.605 1	93.428 1
2	1	4.464 1	93.116 1
2	1	4.289 1	93.852 1
2	1	4.3 1	93.79 1
2	1	4.177 1	93.43 1
2	1	4.28 1	93.424 1
2	1	4.687 1	93.547 1
2	1	4.723 1	93.340 1
2	1	4.1150 1	93.938 1
2	1	4.20 1	93.320 1
2	1	4.826 1	93.481 1
2	1	4.1059 1	93.659 1
2	1	4.1157 1	93.919 1
2	1	4.637 1	93.280 1
2	1	4.52 1	93.432 1
2	1	4.530 1	93.73 1
2	1	4.10 1	93.230 1
2	1	4.1065 1	93.827 1
2	1	4.1090 1	93.716 1
2	1	4.579 1	93.767 1
2	1	4.199 1	93.205 1
2	1	4.21 1	93.319 1
2	1	4.842 1	93.380 1
2	1	4.1009 1	93.858 1
2	1	4.980 1	93.807 1
2	1	4.308 1	93.62 1
2	1	4.532 1	93.78 1
2	1	4.667 1	93.83 1
3	2	4.1020 1 4.213 0.442	93.451 1
2	1	4.674 1	93.88 1
2	1	4.204 1	93.126 1
2	1	4.698 1	93.135 1
2	1	4.709 1	93.369 1
2	1	4.203 1	93.125 1
2	1	4.265 1	93.701 1
2	1	4.1069 1	93.154 1
2	1	4.45 1	93.439 1
2	1	4.1148 1	93.940 1
2	1	4.661 1	93.506 1
2	1	4.888 1	93.110 1
2	1	4.979 1	93.806 1
2	1	4.345 1	93.565 1
2	1	4.860 1	93.297 1
2	1	4.976 1	93.803 1
2	1	4.482 1	93.48 1
2	1	4.638 1	93.281 1
2	1	4.350 1	93.876 1
2	1	4.829 1	93.675 1
2	1	4.155 1	93.339 1
2	1	4.769 1	93.51 1
2	1	4.437 1	93.604 1
2	1	4.1085 1	93.721 1
2	1	4.84 1	93.288 1
2	1	4.1120 1	93.36 1
2	1	4.1067 1	93.825 1
2	1	4.412 1	93.671 1
2	1	4.79 1	93.567 1
2	1	4.701 1	93.950 1
3	2	4.334 1 4.611 0.799	93.249 1
2	1	4.179 1	93.41 1
2	1	4.349 1	93.877 1
2	1	4.1093 1	93.713 1
4	3	4.997 1 4.244 0.771 4.877 0.812	93.426 1
2	1	4.756 1	93.691 1
2	1	4.520 1	93.704 1
2	1	4.1145 1	93.929 1
2	1	4.556 1	93.345 1
2	1	4.925 1	93.412 1
2	1	4.1056 1	93.656 1
2	1	4.751 1	93.696 1
2	1	4.859 1	93.298 1
2	1	4.965 1	93.848 1
2	1	4.1066 1	93.826 1
2	1	4.403 1	93.292 1
2	1	4.49 1	93.435 1
2	1	4.998 1	93.251 1
2	1	4.1209 1	93.407 1
2	1	4.50 1	93.434 1
2	1	4.359 1	93.471 1
2	1	4.554 1	93.343 1
2	1	4.150 1	93.490 1
2	1	4.450 1	93.951 1
2	1	4.658 1	93.503 1
2	1	4.774 1	93.572 1
2	1	4.1013 1	93.854 1
2	1	4.42 1	93.442 1
2	1	4.1143 1	93.927 1
2	1	4.178 1	93.42 1
2	1	4.683 1	93.14 1
2	1	4.942 1	93.199 1
2	1	4.1100 1	93.510 1
2	1	4.873 1	93.634 1
2	1	4.320 1	93.638 1
2	1	4.69 1	93.488 1
2	1	4.727 1	93.622 1
2	1	4.1152 1	93.936 1
2	1	4.1108 1	93.528 1
2	1	4.541 1	93.129 1
2	1	4.691 1	93.553 1
2	1	4.703 1	93.270 1
2	1	4.896 1	93.900 1
2	1	4.870 1	93.630 1
2	1	4.1091 1	93.715 1
5	4	4.1021 0.915 4.1112 0.915 4.212 0.872 4.493 1	93.448 1
2	1	4.1132 1	93.907 1
2	1	4.40 1	93.444 1
2	1	4.960 1	93.537 1
3	2	4.1169 0.188 4.124 1	93.869 1
2	1	4.978 1	93.805 1
2	1	4.748 1	93.698 1
2	1	4.767 1	93.49 1
2	1	4.1034 1	93.664 1
2	1	4.276 1	93.265 1
2	1	4.1084 1	93.722 1
2	1	4.465 1	93.699 1
2	1	4.463 1	93.117 1
2	1	4.1183 1	93.778 1
2	1	4.983 1	93.395 1
2	1	4.707 1	93.149 1
2	1	4.126 1	93.386 1
2	1	4.823 1	93.834 1
4	3	4.31 1	93.468 1 93.431 0.931 93.518 0.848
3	2	4.1163 1	93.956 1 93.955 0.678
2	1	4.442 1	93.946 1
2	1	4.700 1	93.839 1
2	1	4.1045 1	93.813 1
2	1	4.1061 1	93.832 1
2	1	4.207 1	93.106 1
2	1	4.1010 1	93.857 1
2	1	4.1138 1	93.290 1
2	1	4.578 1	93.768 1
2	1	4.759 1	93.11 1
2	1	4.901 1	93.384 1
2	1	4.909 1	93.22 1
2	1	4.1123 1	93.348 1
2	1	4.159 1	93.455 1
2	1	4.223 1	93.999 1
2	1	4.251 1	93.668 1
2	1	4.949 1	93.119 1
3	2	4.1015 1	93.453 0.098 93.629 1
2	1	4.299 1	93.346 1
2	1	4.519 1	93.702 1
2	1	4.1151 1	93.937 1
3	2	4.231 1 4.1068 0.799	93.364 1
2	1	4.303 1	93.252 1
2	1	4.427 1	93.679 1
2	1	4.688 1	93.548 1
2	1	4.1070 1	93.737 1
2	1	4.407 1	93.326 1
2	1	4.43 1	93.441 1
2	1	4.910 1	93.221 1
2	1	4.44 1	93.440 1
2	1	4.125 1	93.157 1
2	1	4.884 1	93.114 1
2	1	4.887 1	93.111 1
2	1	4.1081 1	93.793 1
2	1	4.1187 1	93.59 1
2	1	4.1097 1	93.250 1
2	1	4.411 1	93.479 1
2	1	4.872 1	93.633 1
2	1	4.436 1	93.603 1
2	1	4.86 1	93.890 1
2	1	4.1049 1	93.533 1
3	2	4.517 1 4.651 0.104	93.361 1
2	1	4.772 1	93.997 1
2	1	4.105 1	93.274 1
2	1	4.716 1	93.156 1
2	1	4.197 1	93.207 1
2	1	4.533 1	93.77 1
2	1	4.855 1	93.981 1
2	1	4.540 1	93.130 1
2	1	4.994 1	93.960 1
2	1	4.176 1	93.160 1
2	1	4.336 1	93.521 1
2	1	4.351 1	93.324 1
2	1	4.144 1	93.391 1
2	1	4.717 1	93.155 1
2	1	4.879 1	93.159 1
2	1	4.88 1	93.636 1
2	1	4.963 1	93.850 1
2	1	4.1104 1	93.591 1
2	1	4.288 1	93.851 1
2	1	4.715 1	93.313 1
2	1	4.206 1	93.127 1
2	1	4.201 1	93.123 1
2	1	4.639 1	93.422 1
2	1	4.770 1	93.577 1
2	1	4.162 1	93.823 1
2	1	4.163 1	93.233 1
2	1	4.821 1	93.836 1
2	1	4.53 1	93.1000 1
2	1	4.1117 1	93.52 1
2	1	4.462 1	93.118 1
2	1	4.586 1	93.257 1
2	1	4.41 1	93.35 1
3	2	4.219 1 4.577 0.255	93.988 1
2	1	4.632 1	93.152 1
2	1	4.85 1	93.19 1
