Size	Relations	OrthoA	OrthoB
2	1	29.48 1	67.127 1
2	1	29.47 1	67.126 1
2	1	29.344 1	67.757 1
2	1	29.158 1	67.147 1
2	1	29.77 1	67.1052 1
2	1	29.440 1	67.1064 1
2	1	29.845 1	67.230 1
2	1	29.384 1	67.438 1
2	1	29.364 1	67.631 1
2	1	29.710 1	67.267 1
2	1	29.146 1	67.144 1
2	1	29.587 1	67.1032 1
2	1	29.669 1	67.782 1
2	1	29.556 1	67.543 1
2	1	29.557 1	67.541 1
2	1	29.871 1	67.417 1
2	1	29.319 1	67.890 1
2	1	29.141 1	67.146 1
2	1	29.282 1	67.861 1
2	1	29.559 1	67.277 1
2	1	29.4 1	67.4 1
3	2	29.769 1 29.892 0.197	67.226 1
2	1	29.3 1	67.3 1
2	1	29.820 1	67.457 1
2	1	29.424 1	67.514 1
2	1	29.795 1	67.903 1
2	1	29.868 1	67.422 1
2	1	29.110 1	67.139 1
2	1	29.854 1	67.926 1
2	1	29.992 1	67.902 1
2	1	29.989 1	67.637 1
2	1	29.766 1	67.278 1
2	1	29.566 1	67.568 1
2	1	29.166 1	67.1096 1
2	1	29.108 1	67.137 1
2	1	29.927 1	67.190 1
2	1	29.202 1	67.315 1
2	1	29.952 1	67.833 1
2	1	29.13 1	67.13 1
2	1	29.923 1	67.202 1
2	1	29.656 1	67.284 1
2	1	29.589 1	67.522 1
2	1	29.16 1	67.194 1
2	1	29.812 1	67.166 1
2	1	29.184 1	67.1086 1
2	1	29.21 1	67.18 1
2	1	29.316 1	67.252 1
2	1	29.78 1	67.1051 1
2	1	29.154 1	67.1103 1
2	1	29.1005 1	67.296 1
2	1	29.347 1	67.744 1
2	1	29.324 1	67.298 1
2	1	29.366 1	67.814 1
2	1	29.491 1	67.531 1
2	1	29.913 1	67.263 1
2	1	29.961 1	67.237 1
2	1	29.655 1	67.290 1
2	1	29.1012 1	67.968 1
2	1	29.234 1	67.1006 1
2	1	29.745 1	67.823 1
2	1	29.1001 1	67.1113 1
2	1	29.290 1	67.244 1
2	1	29.268 1	67.969 1
2	1	29.853 1	67.925 1
2	1	29.349 1	67.742 1
3	2	29.98 1	67.287 1 67.626 0.782
2	1	29.252 1	67.181 1
2	1	29.438 1	67.1066 1
2	1	29.201 1	67.313 1
2	1	29.879 1	67.1037 1
2	1	29.43 1	67.444 1
2	1	29.606 1	67.407 1
2	1	29.310 1	67.356 1
2	1	29.199 1	67.826 1
2	1	29.964 1	67.234 1
2	1	29.181 1	67.1089 1
2	1	29.165 1	67.1097 1
3	2	29.1002 1	67.1114 1 67.1117 0.769
2	1	29.295 1	67.660 1
2	1	29.337 1	67.381 1
2	1	29.968 1	67.697 1
4	3	29.646 1	67.378 0.074 67.390 0.329 67.729 1
2	1	29.145 1	67.896 1
2	1	29.411 1	67.791 1
3	2	29.802 1 29.885 0.857	67.876 1
2	1	29.641 1	67.317 1
2	1	29.430 1	67.339 1
2	1	29.920 1	67.205 1
2	1	29.287 1	67.387 1
2	1	29.284 1	67.859 1
2	1	29.277 1	67.1115 1
2	1	29.293 1	67.662 1
2	1	29.129 1	67.220 1
2	1	29.245 1	67.184 1
2	1	29.292 1	67.663 1
2	1	29.186 1	67.1099 1
2	1	29.996 1	67.1107 1
2	1	29.650 1	67.684 1
2	1	29.179 1	67.1091 1
2	1	29.125 1	67.850 1
2	1	29.673 1	67.802 1
2	1	29.405 1	67.425 1
2	1	29.185 1	67.1100 1
2	1	29.365 1	67.391 1
2	1	29.117 1	67.163 1
2	1	29.621 1	67.242 1
3	2	29.582 1	67.1044 1 67.950 0.688
2	1	29.218 1	67.1022 1
2	1	29.35 1	67.1073 1
2	1	29.168 1	67.849 1
2	1	29.506 1	67.366 1
2	1	29.96 1	67.286 1
2	1	29.811 1	67.883 1
2	1	29.270 1	67.485 1
2	1	29.390 1	67.652 1
2	1	29.388 1	67.439 1
2	1	29.788 1	67.309 1
2	1	29.356 1	67.506 1
2	1	29.680 1	67.809 1
4	3	29.880 1	67.1040 1 67.1046 0.306 67.1047 0.155
2	1	29.490 1	67.530 1
2	1	29.921 1	67.204 1
2	1	29.412 1	67.790 1
2	1	29.899 1	67.955 1
2	1	29.329 1	67.328 1
3	2	29.647 1	67.546 1 67.691 0.687
2	1	29.163 1	67.898 1
2	1	29.167 1	67.31 1
3	2	29.990 1 29.844 0.906	67.1085 1
2	1	29.87 1	67.225 1
2	1	29.917 1	67.207 1
2	1	29.372 1	67.771 1
2	1	29.18 1	67.15 1
2	1	29.791 1	67.973 1
2	1	29.5 1	67.5 1
2	1	29.858 1	67.777 1
2	1	29.20 1	67.17 1
2	1	29.375 1	67.768 1
2	1	29.387 1	67.167 1
2	1	29.140 1	67.1102 1
2	1	29.210 1	67.26 1
2	1	29.203 1	67.995 1
2	1	29.248 1	67.177 1
2	1	29.583 1	67.1043 1
2	1	29.285 1	67.858 1
2	1	29.797 1	67.940 1
2	1	29.406 1	67.544 1
2	1	29.131 1	67.222 1
2	1	29.823 1	67.454 1
5	4	29.93 1	67.922 1 67.44 0.826 67.101 0.782 67.608 0.840
2	1	29.657 1	67.282 1
2	1	29.7 1	67.7 1
3	2	29.872 1	67.1034 1 67.641 0.881
2	1	29.240 1	67.999 1
2	1	29.348 1	67.743 1
2	1	29.1008 1	67.1119 1
2	1	29.383 1	67.437 1
2	1	29.328 1	67.415 1
2	1	29.681 1	67.810 1
2	1	29.870 1	67.418 1
2	1	29.121 1	67.855 1
2	1	29.294 1	67.661 1
2	1	29.1004 1	67.295 1
2	1	29.345 1	67.746 1
2	1	29.661 1	67.330 1
2	1	29.864 1	67.863 1
2	1	29.509 1	67.952 1
2	1	29.563 1	67.734 1
2	1	29.1006 1	67.297 1
2	1	29.204 1	67.994 1
2	1	29.335 1	67.368 1
2	1	29.552 1	67.1082 1
2	1	29.311 1	67.357 1
2	1	29.954 1	67.835 1
2	1	29.303 1	67.508 1
2	1	29.940 1	67.39 1
2	1	29.903 1	67.960 1
2	1	29.498 1	67.587 1
2	1	29.616 1	67.478 1
2	1	29.1 1	67.1 1
2	1	29.182 1	67.1088 1
2	1	29.342 1	67.759 1
2	1	29.352 1	67.739 1
2	1	29.571 1	67.762 1
2	1	29.177 1	67.1093 1
2	1	29.427 1	67.578 1
2	1	29.800 1	67.246 1
2	1	29.205 1	67.993 1
2	1	29.215 1	67.1025 1
2	1	29.1009 1	67.1121 1
2	1	29.757 1	67.548 1
2	1	29.727 1	67.200 1
2	1	29.973 1	67.172 1
2	1	29.123 1	67.853 1
2	1	29.144 1	67.153 1
2	1	29.799 1	67.945 1
2	1	29.675 1	67.804 1
2	1	29.409 1	67.793 1
2	1	29.410 1	67.792 1
2	1	29.575 1	67.582 1
2	1	29.323 1	67.885 1
2	1	29.90 1	67.970 1
2	1	29.956 1	67.837 1
2	1	29.305 1	67.509 1
2	1	29.808 1	67.880 1
2	1	29.221 1	67.1019 1
2	1	29.743 1	67.725 1
2	1	29.85 1	67.179 1
2	1	29.333 1	67.154 1
3	2	29.251 1 29.712 0.737	67.176 1
2	1	29.343 1	67.758 1
2	1	29.608 1	67.496 1
2	1	29.151 1	67.250 1
2	1	29.259 1	67.399 1
2	1	29.593 1	67.555 1
2	1	29.667 1	67.780 1
2	1	29.178 1	67.1092 1
2	1	29.142 1	67.151 1
2	1	29.159 1	67.148 1
2	1	29.380 1	67.347 1
2	1	29.605 1	67.408 1
2	1	29.103 1	67.130 1
2	1	29.572 1	67.584 1
2	1	29.660 1	67.331 1
2	1	29.291 1	67.664 1
3	2	29.793 1 29.567 0.737	67.382 1
2	1	29.722 1	67.344 1
2	1	29.875 1	67.345 1
2	1	29.232 1	67.1008 1
2	1	29.76 1	67.1053 1
2	1	29.109 1	67.138 1
3	2	29.494 1 29.837 0.671	67.574 1
2	1	29.242 1	67.1004 1
2	1	29.697 1	67.233 1
2	1	29.747 1	67.821 1
2	1	29.867 1	67.423 1
2	1	29.508 1	67.953 1
2	1	29.114 1	67.119 1
2	1	29.216 1	67.1024 1
3	2	29.338 1 29.194 0.784	67.335 1
2	1	29.9 1	67.9 1
3	2	29.721 1	67.651 1 67.447 0.837
2	1	29.792 1	67.974 1
2	1	29.991 1	67.901 1
2	1	29.1003 1	67.294 1
2	1	29.419 1	67.891 1
2	1	29.622 1	67.241 1
2	1	29.19 1	67.871 1
2	1	29.756 1	67.549 1
2	1	29.92 1	67.265 1
2	1	29.230 1	67.1010 1
2	1	29.14 1	67.14 1
2	1	29.222 1	67.1018 1
2	1	29.701 1	67.403 1
2	1	29.715 1	67.427 1
2	1	29.45 1	67.446 1
2	1	29.75 1	67.1054 1
2	1	29.227 1	67.1013 1
2	1	29.417 1	67.429 1
2	1	29.810 1	67.882 1
2	1	29.130 1	67.221 1
2	1	29.289 1	67.847 1
2	1	29.2 1	67.2 1
2	1	29.522 1	67.586 1
3	2	29.714 1 29.804 0.778	67.428 1
5	6	29.148 1 29.312 0.695	67.1095 0.119 67.243 1 67.561 0.701
2	1	29.262 1	67.385 1
2	1	29.596 1	67.710 1
2	1	29.728 1	67.199 1
2	1	29.631 1	67.754 1
4	4	29.906 1 29.826 0.900	67.374 0.103 67.962 1
5	6	29.840 1 29.874 0.680	67.639 1 67.667 0.786 67.844 0.710
2	1	29.147 1	67.155 1
2	1	29.378 1	67.343 1
2	1	29.33 1	67.1074 1
2	1	29.969 1	67.30 1
2	1	29.1007 1	67.1118 1
2	1	29.374 1	67.769 1
2	1	29.413 1	67.789 1
2	1	29.620 1	67.472 1
2	1	29.432 1	67.563 1
3	2	29.807 1	67.879 1 67.259 0.814
2	1	29.431 1	67.562 1
2	1	29.332 1	67.643 1
2	1	29.340 1	67.761 1
2	1	29.399 1	67.505 1
2	1	29.22 1	67.19 1
2	1	29.764 1	67.281 1
2	1	29.941 1	67.38 1
2	1	29.809 1	67.881 1
2	1	29.172 1	67.36 1
2	1	29.225 1	67.1015 1
2	1	29.239 1	67.1000 1
2	1	29.320 1	67.888 1
2	1	29.863 1	67.862 1
2	1	29.960 1	67.238 1
2	1	29.499 1	67.118 1
2	1	29.263 1	67.386 1
2	1	29.394 1	67.575 1
2	1	29.322 1	67.886 1
2	1	29.350 1	67.741 1
2	1	29.439 1	67.1065 1
4	3	29.540 0.283 29.652 1 29.827 0.748	67.1049 1
2	1	29.965 1	67.984 1
2	1	29.994 1	67.1105 1
2	1	29.334 1	67.329 1
5	6	29.623 1 29.693 0.989 29.815 0.239	67.703 0.068 67.89 1
2	1	29.919 1	67.206 1
2	1	29.327 1	67.414 1
2	1	29.341 1	67.760 1
2	1	29.798 1	67.941 1
2	1	29.976 1	67.728 1
2	1	29.11 1	67.11 1
2	1	29.120 1	67.720 1
2	1	29.235 1	67.1005 1
3	2	29.280 1	67.186 0.369 67.188 1
2	1	29.907 1	67.963 1
2	1	29.138 1	67.129 1
2	1	29.536 1	67.673 1
2	1	29.925 1	67.197 1
2	1	29.12 1	67.12 1
3	2	29.850 1 29.112 0.934	67.212 1
2	1	29.851 1	67.923 1
2	1	29.133 1	67.597 1
2	1	29.665 1	67.778 1
2	1	29.339 1	67.336 1
2	1	29.134 1	67.595 1
2	1	29.187 1	67.1101 1
2	1	29.229 1	67.1011 1
2	1	29.238 1	67.1001 1
2	1	29.309 1	67.355 1
2	1	29.425 1	67.516 1
2	1	29.487 1	67.76 1
2	1	29.493 1	67.606 1
2	1	29.645 1	67.299 1
2	1	29.44 1	67.445 1
2	1	29.376 1	67.341 1
2	1	29.970 1	67.29 1
2	1	29.241 1	67.998 1
2	1	29.489 1	67.525 1
2	1	29.188 1	67.323 1
2	1	29.558 1	67.571 1
3	2	29.975 1 29.916 0.773	67.727 1
2	1	29.104 1	67.133 1
2	1	29.126 1	67.214 1
2	1	29.321 1	67.887 1
2	1	29.422 1	67.319 1
2	1	29.685 1	67.270 1
2	1	29.516 1	67.1056 1
2	1	29.842 1	67.310 1
2	1	29.169 1	67.32 1
2	1	29.972 1	67.174 1
2	1	29.176 1	67.1094 1
2	1	29.590 1	67.519 1
2	1	29.100 1	67.564 1
2	1	29.601 1	67.450 1
2	1	29.220 1	67.1020 1
2	1	29.636 1	67.830 1
2	1	29.118 1	67.164 1
2	1	29.966 1	67.985 1
2	1	29.664 1	67.774 1
2	1	29.759 1	67.470 1
2	1	29.206 1	67.992 1
2	1	29.219 1	67.1021 1
2	1	29.162 1	67.899 1
2	1	29.726 1	67.253 1
2	1	29.935 1	67.601 1
2	1	29.981 1	67.108 1
2	1	29.955 1	67.836 1
2	1	29.331 1	67.815 1
2	1	29.852 1	67.924 1
2	1	29.269 1	67.484 1
2	1	29.363 1	67.327 1
2	1	29.937 1	67.602 1
2	1	29.924 1	67.201 1
2	1	29.260 1	67.400 1
2	1	29.31 1	67.1076 1
2	1	29.628 1	67.751 1
2	1	29.428 1	67.678 1
2	1	29.625 1	67.636 1
3	2	29.80 1	67.321 1 67.322 0.884
2	1	29.995 1	67.1106 1
2	1	29.8 1	67.8 1
2	1	29.175 1	67.451 1
2	1	29.233 1	67.1007 1
2	1	29.724 1	67.255 1
2	1	29.643 1	67.301 1
2	1	29.739 1	67.216 1
2	1	29.24 1	67.22 1
2	1	29.249 1	67.178 1
3	2	29.256 1 29.729 0.138	67.972 1
2	1	29.286 1	67.857 1
2	1	29.231 1	67.1009 1
2	1	29.257 1	67.396 1
2	1	29.755 1	67.929 1
2	1	29.962 1	67.236 1
2	1	29.243 1	67.182 1
2	1	29.330 1	67.816 1
2	1	29.42 1	67.443 1
2	1	29.674 1	67.803 1
2	1	29.901 1	67.957 1
2	1	29.959 1	67.845 1
2	1	29.980 1	67.109 1
2	1	29.209 1	67.25 1
2	1	29.306 1	67.817 1
2	1	29.377 1	67.342 1
2	1	29.361 1	67.325 1
2	1	29.539 1	67.1031 1
2	1	29.160 1	67.149 1
2	1	29.214 1	67.1026 1
2	1	29.953 1	67.834 1
2	1	29.958 1	67.839 1
2	1	29.36 1	67.1072 1
2	1	29.617 1	67.977 1
2	1	29.794 1	67.917 1
2	1	29.351 1	67.740 1
2	1	29.586 1	67.280 1
2	1	29.900 1	67.956 1
3	2	29.102 1 29.737 0.880	67.293 1
2	1	29.200 1	67.975 1
2	1	29.801 1	67.245 1
2	1	29.856 1	67.928 1
2	1	29.869 1	67.419 1
2	1	29.504 1	67.655 1
2	1	29.398 1	67.500 1
2	1	29.914 1	67.262 1
2	1	29.106 1	67.135 1
2	1	29.198 1	67.827 1
2	1	29.346 1	67.745 1
2	1	29.814 1	67.258 1
3	2	29.977 1	67.442 1 67.723 0.508
2	1	29.224 1	67.1016 1
2	1	29.30 1	67.1081 1
2	1	29.627 1	67.750 1
2	1	29.971 1	67.143 1
2	1	29.217 1	67.1023 1
2	1	29.226 1	67.1014 1
3	2	29.640 1 29.648 0.203	67.921 1
2	1	29.974 1	67.726 1
2	1	29.228 1	67.1012 1
2	1	29.629 1	67.752 1
2	1	29.718 1	67.426 1
2	1	29.116 1	67.162 1
2	1	29.25 1	67.23 1
2	1	29.317 1	67.198 1
2	1	29.746 1	67.824 1
2	1	29.10 1	67.10 1
2	1	29.101 1	67.292 1
2	1	29.212 1	67.384 1
2	1	29.397 1	67.499 1
2	1	29.26 1	67.24 1
2	1	29.283 1	67.860 1
2	1	29.416 1	67.709 1
2	1	29.562 1	67.733 1
2	1	29.666 1	67.779 1
2	1	29.730 1	67.700 1
2	1	29.806 1	67.878 1
2	1	29.236 1	67.1003 1
2	1	29.615 1	67.479 1
3	2	29.754 1 29.462 0.851	67.358 1
2	1	29.957 1	67.838 1
2	1	29.492 1	67.569 1
2	1	29.161 1	67.900 1
2	1	29.247 1	67.185 1
2	1	29.676 1	67.805 1
2	1	29.373 1	67.770 1
2	1	29.725 1	67.254 1
2	1	29.849 1	67.213 1
2	1	29.908 1	67.964 1
2	1	29.183 1	67.1087 1
2	1	29.677 1	67.807 1
2	1	29.614 1	67.486 1
2	1	29.760 1	67.590 1
2	1	29.934 1	67.600 1
2	1	29.137 1	67.593 1
2	1	29.180 1	67.1090 1
2	1	29.368 1	67.1035 1
2	1	29.752 1	67.360 1
2	1	29.107 1	67.136 1
3	2	29.127 1 29.325 0.075	67.338 1
2	1	29.753 1	67.359 1
2	1	29.95 1	67.285 1
2	1	29.23 1	67.20 1
2	1	29.244 1	67.183 1
2	1	29.38 1	67.1070 1
2	1	29.136 1	67.596 1
2	1	29.149 1	67.158 1
2	1	29.41 1	67.1068 1
2	1	29.668 1	67.781 1
2	1	29.883 1	67.799 1
2	1	29.624 1	67.458 1
2	1	29.139 1	67.828 1
2	1	29.40 1	67.1069 1
2	1	29.400 1	67.388 1
2	1	29.644 1	67.300 1
2	1	29.1010 1	67.1122 1
2	1	29.822 1	67.455 1
2	1	29.507 1	67.365 1
2	1	29.591 1	67.518 1
2	1	29.602 1	67.449 1
2	1	29.824 1	67.756 1
2	1	29.909 1	67.965 1
2	1	29.382 1	67.405 1
2	1	29.610 1	67.495 1
2	1	29.663 1	67.772 1
2	1	29.135 1	67.594 1
2	1	29.258 1	67.398 1
2	1	29.395 1	67.893 1
3	2	29.549 1	67.763 1 67.34 0.904
2	1	29.6 1	67.6 1
2	1	29.821 1	67.456 1
2	1	29.223 1	67.1017 1
2	1	29.904 1	67.961 1
2	1	29.678 1	67.808 1
2	1	29.744 1	67.822 1
2	1	29.237 1	67.1002 1
2	1	29.749 1	67.349 1
2	1	29.105 1	67.134 1
2	1	29.122 1	67.854 1
2	1	29.37 1	67.1071 1
2	1	29.576 1	67.580 1
3	2	29.626 1	67.375 1 67.702 0.199
2	1	29.307 1	67.353 1
2	1	29.407 1	67.794 1
2	1	29.805 1	67.873 1
3	2	29.866 1 29.711 0.843	67.312 1
2	1	29.17 1	67.195 1
2	1	29.192 1	67.692 1
2	1	29.29 1	67.240 1
2	1	29.855 1	67.927 1
2	1	29.1011 1	67.1123 1
2	1	29.124 1	67.851 1
2	1	29.362 1	67.326 1
2	1	29.381 1	67.348 1
2	1	29.497 1	67.346 1
2	1	29.619 1	67.476 1
2	1	29.751 1	67.364 1
2	1	29.803 1	67.877 1
2	1	29.389 1	67.552 1
2	1	29.502 1	67.646 1
2	1	29.709 1	67.493 1
5	4	29.420 1	67.52 1 67.53 0.054 67.56 0.057 67.796 0.157
2	1	29.401 1	67.1042 1
2	1	29.588 1	67.545 1
2	1	29.592 1	67.517 1
2	1	29.89 1	67.239 1
2	1	29.702 1	67.401 1
2	1	29.171 1	67.35 1
2	1	29.594 1	67.554 1
5	4	29.699 1	67.141 0.057 67.248 0.057 67.276 1 67.686 0.324
2	1	29.713 1	67.523 1
8	7	29.512 1	67.352 0.838 67.370 0.788 67.704 0.184 67.75 0.165 67.846 0.417 67.874 0.929 67.991 1
2	1	29.670 1	67.783 1
2	1	29.672 1	67.801 1
3	2	29.768 1	67.489 1 67.492 0.889
2	1	29.94 1	67.289 1
2	1	29.308 1	67.354 1
2	1	29.638 1	67.628 1
5	6	29.513 1 29.687 0.275 29.716 0.507	67.192 1 67.196 0.479
2	1	29.922 1	67.203 1
2	1	29.278 1	67.460 1
3	2	29.950 1	67.785 0.125 67.786 1
2	1	29.500 1	67.589 1
2	1	29.553 1	67.1083 1
2	1	29.396 1	67.498 1
2	1	29.997 0.850	67.1111 0.850
3	2	29.732 0.903	67.96 0.903 67.681 0.903
2	1	29.386 0.864	67.350 0.864
2	1	29.315 0.905	67.642 0.905
2	1	29.113 0.882	67.526 0.882
2	1	29.111 0.789	67.140 0.789
