Size	Relations	OrthoA	OrthoB
2	1	29.47 1	65.73 1
2	1	29.48 1	65.74 1
2	1	29.344 1	65.516 1
2	1	29.158 1	65.256 1
2	1	29.16 1	65.657 1
2	1	29.892 1	65.2097 1
2	1	29.384 1	65.573 1
2	1	29.964 1	65.2214 1
2	1	29.977 1	65.2259 1
2	1	29.364 1	65.542 1
2	1	29.992 1	65.2282 1
2	1	29.77 1	65.77 1
2	1	29.146 1	65.244 1
2	1	29.460 1	65.578 1
2	1	29.282 1	65.427 1
2	1	29.845 1	65.2031 1
2	1	29.587 1	65.797 1
2	1	29.669 1	65.1407 1
2	1	29.202 1	65.338 1
2	1	29.556 1	65.1191 1
2	1	29.589 1	65.794 1
2	1	29.4 1	65.4 1
2	1	29.596 1	65.784 1
2	1	29.131 1	65.175 1
2	1	29.141 1	65.238 1
2	1	29.871 1	65.2077 1
2	1	29.319 1	65.476 1
2	1	29.3 1	65.3 1
2	1	29.710 1	65.1497 1
2	1	29.591 1	65.792 1
2	1	29.197 1	65.333 1
2	1	29.812 1	65.1922 1
2	1	29.13 1	65.13 1
2	1	29.820 1	65.1951 1
2	1	29.961 1	65.2211 1
2	1	29.424 1	65.711 1
2	1	29.284 1	65.429 1
2	1	29.923 1	65.2174 1
2	1	29.166 1	65.266 1
2	1	29.406 1	65.623 1
2	1	29.201 1	65.337 1
2	1	29.245 1	65.384 1
2	1	29.287 1	65.434 1
2	1	29.682 1	65.1420 1
2	1	29.927 1	65.2178 1
2	1	29.680 1	65.1418 1
2	1	29.989 1	65.2276 1
2	1	29.324 1	65.481 1
2	1	29.413 1	65.696 1
2	1	29.117 1	65.160 1
3	2	29.566 1	65.1047 1 65.629 0.819
2	1	29.487 1	65.1144 1
2	1	29.952 1	65.2201 1
2	1	29.316 1	65.459 1
2	1	29.108 1	65.153 1
2	1	29.557 1	65.1195 1
2	1	29.715 1	65.1562 1
2	1	29.184 1	65.286 1
2	1	29.110 1	65.155 1
2	1	29.455 1	65.577 1
2	1	29.419 1	65.702 1
3	2	29.802 1 29.885 0.834	65.1911 1
2	1	29.21 1	65.18 1
2	1	29.655 1	65.1392 1
2	1	29.572 1	65.1028 1
2	1	29.43 1	65.47 1
2	1	29.766 1	65.1879 1
2	1	29.865 1	65.2069 1
2	1	29.7 1	65.7 1
2	1	29.727 1	65.1569 1
2	1	29.656 1	65.1393 1
2	1	29.491 1	65.1259 1
2	1	29.290 1	65.437 1
2	1	29.234 1	65.372 1
2	1	29.154 1	65.251 1
2	1	29.268 1	65.410 1
2	1	29.1 1	65.1 1
2	1	29.349 1	65.521 1
2	1	29.337 1	65.507 1
2	1	29.347 1	65.519 1
2	1	29.359 1	65.532 1
2	1	29.193 1	65.326 1
2	1	29.348 1	65.520 1
2	1	29.641 1	65.1636 1
2	1	29.795 1	65.1890 1
2	1	29.913 1	65.2165 1
2	1	29.1012 1	65.2307 1
2	1	29.917 1	65.2169 1
2	1	29.305 1	65.451 1
2	1	29.90 1	65.85 1
2	1	29.310 1	65.455 1
2	1	29.78 1	65.78 1
2	1	29.185 1	65.287 1
3	2	29.295 1 29.583 0.750	65.442 1
2	1	29.366 1	65.547 1
2	1	29.973 1	65.2223 1
2	1	29.210 1	65.347 1
2	1	29.621 1	65.1610 1
2	1	29.978 1	65.2260 1
2	1	29.252 1	65.392 1
2	1	29.333 1	65.503 1
2	1	29.646 1	65.1823 1
2	1	29.165 1	65.265 1
2	1	29.31 1	65.34 1
2	1	29.44 1	65.48 1
2	1	29.920 1	65.2171 1
3	2	29.312 1	65.2098 1 65.1801 0.629
2	1	29.533 1	65.1065 1
2	1	29.823 1	65.1954 1
2	1	29.921 1	65.2172 1
2	1	29.412 1	65.695 1
2	1	29.301 1	65.448 1
2	1	29.879 1	65.2094 1
2	1	29.673 1	65.1411 1
2	1	29.798 1	65.1895 1
2	1	29.1002 1	65.2291 1
2	1	29.606 1	65.734 1
2	1	29.968 1	65.2217 1
2	1	29.292 1	65.439 1
2	1	29.335 1	65.506 1
2	1	29.145 1	65.243 1
2	1	29.186 1	65.288 1
2	1	29.383 1	65.572 1
2	1	29.620 1	65.1609 1
2	1	29.191 1	65.324 1
2	1	29.430 1	65.717 1
2	1	29.924 1	65.2175 1
2	1	29.996 1	65.2286 1
2	1	29.1009 1	65.2304 1
2	1	29.199 1	65.335 1
2	1	29.674 1	65.1412 1
2	1	29.388 1	65.589 1
2	1	29.356 1	65.527 1
2	1	29.129 1	65.173 1
2	1	29.868 1	65.2073 1
2	1	29.293 1	65.440 1
2	1	29.125 1	65.170 1
2	1	29.192 1	65.325 1
2	1	29.405 1	65.622 1
2	1	29.5 1	65.5 1
2	1	29.963 1	65.2213 1
2	1	29.375 1	65.560 1
2	1	29.899 1	65.2132 1
3	2	29.1001 1 29.386 1	65.588 1
2	1	29.791 1	65.1887 1
2	1	29.905 1	65.2142 1
2	1	29.490 1	65.1260 1
2	1	29.915 1	65.2167 1
2	1	29.179 1	65.280 1
2	1	29.811 1	65.1921 1
2	1	29.2 1	65.2 1
2	1	29.880 1	65.2096 1
2	1	29.958 1	65.2208 1
2	1	29.294 1	65.441 1
2	1	29.296 1	65.443 1
2	1	29.997 1	65.2287 1
2	1	29.369 1	65.554 1
2	1	29.148 1	65.246 1
2	1	29.327 1	65.485 1
2	1	29.42 1	65.46 1
2	1	29.1008 1	65.2293 1
2	1	29.797 1	65.1893 1
2	1	29.240 1	65.377 1
2	1	29.325 1	65.482 1
2	1	29.575 1	65.1025 1
2	1	29.167 1	65.267 1
2	1	29.870 1	65.2076 1
2	1	29.218 1	65.356 1
2	1	29.411 1	65.694 1
2	1	29.425 1	65.712 1
2	1	29.343 1	65.515 1
2	1	29.121 1	65.166 1
2	1	29.571 1	65.1029 1
2	1	29.954 1	65.2203 1
2	1	29.390 1	65.612 1
2	1	29.140 1	65.217 1
2	1	29.163 1	65.262 1
2	1	29.788 1	65.1880 1
2	1	29.661 1	65.1398 1
2	1	29.969 1	65.2218 1
2	1	29.876 1	65.2086 1
2	1	29.372 1	65.557 1
2	1	29.681 1	65.1419 1
2	1	29.182 1	65.284 1
2	1	29.18 1	65.15 1
2	1	29.657 1	65.1394 1
2	1	29.205 1	65.341 1
2	1	29.360 1	65.533 1
2	1	29.328 1	65.486 1
2	1	29.539 1	65.1886 1
2	1	29.903 1	65.2140 1
2	1	29.864 1	65.2068 1
2	1	29.37 1	65.41 1
3	2	29.990 1 29.844 0.906	65.2280 1
2	1	29.194 1	65.327 1
2	1	29.563 1	65.1231 1
2	1	29.45 1	65.49 1
2	1	29.809 1	65.1919 1
2	1	29.341 1	65.513 1
2	1	29.867 1	65.2072 1
2	1	29.504 1	65.1074 1
2	1	29.142 1	65.239 1
2	1	29.159 1	65.257 1
2	1	29.410 1	65.692 1
2	1	29.204 1	65.340 1
2	1	29.195 1	65.1588 1
2	1	29.962 1	65.2212 1
2	1	29.474 1	65.582 1
2	1	29.134 1	65.209 1
2	1	29.323 1	65.480 1
2	1	29.618 1	65.1607 1
2	1	29.249 1	65.387 1
2	1	29.248 1	65.386 1
2	1	29.311 1	65.456 1
2	1	29.666 1	65.1404 1
2	1	29.12 1	65.12 1
2	1	29.203 1	65.339 1
2	1	29.289 1	65.436 1
2	1	29.345 1	65.517 1
2	1	29.427 1	65.714 1
2	1	29.342 1	65.514 1
2	1	29.177 1	65.278 1
2	1	29.626 1	65.1626 1
2	1	29.872 1	65.2078 1
2	1	29.291 1	65.438 1
2	1	29.416 1	65.1883 1
2	1	29.283 1	65.428 1
2	1	29.161 1	65.259 1
2	1	29.144 1	65.242 1
2	1	29.303 1	65.450 1
2	1	29.374 1	65.559 1
2	1	29.616 1	65.1604 1
2	1	29.910 1	65.2030 1
2	1	29.32 1	65.35 1
2	1	29.660 1	65.1397 1
2	1	29.956 1	65.2205 1
2	1	29.130 1	65.174 1
2	1	29.991 1	65.2281 1
2	1	29.147 1	65.245 1
2	1	29.792 1	65.1888 1
2	1	29.810 1	65.1920 1
2	1	29.14 1	65.14 1
3	2	29.697 1	65.1115 1 65.1122 1
2	1	29.22 1	65.19 1
2	1	29.726 1	65.1568 1
2	1	29.432 1	65.1380 1
2	1	29.907 1	65.2144 1
2	1	29.957 1	65.2207 1
2	1	29.288 1	65.435 1
2	1	29.352 1	65.524 1
2	1	29.608 1	65.752 1
2	1	29.940 1	65.2185 1
2	1	29.338 1	65.510 1
2	1	29.20 1	65.17 1
2	1	29.1007 1	65.2292 1
2	1	29.104 1	65.149 1
2	1	29.36 1	65.40 1
2	1	29.151 1	65.248 1
2	1	29.178 1	65.279 1
3	2	29.168 1 29.365 0.145	65.269 1
3	2	29.906 1 29.826 0.900	65.2143 1
2	1	29.242 1	65.379 1
2	1	29.109 1	65.154 1
2	1	29.262 1	65.406 1
3	2	29.714 1 29.804 0.783	65.1561 1
2	1	29.833 1	65.1571 1
2	1	29.123 1	65.168 1
2	1	29.808 1	65.1918 1
2	1	29.509 1	65.1089 1
2	1	29.190 1	65.323 1
2	1	29.536 1	65.1830 1
2	1	29.135 1	65.210 1
2	1	29.675 1	65.1413 1
2	1	29.181 1	65.282 1
2	1	29.667 1	65.1405 1
2	1	29.162 1	65.260 1
2	1	29.215 1	65.352 1
4	3	29.623 0.987 29.693 1 29.815 0.114	65.1580 1
2	1	29.243 1	65.382 1
2	1	29.103 1	65.147 1
2	1	29.722 1	65.1564 1
2	1	29.395 1	65.613 1
2	1	29.100 1	65.108 1
2	1	29.558 1	65.1196 1
2	1	29.277 1	65.421 1
2	1	29.522 1	65.1107 1
2	1	29.387 1	65.1582 1
2	1	29.814 1	65.1924 1
2	1	29.518 1	65.1101 1
2	1	29.550 1	65.1024 1
2	1	29.799 1	65.1896 1
2	1	29.35 1	65.38 1
2	1	29.919 1	65.2170 1
2	1	29.939 1	65.2182 1
2	1	29.378 1	65.563 1
2	1	29.728 1	65.1570 1
2	1	29.188 1	65.290 1
2	1	29.431 1	65.1381 1
2	1	29.850 1	65.2035 1
2	1	29.259 1	65.401 1
2	1	29.9 1	65.9 1
2	1	29.221 1	65.359 1
2	1	29.685 1	65.1492 1
2	1	29.126 1	65.171 1
2	1	29.172 1	65.273 1
2	1	29.622 1	65.1611 1
2	1	29.684 1	65.1127 1
2	1	29.938 1	65.2180 1
2	1	29.749 1	65.1825 1
2	1	29.330 1	65.494 1
2	1	29.842 1	65.2015 1
2	1	29.340 1	65.512 1
2	1	29.380 1	65.566 1
2	1	29.565 1	65.1234 1
2	1	29.112 1	65.157 1
2	1	29.33 1	65.36 1
2	1	29.555 1	65.1190 1
2	1	29.988 1	65.2271 1
2	1	29.686 1	65.1493 1
2	1	29.508 1	65.1088 1
2	1	29.721 1	65.1126 1
2	1	29.143 1	65.241 1
2	1	29.863 1	65.2067 1
2	1	29.801 1	65.1910 1
2	1	29.350 1	65.522 1
2	1	29.417 1	65.698 1
2	1	29.376 1	65.561 1
2	1	29.27 1	65.26 1
2	1	29.409 1	65.690 1
2	1	29.169 1	65.270 1
3	2	29.379 1	65.564 1 65.628 0.811
2	1	29.970 1	65.2219 1
2	1	29.960 1	65.2210 1
2	1	29.235 1	65.373 1
2	1	29.11 1	65.11 1
2	1	29.601 1	65.777 1
2	1	29.92 1	65.101 1
2	1	29.994 1	65.2284 1
2	1	29.119 1	65.162 1
2	1	29.230 1	65.368 1
2	1	29.358 1	65.530 1
3	2	29.874 1 29.840 0.813	65.2083 1
2	1	29.605 1	65.735 1
2	1	29.322 1	65.479 1
2	1	29.807 1	65.1917 1
2	1	29.955 1	65.2204 1
2	1	29.320 1	65.477 1
2	1	29.625 1	65.1625 1
2	1	29.579 1	65.873 1
2	1	29.286 1	65.432 1
2	1	29.635 1	65.1631 1
2	1	29.730 1	65.1799 1
2	1	29.10 1	65.10 1
2	1	29.174 1	65.275 1
2	1	29.664 1	65.1401 1
2	1	29.302 1	65.449 1
2	1	29.332 1	65.496 1
2	1	29.76 1	65.76 1
2	1	29.227 1	65.365 1
2	1	29.615 1	65.1603 1
2	1	29.128 1	65.172 1
2	1	29.206 1	65.343 1
2	1	29.285 1	65.430 1
2	1	29.645 1	65.1655 1
2	1	29.232 1	65.370 1
2	1	29.329 1	65.487 1
2	1	29.399 1	65.617 1
2	1	29.176 1	65.277 1
2	1	29.297 1	65.444 1
2	1	29.489 1	65.1261 1
2	1	29.211 1	65.348 1
2	1	29.308 1	65.453 1
2	1	29.127 1	65.215 1
2	1	29.222 1	65.360 1
2	1	29.321 1	65.478 1
2	1	29.753 1	65.1828 1
3	2	29.251 1 29.712 0.739	65.627 1
2	1	29.339 1	65.511 1
2	1	29.914 1	65.2166 1
2	1	29.761 1	65.1848 1
2	1	29.351 1	65.523 1
2	1	29.764 1	65.1852 1
2	1	29.309 1	65.454 1
2	1	29.397 1	65.615 1
2	1	29.976 1	65.1385 1
2	1	29.981 1	65.2263 1
2	1	29.173 1	65.274 1
2	1	29.665 1	65.1403 1
2	1	29.75 1	65.75 1
2	1	29.966 1	65.2216 1
2	1	29.160 1	65.258 1
2	1	29.398 1	65.616 1
2	1	29.40 1	65.44 1
2	1	29.422 1	65.705 1
2	1	29.609 1	65.731 1
2	1	29.900 1	65.2133 1
2	1	29.617 1	65.1606 1
2	1	29.640 1	65.1635 1
2	1	29.941 1	65.2186 1
2	1	29.551 1	65.2050 1
2	1	29.573 1	65.1027 1
2	1	29.993 1	65.2283 1
2	1	29.263 1	65.407 1
2	1	29.668 1	65.1406 1
2	1	29.925 1	65.2176 1
2	1	29.676 1	65.1414 1
2	1	29.317 1	65.461 1
2	1	29.481 1	65.1897 1
2	1	29.759 1	65.1846 1
2	1	29.598 1	65.781 1
2	1	29.904 1	65.2141 1
2	1	29.17 1	65.658 1
2	1	29.628 1	65.1629 1
2	1	29.750 1	65.1229 1
2	1	29.794 1	65.1889 1
2	1	29.88 1	65.2183 1
2	1	29.965 1	65.2215 1
2	1	29.972 1	65.2221 1
2	1	29.377 1	65.562 1
2	1	29.334 1	65.504 1
2	1	29.786 1	65.1578 1
2	1	29.869 1	65.2075 1
2	1	29.41 1	65.45 1
2	1	29.187 1	65.289 1
2	1	29.239 1	65.376 1
2	1	29.107 1	65.152 1
2	1	29.225 1	65.363 1
2	1	29.315 1	65.458 1
2	1	29.908 1	65.2145 1
2	1	29.229 1	65.367 1
2	1	29.113 1	65.158 1
2	1	29.256 1	65.1402 1
2	1	29.521 1	65.1106 1
2	1	29.254 1	65.394 1
2	1	29.610 1	65.1587 1
2	1	29.255 1	65.395 1
2	1	29.729 1	65.1796 1
2	1	29.118 1	65.161 1
2	1	29.241 1	65.378 1
2	1	29.8 1	65.8 1
2	1	29.91 1	65.99 1
2	1	29.426 1	65.713 1
2	1	29.588 1	65.796 1
2	1	29.331 1	65.495 1
2	1	29.381 1	65.570 1
2	1	29.552 1	65.608 1
2	1	29.554 1	65.1189 1
2	1	29.124 1	65.169 1
2	1	29.718 1	65.1563 1
2	1	29.758 1	65.1845 1
2	1	29.85 1	65.83 1
2	1	29.267 1	65.409 1
2	1	29.763 1	65.1850 1
2	1	29.875 1	65.2085 1
2	1	29.149 1	65.247 1
2	1	29.238 1	65.375 1
2	1	29.220 1	65.358 1
2	1	29.523 1	65.1108 1
2	1	29.577 1	65.875 1
2	1	29.23 1	65.20 1
2	1	29.24 1	65.21 1
2	1	29.643 1	65.1653 1
2	1	29.120 1	65.163 1
2	1	29.724 1	65.1566 1
4	3	29.434 0.052 29.854 0.064 29.86 1	65.1949 1
2	1	29.995 1	65.2285 1
2	1	29.29 1	65.32 1
2	1	29.373 1	65.558 1
2	1	29.300 1	65.447 1
2	1	29.629 1	65.1630 1
2	1	29.806 1	65.1916 1
2	1	29.902 1	65.2139 1
2	1	29.671 1	65.1409 1
2	1	29.731 1	65.1800 1
2	1	29.25 1	65.22 1
2	1	29.396 1	65.614 1
2	1	29.368 1	65.549 1
2	1	29.200 1	65.336 1
2	1	29.244 1	65.383 1
2	1	29.751 1	65.1826 1
2	1	29.208 1	65.345 1
2	1	29.180 1	65.281 1
2	1	29.231 1	65.369 1
2	1	29.260 1	65.402 1
2	1	29.590 1	65.793 1
2	1	29.214 1	65.351 1
2	1	29.357 1	65.528 1
2	1	29.678 1	65.1416 1
2	1	29.974 1	65.1382 1
2	1	29.223 1	65.361 1
2	1	29.959 1	65.2209 1
2	1	29.298 1	65.445 1
2	1	29.503 1	65.1073 1
2	1	29.597 1	65.783 1
2	1	29.971 1	65.2220 1
2	1	29.506 1	65.1086 1
2	1	29.493 1	65.328 1
2	1	29.497 1	65.1060 1
2	1	29.6 1	65.6 1
2	1	29.212 1	65.349 1
2	1	29.226 1	65.364 1
2	1	29.138 1	65.213 1
2	1	29.209 1	65.346 1
2	1	29.859 1	65.2062 1
2	1	29.602 1	65.776 1
2	1	29.250 1	65.389 1
2	1	29.402 1	65.1798 1
2	1	29.586 1	65.798 1
2	1	29.198 1	65.334 1
2	1	29.569 1	65.1046 1
2	1	29.901 1	65.2134 1
2	1	29.953 1	65.2202 1
2	1	29.219 1	65.357 1
2	1	29.659 1	65.1396 1
2	1	29.713 1	65.1560 1
3	2	29.473 0.633 29.527 1	65.581 1
2	1	29.637 1	65.1633 1
2	1	29.363 1	65.538 1
2	1	29.948 1	65.2194 1
2	1	29.217 1	65.355 1
2	1	29.757 1	65.1843 1
2	1	29.157 1	65.255 1
2	1	29.361 1	65.536 1
2	1	29.496 1	65.1059 1
2	1	29.562 1	65.1230 1
2	1	29.679 1	65.1417 1
2	1	29.233 1	65.371 1
2	1	29.501 1	65.1071 1
2	1	29.873 1	65.2080 1
5	6	29.513 0.432 29.687 0.234 29.716 1	65.1494 0.084 65.1884 1
2	1	29.824 1	65.1955 1
2	1	29.670 1	65.1408 1
2	1	29.80 1	65.79 1
2	1	29.980 1	65.2262 1
15	14	29.488 1	65.1099 0.073 65.1212 0.676 65.130 1 65.1490 0.148 65.1876 0.116 65.2005 0.101 65.206 0.146 65.30 0.674 65.680 0.145 65.722 0.186 65.723 0.088 65.729 0.171 65.804 0.146 65.833 0.481
2	1	29.564 1	65.1232 1
2	1	29.382 1	65.571 1
3	2	29.696 1	65.1114 0.597 65.1121 1
2	1	29.30 1	65.33 1
2	1	29.38 1	65.42 1
3	2	29.102 1 29.737 0.795	65.146 1
2	1	29.247 1	65.385 1
2	1	29.299 1	65.446 1
2	1	29.224 1	65.362 1
2	1	29.576 1	65.876 1
2	1	29.355 1	65.526 1
2	1	29.603 1	65.772 1
2	1	29.253 1	65.393 1
2	1	29.257 1	65.398 1
2	1	29.101 1	65.109 1
2	1	29.137 1	65.212 1
2	1	29.270 1	65.1368 1
2	1	29.1010 1	65.2305 1
2	1	29.307 1	65.452 1
2	1	29.507 1	65.1087 1
2	1	29.196 1	65.332 1
2	1	29.420 1	65.1395 1
2	1	29.998 1	65.2288 1
2	1	29.106 1	65.151 1
2	1	29.26 1	65.23 1
2	1	29.723 1	65.1565 1
2	1	29.213 1	65.350 1
2	1	29.683 1	65.1422 1
2	1	29.346 1	65.518 1
2	1	29.421 1	65.704 1
2	1	29.898 1	65.2104 1
2	1	29.216 1	65.354 1
2	1	29.760 1	65.1847 1
2	1	29.822 1	65.1953 1
2	1	29.800 1	65.1908 1
3	2	29.866 1 29.711 0.768	65.2071 1
2	1	29.133 1	65.179 1
2	1	29.362 1	65.537 1
2	1	29.116 1	65.159 1
2	1	29.428 1	65.715 1
2	1	29.492 1	65.1242 1
2	1	29.624 1	65.1624 1
2	1	29.122 1	65.167 1
2	1	29.367 1	65.548 1
2	1	29.236 1	65.374 1
2	1	29.896 1	65.2258 1
2	1	29.500 1	65.1064 1
2	1	29.502 1	65.1072 1
4	3	29.433 0.094 29.599 0.563 29.600 1	65.780 1
2	1	29.847 1	65.2033 1
2	1	29.849 1	65.2034 1
2	1	29.111 1	65.156 1
2	1	29.949 1	65.2195 1
2	1	29.951 1	65.2200 1
2	1	29.139 1	65.216 1
2	1	29.183 1	65.285 1
2	1	29.34 1	65.37 1
2	1	29.418 1	65.699 1
2	1	29.653 1	65.1391 1
2	1	29.725 1	65.1567 1
2	1	29.584 1	65.686 1
2	1	29.99 1	65.107 1
2	1	29.228 1	65.366 1
2	1	29.520 1	65.1104 1
2	1	29.647 1	65.1906 1
2	1	29.803 1	65.1913 1
2	1	29.805 1	65.1915 1
2	1	29.258 1	65.400 1
2	1	29.592 1	65.791 1
2	1	29.663 1	65.1400 1
2	1	29.922 1	65.2173 1
2	1	29.861 1	65.491 1
2	1	29.975 1	65.1383 1
2	1	29.570 1	65.1031 1
2	1	29.677 1	65.1415 1
2	1	29.105 1	65.150 1
2	1	29.762 1	65.1849 1
2	1	29.619 1	65.1608 1
2	1	29.189 1	65.322 1
2	1	29.614 1	65.1602 1
2	1	29.136 1	65.211 1
2	1	29.739 1	65.499 1
2	1	29.207 1	65.344 1
2	1	29.644 1	65.1654 1
2	1	29.164 1	65.263 1
2	1	29.171 1	65.272 1
2	1	29.604 1	65.773 1
2	1	29.407 1	65.689 1
3	2	29.754 1 29.462 0.851	65.1829 1
2	1	29.466 1	65.583 1
2	1	29.593 1	65.790 1
2	1	29.672 1	65.1410 1
2	1	29.155 1	65.252 1
2	1	29.505 1	65.502 1
2	1	29.841 1	65.2014 1
2	1	29.84 1	65.81 1
2	1	29.326 1	65.484 1
2	1	29.909 1	65.2146 1
2	1	29.389 1	65.611 1
2	1	29.789 1	65.1881 1
2	1	29.796 1	65.1892 1
2	1	29.96 1	65.1713 1
2	1	29.498 1	65.1063 1
2	1	29.732 1	65.1805 1
2	1	29.574 1	65.1026 1
2	1	29.947 1	65.2009 1
2	1	29.950 1	65.2199 1
2	1	29.549 1	65.1188 1
2	1	29.83 1	65.80 1
2	1	29.813 1	65.1923 1
2	1	29.594 1	65.789 1
2	1	29.627 1	65.1628 1
2	1	29.1011 1	65.2306 1
2	1	29.423 1	65.710 1
2	1	29.897 1	65.2101 1
2	1	29.580 1	65.872 1
2	1	29.662 1	65.1399 1
2	1	29.400 1	65.618 1
3	2	29.512 1	65.2192 1 65.610 0.050
3	2	29.642 1	65.2377 1 65.2384 0.984
2	1	29.39 1	65.43 1
2	1	29.708 1	65.1577 1
2	1	29.414 1	65.697 1
2	1	29.835 1	65.381 1
2	1	29.246 1	65.498 1
2	1	29.156 1	65.253 1
2	1	29.170 1	65.271 1
2	1	29.839 1	65.1387 1
2	1	29.354 1	65.525 1
2	1	29.132 1	65.176 1
2	1	29.548 1	65.1186 1
2	1	29.578 1	65.874 1
2	1	29.639 1	65.1634 1
2	1	29.931 1	65.1659 1
4	3	29.15 1	65.1496 0.082 65.1885 0.064 65.656 1
2	1	29.821 1	65.1952 1
2	1	29.926 1	65.2177 1
2	1	29.429 1	65.640 1
2	1	29.461 1	65.579 1
2	1	29.846 1	65.2362 1
