Size	Relations	OrthoA	OrthoB
2	1	29.48 1	69.40 1
2	1	29.47 1	69.39 1
2	1	29.344 1	69.422 1
2	1	29.158 1	69.632 1
2	1	29.77 1	69.638 1
2	1	29.440 1	69.571 1
2	1	29.736 1	69.282 1
2	1	29.596 1	69.185 1
2	1	29.845 1	69.130 1
2	1	29.146 1	69.634 1
2	1	29.710 1	69.164 1
2	1	29.384 1	69.321 1
2	1	29.669 1	69.436 1
2	1	29.587 1	69.626 1
2	1	29.557 1	69.339 1
2	1	29.364 1	69.375 1
2	1	29.556 1	69.340 1
3	2	29.769 1 29.892 0.181	69.391 1
2	1	29.559 1	69.179 1
2	1	29.282 1	69.227 1
2	1	29.141 1	69.633 1
2	1	29.4 1	69.4 1
2	1	29.871 1	69.307 1
2	1	29.868 1	69.310 1
2	1	29.3 1	69.3 1
2	1	29.166 1	69.673 1
2	1	29.319 1	69.203 1
2	1	29.927 1	69.95 1
2	1	29.766 1	69.526 1
2	1	29.820 1	69.397 1
2	1	29.931 1	69.127 1
2	1	29.13 1	69.13 1
2	1	29.108 1	69.52 1
2	1	29.110 1	69.54 1
2	1	29.21 1	69.18 1
2	1	29.992 1	69.541 1
2	1	29.78 1	69.637 1
2	1	29.316 1	69.139 1
2	1	29.656 1	69.510 1
2	1	29.202 1	69.487 1
2	1	29.812 1	69.565 1
2	1	29.184 1	69.145 1
2	1	29.989 1	69.377 1
2	1	29.43 1	69.667 1
2	1	29.491 1	69.384 1
2	1	29.923 1	69.583 1
2	1	29.566 1	69.148 1
2	1	29.347 1	69.409 1
2	1	29.154 1	69.680 1
2	1	29.795 1	69.542 1
2	1	29.290 1	69.106 1
2	1	29.913 1	69.161 1
4	4	29.1001 1 29.997 0.791	69.687 0.720 69.689 1
2	1	29.324 1	69.322 1
2	1	29.234 1	69.605 1
2	1	29.589 1	69.392 1
2	1	29.349 1	69.407 1
2	1	29.199 1	69.244 1
2	1	29.655 1	69.508 1
2	1	29.165 1	69.676 1
2	1	29.310 1	69.455 1
2	1	29.438 1	69.573 1
2	1	29.968 1	69.45 1
2	1	29.411 1	69.530 1
2	1	29.366 1	69.247 1
2	1	29.252 1	69.88 1
3	2	29.802 1 29.885 0.834	69.221 1
2	1	29.181 1	69.660 1
2	1	29.145 1	69.181 1
2	1	29.337 1	69.273 1
2	1	29.606 1	69.301 1
2	1	29.295 1	69.103 1
2	1	29.739 1	69.189 1
3	2	29.646 1	69.281 1 69.519 0.086
2	1	29.305 1	69.258 1
4	4	29.365 1 29.168 0.800	69.286 1 69.641 0.813
5	6	29.1002 1 29.386 0.744 29.996 0.707	69.688 0.879 69.690 1
2	1	29.186 1	69.43 1
2	1	29.125 1	69.235 1
2	1	29.201 1	69.488 1
2	1	29.185 1	69.42 1
2	1	29.388 1	69.226 1
2	1	29.287 1	69.278 1
2	1	29.583 1	69.120 1
2	1	29.96 1	69.169 1
2	1	29.129 1	69.116 1
2	1	29.293 1	69.101 1
2	1	29.405 1	69.312 1
2	1	29.284 1	69.229 1
2	1	29.117 1	69.69 1
2	1	29.179 1	69.661 1
2	1	29.920 1	69.580 1
2	1	29.650 1	69.297 1
2	1	29.218 1	69.621 1
2	1	29.86 1	69.154 1
2	1	29.292 1	69.100 1
3	2	29.990 1 29.844 0.906	69.656 1
2	1	29.35 1	69.651 1
2	1	29.412 1	69.529 1
2	1	29.424 1	69.330 1
2	1	29.245 1	69.91 1
2	1	29.506 1	69.270 1
2	1	29.899 1	69.549 1
2	1	29.356 1	69.328 1
2	1	29.387 1	69.472 1
2	1	29.641 1	69.486 1
2	1	29.880 1	69.628 1
2	1	29.582 1	69.121 1
2	1	29.5 1	69.5 1
2	1	29.375 1	69.449 1
2	1	29.930 1	69.126 1
2	1	29.163 1	69.537 1
2	1	29.858 1	69.590 1
4	3	29.16 1	69.151 1 69.386 0.057 69.591 0.123
2	1	29.791 1	69.105 1
2	1	29.18 1	69.15 1
2	1	29.917 1	69.563 1
2	1	29.490 1	69.385 1
2	1	29.140 1	69.679 1
2	1	29.248 1	69.85 1
2	1	29.788 1	69.494 1
2	1	29.372 1	69.429 1
2	1	29.203 1	69.596 1
2	1	29.303 1	69.257 1
2	1	29.673 1	69.439 1
2	1	29.131 1	69.118 1
2	1	29.680 1	69.445 1
2	1	29.823 1	69.400 1
2	1	29.210 1	69.24 1
2	1	29.797 1	69.544 1
2	1	29.285 1	69.230 1
2	1	29.20 1	69.17 1
2	1	29.240 1	69.598 1
2	1	29.921 1	69.581 1
2	1	29.681 1	69.446 1
2	1	29.1008 1	69.692 1
2	1	29.383 1	69.320 1
2	1	29.657 1	69.512 1
2	1	29.7 1	69.7 1
2	1	29.167 1	69.27 1
2	1	29.204 1	69.595 1
2	1	29.121 1	69.232 1
2	1	29.409 1	69.532 1
2	1	29.195 1	69.291 1
2	1	29.294 1	69.102 1
2	1	29.940 1	69.34 1
2	1	29.738 1	69.188 1
2	1	29.410 1	69.531 1
2	1	29.144 1	69.60 1
2	1	29.509 1	69.129 1
2	1	29.1005 1	69.642 1
2	1	29.903 1	69.553 1
2	1	29.311 1	69.454 1
2	1	29.335 1	69.271 1
2	1	29.647 1	69.342 1
2	1	29.1004 1	69.643 1
2	1	29.870 1	69.308 1
2	1	29.571 1	69.223 1
2	1	29.954 1	69.241 1
2	1	29.406 1	69.341 1
2	1	29.182 1	69.659 1
2	1	29.427 1	69.361 1
2	1	29.85 1	69.152 1
2	1	29.743 1	69.162 1
2	1	29.864 1	69.224 1
2	1	29.221 1	69.618 1
2	1	29.345 1	69.414 1
2	1	29.661 1	69.478 1
3	2	29.840 1 29.874 0.615	69.183 1
2	1	29.151 1	69.136 1
2	1	29.205 1	69.594 1
2	1	29.215 1	69.624 1
2	1	29.757 1	69.344 1
2	1	29.800 1	69.135 1
2	1	29.799 1	69.546 1
2	1	29.818 1	69.144 1
2	1	29.142 1	69.58 1
2	1	29.701 1	69.172 1
2	1	29.413 1	69.528 1
2	1	29.667 1	69.434 1
3	2	29.251 1 29.712 0.727	69.84 1
2	1	29.675 1	69.441 1
2	1	29.242 1	69.603 1
2	1	29.660 1	69.477 1
2	1	29.563 1	69.404 1
2	1	29.697 1	69.147 1
2	1	29.605 1	69.302 1
2	1	29.380 1	69.462 1
2	1	29.867 1	69.311 1
2	1	29.103 1	69.46 1
2	1	29.296 1	69.250 1
2	1	29.177 1	69.663 1
2	1	29.259 1	69.294 1
2	1	29.575 1	69.364 1
2	1	29.147 1	69.62 1
2	1	29.593 1	69.351 1
2	1	29.722 1	69.464 1
2	1	29.727 1	69.585 1
3	2	29.567 0.119 29.793 1	69.208 1
2	1	29.977 1	69.143 1
2	1	29.45 1	69.665 1
2	1	29.498 1	69.366 1
2	1	29.230 1	69.609 1
2	1	29.417 1	69.317 1
2	1	29.159 1	69.631 1
2	1	29.216 1	69.623 1
2	1	29.178 1	69.662 1
2	1	29.222 1	69.617 1
2	1	29.616 1	69.333 1
2	1	29.76 1	69.639 1
2	1	29.348 1	69.408 1
2	1	29.75 1	69.640 1
2	1	29.2 1	69.2 1
2	1	29.227 1	69.612 1
3	2	29.698 1 29.703 0.351	69.170 1
2	1	29.232 1	69.607 1
2	1	29.756 1	69.345 1
2	1	29.301 1	69.255 1
3	2	29.714 1 29.804 0.621	69.316 1
2	1	29.508 1	69.128 1
2	1	29.130 1	69.117 1
2	1	29.123 1	69.234 1
2	1	29.622 1	69.133 1
2	1	29.22 1	69.19 1
2	1	29.728 1	69.98 1
2	1	29.291 1	69.99 1
2	1	29.715 1	69.315 1
3	2	29.338 1 29.194 0.824	69.474 1
2	1	29.378 1	69.466 1
2	1	29.109 1	69.53 1
3	2	29.93 1 29.98 0.839	69.516 1
2	1	29.1 1	69.1 1
2	1	29.792 1	69.104 1
2	1	29.969 1	69.26 1
2	1	29.333 1	69.59 1
2	1	29.421 1	69.337 1
2	1	29.631 1	69.418 1
3	2	29.765 0.334 29.929 1	69.125 1
2	1	29.1009 1	69.693 1
2	1	29.44 1	69.666 1
2	1	29.374 1	69.427 1
2	1	29.431 1	69.353 1
2	1	29.706 1	69.74 1
3	2	29.27 0.152 29.28 1	69.156 1
2	1	29.289 1	69.237 1
2	1	29.808 1	69.213 1
2	1	29.9 1	69.9 1
2	1	29.172 1	69.31 1
2	1	29.810 1	69.210 1
2	1	29.92 1	69.163 1
2	1	29.991 1	69.540 1
2	1	29.33 1	69.652 1
2	1	29.322 1	69.207 1
2	1	29.225 1	69.614 1
2	1	29.399 1	69.327 1
2	1	29.376 1	69.468 1
2	1	29.863 1	69.225 1
2	1	29.994 1	69.682 1
2	1	29.239 1	69.599 1
2	1	29.965 1	69.586 1
3	2	29.148 1	69.123 0.378 69.124 1
2	1	29.664 1	69.431 1
2	1	29.332 1	69.378 1
2	1	29.973 1	69.78 1
2	1	29.262 1	69.276 1
2	1	29.11 1	69.11 1
2	1	29.645 1	69.497 1
2	1	29.1007 1	69.691 1
2	1	29.235 1	69.604 1
2	1	29.320 1	69.205 1
2	1	29.188 1	69.483 1
2	1	29.241 1	69.597 1
2	1	29.425 1	69.332 1
2	1	29.764 1	69.41 1
2	1	29.925 1	69.96 1
2	1	29.379 1	69.465 1
3	2	29.419 1	69.202 0.228 69.32 1
2	1	29.100 1	69.503 1
2	1	29.104 1	69.48 1
2	1	29.941 1	69.33 1
2	1	29.702 1	69.171 1
4	4	29.906 1 29.826 0.900	69.555 0.590 69.556 1
2	1	29.280 1	69.567 1
2	1	29.327 1	69.305 1
2	1	29.422 1	69.484 1
2	1	29.972 1	69.80 1
2	1	29.229 1	69.610 1
2	1	29.321 1	69.206 1
2	1	29.919 1	69.564 1
2	1	29.976 1	69.684 1
2	1	29.807 1	69.214 1
2	1	29.439 1	69.572 1
2	1	29.350 1	69.406 1
2	1	29.590 1	69.393 1
2	1	29.685 1	69.176 1
2	1	29.966 1	69.587 1
2	1	29.176 1	69.664 1
2	1	29.238 1	69.600 1
4	3	29.42 1	69.668 0.318 69.669 0.534 69.670 1
2	1	29.759 1	69.395 1
2	1	29.187 1	69.678 1
2	1	29.263 1	69.277 1
2	1	29.12 1	69.12 1
2	1	29.219 1	69.620 1
2	1	29.220 1	69.619 1
2	1	29.878 1	69.283 1
2	1	29.907 1	69.557 1
2	1	29.377 1	69.467 1
2	1	29.302 1	69.256 1
2	1	29.339 1	69.473 1
2	1	29.665 1	69.432 1
2	1	29.809 1	69.212 1
3	2	29.102 1 29.737 0.858	69.173 1
2	1	29.558 1	69.358 1
2	1	29.750 1	69.180 1
2	1	29.138 1	69.44 1
2	1	29.260 1	69.295 1
2	1	29.363 1	69.479 1
2	1	29.432 1	69.354 1
2	1	29.755 1	69.470 1
2	1	29.80 1	69.410 1
3	2	29.1006 0.181 29.32 1	69.653 1
2	1	29.36 1	69.650 1
2	1	29.309 1	69.456 1
2	1	29.175 1	69.218 1
2	1	29.231 1	69.608 1
2	1	29.628 1	69.415 1
3	2	29.721 1	69.671 1 69.336 1
2	1	29.118 1	69.70 1
2	1	29.214 1	69.625 1
2	1	29.428 1	69.335 1
2	1	29.643 1	69.495 1
2	1	29.8 1	69.8 1
2	1	29.975 1	69.683 1
2	1	29.169 1	69.28 1
2	1	29.341 1	69.423 1
2	1	29.31 1	69.654 1
3	2	29.850 1 29.732 0.937	69.108 1
2	1	29.601 1	69.402 1
2	1	29.883 1	69.382 1
3	2	29.19 1 29.682 0.094	69.222 1
2	1	29.233 1	69.606 1
2	1	29.331 1	69.246 1
2	1	29.361 1	69.481 1
2	1	29.493 1	69.592 1
2	1	29.14 1	69.14 1
2	1	29.206 1	69.593 1
2	1	29.914 1	69.160 1
2	1	29.981 1	69.37 1
2	1	29.995 1	69.685 1
2	1	29.162 1	69.538 1
2	1	29.243 1	69.89 1
2	1	29.257 1	69.292 1
2	1	29.160 1	69.630 1
2	1	29.52 1	69.197 1
2	1	29.959 1	69.238 1
2	1	29.351 1	69.405 1
2	1	29.534 1	69.182 1
2	1	29.794 1	69.236 1
2	1	29.126 1	69.110 1
2	1	29.286 1	69.231 1
2	1	29.306 1	69.245 1
2	1	29.373 1	69.428 1
2	1	29.674 1	69.440 1
2	1	29.901 1	69.551 1
4	3	29.256 1 29.729 0.166 29.946 0.074	69.131 1
2	1	29.398 1	69.326 1
2	1	29.586 1	69.514 1
3	2	29.640 0.183 29.648 1	69.389 1
2	1	29.798 1	69.545 1
2	1	29.980 1	69.38 1
2	1	29.226 1	69.613 1
2	1	29.24 1	69.20 1
2	1	29.718 1	69.314 1
2	1	29.734 1	69.570 1
2	1	29.25 1	69.21 1
2	1	29.849 1	69.109 1
2	1	29.869 1	69.309 1
2	1	29.228 1	69.611 1
2	1	29.629 1	69.416 1
3	2	29.101 1	69.165 1 69.504 0.844
2	1	29.224 1	69.615 1
2	1	29.562 1	69.390 1
2	1	29.908 1	69.559 1
4	4	29.113 1 29.872 1	69.509 1 69.645 0.871
2	1	29.346 1	69.413 1
2	1	29.900 1	69.550 1
2	1	29.217 1	69.622 1
2	1	29.300 1	69.254 1
2	1	29.212 1	69.275 1
2	1	29.676 1	69.442 1
2	1	29.198 1	69.243 1
2	1	29.397 1	69.325 1
2	1	29.134 1	69.371 1
2	1	29.247 1	69.92 1
2	1	29.116 1	69.68 1
2	1	29.298 1	69.252 1
2	1	29.30 1	69.655 1
2	1	29.236 1	69.602 1
2	1	29.724 1	69.155 1
2	1	29.740 1	69.190 1
3	2	29.754 1 29.462 0.851	69.453 1
3	2	29.95 1	69.168 1 69.500 0.830
2	1	29.971 1	69.57 1
2	1	29.550 1	69.507 1
2	1	29.752 1	69.451 1
2	1	29.10 1	69.10 1
2	1	29.507 1	69.269 1
2	1	29.677 1	69.443 1
2	1	29.904 1	69.554 1
3	2	29.315 1	69.137 0.532 69.138 1
2	1	29.26 1	69.22 1
2	1	29.283 1	69.228 1
2	1	29.38 1	69.648 1
2	1	29.614 1	69.323 1
2	1	29.835 1	69.140 1
2	1	29.133 1	69.635 1
2	1	29.149 1	69.67 1
2	1	29.668 1	69.435 1
2	1	29.492 1	69.357 1
3	2	29.517 1 29.742 0.056	69.284 1
2	1	29.801 1	69.134 1
2	1	29.209 1	69.23 1
3	2	29.249 1 29.250 0.078	69.86 1
2	1	29.822 1	69.399 1
2	1	29.273 1	69.36 1
2	1	29.107 1	69.51 1
2	1	29.183 1	69.658 1
2	1	29.94 1	69.166 1
2	1	29.615 1	69.334 1
2	1	29.725 1	69.149 1
2	1	29.958 1	69.239 1
2	1	29.400 1	69.279 1
2	1	29.136 1	69.372 1
2	1	29.730 1	69.574 1
2	1	29.805 1	69.217 1
2	1	29.953 1	69.242 1
2	1	29.6 1	69.6 1
2	1	29.663 1	69.430 1
2	1	29.909 1	69.560 1
2	1	29.135 1	69.370 1
2	1	29.624 1	69.396 1
2	1	29.106 1	69.50 1
2	1	29.591 1	69.394 1
2	1	29.824 1	69.421 1
2	1	29.549 1	69.424 1
2	1	29.237 1	69.601 1
2	1	29.317 1	69.97 1
2	1	29.539 1	69.71 1
2	1	29.395 1	69.200 1
2	1	29.122 1	69.233 1
2	1	29.542 1	69.146 1
2	1	29.666 1	69.433 1
2	1	29.1010 1	69.694 1
2	1	29.105 1	69.49 1
2	1	29.223 1	69.616 1
2	1	29.753 1	69.452 1
2	1	29.626 1	69.437 1
2	1	29.644 1	69.496 1
2	1	29.678 1	69.444 1
2	1	29.258 1	69.293 1
2	1	29.1011 1	69.695 1
2	1	29.602 1	69.403 1
2	1	29.407 1	69.533 1
2	1	29.713 1	69.211 1
2	1	29.957 1	69.240 1
2	1	29.362 1	69.480 1
2	1	29.382 1	69.300 1
2	1	29.500 1	69.368 1
2	1	29.947 1	69.536 1
2	1	29.576 1	69.363 1
2	1	29.1003 1	69.644 1
2	1	29.821 1	69.398 1
2	1	29.565 1	69.535 1
2	1	29.336 1	69.383 1
2	1	29.627 1	69.122 1
2	1	29.768 1	69.198 1
2	1	29.594 1	69.350 1
2	1	29.803 1	69.220 1
2	1	29.857 1	69.248 1
2	1	29.161 1	69.539 1
2	1	29.389 1	69.347 1
2	1	29.638 1	69.518 1
2	1	29.749 1	69.458 1
3	2	29.89 1 29.29 0.837	69.201 1
2	1	29.281 1	69.64 1
2	1	29.637 1	69.426 1
2	1	29.751 1	69.450 1
3	2	29.950 1	69.82 0.112 69.83 1
2	1	29.672 1	69.438 1
2	1	29.137 1	69.369 1
2	1	29.171 1	69.30 1
2	1	29.244 1	69.90 1
2	1	29.381 1	69.459 1
2	1	29.974 1	69.76 1
2	1	29.112 0.816	69.313 0.816
2	1	29.111 0.867	69.55 0.867
