Size	Relations	OrthoA	OrthoB
2	1	29.48 1	66.64 1
2	1	29.47 1	66.63 1
2	1	29.344 1	66.868 1
2	1	29.158 1	66.98 1
2	1	29.77 1	66.1160 1
2	1	29.736 1	66.1088 1
2	1	29.440 1	66.166 1
2	1	29.845 1	66.233 1
2	1	29.384 1	66.515 1
2	1	29.364 1	66.703 1
2	1	29.146 1	66.93 1
2	1	29.710 1	66.315 1
2	1	29.669 1	66.894 1
2	1	29.587 1	66.1138 1
2	1	29.557 1	66.616 1
2	1	29.556 1	66.618 1
2	1	29.319 1	66.1000 1
2	1	29.141 1	66.97 1
2	1	29.559 1	66.328 1
2	1	29.871 1	66.488 1
2	1	29.282 1	66.974 1
3	2	29.769 1 29.892 0.183	66.232 1
2	1	29.3 1	66.3 1
2	1	29.4 1	66.4 1
2	1	29.424 1	66.562 1
2	1	29.868 1	66.491 1
2	1	29.820 1	66.530 1
2	1	29.989 1	66.710 1
2	1	29.108 1	66.77 1
2	1	29.927 1	66.151 1
2	1	29.566 1	66.664 1
2	1	29.952 1	66.941 1
2	1	29.110 1	66.79 1
2	1	29.766 1	66.331 1
2	1	29.13 1	66.13 1
2	1	29.166 1	66.1202 1
2	1	29.992 1	66.1014 1
2	1	29.923 1	66.162 1
2	1	29.16 1	66.174 1
2	1	29.589 1	66.579 1
2	1	29.656 1	66.343 1
2	1	29.184 1	66.1190 1
2	1	29.202 1	66.380 1
2	1	29.316 1	66.296 1
2	1	29.795 1	66.1015 1
2	1	29.21 1	66.20 1
2	1	29.78 1	66.1159 1
2	1	29.812 1	66.116 1
2	1	29.347 1	66.854 1
2	1	29.154 1	66.1209 1
2	1	29.265 1	66.212 1
2	1	29.913 1	66.303 1
2	1	29.745 1	66.919 1
2	1	29.324 1	66.355 1
2	1	29.961 1	66.247 1
3	2	29.366 1	66.930 1 66.650 0.728
2	1	29.491 1	66.591 1
2	1	29.1001 1	66.1217 1
2	1	29.234 1	66.1114 1
2	1	29.290 1	66.288 1
2	1	29.349 1	66.852 1
2	1	29.268 1	66.569 1
2	1	29.252 1	66.139 1
2	1	29.655 1	66.346 1
2	1	29.1012 1	66.570 1
2	1	29.438 1	66.168 1
2	1	29.337 1	66.443 1
2	1	29.43 1	66.128 1
2	1	29.201 1	66.377 1
2	1	29.199 1	66.934 1
2	1	29.165 1	66.1203 1
2	1	29.879 1	66.1149 1
2	1	29.181 1	66.1193 1
2	1	29.641 1	66.381 1
2	1	29.310 1	66.419 1
2	1	29.606 1	66.479 1
2	1	29.964 1	66.244 1
3	2	29.1002 1	66.1218 1 66.1219 1
2	1	29.411 1	66.904 1
3	2	29.802 1 29.885 0.837	66.981 1
2	1	29.145 1	66.1007 1
3	2	29.646 1	66.222 0.096 66.458 1
2	1	29.920 1	66.165 1
2	1	29.186 1	66.1205 1
3	2	29.412 1	66.311 0.068 66.903 1
2	1	29.430 1	66.400 1
2	1	29.583 1	66.452 1
2	1	29.621 1	66.261 1
4	4	29.996 1 29.997 0.852	66.1214 1 66.61 0.787
2	1	29.295 1	66.834 1
2	1	29.284 1	66.972 1
2	1	29.129 1	66.214 1
2	1	29.287 1	66.449 1
2	1	29.405 1	66.494 1
2	1	29.582 1	66.453 1
2	1	29.185 1	66.1206 1
2	1	29.179 1	66.1195 1
2	1	29.125 1	66.955 1
2	1	29.245 1	66.142 1
2	1	29.365 1	66.459 1
2	1	29.853 1	66.798 1
2	1	29.86 1	66.592 1
2	1	29.277 1	66.783 1
2	1	29.117 1	66.113 1
2	1	29.293 1	66.832 1
2	1	29.218 1	66.1130 1
2	1	29.168 1	66.953 1
2	1	29.329 1	66.390 1
2	1	29.390 1	66.612 1
2	1	29.811 1	66.993 1
2	1	29.506 1	66.426 1
2	1	29.35 1	66.1177 1
2	1	29.899 1	66.1034 1
2	1	29.673 1	66.908 1
2	1	29.490 1	66.590 1
2	1	29.788 1	66.366 1
2	1	29.292 1	66.831 1
2	1	29.680 1	66.915 1
2	1	29.880 1	66.1150 1
2	1	29.858 1	66.525 1
2	1	29.356 1	66.548 1
2	1	29.388 1	66.516 1
2	1	29.917 1	66.179 1
2	1	29.18 1	66.15 1
2	1	29.791 1	66.1053 1
2	1	29.163 1	66.1010 1
2	1	29.921 1	66.164 1
2	1	29.647 1	66.622 1
2	1	29.20 1	66.19 1
2	1	29.990 1	66.1186 1
2	1	29.372 1	66.886 1
2	1	29.5 1	66.5 1
2	1	29.938 1	66.1103 1
2	1	29.210 1	66.27 1
2	1	29.203 1	66.1101 1
2	1	29.387 1	66.118 1
2	1	29.87 1	66.229 1
2	1	29.131 1	66.216 1
2	1	29.240 1	66.1107 1
2	1	29.681 1	66.916 1
2	1	29.657 1	66.338 1
2	1	29.7 1	66.7 1
2	1	29.248 1	66.135 1
2	1	29.140 1	66.1208 1
2	1	29.406 1	66.620 1
2	1	29.797 1	66.1018 1
2	1	29.285 1	66.971 1
2	1	29.823 1	66.527 1
2	1	29.167 1	66.32 1
2	1	29.375 1	66.883 1
2	1	29.509 1	66.1030 1
2	1	29.383 1	66.514 1
3	2	29.872 1	66.1144 1 66.718 0.884
2	1	29.727 1	66.155 1
2	1	29.348 1	66.853 1
2	1	29.409 1	66.906 1
2	1	29.328 1	66.485 1
2	1	29.413 1	66.902 1
2	1	29.661 1	66.391 1
2	1	29.1008 1	66.1221 1
2	1	29.345 1	66.856 1
2	1	29.410 1	66.905 1
2	1	29.864 1	66.976 1
2	1	29.204 1	66.1100 1
2	1	29.870 1	66.489 1
2	1	29.940 1	66.39 1
2	1	29.121 1	66.960 1
3	2	29.844 1	66.271 1 66.281 0.968
2	1	29.977 1	66.584 1
2	1	29.563 1	66.837 1
2	1	29.939 1	66.1104 1
2	1	29.182 1	66.1192 1
2	1	29.342 1	66.870 1
2	1	29.954 1	66.943 1
2	1	29.303 1	66.551 1
2	1	29.311 1	66.420 1
3	2	29.585 1 29.436 0.716	66.450 1
2	1	29.335 1	66.428 1
2	1	29.1 1	66.1 1
2	1	29.333 1	66.106 1
4	3	29.427 1	66.673 1 66.649 0.690 66.808 0.728
2	1	29.903 1	66.1039 1
2	1	29.552 1	66.187 1
2	1	29.144 1	66.104 1
2	1	29.90 1	66.1050 1
2	1	29.323 1	66.995 1
6	8	29.93 1 29.98 0.839	66.795 1 66.763 0.839 66.51 0.898 66.775 0.898
2	1	29.956 1	66.945 1
2	1	29.1009 1	66.1223 1
2	1	29.123 1	66.958 1
2	1	29.757 1	66.624 1
2	1	29.799 1	66.1028 1
2	1	29.571 1	66.873 1
2	1	29.177 1	66.1198 1
2	1	29.572 1	66.682 1
2	1	29.616 1	66.537 1
2	1	29.205 1	66.1099 1
2	1	29.343 1	66.869 1
2	1	29.800 1	66.293 1
2	1	29.85 1	66.137 1
2	1	29.608 1	66.541 1
2	1	29.215 1	66.1133 1
2	1	29.305 1	66.552 1
2	1	29.380 1	66.411 1
2	1	29.743 1	66.501 1
2	1	29.498 1	66.685 1
2	1	29.575 1	66.680 1
3	2	29.251 1 29.712 0.744	66.134 1
3	2	29.714 1 29.804 0.741	66.497 1
2	1	29.221 1	66.1127 1
2	1	29.352 1	66.849 1
2	1	29.622 1	66.260 1
2	1	29.151 1	66.294 1
2	1	29.142 1	66.102 1
2	1	29.675 1	66.910 1
2	1	29.291 1	66.830 1
2	1	29.667 1	66.892 1
2	1	29.867 1	66.492 1
2	1	29.715 1	66.496 1
3	2	29.765 0.128 29.929 1	66.159 1
2	1	29.605 1	66.480 1
2	1	29.259 1	66.467 1
2	1	29.660 1	66.392 1
4	3	29.793 1	66.444 1 66.263 0.756 66.594 0.837
2	1	29.973 1	66.123 1
2	1	29.508 1	66.1031 1
2	1	29.178 1	66.1197 1
2	1	29.294 1	66.833 1
2	1	29.109 1	66.78 1
2	1	29.76 1	66.1161 1
2	1	29.103 1	66.68 1
3	2	29.493 1	66.195 0.278 66.204 1
2	1	29.159 1	66.99 1
2	1	29.19 1	66.979 1
2	1	29.232 1	66.1116 1
2	1	29.697 1	66.843 1
2	1	29.818 1	66.289 1
2	1	29.808 1	66.990 1
4	4	29.906 1 29.826 1	66.1041 1 66.430 0.178
2	1	29.722 1	66.408 1
2	1	29.216 1	66.1132 1
2	1	29.421 1	66.614 1
2	1	29.747 1	66.921 1
3	2	29.721 1	66.613 1 66.724 0.788
2	1	29.9 1	66.9 1
2	1	29.227 1	66.1121 1
2	1	29.593 1	66.634 1
3	2	29.338 1 29.194 0.784	66.395 1
4	4	29.148 1 29.312 0.676	66.1200 1 66.1201 0.146
2	1	29.242 1	66.1112 1
2	1	29.756 1	66.625 1
2	1	29.14 1	66.14 1
2	1	29.991 1	66.1013 1
2	1	29.618 1	66.630 1
2	1	29.792 1	66.1054 1
2	1	29.983 1	66.575 1
2	1	29.522 1	66.684 1
2	1	29.2 1	66.2 1
2	1	29.222 1	66.1126 1
2	1	29.631 1	66.865 1
2	1	29.147 1	66.107 1
2	1	29.230 1	66.1118 1
2	1	29.419 1	66.1001 1
2	1	29.75 1	66.1162 1
5	6	29.840 1 29.874 0.680	66.1004 1 66.44 0.720 66.487 0.992
2	1	29.92 1	66.313 1
2	1	29.417 1	66.499 1
2	1	29.728 1	66.154 1
2	1	29.810 1	66.992 1
2	1	29.289 1	66.949 1
2	1	29.807 1	66.989 1
2	1	29.1007 1	66.1220 1
2	1	29.378 1	66.404 1
5	4	29.701 1	66.1163 1 66.372 0.355 66.376 0.204 66.94 0.261
2	1	29.809 1	66.991 1
2	1	29.374 1	66.884 1
2	1	29.262 1	66.447 1
2	1	29.969 1	66.31 1
2	1	29.130 1	66.215 1
2	1	29.45 1	66.130 1
2	1	29.11 1	66.11 1
2	1	29.44 1	66.129 1
2	1	29.332 1	66.719 1
2	1	29.432 1	66.658 1
2	1	29.895 1	66.358 1
2	1	29.764 1	66.336 1
2	1	29.907 1	66.1042 1
8	7	29.280 1	66.1063 0.111 66.147 0.330 66.149 0.295 66.700 0.146 66.824 1 66.86 0.130 66.89 0.149
2	1	29.431 1	66.657 1
2	1	29.33 1	66.1178 1
4	4	29.975 1 29.916 0.727	66.557 1 66.560 0.358
2	1	29.960 1	66.248 1
2	1	29.536 1	66.746 1
2	1	29.399 1	66.547 1
2	1	29.320 1	66.998 1
2	1	29.172 1	66.36 1
2	1	29.22 1	66.21 1
4	3	29.100 1	66.659 1 66.275 0.682 66.350 0.829
2	1	29.499 1	66.59 1
2	1	29.322 1	66.996 1
3	2	29.439 1	66.167 1 66.460 0.840
2	1	29.558 1	66.668 1
2	1	29.863 1	66.975 1
2	1	29.941 1	66.38 1
2	1	29.225 1	66.1123 1
2	1	29.239 1	66.1108 1
2	1	29.965 1	66.1089 1
2	1	29.425 1	66.564 1
2	1	29.321 1	66.997 1
3	2	29.540 1 29.652 0.290	66.738 1
2	1	29.620 1	66.535 1
3	2	29.976 1	66.556 0.557 66.559 1
2	1	29.376 1	66.402 1
2	1	29.645 1	66.362 1
2	1	29.422 1	66.383 1
2	1	29.339 1	66.396 1
2	1	29.340 1	66.872 1
3	2	29.1006 0.096 29.32 1	66.1179 1
2	1	29.925 1	66.152 1
2	1	29.970 1	66.30 1
2	1	29.919 1	66.178 1
2	1	29.994 1	66.1212 1
2	1	29.235 1	66.1113 1
2	1	29.309 1	66.418 1
2	1	29.263 1	66.448 1
2	1	29.327 1	66.484 1
2	1	29.341 1	66.871 1
2	1	29.133 1	66.697 1
2	1	29.350 1	66.851 1
2	1	29.665 1	66.890 1
2	1	29.972 1	66.125 1
2	1	29.489 1	66.585 1
2	1	29.187 1	66.1207 1
2	1	29.229 1	66.1119 1
2	1	29.241 1	66.1106 1
2	1	29.379 1	66.405 1
2	1	29.104 1	66.73 1
2	1	29.238 1	66.1109 1
3	2	29.27 0.177 29.28 1	66.573 1
2	1	29.12 1	66.12 1
2	1	29.584 1	66.451 1
2	1	29.726 1	66.297 1
3	2	29.850 1 29.112 0.934	66.192 1
2	1	29.636 1	66.462 1
2	1	29.685 1	66.319 1
2	1	29.759 1	66.533 1
4	4	29.126 1 29.732 0.955	66.194 1 66.53 0.969
2	1	29.539 1	66.1135 1
2	1	29.664 1	66.889 1
2	1	29.267 1	66.578 1
2	1	29.794 1	66.954 1
2	1	29.134 1	66.695 1
2	1	29.162 1	66.1011 1
2	1	29.724 1	66.299 1
2	1	29.590 1	66.567 1
2	1	29.798 1	66.1019 1
2	1	29.188 1	66.384 1
2	1	29.601 1	66.522 1
2	1	29.118 1	66.114 1
2	1	29.31 1	66.1180 1
2	1	29.842 1	66.367 1
2	1	29.206 1	66.1098 1
3	2	29.138 1	66.67 1 66.274 0.750
2	1	29.878 1	66.1061 1
2	1	29.955 1	66.944 1
2	1	29.220 1	66.1128 1
2	1	29.924 1	66.161 1
2	1	29.966 1	66.1090 1
2	1	29.981 1	66.57 1
2	1	29.219 1	66.1129 1
2	1	29.363 1	66.388 1
2	1	29.377 1	66.403 1
3	2	29.256 1 29.729 0.118	66.1052 1
2	1	29.42 1	66.127 1
2	1	29.169 1	66.33 1
2	1	29.1000 1	66.454 1
2	1	29.214 1	66.1134 1
2	1	29.260 1	66.468 1
2	1	29.306 1	66.933 1
2	1	29.243 1	66.140 1
2	1	29.257 1	66.464 1
2	1	29.233 1	66.1115 1
2	1	29.36 1	66.1176 1
2	1	29.176 1	66.1199 1
2	1	29.628 1	66.862 1
3	2	29.102 1 29.737 0.880	66.354 1
3	2	29.315 1	66.295 1 66.50 0.920
2	1	29.398 1	66.545 1
2	1	29.643 1	66.364 1
2	1	29.901 1	66.1036 1
2	1	29.331 1	66.931 1
2	1	29.330 1	66.932 1
2	1	29.231 1	66.1117 1
2	1	29.428 1	66.750 1
2	1	29.617 1	66.1056 1
2	1	29.995 1	66.1213 1
2	1	29.8 1	66.8 1
2	1	29.648 1	66.272 1
2	1	29.980 1	66.58 1
2	1	29.249 1	66.136 1
2	1	29.160 1	66.100 1
2	1	29.286 1	66.970 1
2	1	29.625 1	66.96 1
2	1	29.640 1	66.1082 1
2	1	29.80 1	66.927 1
2	1	29.914 1	66.302 1
2	1	29.900 1	66.1035 1
2	1	29.959 1	66.948 1
2	1	29.674 1	66.909 1
2	1	29.755 1	66.399 1
2	1	29.209 1	66.26 1
2	1	29.361 1	66.386 1
2	1	29.24 1	66.23 1
2	1	29.175 1	66.526 1
2	1	29.346 1	66.855 1
2	1	29.224 1	66.1124 1
2	1	29.52 1	66.820 1
2	1	29.814 1	66.897 1
2	1	29.562 1	66.836 1
2	1	29.958 1	66.947 1
2	1	29.198 1	66.935 1
2	1	29.317 1	66.153 1
5	4	29.511 0.074 29.623 1 29.693 0.990 29.815 0.271	66.1094 1
2	1	29.627 1	66.861 1
2	1	29.953 1	66.942 1
2	1	29.908 1	66.1044 1
5	4	29.974 1	66.554 0.328 66.555 1 66.558 0.207 66.561 0.192
2	1	29.801 1	66.292 1
2	1	29.629 1	66.863 1
2	1	29.226 1	66.1122 1
2	1	29.971 1	66.83 1
2	1	29.200 1	66.1055 1
2	1	29.96 1	66.352 1
2	1	29.962 1	66.246 1
2	1	29.517 1	66.601 1
2	1	29.957 1	66.946 1
2	1	29.684 1	66.1136 1
2	1	29.351 1	66.850 1
2	1	29.106 1	66.75 1
2	1	29.10 1	66.10 1
2	1	29.180 1	66.1194 1
2	1	29.30 1	66.1181 1
2	1	29.217 1	66.1131 1
2	1	29.283 1	66.973 1
2	1	29.586 1	66.335 1
2	1	29.869 1	66.490 1
3	2	29.698 0.465 29.703 1	66.1188 1
2	1	29.614 1	66.539 1
2	1	29.228 1	66.1120 1
2	1	29.38 1	66.1174 1
2	1	29.709 1	66.815 1
2	1	29.806 1	66.988 1
2	1	29.161 1	66.1012 1
2	1	29.236 1	66.1111 1
5	6	29.829 0.157 29.887 1	66.432 0.073 66.434 0.069 66.437 1
2	1	29.856 1	66.799 1
2	1	29.569 1	66.255 1
2	1	29.382 1	66.477 1
2	1	29.666 1	66.891 1
2	1	29.746 1	66.920 1
2	1	29.25 1	66.24 1
2	1	29.212 1	66.446 1
2	1	29.373 1	66.885 1
2	1	29.504 1	66.609 1
2	1	29.615 1	66.538 1
3	2	29.127 1 29.325 0.066	66.398 1
2	1	29.492 1	66.665 1
2	1	29.676 1	66.911 1
2	1	29.734 1	66.1064 1
2	1	29.550 1	66.347 1
2	1	29.247 1	66.144 1
2	1	29.397 1	66.544 1
2	1	29.26 1	66.25 1
2	1	29.591 1	66.566 1
4	3	29.702 1	66.371 0.051 66.375 0.066 66.95 1
6	5	29.739 1	66.265 1 66.283 0.054 66.49 0.119 66.764 0.153 66.776 0.149
3	2	29.754 1 29.462 0.851	66.421 1
2	1	29.760 1	66.688 1
2	1	29.677 1	66.913 1
2	1	29.725 1	66.298 1
2	1	29.752 1	66.423 1
2	1	29.624 1	66.531 1
4	3	29.281 1	66.593 1 66.56 0.700 66.581 0.730
2	1	29.116 1	66.112 1
2	1	29.857 1	66.60 1
2	1	29.507 1	66.425 1
2	1	29.730 1	66.666 1
2	1	29.223 1	66.1125 1
2	1	29.668 1	66.893 1
2	1	29.183 1	66.1191 1
2	1	29.17 1	66.175 1
2	1	29.149 1	66.109 1
2	1	29.395 1	66.1003 1
2	1	29.849 1	66.193 1
3	2	29.95 1	66.353 1 66.811 0.830
2	1	29.368 1	66.1148 1
2	1	29.101 1	66.349 1
2	1	29.136 1	66.696 1
2	1	29.137 1	66.693 1
2	1	29.107 1	66.76 1
2	1	29.967 1	66.249 1
2	1	29.610 1	66.540 1
2	1	29.904 1	66.1040 1
2	1	29.23 1	66.22 1
2	1	29.626 1	66.429 1
2	1	29.690 1	66.918 1
2	1	29.644 1	66.363 1
2	1	29.822 1	66.528 1
2	1	29.602 1	66.521 1
2	1	29.139 1	66.937 1
2	1	29.124 1	66.956 1
2	1	29.135 1	66.694 1
2	1	29.824 1	66.867 1
2	1	29.909 1	66.1045 1
2	1	29.1010 1	66.1224 1
2	1	29.805 1	66.980 1
2	1	29.549 1	66.874 1
2	1	29.362 1	66.387 1
2	1	29.835 1	66.198 1
2	1	29.37 1	66.1175 1
2	1	29.400 1	66.456 1
2	1	29.821 1	66.529 1
2	1	29.237 1	66.1110 1
2	1	29.576 1	66.678 1
2	1	29.803 1	66.982 1
2	1	29.753 1	66.422 1
2	1	29.244 1	66.141 1
2	1	29.105 1	66.74 1
2	1	29.6 1	66.6 1
2	1	29.663 1	66.887 1
3	2	29.866 1 29.711 0.871	66.369 1
2	1	29.258 1	66.466 1
2	1	29.381 1	66.412 1
2	1	29.678 1	66.914 1
2	1	29.594 1	66.633 1
2	1	29.401 1	66.157 1
2	1	29.122 1	66.959 1
2	1	29.171 1	66.35 1
2	1	29.565 1	66.394 1
2	1	29.751 1	66.424 1
2	1	29.1011 1	66.1225 1
2	1	29.740 1	66.967 1
5	6	29.599 1 29.600 1 29.433 0.144	66.259 1 66.254 1
2	1	29.637 1	66.875 1
2	1	29.389 1	66.631 1
2	1	29.592 1	66.565 1
2	1	29.619 1	66.536 1
2	1	29.497 1	66.410 1
4	4	29.89 1 29.29 0.770	66.250 0.353 66.605 1
3	2	29.699 1	66.568 1 66.715 0.133
2	1	29.749 1	66.415 1
4	3	29.852 1	66.268 1 66.965 0.068 66.810 0.866
2	1	29.931 1	66.805 1
2	1	29.588 1	66.621 1
4	3	29.768 1	66.768 1 66.817 1 66.823 0.879
4	3	29.513 1 29.687 0.267 29.716 0.502	66.173 1
2	1	29.672 1	66.907 1
2	1	29.670 1	66.896 1
2	1	29.659 1	66.393 1
2	1	29.308 1	66.417 1
2	1	29.993 1	66.1211 1
2	1	29.713 1	66.580 1
2	1	29.922 1	66.163 1
2	1	29.999 1	66.455 1
2	1	29.574 1	66.681 1
5	4	29.638 1	66.542 0.101 66.765 0.308 66.777 1 66.796 0.064
2	1	29.46 1	66.1210 1
2	1	29.502 1	66.722 1
2	1	29.607 1	66.1016 1
2	1	29.111 1	66.80 1
3	2	29.950 1	66.898 1 66.899 0.084
2	1	29.567 0.745	66.267 0.745
2	1	29.553 0.880	66.186 0.880
2	1	29.386 0.814	66.1215 0.814
3	2	29.113 0.863	66.52 0.882 66.838 0.844
