Size	Relations	OrthoA	OrthoB
2	1	29.47 1	68.2302 1
2	1	29.48 1	68.2301 1
2	1	29.344 1	68.2012 1
2	1	29.158 1	68.417 1
2	1	29.16 1	68.1052 1
2	1	29.736 1	68.1785 1
2	1	29.795 1	68.1868 1
2	1	29.384 1	68.780 1
2	1	29.964 1	68.131 1
2	1	29.992 1	68.2334 1
2	1	29.892 1	68.307 1
2	1	29.364 1	68.744 1
2	1	29.282 1	68.629 1
2	1	29.146 1	68.401 1
2	1	29.77 1	68.2298 1
2	1	29.587 1	68.852 1
2	1	29.845 1	68.361 1
2	1	29.202 1	68.503 1
2	1	29.669 1	68.929 1
2	1	29.589 1	68.850 1
2	1	29.556 1	68.1494 1
2	1	29.4 1	68.4 1
2	1	29.988 1	68.2471 1
2	1	29.131 1	68.2166 1
3	2	29.487 1	68.1338 1 68.2001 0.975
2	1	29.141 1	68.2120 1
2	1	29.557 1	68.1496 1
2	1	29.596 1	68.833 1
2	1	29.3 1	68.3 1
2	1	29.710 1	68.1546 1
2	1	29.319 1	68.680 1
2	1	29.812 1	68.1921 1
2	1	29.865 1	68.339 1
2	1	29.197 1	68.491 1
2	1	29.591 1	68.848 1
2	1	29.862 1	68.342 1
2	1	29.13 1	68.13 1
2	1	29.961 1	68.201 1
2	1	29.820 1	68.1932 1
3	2	29.566 1	68.1359 1 68.1045 0.831
2	1	29.424 1	68.1233 1
2	1	29.284 1	68.631 1
2	1	29.868 1	68.336 1
2	1	29.923 1	68.99 1
2	1	29.769 1	68.302 1
2	1	29.406 1	68.1037 1
2	1	29.989 1	68.47 1
2	1	29.166 1	68.427 1
2	1	29.680 1	68.918 1
2	1	29.201 1	68.502 1
2	1	29.927 1	68.1396 1
2	1	29.287 1	68.634 1
2	1	29.879 1	68.312 1
2	1	29.245 1	68.578 1
2	1	29.324 1	68.686 1
2	1	29.117 1	68.2179 1
2	1	29.931 1	68.1847 1
2	1	29.646 1	68.1797 1
2	1	29.952 1	68.212 1
2	1	29.413 1	68.1243 1
2	1	29.316 1	68.677 1
2	1	29.108 1	68.2187 1
2	1	29.87 1	68.2232 1
2	1	29.21 1	68.30 1
2	1	29.715 1	68.1550 1
2	1	29.184 1	68.472 1
2	1	29.110 1	68.2185 1
2	1	29.43 1	68.2309 1
2	1	29.655 1	68.986 1
2	1	29.552 1	68.802 1
3	2	29.802 1 29.885 0.788	68.1907 1
2	1	29.727 1	68.1565 1
2	1	29.572 1	68.1322 1
2	1	29.766 1	68.1850 1
2	1	29.491 1	68.1188 1
2	1	29.656 1	68.985 1
2	1	29.798 1	68.1871 1
2	1	29.7 1	68.7 1
2	1	29.268 1	68.604 1
2	1	29.234 1	68.566 1
2	1	29.165 1	68.426 1
2	1	29.290 1	68.637 1
2	1	29.193 1	68.487 1
2	1	29.1 1	68.1 1
2	1	29.154 1	68.412 1
2	1	29.349 1	68.2037 1
2	1	29.347 1	68.2035 1
2	1	29.641 1	68.1009 1
2	1	29.44 1	68.2308 1
2	1	29.348 1	68.2036 1
2	1	29.337 1	68.2074 1
2	1	29.305 1	68.668 1
2	1	29.913 1	68.107 1
2	1	29.917 1	68.104 1
2	1	29.295 1	68.642 1
2	1	29.90 1	68.2231 1
2	1	29.621 1	68.1443 1
2	1	29.1012 1	68.2485 1
2	1	29.78 1	68.2297 1
2	1	29.185 1	68.473 1
2	1	29.310 1	68.673 1
2	1	29.973 1	68.121 1
2	1	29.366 1	68.746 1
2	1	29.210 1	68.537 1
2	1	29.28 1	68.141 1
2	1	29.858 1	68.351 1
2	1	29.181 1	68.469 1
2	1	29.31 1	68.150 1
2	1	29.411 1	68.1245 1
2	1	29.915 1	68.105 1
2	1	29.333 1	68.1990 1
2	1	29.887 1	68.1416 1
2	1	29.921 1	68.101 1
4	3	29.312 1	68.303 1 68.1662 0.597 68.2126 0.641
2	1	29.412 1	68.1244 1
2	1	29.920 1	68.102 1
2	1	29.673 1	68.925 1
2	1	29.880 1	68.311 1
2	1	29.1002 1	68.2478 1
2	1	29.292 1	68.639 1
2	1	29.968 1	68.128 1
2	1	29.924 1	68.98 1
2	1	29.606 1	68.1078 1
2	1	29.823 1	68.1935 1
2	1	29.1001 1	68.2477 1
2	1	29.199 1	68.493 1
3	2	29.335 1	68.1974 1 68.2075 0.507
2	1	29.383 1	68.778 1
2	1	29.620 1	68.1442 1
2	1	29.145 1	68.2124 1
2	1	29.739 1	68.1788 1
2	1	29.996 1	68.2374 1
2	1	29.674 1	68.924 1
2	1	29.356 1	68.1948 1
2	1	29.490 1	68.1187 1
2	1	29.957 1	68.207 1
2	1	29.430 1	68.1227 1
2	1	29.365 1	68.745 1
2	1	29.186 1	68.474 1
2	1	29.791 1	68.1865 1
2	1	29.296 1	68.643 1
3	2	29.899 1	68.224 1 68.251 1
2	1	29.963 1	68.132 1
2	1	29.293 1	68.640 1
2	1	29.388 1	68.801 1
2	1	29.958 1	68.206 1
2	1	29.19 1	68.24 1
2	1	29.1009 1	68.2482 1
2	1	29.125 1	68.2171 1
2	1	29.192 1	68.486 1
2	1	29.375 1	68.756 1
2	1	29.129 1	68.2168 1
2	1	29.2 1	68.2 1
2	1	29.294 1	68.641 1
2	1	29.5 1	68.5 1
2	1	29.27 1	68.140 1
2	1	29.369 1	68.750 1
2	1	29.179 1	68.467 1
2	1	29.35 1	68.154 1
2	1	29.405 1	68.1036 1
2	1	29.327 1	68.692 1
2	1	29.905 1	68.257 1
2	1	29.938 1	68.2444 1
2	1	29.797 1	68.1870 1
2	1	29.997 1	68.2375 1
2	1	29.143 1	68.2122 1
2	1	29.168 1	68.429 1
3	2	29.86 1	68.2285 0.989 68.2289 1
2	1	29.930 1	68.1846 1
2	1	29.148 1	68.403 1
2	1	29.409 1	68.1247 1
3	2	29.939 1	68.1404 1 68.2445 0.982
2	1	29.1008 1	68.2480 1
2	1	29.240 1	68.571 1
2	1	29.325 1	68.687 1
2	1	29.425 1	68.1232 1
2	1	29.20 1	68.29 1
3	2	29.42 1	68.1226 0.078 68.2310 1
2	1	29.167 1	68.428 1
2	1	29.870 1	68.334 1
2	1	29.954 1	68.210 1
2	1	29.140 1	68.2150 1
2	1	29.163 1	68.424 1
2	1	29.343 1	68.2011 1
2	1	29.571 1	68.1321 1
2	1	29.575 1	68.1325 1
2	1	29.504 1	68.1207 1
2	1	29.121 1	68.2175 1
2	1	29.969 1	68.127 1
2	1	29.328 1	68.693 1
2	1	29.218 1	68.550 1
2	1	29.390 1	68.1104 1
2	1	29.788 1	68.1851 1
2	1	29.410 1	68.1246 1
2	1	29.657 1	68.984 1
2	1	29.681 1	68.917 1
2	1	29.182 1	68.470 1
2	1	29.277 1	68.624 1
2	1	29.205 1	68.506 1
2	1	29.360 1	68.718 1
2	1	29.864 1	68.340 1
2	1	29.372 1	68.753 1
3	2	29.990 1 29.844 0.906	68.2342 1
2	1	29.37 1	68.156 1
2	1	29.18 1	68.15 1
2	1	29.809 1	68.1917 1
2	1	29.191 1	68.485 1
2	1	29.45 1	68.2307 1
2	1	29.419 1	68.1239 1
2	1	29.159 1	68.418 1
2	1	29.563 1	68.900 1
2	1	29.903 1	68.255 1
2	1	29.977 1	68.1327 1
2	1	29.134 1	68.2159 1
2	1	29.195 1	68.1304 1
2	1	29.341 1	68.2009 1
2	1	29.203 1	68.504 1
2	1	29.888 1	68.1414 1
2	1	29.661 1	68.940 1
2	1	29.144 1	68.2123 1
2	1	29.204 1	68.505 1
2	1	29.871 1	68.332 1
2	1	29.962 1	68.133 1
2	1	29.285 1	68.632 1
2	1	29.867 1	68.337 1
2	1	29.142 1	68.2121 1
2	1	29.311 1	68.674 1
2	1	29.345 1	68.2013 1
2	1	29.289 1	68.636 1
2	1	29.626 1	68.1451 1
2	1	29.666 1	68.932 1
2	1	29.683 1	68.1505 1
2	1	29.539 1	68.1864 1
2	1	29.427 1	68.1230 1
2	1	29.318 1	68.679 1
2	1	29.291 1	68.638 1
2	1	29.177 1	68.465 1
2	1	29.872 1	68.328 1
2	1	29.12 1	68.12 1
2	1	29.120 1	68.2176 1
2	1	29.248 1	68.581 1
2	1	29.283 1	68.630 1
2	1	29.161 1	68.420 1
2	1	29.323 1	68.684 1
2	1	29.660 1	68.942 1
2	1	29.757 1	68.1820 1
3	2	29.929 1 29.765 0.813	68.1845 1
2	1	29.303 1	68.667 1
2	1	29.374 1	68.755 1
2	1	29.616 1	68.1390 1
2	1	29.991 1	68.2341 1
2	1	29.147 1	68.402 1
2	1	29.130 1	68.2167 1
2	1	29.32 1	68.151 1
2	1	29.432 1	68.1141 1
2	1	29.956 1	68.208 1
2	1	29.792 1	68.1866 1
2	1	29.85 1	68.2293 1
2	1	29.352 1	68.1951 1
2	1	29.810 1	68.1918 1
2	1	29.22 1	68.31 1
2	1	29.342 1	68.2010 1
2	1	29.738 1	68.1787 1
2	1	29.36 1	68.155 1
2	1	29.14 1	68.14 1
2	1	29.940 1	68.2448 1
2	1	29.518 1	68.1211 1
2	1	29.582 1	68.142 1
2	1	29.178 1	68.466 1
2	1	29.726 1	68.1564 1
2	1	29.1007 1	68.2479 1
2	1	29.740 1	68.1790 1
2	1	29.151 1	68.405 1
2	1	29.338 1	68.2006 1
2	1	29.608 1	68.1068 1
2	1	29.104 1	68.2191 1
3	2	29.907 1 29.826 1	68.259 1
2	1	29.109 1	68.2186 1
2	1	29.509 1	68.1164 1
2	1	29.115 1	68.1860 1
2	1	29.675 1	68.923 1
2	1	29.243 1	68.576 1
2	1	29.162 1	68.421 1
2	1	29.505 1	68.1991 1
2	1	29.190 1	68.481 1
2	1	29.262 1	68.600 1
3	2	29.488 1	68.1033 1 68.813 0.081
2	1	29.906 1	68.258 1
2	1	29.242 1	68.573 1
2	1	29.800 1	68.1901 1
2	1	29.215 1	68.547 1
2	1	29.359 1	68.723 1
2	1	29.714 1	68.1549 1
2	1	29.416 1	68.1861 1
2	1	29.588 1	68.851 1
2	1	29.722 1	68.1558 1
2	1	29.808 1	68.1916 1
2	1	29.135 1	68.2158 1
2	1	29.814 1	68.1923 1
2	1	29.558 1	68.1497 1
2	1	29.667 1	68.931 1
2	1	29.103 1	68.2193 1
2	1	29.799 1	68.1872 1
2	1	29.522 1	68.1217 1
2	1	29.123 1	68.2173 1
2	1	29.919 1	68.103 1
2	1	29.516 1	68.862 1
2	1	29.842 1	68.366 1
2	1	29.565 1	68.898 1
2	1	29.728 1	68.1566 1
2	1	29.536 1	68.1803 1
2	1	29.288 1	68.635 1
2	1	29.395 1	68.1105 1
2	1	29.729 1	68.1621 1
2	1	29.811 1	68.1919 1
2	1	29.259 1	68.597 1
2	1	29.216 1	68.548 1
2	1	29.378 1	68.759 1
2	1	29.431 1	68.1140 1
2	1	29.206 1	68.507 1
2	1	29.251 1	68.583 1
2	1	29.252 1	68.585 1
2	1	29.221 1	68.553 1
2	1	29.583 1	68.143 1
2	1	29.863 1	68.341 1
2	1	29.9 1	68.9 1
2	1	29.749 1	68.1798 1
2	1	29.380 1	68.761 1
2	1	29.622 1	68.1445 1
2	1	29.850 1	68.356 1
2	1	29.33 1	68.152 1
2	1	29.330 1	68.702 1
2	1	29.498 1	68.1197 1
2	1	29.555 1	68.1492 1
2	1	29.685 1	68.1507 1
2	1	29.112 1	68.2183 1
2	1	29.755 1	68.1818 1
2	1	29.743 1	68.1796 1
2	1	29.172 1	68.460 1
2	1	29.317 1	68.678 1
2	1	29.340 1	68.2008 1
2	1	29.801 1	68.1906 1
2	1	29.508 1	68.1165 1
2	1	29.126 1	68.2170 1
2	1	29.350 1	68.2038 1
2	1	29.686 1	68.1508 1
2	1	29.169 1	68.430 1
3	2	29.379 1	68.760 1 68.1044 0.712
2	1	29.721 1	68.1222 1
2	1	29.994 1	68.2372 1
2	1	29.320 1	68.681 1
2	1	29.376 1	68.757 1
2	1	29.11 1	68.11 1
2	1	29.417 1	68.1241 1
2	1	29.93 1	68.2224 1
2	1	29.235 1	68.567 1
2	1	29.579 1	68.857 1
2	1	29.960 1	68.202 1
2	1	29.119 1	68.2177 1
2	1	29.230 1	68.562 1
2	1	29.605 1	68.1079 1
2	1	29.970 1	68.126 1
2	1	29.421 1	68.1237 1
2	1	29.92 1	68.2225 1
2	1	29.256 1	68.589 1
2	1	29.955 1	68.209 1
2	1	29.322 1	68.683 1
2	1	29.194 1	68.488 1
2	1	29.329 1	68.694 1
2	1	29.211 1	68.538 1
2	1	29.286 1	68.633 1
2	1	29.41 1	68.160 1
3	2	29.807 1	68.1915 1 68.1185 0.809
3	2	29.618 1	68.1439 1 68.1440 0.814
2	1	29.10 1	68.10 1
2	1	29.188 1	68.476 1
2	1	29.833 1	68.1567 1
2	1	29.174 1	68.462 1
2	1	29.601 1	68.819 1
2	1	29.730 1	68.1658 1
2	1	29.227 1	68.559 1
2	1	29.302 1	68.666 1
2	1	29.914 1	68.106 1
2	1	29.615 1	68.1389 1
2	1	29.76 1	68.2299 1
2	1	29.80 1	68.2296 1
2	1	29.332 1	68.704 1
2	1	29.664 1	68.937 1
2	1	29.160 1	68.419 1
2	1	29.232 1	68.564 1
2	1	29.308 1	68.671 1
2	1	29.506 1	68.1168 1
2	1	29.128 1	68.2169 1
2	1	29.878 1	68.313 1
2	1	29.756 1	68.1819 1
2	1	29.408 1	68.1480 1
2	1	29.640 1	68.1010 1
3	2	29.737 1 29.102 0.810	68.1786 1
2	1	29.645 1	68.1006 1
2	1	29.176 1	68.464 1
2	1	29.818 1	68.861 1
2	1	29.222 1	68.554 1
2	1	29.761 1	68.1828 1
2	1	29.489 1	68.1174 1
2	1	29.763 1	68.1833 1
2	1	29.8 1	68.8 1
2	1	29.593 1	68.846 1
2	1	29.339 1	68.2007 1
2	1	29.647 1	68.1905 1
2	1	29.794 1	68.1867 1
2	1	29.321 1	68.682 1
2	1	29.764 1	68.1834 1
2	1	29.75 1	68.2300 1
2	1	29.966 1	68.129 1
2	1	29.981 1	68.43 1
2	1	29.263 1	68.601 1
2	1	29.569 1	68.1361 1
2	1	29.668 1	68.930 1
2	1	29.250 1	68.582 1
2	1	29.422 1	68.1236 1
2	1	29.972 1	68.122 1
2	1	29.397 1	68.1018 1
2	1	29.309 1	68.672 1
2	1	29.617 1	68.1438 1
2	1	29.665 1	68.933 1
3	2	29.900 1	68.225 1 68.252 1
2	1	29.676 1	68.922 1
2	1	29.941 1	68.2449 1
2	1	29.993 1	68.2371 1
3	2	29.689 0.101 29.745 1	68.1625 1
2	1	29.40 1	68.159 1
2	1	29.598 1	68.825 1
2	1	29.17 1	68.1053 1
2	1	29.434 1	68.344 1
2	1	29.377 1	68.758 1
2	1	29.925 1	68.97 1
2	1	29.301 1	68.653 1
2	1	29.428 1	68.1229 1
2	1	29.474 1	68.969 1
2	1	29.573 1	68.1323 1
2	1	29.965 1	68.130 1
2	1	29.521 1	68.1216 1
2	1	29.628 1	68.1453 1
2	1	29.239 1	68.570 1
2	1	29.426 1	68.1231 1
2	1	29.732 1	68.1706 1
2	1	29.381 1	68.769 1
2	1	29.625 1	68.1447 1
2	1	29.869 1	68.335 1
2	1	29.187 1	68.475 1
2	1	29.908 1	68.111 1
2	1	29.297 1	68.646 1
2	1	29.107 1	68.2188 1
2	1	29.267 1	68.603 1
3	2	29.334 1	68.1989 1 68.2089 0.977
2	1	29.331 1	68.703 1
2	1	29.225 1	68.557 1
2	1	29.229 1	68.561 1
2	1	29.124 1	68.2172 1
2	1	29.127 1	68.2153 1
2	1	29.254 1	68.587 1
3	2	29.975 1 29.916 0.742	68.1134 1
2	1	29.554 1	68.1491 1
2	1	29.255 1	68.588 1
2	1	29.786 1	68.1583 1
2	1	29.133 1	68.2160 1
2	1	29.175 1	68.463 1
2	1	29.241 1	68.572 1
3	2	29.902 1	68.227 0.234 68.254 1
2	1	29.904 1	68.256 1
2	1	29.753 1	68.1801 1
2	1	29.396 1	68.1017 1
2	1	29.118 1	68.2178 1
2	1	29.238 1	68.569 1
2	1	29.643 1	68.1008 1
2	1	29.523 1	68.1218 1
2	1	29.223 1	68.555 1
4	3	29.433 0.055 29.599 1 29.600 0.510	68.820 1
2	1	29.106 1	68.2189 1
2	1	29.200 1	68.501 1
2	1	29.758 1	68.1822 1
2	1	29.493 1	68.1252 1
2	1	29.149 1	68.404 1
2	1	29.24 1	68.33 1
2	1	29.29 1	68.144 1
2	1	29.724 1	68.1562 1
2	1	29.220 1	68.552 1
2	1	29.859 1	68.348 1
2	1	29.244 1	68.577 1
2	1	29.300 1	68.649 1
2	1	29.25 1	68.34 1
2	1	29.260 1	68.598 1
2	1	29.346 1	68.2014 1
2	1	29.577 1	68.859 1
2	1	29.678 1	68.920 1
2	1	29.751 1	68.1799 1
2	1	29.806 1	68.1914 1
2	1	29.629 1	68.1454 1
2	1	29.208 1	68.535 1
2	1	29.23 1	68.32 1
2	1	29.214 1	68.546 1
2	1	29.373 1	68.754 1
2	1	29.590 1	68.849 1
2	1	29.183 1	68.471 1
2	1	29.368 1	68.748 1
2	1	29.387 1	68.799 1
2	1	29.659 1	68.943 1
4	3	29.901 1	68.226 1 68.234 0.358 68.253 0.358
2	1	29.138 1	68.2154 1
2	1	29.231 1	68.563 1
2	1	29.261 1	68.599 1
2	1	29.6 1	68.6 1
2	1	29.959 1	68.204 1
2	1	29.180 1	68.468 1
2	1	29.995 1	68.2373 1
2	1	29.637 1	68.1014 1
2	1	29.306 1	68.669 1
2	1	29.971 1	68.123 1
2	1	29.198 1	68.492 1
2	1	29.298 1	68.647 1
2	1	29.602 1	68.818 1
2	1	29.752 1	68.1800 1
2	1	29.226 1	68.558 1
2	1	29.460 1	68.2510 1
2	1	29.562 1	68.901 1
2	1	29.586 1	68.853 1
2	1	29.113 1	68.2181 1
2	1	29.496 1	68.1194 1
2	1	29.873 1	68.327 1
2	1	29.209 1	68.536 1
2	1	29.789 1	68.1852 1
2	1	29.299 1	68.648 1
2	1	29.355 1	68.1949 1
2	1	29.363 1	68.735 1
2	1	29.627 1	68.1452 1
2	1	29.458 1	68.1085 1
2	1	29.503 1	68.1206 1
2	1	29.949 1	68.2463 1
2	1	29.219 1	68.551 1
2	1	29.953 1	68.211 1
2	1	29.564 1	68.899 1
2	1	29.358 1	68.1288 1
2	1	29.402 1	68.1622 1
2	1	29.361 1	68.733 1
2	1	29.217 1	68.549 1
2	1	29.357 1	68.1946 1
2	1	29.570 1	68.1320 1
2	1	29.594 1	68.845 1
2	1	29.638 1	68.1012 1
2	1	29.980 1	68.42 1
2	1	29.233 1	68.565 1
2	1	29.718 1	68.1551 1
2	1	29.157 1	68.416 1
2	1	29.713 1	68.1548 1
2	1	29.315 1	68.676 1
2	1	29.679 1	68.919 1
2	1	29.759 1	68.1823 1
2	1	29.824 1	68.1936 1
2	1	29.38 1	68.157 1
2	1	29.585 1	68.345 1
2	1	29.30 1	68.145 1
3	2	29.948 1	68.2452 0.352 68.2461 1
2	1	29.403 1	68.1027 1
2	1	29.257 1	68.594 1
2	1	29.253 1	68.586 1
2	1	29.670 1	68.928 1
2	1	29.247 1	68.580 1
2	1	29.603 1	68.817 1
2	1	29.723 1	68.1561 1
4	3	29.513 0.445 29.687 0.252 29.716 1	68.1862 1
2	1	29.947 1	68.372 1
2	1	29.974 1	68.1138 1
2	1	29.576 1	68.860 1
2	1	29.976 1	68.1130 1
2	1	29.164 1	68.425 1
2	1	29.246 1	68.579 1
2	1	29.382 1	68.770 1
2	1	29.398 1	68.1019 1
2	1	29.26 1	68.35 1
2	1	29.420 1	68.1305 1
2	1	29.507 1	68.1166 1
2	1	29.580 1	68.856 1
2	1	29.307 1	68.670 1
3	2	29.866 1 29.711 0.768	68.338 1
2	1	29.224 1	68.556 1
2	1	29.501 1	68.1204 1
2	1	29.822 1	68.1934 1
2	1	29.236 1	68.568 1
5	4	29.540 1 29.547 0.176 29.652 0.397 29.945 0.078	68.897 1
2	1	29.414 1	68.1242 1
2	1	29.499 1	68.1199 1
2	1	29.1010 1	68.2483 1
2	1	29.492 1	68.1190 1
2	1	29.550 1	68.705 1
2	1	29.624 1	68.1446 1
3	2	29.754 1 29.462 0.851	68.1802 1
2	1	29.847 1	68.359 1
2	1	29.116 1	68.2180 1
2	1	29.500 1	68.1200 1
2	1	29.156 1	68.414 1
2	1	29.173 1	68.461 1
2	1	29.760 1	68.1827 1
2	1	29.362 1	68.734 1
2	1	29.849 1	68.357 1
2	1	29.228 1	68.560 1
2	1	29.731 1	68.1659 1
2	1	29.551 1	68.355 1
2	1	29.584 1	68.346 1
2	1	29.840 1	68.1854 1
2	1	29.861 1	68.695 1
2	1	29.111 1	68.2184 1
2	1	29.122 1	68.2174 1
2	1	29.139 1	68.2151 1
2	1	29.502 1	68.1205 1
2	1	29.803 1	68.1908 1
2	1	29.105 1	68.2190 1
2	1	29.597 1	68.831 1
2	1	29.631 1	68.1459 1
2	1	29.922 1	68.100 1
2	1	29.614 1	68.1388 1
2	1	29.677 1	68.921 1
2	1	29.805 1	68.1913 1
2	1	29.744 1	68.1623 1
2	1	29.835 1	68.575 1
2	1	29.912 1	68.108 1
2	1	29.258 1	68.596 1
2	1	29.725 1	68.1563 1
2	1	29.520 1	68.1215 1
2	1	29.136 1	68.2157 1
2	1	29.407 1	68.1248 1
2	1	29.418 1	68.1240 1
2	1	29.663 1	68.938 1
2	1	29.152 1	68.1219 1
2	1	29.196 1	68.490 1
2	1	29.644 1	68.1007 1
2	1	29.672 1	68.926 1
2	1	29.604 1	68.816 1
2	1	29.171 1	68.459 1
2	1	29.578 1	68.858 1
2	1	29.351 1	68.2039 1
2	1	29.83 1	68.2295 1
2	1	29.207 1	68.534 1
2	1	29.592 1	68.847 1
2	1	29.671 1	68.927 1
2	1	29.804 1	68.1202 1
2	1	29.821 1	68.1933 1
2	1	29.841 1	68.367 1
2	1	29.944 1	68.590 1
2	1	29.497 1	68.1195 1
2	1	29.212 1	68.541 1
2	1	29.619 1	68.1441 1
2	1	29.897 1	68.301 1
2	1	29.909 1	68.110 1
2	1	29.155 1	68.413 1
2	1	29.768 1	68.1553 1
2	1	29.389 1	68.1103 1
2	1	29.746 1	68.1631 1
2	1	29.84 1	68.2294 1
2	1	29.928 1	68.1835 1
2	1	29.326 1	68.691 1
2	1	29.549 1	68.1490 1
2	1	29.367 1	68.747 1
2	1	29.423 1	68.1235 1
2	1	29.796 1	68.1869 1
2	1	29.39 1	68.158 1
2	1	29.541 1	68.1048 1
2	1	29.813 1	68.1922 1
2	1	29.34 1	68.153 1
2	1	29.574 1	68.1324 1
2	1	29.132 1	68.2165 1
2	1	29.213 1	68.542 1
2	1	29.429 1	68.1228 1
2	1	29.741 1	68.1791 1
2	1	29.712 1	68.352 1
2	1	29.1011 1	68.2484 1
2	1	29.46 1	68.2303 1
2	1	29.642 1	68.1661 1
2	1	29.189 1	68.480 1
2	1	29.519 1	68.1214 1
2	1	29.857 1	68.1602 1
2	1	29.911 1	68.109 1
2	1	29.662 1	68.939 1
2	1	29.354 1	68.1950 1
2	1	29.748 1	68.1656 1
2	1	29.910 1	68.365 1
2	1	29.581 1	68.854 1
2	1	29.170 1	68.458 1
2	1	29.978 1	68.1793 1
2	1	29.15 1	68.1051 1
2	1	29.895 1	68.1329 1
14	40	29.153 0.053 29.517 1 29.532 0.057 29.742 0.068	68.1673 0.723 68.2109 0.423 68.2204 1 68.2244 0.334 68.2251 0.079 68.2408 0.723 68.2429 0.655 68.271 0.334 68.446 0.662 68.67 0.735
4	4	29.658 1 29.692 0.117	68.1649 0.208 68.1884 1
2	1	29.639 1	68.1011 1
3	2	29.514 1 29.688 0.172	68.1863 1
15	14	29.889 1	68.1648 0.117 68.1670 0.100 68.1672 0.100 68.1883 0.091 68.2048 0.066 68.2143 0.088 68.2203 0.053 68.2384 0.069 68.2393 0.069 68.2407 0.100 68.2428 0.060 68.447 0.060 68.66 0.107 68.893 1
2	1	29.386 1	68.798 1
