Size	Relations	OrthoA	OrthoB
2	1	28.47 1	68.2302 1
2	1	28.48 1	68.2301 1
2	1	28.325 1	68.2012 1
2	1	28.138 1	68.417 1
2	1	28.16 1	68.1052 1
2	1	28.710 1	68.1785 1
2	1	28.377 1	68.780 1
2	1	28.759 1	68.1868 1
2	1	28.970 1	68.131 1
2	1	28.1003 1	68.2334 1
2	1	28.858 1	68.307 1
2	1	28.265 1	68.629 1
2	1	28.356 1	68.744 1
2	1	28.126 1	68.401 1
2	1	28.57 1	68.2298 1
2	1	28.182 1	68.503 1
2	1	28.540 1	68.852 1
2	1	28.805 1	68.361 1
2	1	28.647 1	68.929 1
2	1	28.542 1	68.850 1
2	1	28.508 1	68.1494 1
2	1	28.4 1	68.4 1
2	1	28.999 1	68.2471 1
2	1	28.110 1	68.2166 1
3	2	28.899 1	68.1338 1 68.2001 0.974
2	1	28.121 1	68.2120 1
2	1	28.509 1	68.1496 1
2	1	28.549 1	68.833 1
2	1	28.823 1	68.342 1
2	1	28.686 1	68.1546 1
2	1	28.544 1	68.848 1
2	1	28.3 1	68.3 1
2	1	28.300 1	68.680 1
2	1	28.777 1	68.1921 1
2	1	28.826 1	68.339 1
2	1	28.177 1	68.491 1
2	1	28.13 1	68.13 1
2	1	28.967 1	68.201 1
3	2	28.518 1	68.1359 1 68.1045 0.831
2	1	28.784 1	68.1932 1
2	1	28.267 1	68.631 1
2	1	28.420 1	68.1233 1
2	1	28.743 1	68.302 1
2	1	28.887 1	68.99 1
2	1	28.401 1	68.1037 1
2	1	28.829 1	68.336 1
2	1	28.1000 1	68.47 1
2	1	28.181 1	68.502 1
2	1	28.146 1	68.427 1
2	1	28.658 1	68.918 1
2	1	28.270 1	68.634 1
2	1	28.841 1	68.312 1
2	1	28.891 1	68.1396 1
2	1	28.305 1	68.686 1
2	1	28.225 1	68.578 1
2	1	28.96 1	68.2179 1
2	1	28.895 1	68.1847 1
2	1	28.625 1	68.1797 1
2	1	28.723 1	68.1329 1
2	1	28.408 1	68.1243 1
2	1	28.958 1	68.212 1
2	1	28.88 1	68.2187 1
2	1	28.297 1	68.677 1
2	1	28.65 1	68.2232 1
2	1	28.21 1	68.30 1
2	1	28.691 1	68.1550 1
2	1	28.164 1	68.472 1
2	1	28.90 1	68.2185 1
2	1	28.504 1	68.802 1
2	1	28.701 1	68.1565 1
2	1	28.43 1	68.2309 1
2	1	28.524 1	68.1322 1
2	1	28.634 1	68.986 1
3	2	28.766 1 28.848 0.788	68.1907 1
2	1	28.742 1	68.1850 1
2	1	28.762 1	68.1871 1
2	1	28.635 1	68.985 1
2	1	28.7 1	68.7 1
2	1	28.256 1	68.604 1
2	1	28.441 1	68.1188 1
2	1	28.214 1	68.566 1
2	1	28.173 1	68.487 1
2	1	28.145 1	68.426 1
2	1	28.273 1	68.637 1
2	1	28.286 1	68.667 1
2	1	28.1 1	68.1 1
2	1	28.330 1	68.2037 1
2	1	28.134 1	68.412 1
2	1	28.44 1	68.2308 1
2	1	28.318 1	68.2074 1
2	1	28.328 1	68.2035 1
2	1	28.329 1	68.2036 1
2	1	28.613 1	68.1009 1
2	1	28.877 1	68.107 1
2	1	28.287 1	68.668 1
2	1	28.881 1	68.104 1
2	1	28.68 1	68.2231 1
2	1	28.278 1	68.642 1
2	1	28.58 1	68.2297 1
2	1	28.1023 1	68.2485 1
2	1	28.594 1	68.1443 1
2	1	28.292 1	68.673 1
2	1	28.165 1	68.473 1
2	1	28.31 1	68.150 1
2	1	28.190 1	68.537 1
2	1	28.358 1	68.746 1
2	1	28.161 1	68.469 1
2	1	28.819 1	68.351 1
2	1	28.314 1	68.1990 1
2	1	28.979 1	68.121 1
2	1	28.28 1	68.141 1
2	1	28.885 1	68.101 1
2	1	28.879 1	68.105 1
2	1	28.407 1	68.1244 1
2	1	28.850 1	68.1416 1
2	1	28.406 1	68.1245 1
4	3	28.294 1	68.303 1 68.1662 0.670 68.2126 0.663
2	1	28.884 1	68.102 1
2	1	28.888 1	68.98 1
2	1	28.1013 1	68.2478 1
2	1	28.275 1	68.639 1
2	1	28.842 1	68.311 1
2	1	28.974 1	68.128 1
2	1	28.651 1	68.925 1
2	1	28.787 1	68.1935 1
2	1	28.559 1	68.1078 1
2	1	28.1012 1	68.2477 1
2	1	28.179 1	68.493 1
2	1	28.376 1	68.778 1
2	1	28.125 1	68.2124 1
3	2	28.316 1	68.1974 1 68.2075 0.514
2	1	28.1007 1	68.2374 1
2	1	28.593 1	68.1442 1
2	1	28.713 1	68.1788 1
2	1	28.336 1	68.1948 1
2	1	28.357 1	68.745 1
2	1	28.426 1	68.1227 1
2	1	28.440 1	68.1187 1
3	2	28.946 1	68.1404 1 68.2445 0.976
2	1	28.652 1	68.924 1
2	1	28.166 1	68.474 1
2	1	28.279 1	68.643 1
3	2	28.863 1	68.224 1 68.251 1
2	1	28.969 1	68.132 1
2	1	28.963 1	68.207 1
2	1	28.276 1	68.640 1
2	1	28.367 1	68.756 1
2	1	28.1020 1	68.2482 1
2	1	28.2 1	68.2 1
2	1	28.104 1	68.2171 1
2	1	28.108 1	68.2168 1
2	1	28.19 1	68.24 1
2	1	28.35 1	68.154 1
2	1	28.755 1	68.1865 1
3	2	28.172 1 28.245 0.963	68.486 1
2	1	28.27 1	68.140 1
2	1	28.361 1	68.750 1
2	1	28.381 1	68.801 1
2	1	28.964 1	68.206 1
2	1	28.277 1	68.641 1
2	1	28.159 1	68.467 1
2	1	28.5 1	68.5 1
2	1	28.400 1	68.1036 1
3	2	28.64 1	68.2285 0.989 68.2289 1
2	1	28.761 1	68.1870 1
2	1	28.945 1	68.2444 1
2	1	28.1008 1	68.2375 1
2	1	28.869 1	68.257 1
2	1	28.148 1	68.429 1
2	1	28.894 1	68.1846 1
2	1	28.308 1	68.692 1
2	1	28.404 1	68.1247 1
2	1	28.128 1	68.403 1
2	1	28.123 1	68.2122 1
2	1	28.1019 1	68.2480 1
2	1	28.20 1	68.29 1
2	1	28.421 1	68.1232 1
2	1	28.306 1	68.687 1
2	1	28.220 1	68.571 1
3	2	28.42 1	68.1226 0.080 68.2310 1
2	1	28.831 1	68.334 1
2	1	28.147 1	68.428 1
2	1	28.960 1	68.210 1
2	1	28.523 1	68.1321 1
2	1	28.975 1	68.127 1
2	1	28.527 1	68.1325 1
2	1	28.100 1	68.2175 1
2	1	28.198 1	68.550 1
2	1	28.120 1	68.2150 1
2	1	28.309 1	68.693 1
2	1	28.324 1	68.2011 1
2	1	28.752 1	68.1851 1
2	1	28.383 1	68.1104 1
2	1	28.143 1	68.424 1
2	1	28.659 1	68.917 1
2	1	28.405 1	68.1246 1
2	1	28.458 1	68.1207 1
2	1	28.340 1	68.718 1
2	1	28.262 1	68.624 1
2	1	28.636 1	68.984 1
2	1	28.185 1	68.506 1
2	1	28.364 1	68.753 1
2	1	28.825 1	68.340 1
3	2	28.1001 1 28.804 0.906	68.2342 1
2	1	28.162 1	68.470 1
2	1	28.18 1	68.15 1
2	1	28.37 1	68.156 1
2	1	28.413 1	68.1239 1
2	1	28.171 1	68.485 1
2	1	28.45 1	68.2307 1
2	1	28.773 1	68.1917 1
2	1	28.984 1	68.1327 1
2	1	28.113 1	68.2159 1
2	1	28.139 1	68.418 1
2	1	28.175 1	68.1304 1
2	1	28.183 1	68.504 1
2	1	28.514 1	68.900 1
2	1	28.322 1	68.2009 1
2	1	28.639 1	68.940 1
2	1	28.867 1	68.255 1
2	1	28.268 1	68.632 1
2	1	28.968 1	68.133 1
2	1	28.184 1	68.505 1
2	1	28.124 1	68.2123 1
2	1	28.293 1	68.674 1
2	1	28.828 1	68.337 1
2	1	28.832 1	68.332 1
2	1	28.644 1	68.932 1
2	1	28.122 1	68.2121 1
2	1	28.272 1	68.636 1
2	1	28.661 1	68.1505 1
2	1	28.493 1	68.1864 1
2	1	28.326 1	68.2013 1
2	1	28.485 1	68.1289 1
2	1	28.598 1	68.1451 1
2	1	28.423 1	68.1230 1
2	1	28.304 1	68.684 1
2	1	28.157 1	68.465 1
2	1	28.274 1	68.638 1
2	1	28.851 1	68.1414 1
2	1	28.99 1	68.2176 1
2	1	28.12 1	68.12 1
2	1	28.266 1	68.630 1
2	1	28.299 1	68.679 1
2	1	28.833 1	68.328 1
2	1	28.228 1	68.581 1
2	1	28.127 1	68.402 1
2	1	28.638 1	68.942 1
2	1	28.732 1	68.1820 1
2	1	28.589 1	68.1390 1
2	1	28.1002 1	68.2341 1
3	2	28.893 1 28.740 0.813	68.1845 1
2	1	28.109 1	68.2167 1
2	1	28.323 1	68.2010 1
2	1	28.366 1	68.755 1
2	1	28.32 1	68.151 1
2	1	28.962 1	68.208 1
2	1	28.141 1	68.420 1
2	1	28.756 1	68.1866 1
2	1	28.22 1	68.31 1
2	1	28.333 1	68.1951 1
2	1	28.63 1	68.2293 1
2	1	28.774 1	68.1918 1
2	1	28.428 1	68.1141 1
2	1	28.14 1	68.14 1
2	1	28.36 1	68.155 1
2	1	28.476 1	68.1211 1
2	1	28.712 1	68.1787 1
2	1	28.947 1	68.2448 1
2	1	28.459 1	68.1991 1
2	1	28.535 1	68.142 1
2	1	28.1018 1	68.2479 1
2	1	28.714 1	68.1790 1
3	2	28.897 1	68.1033 1 68.813 0.063
2	1	28.319 1	68.2006 1
2	1	28.700 1	68.1564 1
2	1	28.241 1	68.600 1
2	1	28.84 1	68.2191 1
2	1	28.223 1	68.576 1
2	1	28.89 1	68.2186 1
2	1	28.132 1	68.405 1
2	1	28.463 1	68.1164 1
3	2	28.871 1 28.791 1	68.259 1
2	1	28.561 1	68.1068 1
2	1	28.653 1	68.923 1
2	1	28.114 1	68.2158 1
2	1	28.870 1	68.258 1
2	1	28.170 1	68.481 1
2	1	28.142 1	68.421 1
2	1	28.764 1	68.1901 1
2	1	28.195 1	68.547 1
2	1	28.410 1	68.1861 1
2	1	28.484 1	68.1288 1
2	1	28.94 1	68.1860 1
2	1	28.339 1	68.723 1
2	1	28.222 1	68.573 1
2	1	28.779 1	68.1923 1
2	1	28.690 1	68.1549 1
2	1	28.83 1	68.2193 1
2	1	28.474 1	68.862 1
2	1	28.480 1	68.1217 1
2	1	28.510 1	68.1497 1
2	1	28.696 1	68.1558 1
2	1	28.763 1	68.1872 1
2	1	28.772 1	68.1916 1
2	1	28.645 1	68.931 1
2	1	28.883 1	68.103 1
2	1	28.102 1	68.2173 1
2	1	28.541 1	68.851 1
2	1	28.489 1	68.1803 1
2	1	28.802 1	68.366 1
2	1	28.158 1	68.466 1
2	1	28.702 1	68.1566 1
2	1	28.516 1	68.898 1
2	1	28.703 1	68.1621 1
2	1	28.196 1	68.548 1
2	1	28.231 1	68.583 1
2	1	28.232 1	68.585 1
2	1	28.775 1	68.1919 1
2	1	28.201 1	68.553 1
2	1	28.427 1	68.1140 1
2	1	28.536 1	68.143 1
2	1	28.186 1	68.507 1
2	1	28.390 1	68.1105 1
2	1	28.9 1	68.9 1
2	1	28.238 1	68.597 1
2	1	28.724 1	68.1798 1
2	1	28.824 1	68.341 1
2	1	28.92 1	68.2183 1
2	1	28.370 1	68.759 1
2	1	28.507 1	68.1492 1
2	1	28.311 1	68.702 1
2	1	28.33 1	68.152 1
2	1	28.271 1	68.635 1
2	1	28.718 1	68.1796 1
2	1	28.298 1	68.678 1
2	1	28.372 1	68.761 1
2	1	28.595 1	68.1445 1
2	1	28.730 1	68.1818 1
2	1	28.452 1	68.1197 1
2	1	28.663 1	68.1507 1
2	1	28.321 1	68.2008 1
2	1	28.810 1	68.356 1
2	1	28.152 1	68.460 1
2	1	28.331 1	68.2038 1
3	2	28.371 1	68.760 1 68.1044 0.701
2	1	28.765 1	68.1906 1
2	1	28.301 1	68.681 1
2	1	28.695 1	68.1222 1
2	1	28.105 1	68.2170 1
2	1	28.368 1	68.757 1
2	1	28.462 1	68.1165 1
2	1	28.664 1	68.1508 1
2	1	28.149 1	68.430 1
2	1	28.72 1	68.2224 1
2	1	28.411 1	68.1241 1
2	1	28.558 1	68.1079 1
2	1	28.1005 1	68.2372 1
2	1	28.98 1	68.2177 1
2	1	28.11 1	68.11 1
2	1	28.531 1	68.857 1
2	1	28.976 1	68.126 1
2	1	28.210 1	68.562 1
2	1	28.215 1	68.567 1
2	1	28.303 1	68.683 1
2	1	28.416 1	68.1237 1
2	1	28.961 1	68.209 1
2	1	28.966 1	68.202 1
2	1	28.71 1	68.2225 1
2	1	28.174 1	68.488 1
3	2	28.771 1	68.1915 1 68.1185 0.841
2	1	28.235 1	68.589 1
2	1	28.269 1	68.633 1
3	2	28.591 1	68.1439 1 68.1440 0.790
2	1	28.168 1	68.476 1
2	1	28.554 1	68.819 1
2	1	28.154 1	68.462 1
2	1	28.310 1	68.694 1
2	1	28.642 1	68.937 1
2	1	28.704 1	68.1658 1
2	1	28.10 1	68.10 1
2	1	28.313 1	68.704 1
2	1	28.59 1	68.2296 1
2	1	28.207 1	68.559 1
2	1	28.56 1	68.2299 1
2	1	28.191 1	68.538 1
2	1	28.878 1	68.106 1
2	1	28.285 1	68.666 1
2	1	28.588 1	68.1389 1
2	1	28.793 1	68.1567 1
2	1	28.840 1	68.313 1
2	1	28.140 1	68.419 1
2	1	28.212 1	68.564 1
2	1	28.107 1	68.2169 1
2	1	28.460 1	68.1168 1
2	1	28.290 1	68.671 1
2	1	28.41 1	68.160 1
2	1	28.521 1	68.1361 1
2	1	28.612 1	68.1010 1
3	2	28.711 1 28.82 0.781	68.1786 1
2	1	28.617 1	68.1006 1
2	1	28.782 1	68.861 1
2	1	28.978 1	68.122 1
2	1	28.403 1	68.1480 1
2	1	28.202 1	68.554 1
2	1	28.626 1	68.1905 1
2	1	28.731 1	68.1819 1
2	1	28.736 1	68.1828 1
2	1	28.439 1	68.1174 1
2	1	28.8 1	68.8 1
2	1	28.156 1	68.464 1
2	1	28.302 1	68.682 1
2	1	28.320 1	68.2007 1
2	1	28.55 1	68.2300 1
2	1	28.972 1	68.129 1
2	1	28.392 1	68.1018 1
2	1	28.738 1	68.1833 1
2	1	28.230 1	68.582 1
2	1	28.646 1	68.930 1
2	1	28.739 1	68.1834 1
2	1	28.988 1	68.43 1
2	1	28.758 1	68.1867 1
2	1	28.417 1	68.1236 1
2	1	28.546 1	68.846 1
2	1	28.643 1	68.933 1
3	2	28.864 1	68.225 1 68.252 1
2	1	28.1004 1	68.2371 1
2	1	28.590 1	68.1438 1
2	1	28.284 1	68.653 1
2	1	28.654 1	68.922 1
2	1	28.291 1	68.672 1
2	1	28.948 1	68.2449 1
2	1	28.40 1	68.159 1
2	1	28.430 1	68.344 1
2	1	28.242 1	68.601 1
2	1	28.424 1	68.1229 1
2	1	28.889 1	68.97 1
2	1	28.369 1	68.758 1
2	1	28.479 1	68.1216 1
2	1	28.525 1	68.1323 1
2	1	28.971 1	68.130 1
2	1	28.600 1	68.1453 1
2	1	28.551 1	68.825 1
2	1	28.506 1	68.1491 1
2	1	28.706 1	68.1706 1
2	1	28.103 1	68.2172 1
2	1	28.905 1	68.969 1
2	1	28.219 1	68.570 1
2	1	28.167 1	68.475 1
2	1	28.597 1	68.1447 1
2	1	28.872 1	68.111 1
2	1	28.830 1	68.335 1
2	1	28.750 1	68.1583 1
2	1	28.422 1	68.1231 1
3	2	28.981 1 28.880 0.683	68.1134 1
2	1	28.205 1	68.557 1
2	1	28.209 1	68.561 1
2	1	28.255 1	68.603 1
2	1	28.373 1	68.769 1
3	2	28.315 1	68.1989 1 68.2089 0.978
2	1	28.87 1	68.2188 1
2	1	28.233 1	68.587 1
3	2	28.866 1	68.227 0.231 68.254 1
2	1	28.106 1	68.2153 1
2	1	28.221 1	68.572 1
2	1	28.234 1	68.588 1
2	1	28.112 1	68.2160 1
2	1	28.155 1	68.463 1
2	1	28.312 1	68.703 1
2	1	28.391 1	68.1017 1
2	1	28.728 1	68.1801 1
2	1	28.203 1	68.555 1
2	1	28.868 1	68.256 1
2	1	28.97 1	68.2178 1
2	1	28.17 1	68.1053 1
2	1	28.698 1	68.1562 1
2	1	28.218 1	68.569 1
2	1	28.615 1	68.1008 1
2	1	28.163 1	68.471 1
2	1	28.180 1	68.501 1
2	1	28.280 1	68.646 1
2	1	28.529 1	68.859 1
2	1	28.23 1	68.32 1
2	1	28.129 1	68.404 1
2	1	28.481 1	68.1218 1
2	1	28.283 1	68.649 1
2	1	28.733 1	68.1822 1
2	1	28.24 1	68.33 1
2	1	28.327 1	68.2014 1
2	1	28.692 1	68.1551 1
2	1	28.86 1	68.2189 1
2	1	28.200 1	68.552 1
2	1	28.29 1	68.144 1
2	1	28.443 1	68.1252 1
2	1	28.609 1	68.1014 1
2	1	28.726 1	68.1799 1
2	1	28.239 1	68.598 1
2	1	28.365 1	68.754 1
2	1	28.224 1	68.577 1
2	1	28.25 1	68.34 1
2	1	28.770 1	68.1914 1
2	1	28.194 1	68.546 1
2	1	28.240 1	68.599 1
2	1	28.601 1	68.1454 1
2	1	28.656 1	68.920 1
2	1	28.820 1	68.348 1
2	1	28.1006 1	68.2373 1
2	1	28.188 1	68.535 1
2	1	28.211 1	68.563 1
2	1	28.360 1	68.748 1
4	3	28.865 1	68.226 1 68.234 0.358 68.253 0.358
2	1	28.543 1	68.849 1
2	1	28.922 1	68.2510 1
2	1	28.118 1	68.2154 1
2	1	28.380 1	68.799 1
5	4	28.351 0.073 28.429 0.143 28.552 0.624 28.553 1	68.820 1
2	1	28.6 1	68.6 1
2	1	28.977 1	68.123 1
2	1	28.281 1	68.647 1
2	1	28.93 1	68.2181 1
2	1	28.206 1	68.558 1
2	1	28.160 1	68.468 1
2	1	28.555 1	68.818 1
2	1	28.965 1	68.204 1
2	1	28.987 1	68.42 1
2	1	28.178 1	68.492 1
2	1	28.288 1	68.669 1
2	1	28.513 1	68.901 1
2	1	28.689 1	68.1548 1
2	1	28.727 1	68.1800 1
2	1	28.753 1	68.1852 1
2	1	28.834 1	68.327 1
2	1	28.397 1	68.1622 1
2	1	28.450 1	68.1194 1
2	1	28.539 1	68.853 1
2	1	28.189 1	68.536 1
2	1	28.343 1	68.735 1
2	1	28.599 1	68.1452 1
2	1	28.637 1	68.943 1
2	1	28.337 1	68.1946 1
2	1	28.398 1	68.1027 1
2	1	28.955 1	68.2463 1
2	1	28.199 1	68.551 1
2	1	28.547 1	68.845 1
2	1	28.515 1	68.899 1
2	1	28.959 1	68.211 1
2	1	28.282 1	68.648 1
2	1	28.657 1	68.919 1
2	1	28.197 1	68.549 1
2	1	28.296 1	68.676 1
2	1	28.457 1	68.1206 1
2	1	28.610 1	68.1012 1
2	1	28.341 1	68.733 1
2	1	28.38 1	68.157 1
2	1	28.137 1	68.416 1
2	1	28.522 1	68.1320 1
2	1	28.538 1	68.345 1
3	2	28.954 1	68.2452 0.315 68.2461 1
2	1	28.734 1	68.1823 1
2	1	28.335 1	68.1949 1
2	1	28.788 1	68.1936 1
2	1	28.236 1	68.594 1
2	1	28.30 1	68.145 1
2	1	28.648 1	68.928 1
2	1	28.982 1	68.1130 1
2	1	28.213 1	68.565 1
2	1	28.528 1	68.860 1
2	1	28.227 1	68.580 1
2	1	28.532 1	68.856 1
2	1	28.697 1	68.1561 1
2	1	28.144 1	68.425 1
2	1	28.375 1	68.770 1
2	1	28.461 1	68.1166 1
2	1	28.53 1	68.1553 1
2	1	28.556 1	68.817 1
2	1	28.953 1	68.372 1
2	1	28.26 1	68.35 1
3	2	28.827 1 28.687 0.868	68.338 1
2	1	28.980 1	68.1138 1
2	1	28.204 1	68.556 1
2	1	28.226 1	68.579 1
2	1	28.289 1	68.670 1
2	1	28.786 1	68.1934 1
2	1	28.393 1	68.1019 1
2	1	28.455 1	68.1204 1
2	1	28.216 1	68.568 1
2	1	28.409 1	68.1242 1
5	4	28.494 1 28.497 0.164 28.631 0.358 28.950 0.070	68.897 1
2	1	28.1021 1	68.2483 1
2	1	28.402 1	68.1248 1
2	1	28.442 1	68.1190 1
3	2	28.729 1 28.920 0.823	68.1802 1
2	1	28.500 1	68.705 1
2	1	28.95 1	68.2180 1
6	5	28.486 1	68.1040 1 68.1364 0.192 68.1409 0.129 68.2450 0.110 68.306 0.185
2	1	28.596 1	68.1446 1
2	1	28.453 1	68.1199 1
2	1	28.454 1	68.1200 1
5	4	28.446 0.057 28.466 1 28.563 0.879 28.665 0.109	68.1862 1
2	1	28.50 1	68.950 1
2	1	28.705 1	68.1659 1
2	1	28.807 1	68.359 1
2	1	28.898 1	68.2004 1
2	1	28.136 1	68.414 1
2	1	28.822 1	68.695 1
2	1	28.153 1	68.461 1
2	1	28.342 1	68.734 1
2	1	28.456 1	68.1205 1
2	1	28.735 1	68.1827 1
2	1	28.913 1	68.1466 1
2	1	28.208 1	68.560 1
2	1	28.537 1	68.346 1
2	1	28.767 1	68.1908 1
2	1	28.809 1	68.357 1
2	1	28.101 1	68.2174 1
2	1	28.119 1	68.2151 1
2	1	28.603 1	68.1459 1
2	1	28.91 1	68.2184 1
2	1	28.800 1	68.1854 1
2	1	28.85 1	68.2190 1
2	1	28.550 1	68.831 1
2	1	28.655 1	68.921 1
2	1	28.769 1	68.1913 1
2	1	28.886 1	68.100 1
2	1	28.587 1	68.1388 1
2	1	28.133 1	68.1219 1
2	1	28.478 1	68.1215 1
2	1	28.501 1	68.355 1
2	1	28.115 1	68.2157 1
2	1	28.332 1	68.2039 1
2	1	28.237 1	68.596 1
2	1	28.557 1	68.816 1
2	1	28.699 1	68.1563 1
2	1	28.876 1	68.108 1
2	1	28.412 1	68.1240 1
2	1	28.61 1	68.2295 1
2	1	28.616 1	68.1007 1
2	1	28.641 1	68.938 1
2	1	28.650 1	68.926 1
9	14	28.618 0.075 28.684 1	68.165 0.169 68.1654 0.112 68.1873 1 68.377 0.055 68.722 0.132 68.810 0.146 68.866 0.139
2	1	28.151 1	68.459 1
2	1	28.176 1	68.490 1
2	1	28.530 1	68.858 1
2	1	28.545 1	68.847 1
2	1	28.414 1	68.1305 1
2	1	28.451 1	68.1195 1
2	1	28.785 1	68.1933 1
2	1	28.187 1	68.534 1
2	1	28.722 1	68.1328 1
2	1	28.768 1	68.1202 1
2	1	28.801 1	68.367 1
2	1	28.649 1	68.927 1
2	1	28.135 1	68.413 1
2	1	28.192 1	68.541 1
2	1	28.592 1	68.1441 1
2	1	28.861 1	68.301 1
2	1	28.873 1	68.110 1
2	1	28.62 1	68.2294 1
2	1	28.382 1	68.1103 1
2	1	28.495 1	68.1048 1
2	1	28.499 1	68.1490 1
2	1	28.892 1	68.1835 1
2	1	28.359 1	68.747 1
2	1	28.307 1	68.691 1
2	1	28.419 1	68.1235 1
2	1	28.193 1	68.542 1
2	1	28.34 1	68.153 1
2	1	28.760 1	68.1869 1
2	1	28.39 1	68.158 1
2	1	28.526 1	68.1324 1
2	1	28.715 1	68.1791 1
2	1	28.778 1	68.1922 1
2	1	28.111 1	68.2165 1
2	1	28.425 1	68.1228 1
2	1	28.688 1	68.352 1
2	1	28.1022 1	68.2484 1
2	1	28.614 1	68.1661 1
2	1	28.46 1	68.2303 1
2	1	28.169 1	68.480 1
3	2	28.389 1 28.796 0.218	68.1623 1
2	1	28.818 1	68.1602 1
2	1	28.258 1	68.1557 1
2	1	28.533 1	68.854 1
2	1	28.640 1	68.939 1
2	1	28.875 1	68.109 1
2	1	28.874 1	68.365 1
2	1	28.150 1	68.458 1
2	1	28.334 1	68.1950 1
2	1	28.477 1	68.1214 1
2	1	28.15 1	68.1051 1
4	3	28.435 0.489 28.448 1 28.623 0.273	68.842 1
2	1	28.498 1	68.1489 1
2	1	28.611 1	68.1011 1
16	15	28.806 1	68.1648 0.246 68.1670 0.306 68.1672 0.306 68.1762 1 68.1883 0.278 68.2048 0.296 68.2143 0.254 68.2203 0.266 68.2384 0.300 68.2393 0.300 68.2407 0.306 68.2428 0.218 68.387 0.159 68.447 0.218 68.66 0.314
4	3	28.445 0.933 28.467 1 28.666 0.224	68.1863 1
2	1	28.363 1	68.752 1
3	2	28.464 0.861 28.857 0.861	68.1626 0.861
2	1	28.379 1	68.798 1
