Size	Relations	OrthoA	OrthoB
2	1	28.48 1	67.127 1
2	1	28.47 1	67.126 1
2	1	28.325 1	67.757 1
2	1	28.138 1	67.147 1
2	1	28.57 1	67.1052 1
2	1	28.669 1	67.983 1
2	1	28.805 1	67.230 1
2	1	28.377 1	67.438 1
2	1	28.356 1	67.631 1
2	1	28.686 1	67.267 1
2	1	28.126 1	67.144 1
2	1	28.540 1	67.1032 1
2	1	28.668 1	67.982 1
2	1	28.647 1	67.782 1
2	1	28.509 1	67.541 1
2	1	28.832 1	67.417 1
2	1	28.508 1	67.543 1
2	1	28.265 1	67.861 1
2	1	28.300 1	67.890 1
2	1	28.121 1	67.146 1
2	1	28.4 1	67.4 1
2	1	28.511 1	67.277 1
3	2	28.743 1 28.858 0.202	67.226 1
2	1	28.3 1	67.3 1
2	1	28.784 1	67.457 1
2	1	28.420 1	67.514 1
2	1	28.829 1	67.422 1
2	1	28.759 1	67.903 1
2	1	28.815 1	67.926 1
2	1	28.90 1	67.139 1
2	1	28.518 1	67.568 1
2	1	28.1000 1	67.637 1
2	1	28.1003 1	67.902 1
2	1	28.742 1	67.278 1
2	1	28.88 1	67.137 1
2	1	28.891 1	67.190 1
2	1	28.146 1	67.1096 1
2	1	28.182 1	67.315 1
2	1	28.13 1	67.13 1
2	1	28.958 1	67.833 1
2	1	28.887 1	67.202 1
2	1	28.635 1	67.284 1
2	1	28.542 1	67.522 1
2	1	28.16 1	67.194 1
2	1	28.777 1	67.166 1
2	1	28.21 1	67.18 1
2	1	28.164 1	67.1086 1
2	1	28.297 1	67.252 1
2	1	28.58 1	67.1051 1
2	1	28.1016 1	67.296 1
2	1	28.134 1	67.1103 1
2	1	28.328 1	67.744 1
2	1	28.305 1	67.298 1
2	1	28.877 1	67.263 1
2	1	28.967 1	67.237 1
2	1	28.634 1	67.290 1
2	1	28.441 1	67.531 1
2	1	28.358 1	67.814 1
2	1	28.214 1	67.1006 1
2	1	28.1023 1	67.968 1
2	1	28.1012 1	67.1113 1
2	1	28.814 1	67.925 1
2	1	28.273 1	67.244 1
2	1	28.330 1	67.742 1
2	1	28.232 1	67.181 1
2	1	28.256 1	67.969 1
3	2	28.78 1	67.287 1 67.626 0.782
2	1	28.181 1	67.313 1
2	1	28.43 1	67.444 1
2	1	28.292 1	67.356 1
2	1	28.559 1	67.407 1
2	1	28.145 1	67.1097 1
2	1	28.970 1	67.234 1
2	1	28.179 1	67.826 1
2	1	28.841 1	67.1037 1
3	2	28.1013 1	67.1114 1 67.1117 0.769
2	1	28.974 1	67.697 1
2	1	28.318 1	67.381 1
4	3	28.625 1	67.378 0.070 67.390 0.327 67.729 1
2	1	28.278 1	67.660 1
2	1	28.161 1	67.1089 1
2	1	28.406 1	67.791 1
2	1	28.613 1	67.317 1
3	2	28.766 1 28.848 0.857	67.876 1
2	1	28.125 1	67.896 1
2	1	28.426 1	67.339 1
2	1	28.884 1	67.205 1
2	1	28.270 1	67.387 1
2	1	28.262 1	67.1115 1
2	1	28.267 1	67.859 1
2	1	28.276 1	67.662 1
2	1	28.108 1	67.220 1
2	1	28.225 1	67.184 1
2	1	28.275 1	67.663 1
2	1	28.166 1	67.1099 1
2	1	28.1007 1	67.1107 1
2	1	28.629 1	67.684 1
2	1	28.159 1	67.1091 1
2	1	28.357 1	67.391 1
2	1	28.651 1	67.802 1
2	1	28.594 1	67.242 1
2	1	28.104 1	67.850 1
2	1	28.35 1	67.1073 1
3	2	28.535 1	67.1044 1 67.950 0.723
2	1	28.400 1	67.425 1
2	1	28.198 1	67.1022 1
2	1	28.165 1	67.1100 1
2	1	28.96 1	67.163 1
2	1	28.148 1	67.849 1
2	1	28.460 1	67.366 1
2	1	28.381 1	67.439 1
2	1	28.383 1	67.652 1
2	1	28.76 1	67.286 1
2	1	28.775 1	67.883 1
2	1	28.261 1	67.485 1
2	1	28.752 1	67.309 1
2	1	28.336 1	67.506 1
2	1	28.407 1	67.790 1
4	3	28.842 1	67.1040 1 67.1046 0.312 67.1047 0.163
2	1	28.885 1	67.204 1
2	1	28.863 1	67.955 1
2	1	28.440 1	67.530 1
2	1	28.658 1	67.809 1
2	1	28.147 1	67.31 1
2	1	28.286 1	67.508 1
3	2	28.1001 1 28.804 0.906	67.1085 1
2	1	28.626 1	67.546 1
2	1	28.310 1	67.328 1
2	1	28.881 1	67.207 1
2	1	28.364 1	67.771 1
2	1	28.65 1	67.225 1
2	1	28.18 1	67.15 1
2	1	28.143 1	67.898 1
2	1	28.5 1	67.5 1
2	1	28.819 1	67.777 1
2	1	28.20 1	67.17 1
2	1	28.367 1	67.768 1
2	1	28.380 1	67.167 1
2	1	28.120 1	67.1102 1
2	1	28.401 1	67.544 1
2	1	28.183 1	67.995 1
2	1	28.268 1	67.858 1
2	1	28.190 1	67.26 1
2	1	28.228 1	67.177 1
5	4	28.72 1	67.922 1 67.44 0.830 67.101 0.788 67.608 0.854
2	1	28.755 1	67.973 1
2	1	28.761 1	67.940 1
2	1	28.536 1	67.1043 1
2	1	28.787 1	67.454 1
2	1	28.110 1	67.222 1
2	1	28.636 1	67.282 1
2	1	28.220 1	67.999 1
2	1	28.1019 1	67.1119 1
2	1	28.7 1	67.7 1
2	1	28.329 1	67.743 1
3	2	28.833 1	67.1034 1 67.641 0.881
2	1	28.659 1	67.810 1
2	1	28.376 1	67.437 1
2	1	28.309 1	67.415 1
2	1	28.277 1	67.661 1
2	1	28.831 1	67.418 1
2	1	28.100 1	67.855 1
2	1	28.1015 1	67.295 1
2	1	28.326 1	67.746 1
2	1	28.639 1	67.330 1
2	1	28.184 1	67.994 1
2	1	28.825 1	67.863 1
2	1	28.316 1	67.368 1
2	1	28.960 1	67.835 1
2	1	28.463 1	67.952 1
2	1	28.1017 1	67.297 1
2	1	28.514 1	67.734 1
2	1	28.293 1	67.357 1
2	1	28.947 1	67.39 1
2	1	28.504 1	67.1082 1
2	1	28.452 1	67.587 1
2	1	28.162 1	67.1088 1
2	1	28.523 1	67.762 1
2	1	28.1 1	67.1 1
2	1	28.333 1	67.739 1
2	1	28.867 1	67.960 1
2	1	28.157 1	67.1093 1
2	1	28.423 1	67.578 1
2	1	28.589 1	67.478 1
2	1	28.323 1	67.759 1
2	1	28.1020 1	67.1121 1
2	1	28.68 1	67.970 1
2	1	28.764 1	67.246 1
2	1	28.124 1	67.153 1
2	1	28.185 1	67.993 1
2	1	28.732 1	67.548 1
2	1	28.195 1	67.1025 1
2	1	28.304 1	67.885 1
2	1	28.763 1	67.945 1
2	1	28.653 1	67.804 1
2	1	28.701 1	67.200 1
2	1	28.404 1	67.793 1
2	1	28.102 1	67.853 1
2	1	28.772 1	67.880 1
2	1	28.527 1	67.582 1
2	1	28.63 1	67.179 1
2	1	28.287 1	67.509 1
2	1	28.405 1	67.792 1
2	1	28.979 1	67.172 1
2	1	28.201 1	67.1019 1
2	1	28.238 1	67.399 1
3	2	28.231 1 28.688 0.737	67.176 1
2	1	28.962 1	67.837 1
2	1	28.546 1	67.555 1
2	1	28.524 1	67.584 1
2	1	28.670 1	67.980 1
2	1	28.314 1	67.154 1
2	1	28.324 1	67.758 1
2	1	28.561 1	67.496 1
2	1	28.645 1	67.780 1
2	1	28.718 1	67.725 1
2	1	28.274 1	67.664 1
2	1	28.122 1	67.151 1
3	2	28.757 1 28.519 0.737	67.382 1
2	1	28.558 1	67.408 1
2	1	28.132 1	67.250 1
2	1	28.638 1	67.331 1
2	1	28.139 1	67.148 1
2	1	28.372 1	67.347 1
2	1	28.675 1	67.233 1
2	1	28.83 1	67.130 1
2	1	28.212 1	67.1008 1
2	1	28.696 1	67.344 1
2	1	28.837 1	67.345 1
2	1	28.89 1	67.138 1
2	1	28.56 1	67.1053 1
2	1	28.196 1	67.1024 1
3	2	28.319 1 28.174 0.784	67.335 1
2	1	28.828 1	67.423 1
2	1	28.9 1	67.9 1
2	1	28.19 1	67.871 1
2	1	28.222 1	67.1004 1
2	1	28.595 1	67.241 1
2	1	28.462 1	67.953 1
3	2	28.695 1	67.651 1 67.447 0.837
2	1	28.731 1	67.549 1
2	1	28.1002 1	67.901 1
2	1	28.1014 1	67.294 1
2	1	28.413 1	67.891 1
2	1	28.680 1	67.403 1
2	1	28.797 1	67.574 1
2	1	28.14 1	67.14 1
2	1	28.210 1	67.1010 1
2	1	28.202 1	67.1018 1
2	1	28.756 1	67.974 1
2	1	28.158 1	67.1092 1
2	1	28.55 1	67.1054 1
2	1	28.71 1	67.265 1
2	1	28.207 1	67.1013 1
2	1	28.45 1	67.446 1
2	1	28.691 1	67.427 1
2	1	28.109 1	67.221 1
3	2	28.245 1 28.172 0.875	67.692 1
2	1	28.272 1	67.847 1
2	1	28.411 1	67.429 1
2	1	28.702 1	67.199 1
2	1	28.774 1	67.882 1
2	1	28.549 1	67.710 1
2	1	28.480 1	67.586 1
5	6	28.128 1 28.294 0.735	67.1095 0.119 67.243 1 67.561 0.793
2	1	28.127 1	67.155 1
2	1	28.241 1	67.385 1
3	2	28.690 1 28.768 0.778	67.428 1
4	4	28.870 1 28.791 0.900	67.374 0.097 67.962 1
2	1	28.603 1	67.754 1
2	1	28.2 1	67.2 1
4	3	28.800 1	67.639 1 67.667 0.761 67.844 0.670
2	1	28.1018 1	67.1118 1
2	1	28.33 1	67.1074 1
2	1	28.428 1	67.563 1
3	2	28.771 1	67.879 1 67.259 0.837
2	1	28.975 1	67.30 1
12	20	28.130 0.061 28.396 0.749 28.418 0.755 28.534 1 28.667 0.749 28.741 0.755 28.776 0.755 28.790 0.755 28.856 0.239 28.983 0.755	67.703 0.051 67.89 1
2	1	28.366 1	67.769 1
2	1	28.427 1	67.562 1
2	1	28.370 1	67.343 1
2	1	28.246 1	67.691 1
2	1	28.408 1	67.789 1
2	1	28.313 1	67.643 1
2	1	28.593 1	67.472 1
3	2	28.810 1 28.92 0.934	67.212 1
2	1	28.321 1	67.761 1
2	1	28.394 1	67.505 1
2	1	28.248 1	67.693 1
2	1	28.948 1	67.38 1
2	1	28.22 1	67.19 1
2	1	28.331 1	67.741 1
2	1	28.773 1	67.881 1
2	1	28.982 1	67.728 1
2	1	28.739 1	67.281 1
2	1	28.824 1	67.862 1
2	1	28.301 1	67.888 1
2	1	28.152 1	67.36 1
2	1	28.205 1	67.1015 1
2	1	28.303 1	67.886 1
2	1	28.219 1	67.1000 1
2	1	28.389 1	67.575 1
2	1	28.453 1	67.118 1
2	1	28.971 1	67.984 1
2	1	28.883 1	67.206 1
2	1	28.762 1	67.941 1
2	1	28.1005 1	67.1105 1
2	1	28.966 1	67.238 1
2	1	28.308 1	67.414 1
2	1	28.315 1	67.329 1
2	1	28.215 1	67.1005 1
2	1	28.871 1	67.963 1
2	1	28.489 1	67.673 1
2	1	28.889 1	67.197 1
3	2	28.264 1	67.186 0.375 67.188 1
2	1	28.118 1	67.129 1
2	1	28.12 1	67.12 1
2	1	28.11 1	67.11 1
2	1	28.812 1	67.923 1
2	1	28.320 1	67.336 1
2	1	28.322 1	67.760 1
2	1	28.510 1	67.571 1
2	1	28.643 1	67.778 1
2	1	28.899 1	67.76 1
2	1	28.99 1	67.720 1
4	3	28.494 0.250 28.631 1 28.792 0.748	67.1049 1
2	1	28.218 1	67.1001 1
2	1	28.443 1	67.606 1
2	1	28.617 1	67.299 1
2	1	28.209 1	67.1011 1
2	1	28.242 1	67.386 1
2	1	28.421 1	67.516 1
2	1	28.167 1	67.1101 1
2	1	28.608 1	67.830 1
2	1	28.976 1	67.29 1
2	1	28.221 1	67.998 1
2	1	28.368 1	67.341 1
2	1	28.439 1	67.525 1
2	1	28.44 1	67.445 1
2	1	28.474 1	67.1056 1
2	1	28.168 1	67.323 1
2	1	28.291 1	67.355 1
2	1	28.302 1	67.887 1
2	1	28.84 1	67.133 1
2	1	28.663 1	67.270 1
2	1	28.802 1	67.310 1
3	2	28.981 1 28.880 0.648	67.727 1
2	1	28.417 1	67.319 1
2	1	28.113 1	67.595 1
2	1	28.112 1	67.597 1
2	1	28.105 1	67.214 1
2	1	28.149 1	67.32 1
2	1	28.543 1	67.519 1
2	1	28.97 1	67.164 1
2	1	28.554 1	67.450 1
2	1	28.978 1	67.174 1
2	1	28.200 1	67.1020 1
2	1	28.156 1	67.1094 1
2	1	28.734 1	67.470 1
2	1	28.80 1	67.564 1
2	1	28.972 1	67.985 1
2	1	28.642 1	67.774 1
2	1	28.199 1	67.1021 1
2	1	28.888 1	67.201 1
2	1	28.142 1	67.899 1
2	1	28.988 1	67.108 1
2	1	28.260 1	67.484 1
2	1	28.186 1	67.992 1
2	1	28.700 1	67.253 1
2	1	28.249 1	67.688 1
2	1	28.312 1	67.815 1
2	1	28.961 1	67.836 1
2	1	28.597 1	67.636 1
2	1	28.987 1	67.109 1
2	1	28.31 1	67.1076 1
2	1	28.343 1	67.327 1
2	1	28.155 1	67.451 1
2	1	28.600 1	67.751 1
2	1	28.239 1	67.400 1
3	2	28.59 1	67.321 1 67.322 0.884
2	1	28.813 1	67.924 1
2	1	28.250 1	67.687 1
2	1	28.424 1	67.678 1
2	1	28.1006 1	67.1106 1
2	1	28.8 1	67.8 1
2	1	28.698 1	67.255 1
2	1	28.615 1	67.301 1
2	1	28.24 1	67.22 1
2	1	28.671 1	67.981 1
2	1	28.229 1	67.178 1
3	2	28.235 1 28.703 0.133	67.972 1
2	1	28.236 1	67.396 1
2	1	28.269 1	67.857 1
2	1	28.288 1	67.817 1
3	2	28.713 1	67.216 1 67.475 0.052
2	1	28.758 1	67.917 1
2	1	28.968 1	67.236 1
2	1	28.332 1	67.740 1
2	1	28.865 1	67.957 1
2	1	28.730 1	67.929 1
2	1	28.311 1	67.816 1
2	1	28.211 1	67.1009 1
2	1	28.258 1	67.490 1
2	1	28.189 1	67.25 1
2	1	28.223 1	67.182 1
2	1	28.965 1	67.845 1
2	1	28.42 1	67.443 1
2	1	28.590 1	67.977 1
2	1	28.369 1	67.342 1
2	1	28.341 1	67.325 1
2	1	28.959 1	67.834 1
2	1	28.140 1	67.149 1
2	1	28.194 1	67.1026 1
2	1	28.36 1	67.1072 1
2	1	28.458 1	67.655 1
2	1	28.652 1	67.803 1
2	1	28.213 1	67.1007 1
3	2	28.82 1 28.711 0.880	67.293 1
2	1	28.977 1	67.143 1
2	1	28.878 1	67.262 1
2	1	28.864 1	67.956 1
2	1	28.180 1	67.975 1
2	1	28.493 1	67.1031 1
2	1	28.539 1	67.280 1
2	1	28.964 1	67.839 1
3	2	28.296 1	67.251 1 67.642 0.905
2	1	28.830 1	67.419 1
3	2	28.984 1	67.442 0.531 67.723 1
2	1	28.817 1	67.928 1
2	1	28.765 1	67.245 1
2	1	28.178 1	67.827 1
3	2	28.338 0.073 28.484 1	67.868 1
2	1	28.779 1	67.258 1
2	1	28.204 1	67.1016 1
2	1	28.599 1	67.750 1
2	1	28.692 1	67.426 1
2	1	28.30 1	67.1081 1
2	1	28.327 1	67.745 1
2	1	28.393 1	67.500 1
2	1	28.53 1	67.489 1
2	1	28.10 1	67.10 1
2	1	28.206 1	67.1014 1
3	2	28.612 1 28.627 0.224	67.921 1
2	1	28.980 1	67.726 1
2	1	28.298 1	67.198 1
2	1	28.197 1	67.1023 1
2	1	28.208 1	67.1012 1
2	1	28.392 1	67.499 1
2	1	28.601 1	67.752 1
2	1	28.86 1	67.135 1
2	1	28.95 1	67.162 1
2	1	28.513 1	67.733 1
2	1	28.704 1	67.700 1
2	1	28.770 1	67.878 1
2	1	28.266 1	67.860 1
2	1	28.963 1	67.838 1
2	1	28.192 1	67.384 1
2	1	28.26 1	67.24 1
2	1	28.141 1	67.900 1
2	1	28.25 1	67.23 1
2	1	28.216 1	67.1003 1
2	1	28.410 1	67.709 1
2	1	28.442 1	67.569 1
2	1	28.81 1	67.292 1
3	2	28.729 1 28.920 0.823	67.358 1
2	1	28.365 1	67.770 1
2	1	28.227 1	67.185 1
2	1	28.588 1	67.479 1
2	1	28.654 1	67.805 1
2	1	28.710 1	67.1064 1
2	1	28.735 1	67.590 1
2	1	28.872 1	67.964 1
2	1	28.163 1	67.1087 1
3	2	28.106 1 28.306 0.075	67.338 1
2	1	28.655 1	67.807 1
2	1	28.587 1	67.486 1
2	1	28.644 1	67.779 1
2	1	28.809 1	67.213 1
2	1	28.117 1	67.593 1
2	1	28.160 1	67.1090 1
2	1	28.87 1	67.136 1
2	1	28.360 1	67.1035 1
2	1	28.38 1	67.1070 1
2	1	28.727 1	67.360 1
2	1	28.728 1	67.359 1
2	1	28.75 1	67.285 1
2	1	28.845 1	67.799 1
2	1	28.544 1	67.518 1
2	1	28.699 1	67.254 1
2	1	28.23 1	67.20 1
2	1	28.114 1	67.594 1
2	1	28.646 1	67.781 1
2	1	28.224 1	67.183 1
2	1	28.115 1	67.596 1
2	1	28.129 1	67.158 1
2	1	28.461 1	67.365 1
2	1	28.1021 1	67.1122 1
2	1	28.119 1	67.828 1
2	1	28.355 1	67.679 1
2	1	28.933 1	67.492 1
2	1	28.395 1	67.388 1
2	1	28.40 1	67.1069 1
2	1	28.596 1	67.458 1
2	1	28.616 1	67.300 1
2	1	28.873 1	67.965 1
2	1	28.786 1	67.455 1
2	1	28.555 1	67.449 1
2	1	28.402 1	67.794 1
2	1	28.583 1	67.495 1
2	1	28.390 1	67.893 1
2	1	28.641 1	67.772 1
2	1	28.656 1	67.808 1
2	1	28.788 1	67.756 1
2	1	28.868 1	67.961 1
3	2	28.499 1	67.763 1 67.34 0.904
2	1	28.6 1	67.6 1
2	1	28.785 1	67.456 1
2	1	28.237 1	67.398 1
2	1	28.203 1	67.1017 1
2	1	28.217 1	67.1002 1
2	1	28.816 1	67.927 1
2	1	28.724 1	67.349 1
2	1	28.85 1	67.134 1
3	2	28.598 1	67.375 1 67.702 0.199
2	1	28.375 1	67.405 1
2	1	28.289 1	67.353 1
3	2	28.827 1 28.687 0.992	67.312 1
2	1	28.101 1	67.854 1
2	1	28.103 1	67.851 1
2	1	28.767 1	67.877 1
2	1	28.769 1	67.873 1
2	1	28.528 1	67.580 1
2	1	28.1022 1	67.1123 1
2	1	28.342 1	67.326 1
2	1	28.37 1	67.1071 1
2	1	28.67 1	67.239 1
2	1	28.726 1	67.364 1
2	1	28.990 1	67.401 1
2	1	28.382 1	67.552 1
2	1	28.592 1	67.476 1
4	3	28.676 0.465 28.677 1 28.682 0.433	67.460 1
2	1	28.29 1	67.240 1
2	1	28.456 1	67.646 1
2	1	28.689 1	67.523 1
2	1	28.373 1	67.348 1
2	1	28.151 1	67.35 1
2	1	28.451 1	67.346 1
2	1	28.541 1	67.545 1
2	1	28.545 1	67.517 1
2	1	28.547 1	67.554 1
2	1	28.17 1	67.195 1
2	1	28.650 1	67.801 1
2	1	28.648 1	67.783 1
2	1	28.290 1	67.354 1
2	1	28.610 1	67.628 1
10	25	28.414 1 28.466 1 28.563 0.888 28.665 0.137 28.446 0.086	67.53 1 67.41 1 67.74 0.277 67.52 0.112 67.796 0.110
2	1	28.454 1	67.589 1
2	1	28.886 1	67.203 1
2	1	28.391 1	67.498 1
2	1	28.1008 0.850	67.1111 0.850
3	2	28.706 0.903	67.96 0.903 67.681 0.903
2	1	28.505 0.846	67.1083 0.846
2	1	28.379 0.864	67.350 0.864
2	1	28.93 0.882	67.526 0.882
2	1	28.91 0.807	67.140 0.807
