Size	Relations	OrthoA	OrthoB
2	1	28.48 1	70.44 1
2	1	28.47 1	70.43 1
2	1	28.325 1	70.566 1
2	1	28.138 1	70.61 1
2	1	28.57 1	70.783 1
2	1	28.805 1	70.132 1
2	1	28.377 1	70.309 1
2	1	28.126 1	70.59 1
2	1	28.647 1	70.594 1
2	1	28.356 1	70.459 1
2	1	28.686 1	70.163 1
2	1	28.540 1	70.766 1
2	1	28.509 1	70.379 1
2	1	28.508 1	70.381 1
2	1	28.300 1	70.677 1
2	1	28.121 1	70.60 1
2	1	28.265 1	70.656 1
2	1	28.511 1	70.172 1
3	2	28.743 1 28.858 0.189	70.131 1
2	1	28.832 1	70.288 1
2	1	28.3 1	70.3 1
2	1	28.784 1	70.327 1
3	2	28.829 1	70.291 1 70.509 0.741
2	1	28.4 1	70.4 1
2	1	28.420 1	70.351 1
2	1	28.1000 1	70.467 1
2	1	28.146 1	70.815 1
2	1	28.891 1	70.104 1
2	1	28.1003 1	70.689 1
2	1	28.518 1	70.411 1
2	1	28.742 1	70.173 1
2	1	28.88 1	70.52 1
2	1	28.90 1	70.54 1
2	1	28.182 1	70.203 1
2	1	28.887 1	70.111 1
2	1	28.13 1	70.13 1
2	1	28.958 1	70.630 1
2	1	28.542 1	70.360 1
2	1	28.759 1	70.690 1
3	2	28.635 1	70.178 0.082 70.179 1
2	1	28.777 1	70.158 1
2	1	28.21 1	70.18 1
2	1	28.297 1	70.151 1
2	1	28.328 1	70.553 1
2	1	28.58 1	70.782 1
2	1	28.164 1	70.803 1
2	1	28.134 1	70.822 1
2	1	28.877 1	70.160 1
2	1	28.1023 1	70.768 1
2	1	28.214 1	70.742 1
2	1	28.441 1	70.366 1
2	1	28.967 1	70.136 1
2	1	28.273 1	70.146 1
2	1	28.634 1	70.180 1
3	2	28.1012 1 28.1008 0.736	70.832 1
2	1	28.305 1	70.829 1
2	1	28.330 1	70.551 1
2	1	28.256 1	70.769 1
2	1	28.841 1	70.776 1
2	1	28.181 1	70.202 1
2	1	28.358 1	70.621 1
2	1	28.318 1	70.249 1
2	1	28.43 1	70.82 1
2	1	28.1013 1	70.833 1
2	1	28.292 1	70.239 1
2	1	28.232 1	70.89 1
2	1	28.179 1	70.625 1
3	2	28.766 1 28.848 0.837	70.662 1
2	1	28.850 1	70.145 1
2	1	28.125 1	70.683 1
2	1	28.535 1	70.259 1
2	1	28.406 1	70.604 1
2	1	28.161 1	70.806 1
2	1	28.145 1	70.816 1
2	1	28.884 1	70.114 1
2	1	28.613 1	70.204 1
2	1	28.970 1	70.133 1
2	1	28.267 1	70.654 1
2	1	28.629 1	70.191 1
2	1	28.278 1	70.770 1
2	1	28.426 1	70.222 1
2	1	28.559 1	70.280 1
2	1	28.104 1	70.643 1
2	1	28.270 1	70.257 1
2	1	28.225 1	70.93 1
3	2	28.625 1	70.118 0.124 70.262 1
2	1	28.166 1	70.818 1
2	1	28.594 1	70.139 1
2	1	28.262 1	70.120 1
4	4	28.1007 1 28.379 0.832	70.827 1 70.235 0.772
2	1	28.276 1	70.772 1
2	1	28.400 1	70.294 1
2	1	28.407 1	70.603 1
2	1	28.536 1	70.258 1
2	1	28.108 1	70.126 1
2	1	28.159 1	70.808 1
2	1	28.165 1	70.819 1
2	1	28.96 1	70.74 1
2	1	28.357 1	70.269 1
2	1	28.863 1	70.702 1
2	1	28.651 1	70.610 1
2	1	28.148 1	70.641 1
2	1	28.275 1	70.773 1
2	1	28.851 1	70.144 1
2	1	28.658 1	70.617 1
2	1	28.198 1	70.758 1
2	1	28.310 1	70.212 1
2	1	28.381 1	70.311 1
2	1	28.35 1	70.794 1
2	1	28.775 1	70.671 1
2	1	28.383 1	70.376 1
2	1	28.460 1	70.246 1
2	1	28.261 1	70.406 1
2	1	28.752 1	70.198 1
2	1	28.819 1	70.799 1
2	1	28.336 1	70.344 1
2	1	28.364 1	70.582 1
2	1	28.18 1	70.15 1
2	1	28.881 1	70.116 1
2	1	28.286 1	70.345 1
2	1	28.842 1	70.777 1
2	1	28.885 1	70.113 1
2	1	28.626 1	70.385 1
2	1	28.440 1	70.365 1
3	2	28.1001 1 28.804 0.906	70.802 1
2	1	28.190 1	70.25 1
2	1	28.16 1	70.727 1
2	1	28.367 1	70.579 1
2	1	28.143 1	70.685 1
2	1	28.147 1	70.30 1
2	1	28.220 1	70.735 1
2	1	28.636 1	70.177 1
2	1	28.20 1	70.17 1
2	1	28.401 1	70.383 1
2	1	28.7 1	70.7 1
2	1	28.404 1	70.606 1
2	1	28.380 1	70.724 1
2	1	28.376 1	70.308 1
2	1	28.761 1	70.693 1
2	1	28.110 1	70.128 1
2	1	28.183 1	70.732 1
2	1	28.228 1	70.86 1
2	1	28.5 1	70.5 1
2	1	28.549 1	70.525 1
2	1	28.755 1	70.719 1
2	1	28.268 1	70.653 1
2	1	28.659 1	70.618 1
2	1	28.1019 1	70.837 1
2	1	28.833 1	70.775 1
2	1	28.463 1	70.698 1
2	1	28.787 1	70.324 1
2	1	28.120 1	70.821 1
2	1	28.309 1	70.285 1
2	1	28.789 1	70.465 1
2	1	28.701 1	70.109 1
2	1	28.326 1	70.555 1
2	1	28.329 1	70.552 1
2	1	28.831 1	70.289 1
2	1	28.639 1	70.213 1
2	1	28.825 1	70.658 1
2	1	28.405 1	70.605 1
2	1	28.100 1	70.648 1
2	1	28.277 1	70.771 1
2	1	28.947 1	70.37 1
2	1	28.316 1	70.248 1
2	1	28.184 1	70.731 1
2	1	28.293 1	70.240 1
2	1	28.1 1	70.1 1
2	1	28.173 1	70.182 1
2	1	28.162 1	70.805 1
2	1	28.514 1	70.535 1
2	1	28.124 1	70.66 1
2	1	28.589 1	70.334 1
2	1	28.102 1	70.646 1
2	1	28.523 1	70.571 1
2	1	28.19 1	70.660 1
2	1	28.185 1	70.730 1
2	1	28.423 1	70.423 1
2	1	28.960 1	70.632 1
2	1	28.323 1	70.568 1
2	1	28.157 1	70.811 1
2	1	28.867 1	70.707 1
2	1	28.68 1	70.717 1
2	1	28.962 1	70.634 1
2	1	28.304 1	70.673 1
2	1	28.195 1	70.761 1
2	1	28.408 1	70.602 1
2	1	28.524 1	70.435 1
2	1	28.763 1	70.695 1
2	1	28.324 1	70.567 1
2	1	28.333 1	70.547 1
2	1	28.645 1	70.592 1
2	1	28.653 1	70.612 1
2	1	28.287 1	70.346 1
3	2	28.231 1 28.688 0.765	70.85 1
2	1	28.527 1	70.430 1
2	1	28.732 1	70.387 1
2	1	28.595 1	70.138 1
2	1	28.718 1	70.723 1
2	1	28.452 1	70.438 1
2	1	28.132 1	70.149 1
2	1	28.201 1	70.755 1
2	1	28.695 1	70.377 1
2	1	28.1020 1	70.839 1
3	2	28.764 1	70.148 1 70.432 0.752
2	1	28.139 1	70.62 1
2	1	28.558 1	70.281 1
2	1	28.122 1	70.64 1
2	1	28.828 1	70.292 1
2	1	28.274 1	70.774 1
2	1	28.561 1	70.338 1
2	1	28.238 1	70.276 1
2	1	28.782 1	70.268 1
2	1	28.372 1	70.232 1
2	1	28.314 1	70.67 1
2	1	28.772 1	70.668 1
2	1	28.83 1	70.46 1
2	1	28.979 1	70.77 1
3	2	28.690 1 28.768 0.669	70.297 1
2	1	28.994 1	70.780 1
2	1	28.1002 1	70.688 1
2	1	28.546 1	70.396 1
2	1	28.638 1	70.214 1
2	1	28.413 1	70.678 1
2	1	28.591 1	70.392 1
2	1	28.696 1	70.228 1
2	1	28.791 1	70.464 1
2	1	28.797 1	70.481 1
2	1	28.89 1	70.53 1
2	1	28.196 1	70.760 1
2	1	28.56 1	70.784 1
2	1	28.837 1	70.230 1
2	1	28.603 1	70.564 1
2	1	28.222 1	70.740 1
2	1	28.127 1	70.68 1
2	1	28.480 1	70.437 1
2	1	28.212 1	70.744 1
2	1	28.756 1	70.720 1
2	1	28.9 1	70.9 1
2	1	28.207 1	70.749 1
3	2	28.319 1 28.174 0.784	70.217 1
2	1	28.202 1	70.754 1
2	1	28.210 1	70.746 1
2	1	28.45 1	70.84 1
2	1	28.55 1	70.785 1
2	1	28.731 1	70.388 1
2	1	28.2 1	70.2 1
2	1	28.774 1	70.670 1
2	1	28.975 1	70.29 1
2	1	28.691 1	70.296 1
3	2	28.128 1	70.813 1 70.814 0.241
2	1	28.241 1	70.255 1
2	1	28.411 1	70.300 1
4	3	28.870 1	70.709 1 70.710 0.658 70.711 0.292
3	2	28.800 1	70.504 1 70.39 0.738
2	1	28.272 1	70.638 1
2	1	28.71 1	70.162 1
2	1	28.109 1	70.127 1
2	1	28.462 1	70.699 1
2	1	28.416 1	70.378 1
2	1	28.313 1	70.485 1
2	1	28.1018 1	70.836 1
2	1	28.771 1	70.667 1
2	1	28.773 1	70.669 1
2	1	28.14 1	70.14 1
2	1	28.11 1	70.11 1
2	1	28.158 1	70.810 1
2	1	28.33 1	70.795 1
2	1	28.264 1	70.266 1
2	1	28.370 1	70.226 1
2	1	28.453 1	70.42 1
2	1	28.366 1	70.580 1
2	1	28.976 1	70.28 1
2	1	28.394 1	70.343 1
2	1	28.946 1	70.484 1
2	1	28.321 1	70.570 1
2	1	28.510 1	70.414 1
2	1	28.427 1	70.403 1
2	1	28.883 1	70.115 1
2	1	28.739 1	70.176 1
2	1	28.948 1	70.36 1
2	1	28.982 1	70.348 1
2	1	28.320 1	70.218 1
2	1	28.966 1	70.137 1
2	1	28.702 1	70.108 1
2	1	28.428 1	70.404 1
2	1	28.889 1	70.106 1
2	1	28.1005 1	70.825 1
2	1	28.152 1	70.34 1
2	1	28.205 1	70.751 1
2	1	28.22 1	70.19 1
2	1	28.301 1	70.676 1
2	1	28.421 1	70.353 1
2	1	28.219 1	70.736 1
3	2	28.27 0.147 28.28 1	70.247 1
4	3	28.80 1	70.185 1 70.407 0.758 70.528 0.753
2	1	28.824 1	70.657 1
2	1	28.971 1	70.725 1
2	1	28.215 1	70.741 1
2	1	28.303 1	70.674 1
2	1	28.417 1	70.205 1
2	1	28.593 1	70.332 1
2	1	28.44 1	70.83 1
2	1	28.762 1	70.694 1
4	4	28.810 1 28.93 0.888	70.122 1 70.38 0.938
2	1	28.430 1	70.364 1
2	1	28.608 1	70.629 1
2	1	28.617 1	70.194 1
3	2	28.1017 0.098 28.32 1	70.796 1
2	1	28.725 1	70.479 1
2	1	28.331 1	70.550 1
2	1	28.112 1	70.454 1
2	1	28.221 1	70.734 1
2	1	28.643 1	70.590 1
2	1	28.72 1	70.468 1
2	1	28.978 1	70.79 1
2	1	28.302 1	70.675 1
2	1	28.308 1	70.284 1
2	1	28.700 1	70.153 1
2	1	28.991 1	70.830 1
2	1	28.888 1	70.110 1
2	1	28.242 1	70.256 1
2	1	28.209 1	70.747 1
2	1	28.371 1	70.227 1
2	1	28.734 1	70.330 1
2	1	28.368 1	70.224 1
2	1	28.84 1	70.48 1
2	1	28.871 1	70.712 1
2	1	28.218 1	70.737 1
2	1	28.369 1	70.225 1
2	1	28.439 1	70.361 1
2	1	28.663 1	70.167 1
2	1	28.389 1	70.480 1
2	1	28.802 1	70.199 1
2	1	28.118 1	70.45 1
2	1	28.167 1	70.820 1
2	1	28.291 1	70.238 1
2	1	28.543 1	70.356 1
2	1	28.322 1	70.569 1
2	1	28.78 1	70.471 1
2	1	28.149 1	70.31 1
2	1	28.186 1	70.729 1
2	1	28.972 1	70.726 1
2	1	28.642 1	70.589 1
2	1	28.113 1	70.452 1
2	1	28.200 1	70.756 1
2	1	28.97 1	70.75 1
3	2	28.984 1	70.316 0.243 70.763 1
2	1	28.199 1	70.757 1
2	1	28.12 1	70.12 1
2	1	28.156 1	70.812 1
2	1	28.168 1	70.206 1
2	1	28.652 1	70.611 1
2	1	28.981 1	70.349 1
2	1	28.554 1	70.320 1
4	3	28.105 1 28.92 0.816 28.296 0.941	70.124 1
2	1	28.484 1	70.542 1
2	1	28.988 1	70.40 1
2	1	28.142 1	70.686 1
2	1	28.343 1	70.210 1
2	1	28.36 1	70.793 1
2	1	28.961 1	70.633 1
2	1	28.194 1	70.762 1
2	1	28.42 1	70.81 1
2	1	28.76 1	70.187 1
3	2	28.235 1 28.703 0.118	70.718 1
2	1	28.8 1	70.8 1
2	1	28.211 1	70.745 1
2	1	28.311 1	70.623 1
2	1	28.600 1	70.561 1
2	1	28.698 1	70.155 1
2	1	28.239 1	70.277 1
2	1	28.236 1	70.273 1
2	1	28.865 1	70.704 1
2	1	28.229 1	70.87 1
2	1	28.424 1	70.496 1
2	1	28.758 1	70.642 1
2	1	28.864 1	70.703 1
2	1	28.341 1	70.208 1
2	1	28.615 1	70.196 1
3	2	28.488 1	70.442 1 70.478 0.391
2	1	28.223 1	70.90 1
2	1	28.393 1	70.342 1
2	1	28.730 1	70.221 1
2	1	28.1006 1	70.826 1
2	1	28.24 1	70.21 1
2	1	28.965 1	70.637 1
2	1	28.779 1	70.597 1
2	1	28.878 1	70.159 1
2	1	28.987 1	70.41 1
2	1	28.155 1	70.286 1
2	1	28.312 1	70.622 1
2	1	28.269 1	70.652 1
2	1	28.332 1	70.549 1
2	1	28.365 1	70.581 1
3	2	28.82 1 28.711 0.880	70.189 1
2	1	28.106 1	70.220 1
2	1	28.213 1	70.743 1
2	1	28.31 1	70.797 1
2	1	28.189 1	70.24 1
2	1	28.204 1	70.752 1
2	1	28.59 1	70.71 1
2	1	28.692 1	70.295 1
2	1	28.968 1	70.135 1
2	1	28.830 1	70.290 1
2	1	28.192 1	70.254 1
2	1	28.765 1	70.147 1
2	1	28.206 1	70.750 1
2	1	28.644 1	70.591 1
2	1	28.963 1	70.635 1
2	1	28.160 1	70.807 1
2	1	28.30 1	70.798 1
2	1	28.590 1	70.722 1
2	1	28.599 1	70.560 1
3	2	28.713 1	70.472 0.064 70.476 1
2	1	28.959 1	70.631 1
2	1	28.500 1	70.181 1
2	1	28.180 1	70.721 1
2	1	28.392 1	70.341 1
2	1	28.539 1	70.175 1
2	1	28.977 1	70.57 1
2	1	28.402 1	70.607 1
2	1	28.458 1	70.373 1
2	1	28.601 1	70.562 1
2	1	28.10 1	70.10 1
2	1	28.208 1	70.748 1
2	1	28.587 1	70.336 1
2	1	28.809 1	70.123 1
2	1	28.197 1	70.759 1
2	1	28.216 1	70.739 1
2	1	28.288 1	70.624 1
2	1	28.86 1	70.50 1
2	1	28.872 1	70.713 1
2	1	28.770 1	70.666 1
2	1	28.980 1	70.350 1
2	1	28.26 1	70.23 1
2	1	28.513 1	70.534 1
2	1	28.140 1	70.63 1
2	1	28.710 1	70.97 1
2	1	28.227 1	70.94 1
2	1	28.25 1	70.22 1
2	1	28.327 1	70.554 1
2	1	28.114 1	70.451 1
2	1	28.178 1	70.626 1
2	1	28.442 1	70.412 1
2	1	28.646 1	70.593 1
2	1	28.544 1	70.355 1
3	2	28.729 1 28.920 0.823	70.241 1
2	1	28.95 1	70.73 1
2	1	28.410 1	70.513 1
2	1	28.1021 1	70.840 1
2	1	28.38 1	70.697 1
2	1	28.87 1	70.51 1
2	1	28.655 1	70.615 1
2	1	28.163 1	70.804 1
2	1	28.298 1	70.107 1
2	1	28.654 1	70.613 1
2	1	28.260 1	70.405 1
2	1	28.461 1	70.245 1
3	2	28.612 0.240 28.627 1	70.362 1
2	1	28.266 1	70.655 1
2	1	28.375 1	70.278 1
2	1	28.588 1	70.335 1
2	1	28.964 1	70.636 1
2	1	28.263 1	70.264 1
2	1	28.845 1	70.272 1
2	1	28.115 1	70.453 1
2	1	28.129 1	70.70 1
2	1	28.596 1	70.328 1
2	1	28.727 1	70.243 1
2	1	28.75 1	70.188 1
2	1	28.485 1	70.543 1
4	4	28.933 1 28.53 0.845	70.524 1 70.530 0.879
2	1	28.699 1	70.154 1
2	1	28.786 1	70.325 1
2	1	28.141 1	70.687 1
2	1	28.23 1	70.20 1
2	1	28.583 1	70.337 1
2	1	28.6 1	70.6 1
2	1	28.641 1	70.587 1
2	1	28.735 1	70.444 1
2	1	28.255 1	70.817 1
2	1	28.81 1	70.184 1
2	1	28.873 1	70.714 1
2	1	28.289 1	70.236 1
2	1	28.616 1	70.195 1
2	1	28.728 1	70.242 1
2	1	28.769 1	70.664 1
2	1	28.995 1	70.779 1
2	1	28.119 1	70.627 1
2	1	28.395 1	70.260 1
2	1	28.499 1	70.572 1
2	1	28.555 1	70.319 1
2	1	28.101 1	70.647 1
2	1	28.103 1	70.644 1
2	1	28.117 1	70.447 1
2	1	28.767 1	70.663 1
2	1	28.788 1	70.565 1
2	1	28.868 1	70.708 1
2	1	28.217 1	70.738 1
2	1	28.886 1	70.112 1
2	1	28.203 1	70.753 1
3	2	28.598 1	70.601 1 70.88 0.075
2	1	28.726 1	70.244 1
2	1	28.390 1	70.680 1
2	1	28.85 1	70.49 1
2	1	28.704 1	70.413 1
2	1	28.151 1	70.33 1
2	1	28.656 1	70.616 1
2	1	28.953 1	70.450 1
2	1	28.724 1	70.234 1
2	1	28.342 1	70.209 1
2	1	28.1004 1	70.824 1
2	1	28.1022 1	70.841 1
2	1	28.585 1	70.267 1
2	1	28.528 1	70.428 1
2	1	28.547 1	70.395 1
2	1	28.818 1	70.800 1
2	1	28.91 1	70.55 1
2	1	28.37 1	70.792 1
2	1	28.382 1	70.393 1
2	1	28.545 1	70.354 1
2	1	28.785 1	70.326 1
2	1	28.224 1	70.91 1
2	1	28.290 1	70.237 1
2	1	28.592 1	70.333 1
3	2	28.67 1 28.29 0.756	70.483 1
3	2	28.827 1 28.687 0.861	70.201 1
2	1	28.650 1	70.609 1
2	1	28.609 1	70.574 1
2	1	28.474 1	70.595 1
2	1	28.317 1	70.250 1
2	1	28.237 1	70.275 1
2	1	28.46 1	70.823 1
3	2	28.610 1	70.339 0.132 70.473 1
3	2	28.340 0.133 28.397 1	70.271 1
2	1	28.451 1	70.231 1
3	2	28.387 1	70.424 1 70.765 0.112
2	1	28.648 1	70.596 1
2	1	28.391 1	70.340 1
2	1	28.706 0.955	70.536 0.955
