Size	Relations	OrthoA	OrthoB
2	1	28.48 1	69.40 1
2	1	28.47 1	69.39 1
2	1	28.325 1	69.422 1
2	1	28.138 1	69.632 1
2	1	28.57 1	69.638 1
2	1	28.710 1	69.282 1
2	1	28.549 1	69.185 1
2	1	28.805 1	69.130 1
2	1	28.126 1	69.634 1
2	1	28.686 1	69.164 1
2	1	28.377 1	69.321 1
2	1	28.647 1	69.436 1
2	1	28.509 1	69.339 1
2	1	28.356 1	69.375 1
2	1	28.540 1	69.626 1
2	1	28.265 1	69.227 1
2	1	28.508 1	69.340 1
3	2	28.743 1 28.858 0.182	69.391 1
2	1	28.511 1	69.179 1
2	1	28.121 1	69.633 1
2	1	28.4 1	69.4 1
2	1	28.832 1	69.307 1
2	1	28.829 1	69.310 1
2	1	28.3 1	69.3 1
2	1	28.300 1	69.203 1
2	1	28.146 1	69.673 1
2	1	28.742 1	69.526 1
2	1	28.784 1	69.397 1
2	1	28.891 1	69.95 1
2	1	28.895 1	69.127 1
2	1	28.13 1	69.13 1
2	1	28.88 1	69.52 1
2	1	28.90 1	69.54 1
2	1	28.21 1	69.18 1
2	1	28.1003 1	69.541 1
2	1	28.58 1	69.637 1
2	1	28.297 1	69.139 1
2	1	28.635 1	69.510 1
2	1	28.182 1	69.487 1
2	1	28.1000 1	69.377 1
2	1	28.43 1	69.667 1
2	1	28.441 1	69.384 1
2	1	28.164 1	69.145 1
2	1	28.777 1	69.565 1
2	1	28.887 1	69.583 1
2	1	28.518 1	69.148 1
2	1	28.328 1	69.409 1
2	1	28.877 1	69.161 1
2	1	28.134 1	69.680 1
3	2	28.273 1 28.700 0.749	69.106 1
4	4	28.1012 1 28.1008 0.791	69.687 0.720 69.689 1
2	1	28.214 1	69.605 1
2	1	28.305 1	69.322 1
2	1	28.759 1	69.542 1
2	1	28.542 1	69.392 1
2	1	28.330 1	69.407 1
2	1	28.286 1	69.257 1
2	1	28.145 1	69.676 1
2	1	28.179 1	69.244 1
2	1	28.634 1	69.508 1
2	1	28.292 1	69.455 1
2	1	28.974 1	69.45 1
2	1	28.232 1	69.88 1
2	1	28.406 1	69.530 1
3	2	28.766 1 28.848 0.834	69.221 1
2	1	28.358 1	69.247 1
2	1	28.161 1	69.660 1
2	1	28.125 1	69.181 1
2	1	28.318 1	69.273 1
2	1	28.559 1	69.301 1
2	1	28.278 1	69.103 1
2	1	28.713 1	69.189 1
3	2	28.625 1	69.281 1 69.519 0.089
2	1	28.287 1	69.258 1
2	1	28.166 1	69.43 1
2	1	28.104 1	69.235 1
5	6	28.1013 1 28.379 0.744 28.1007 0.707	69.688 0.879 69.690 1
2	1	28.181 1	69.488 1
2	1	28.165 1	69.42 1
4	4	28.357 1 28.148 0.800	69.286 1 69.641 0.813
2	1	28.381 1	69.226 1
2	1	28.76 1	69.169 1
2	1	28.270 1	69.278 1
2	1	28.108 1	69.116 1
2	1	28.400 1	69.312 1
2	1	28.536 1	69.120 1
2	1	28.267 1	69.229 1
2	1	28.276 1	69.101 1
2	1	28.159 1	69.661 1
2	1	28.629 1	69.297 1
2	1	28.64 1	69.154 1
2	1	28.198 1	69.621 1
2	1	28.96 1	69.69 1
2	1	28.884 1	69.580 1
2	1	28.275 1	69.100 1
3	2	28.1001 1 28.804 0.906	69.656 1
2	1	28.35 1	69.651 1
2	1	28.407 1	69.529 1
2	1	28.460 1	69.270 1
2	1	28.380 1	69.472 1
2	1	28.420 1	69.330 1
2	1	28.225 1	69.91 1
2	1	28.336 1	69.328 1
2	1	28.863 1	69.549 1
2	1	28.613 1	69.486 1
2	1	28.535 1	69.121 1
2	1	28.842 1	69.628 1
3	2	28.16 1	69.151 1 69.591 0.116
2	1	28.367 1	69.449 1
2	1	28.5 1	69.5 1
2	1	28.894 1	69.126 1
2	1	28.819 1	69.590 1
2	1	28.143 1	69.537 1
2	1	28.881 1	69.563 1
2	1	28.18 1	69.15 1
2	1	28.440 1	69.385 1
2	1	28.228 1	69.85 1
2	1	28.752 1	69.494 1
2	1	28.183 1	69.596 1
2	1	28.651 1	69.439 1
2	1	28.120 1	69.679 1
2	1	28.110 1	69.118 1
2	1	28.364 1	69.429 1
2	1	28.755 1	69.105 1
2	1	28.787 1	69.400 1
2	1	28.658 1	69.445 1
2	1	28.761 1	69.544 1
2	1	28.190 1	69.24 1
2	1	28.268 1	69.230 1
2	1	28.20 1	69.17 1
2	1	28.220 1	69.598 1
2	1	28.659 1	69.446 1
2	1	28.885 1	69.581 1
2	1	28.184 1	69.595 1
2	1	28.636 1	69.512 1
2	1	28.7 1	69.7 1
2	1	28.1019 1	69.692 1
2	1	28.147 1	69.27 1
2	1	28.376 1	69.320 1
2	1	28.100 1	69.232 1
2	1	28.277 1	69.102 1
2	1	28.404 1	69.532 1
2	1	28.712 1	69.188 1
2	1	28.175 1	69.291 1
2	1	28.947 1	69.34 1
2	1	28.405 1	69.531 1
2	1	28.1016 1	69.642 1
2	1	28.124 1	69.60 1
2	1	28.316 1	69.271 1
2	1	28.463 1	69.129 1
2	1	28.960 1	69.241 1
2	1	28.1015 1	69.643 1
2	1	28.423 1	69.361 1
2	1	28.831 1	69.308 1
2	1	28.867 1	69.553 1
2	1	28.523 1	69.223 1
2	1	28.162 1	69.659 1
2	1	28.293 1	69.454 1
2	1	28.63 1	69.152 1
2	1	28.626 1	69.342 1
2	1	28.825 1	69.224 1
2	1	28.326 1	69.414 1
2	1	28.718 1	69.162 1
2	1	28.401 1	69.341 1
2	1	28.201 1	69.618 1
2	1	28.639 1	69.478 1
2	1	28.800 1	69.183 1
2	1	28.732 1	69.344 1
2	1	28.185 1	69.594 1
2	1	28.764 1	69.135 1
2	1	28.132 1	69.136 1
2	1	28.195 1	69.624 1
2	1	28.763 1	69.546 1
2	1	28.680 1	69.172 1
2	1	28.122 1	69.58 1
2	1	28.408 1	69.528 1
2	1	28.645 1	69.434 1
2	1	28.653 1	69.441 1
2	1	28.782 1	69.144 1
3	2	28.231 1 28.688 0.727	69.84 1
2	1	28.675 1	69.147 1
2	1	28.222 1	69.603 1
2	1	28.279 1	69.250 1
2	1	28.638 1	69.477 1
2	1	28.514 1	69.404 1
2	1	28.828 1	69.311 1
2	1	28.127 1	69.62 1
2	1	28.157 1	69.663 1
2	1	28.372 1	69.462 1
2	1	28.558 1	69.302 1
4	3	28.676 1 28.677 0.271 28.682 0.368	69.170 1
2	1	28.238 1	69.294 1
2	1	28.527 1	69.364 1
2	1	28.452 1	69.366 1
2	1	28.701 1	69.585 1
3	2	28.519 0.124 28.757 1	69.208 1
2	1	28.83 1	69.46 1
2	1	28.984 1	69.143 1
2	1	28.546 1	69.351 1
2	1	28.696 1	69.464 1
2	1	28.45 1	69.665 1
2	1	28.411 1	69.317 1
2	1	28.210 1	69.609 1
2	1	28.589 1	69.333 1
2	1	28.202 1	69.617 1
2	1	28.196 1	69.623 1
2	1	28.139 1	69.631 1
2	1	28.207 1	69.612 1
2	1	28.55 1	69.640 1
2	1	28.56 1	69.639 1
2	1	28.329 1	69.408 1
2	1	28.212 1	69.607 1
2	1	28.595 1	69.133 1
2	1	28.2 1	69.2 1
2	1	28.274 1	69.99 1
2	1	28.731 1	69.345 1
2	1	28.109 1	69.117 1
2	1	28.284 1	69.255 1
2	1	28.462 1	69.128 1
2	1	28.102 1	69.234 1
3	2	28.690 1 28.768 0.621	69.316 1
2	1	28.22 1	69.19 1
3	2	28.72 1 28.78 0.839	69.516 1
3	2	28.319 1 28.174 0.824	69.474 1
2	1	28.702 1	69.98 1
2	1	28.89 1	69.53 1
2	1	28.975 1	69.26 1
2	1	28.1 1	69.1 1
2	1	28.314 1	69.59 1
2	1	28.158 1	69.662 1
2	1	28.756 1	69.104 1
2	1	28.370 1	69.466 1
2	1	28.691 1	69.315 1
2	1	28.416 1	69.337 1
3	2	28.27 1 28.28 0.123	69.156 1
2	1	28.427 1	69.353 1
3	2	28.740 0.344 28.893 1	69.125 1
2	1	28.366 1	69.427 1
2	1	28.603 1	69.418 1
2	1	28.1020 1	69.693 1
2	1	28.272 1	69.237 1
2	1	28.44 1	69.666 1
2	1	28.1002 1	69.540 1
2	1	28.9 1	69.9 1
2	1	28.152 1	69.31 1
2	1	28.71 1	69.163 1
2	1	28.33 1	69.652 1
2	1	28.772 1	69.213 1
2	1	28.205 1	69.614 1
2	1	28.303 1	69.207 1
2	1	28.991 1	69.521 1
2	1	28.774 1	69.210 1
2	1	28.394 1	69.327 1
2	1	28.824 1	69.225 1
2	1	28.1005 1	69.682 1
2	1	28.971 1	69.586 1
2	1	28.219 1	69.599 1
2	1	28.241 1	69.276 1
2	1	28.313 1	69.378 1
2	1	28.642 1	69.431 1
2	1	28.979 1	69.78 1
2	1	28.368 1	69.468 1
3	2	28.413 1	69.202 0.219 69.32 1
2	1	28.617 1	69.497 1
2	1	28.1018 1	69.691 1
3	2	28.128 1	69.123 1 69.124 0.384
2	1	28.215 1	69.604 1
2	1	28.421 1	69.332 1
2	1	28.11 1	69.11 1
2	1	28.889 1	69.96 1
2	1	28.371 1	69.465 1
2	1	28.221 1	69.597 1
2	1	28.301 1	69.205 1
2	1	28.739 1	69.41 1
2	1	28.84 1	69.48 1
2	1	28.978 1	69.80 1
2	1	28.168 1	69.483 1
2	1	28.771 1	69.214 1
2	1	28.948 1	69.33 1
2	1	28.80 1	69.503 1
4	4	28.870 1 28.791 0.900	69.555 0.590 69.556 1
2	1	28.982 1	69.684 1
2	1	28.209 1	69.610 1
2	1	28.264 1	69.567 1
2	1	28.302 1	69.206 1
2	1	28.308 1	69.305 1
2	1	28.331 1	69.406 1
2	1	28.417 1	69.484 1
2	1	28.543 1	69.393 1
2	1	28.734 1	69.395 1
2	1	28.883 1	69.564 1
2	1	28.663 1	69.176 1
2	1	28.972 1	69.587 1
2	1	28.218 1	69.600 1
2	1	28.681 1	69.171 1
4	3	28.42 1	69.668 0.322 69.669 0.537 69.670 1
2	1	28.156 1	69.664 1
2	1	28.242 1	69.277 1
2	1	28.167 1	69.678 1
2	1	28.320 1	69.473 1
2	1	28.725 1	69.180 1
2	1	28.840 1	69.283 1
2	1	28.199 1	69.620 1
2	1	28.428 1	69.354 1
2	1	28.510 1	69.358 1
2	1	28.59 1	69.410 1
2	1	28.12 1	69.12 1
2	1	28.369 1	69.467 1
3	2	28.810 1 28.706 0.937	69.108 1
2	1	28.871 1	69.557 1
2	1	28.200 1	69.619 1
2	1	28.773 1	69.212 1
3	2	28.1017 0.168 28.32 1	69.653 1
2	1	28.643 1	69.432 1
2	1	28.118 1	69.44 1
2	1	28.285 1	69.256 1
2	1	28.343 1	69.479 1
2	1	28.239 1	69.295 1
2	1	28.291 1	69.456 1
3	2	28.82 1 28.711 0.858	69.173 1
2	1	28.155 1	69.218 1
2	1	28.981 1	69.683 1
2	1	28.424 1	69.335 1
3	2	28.19 1 28.660 0.073	69.222 1
2	1	28.36 1	69.650 1
3	2	28.695 1	69.671 1 69.336 1
2	1	28.730 1	69.470 1
2	1	28.600 1	69.415 1
2	1	28.8 1	69.8 1
2	1	28.211 1	69.608 1
2	1	28.194 1	69.625 1
2	1	28.615 1	69.495 1
2	1	28.31 1	69.654 1
2	1	28.322 1	69.423 1
2	1	28.97 1	69.70 1
2	1	28.149 1	69.28 1
2	1	28.554 1	69.402 1
2	1	28.845 1	69.382 1
2	1	28.332 1	69.405 1
2	1	28.443 1	69.592 1
7	6	28.949 1	69.259 0.700 69.260 1 69.261 0.134 69.262 0.119 69.263 0.133 69.264 0.109
2	1	28.1006 1	69.685 1
2	1	28.341 1	69.481 1
2	1	28.223 1	69.89 1
2	1	28.14 1	69.14 1
2	1	28.878 1	69.160 1
2	1	28.988 1	69.37 1
2	1	28.312 1	69.246 1
2	1	28.142 1	69.538 1
2	1	28.236 1	69.292 1
2	1	28.365 1	69.428 1
2	1	28.488 1	69.182 1
2	1	28.965 1	69.238 1
2	1	28.140 1	69.630 1
2	1	28.186 1	69.593 1
2	1	28.68 1	69.132 1
2	1	28.865 1	69.551 1
2	1	28.213 1	69.606 1
2	1	28.269 1	69.231 1
2	1	28.288 1	69.245 1
2	1	28.758 1	69.236 1
2	1	28.987 1	69.38 1
2	1	28.652 1	69.440 1
2	1	28.105 1	69.110 1
2	1	28.206 1	69.613 1
2	1	28.762 1	69.545 1
4	3	28.235 1 28.703 0.159 28.952 0.082	69.131 1
2	1	28.539 1	69.514 1
2	1	28.692 1	69.314 1
2	1	28.708 1	69.570 1
2	1	28.24 1	69.20 1
2	1	28.601 1	69.416 1
2	1	28.393 1	69.326 1
3	2	28.612 0.206 28.627 1	69.389 1
2	1	28.698 1	69.155 1
2	1	28.809 1	69.109 1
2	1	28.208 1	69.611 1
2	1	28.204 1	69.615 1
2	1	28.864 1	69.550 1
2	1	28.872 1	69.559 1
2	1	28.25 1	69.21 1
2	1	28.281 1	69.252 1
3	2	28.81 1	69.165 1 69.504 0.844
2	1	28.113 1	69.371 1
2	1	28.192 1	69.275 1
2	1	28.283 1	69.254 1
2	1	28.654 1	69.442 1
2	1	28.178 1	69.243 1
2	1	28.197 1	69.622 1
2	1	28.830 1	69.309 1
2	1	28.227 1	69.92 1
2	1	28.327 1	69.413 1
2	1	28.714 1	69.190 1
6	9	28.92 0.051 28.93 1 28.833 1	69.509 1 69.645 0.871 69.313 0.816
2	1	28.30 1	69.655 1
2	1	28.392 1	69.325 1
2	1	28.500 1	69.507 1
2	1	28.513 1	69.390 1
2	1	28.53 1	69.198 1
2	1	28.95 1	69.68 1
2	1	28.10 1	69.10 1
2	1	28.216 1	69.602 1
2	1	28.868 1	69.554 1
3	2	28.729 1 28.920 0.823	69.453 1
2	1	28.977 1	69.57 1
2	1	28.727 1	69.451 1
2	1	28.461 1	69.269 1
2	1	28.587 1	69.323 1
2	1	28.655 1	69.443 1
2	1	28.26 1	69.22 1
2	1	28.38 1	69.648 1
3	2	28.75 1	69.168 1 69.500 0.830
2	1	28.73 1	69.166 1
2	1	28.112 1	69.635 1
2	1	28.266 1	69.228 1
3	2	28.296 1	69.137 0.535 69.138 1
2	1	28.646 1	69.435 1
2	1	28.189 1	69.23 1
2	1	28.442 1	69.357 1
2	1	28.129 1	69.67 1
3	2	28.229 1 28.230 0.085	69.86 1
2	1	28.765 1	69.134 1
2	1	28.786 1	69.399 1
2	1	28.163 1	69.658 1
2	1	28.588 1	69.334 1
2	1	28.87 1	69.51 1
2	1	28.395 1	69.279 1
2	1	28.115 1	69.372 1
2	1	28.769 1	69.217 1
2	1	28.959 1	69.242 1
2	1	28.699 1	69.149 1
2	1	28.544 1	69.394 1
2	1	28.114 1	69.370 1
2	1	28.6 1	69.6 1
2	1	28.704 1	69.574 1
2	1	28.596 1	69.396 1
2	1	28.873 1	69.560 1
2	1	28.101 1	69.233 1
2	1	28.217 1	69.601 1
2	1	28.499 1	69.424 1
2	1	28.1021 1	69.694 1
2	1	28.298 1	69.97 1
2	1	28.203 1	69.616 1
2	1	28.641 1	69.430 1
2	1	28.689 1	69.211 1
2	1	28.728 1	69.452 1
2	1	28.85 1	69.49 1
2	1	28.1014 1	69.644 1
2	1	28.390 1	69.200 1
2	1	28.402 1	69.533 1
2	1	28.616 1	69.496 1
2	1	28.644 1	69.433 1
2	1	28.656 1	69.444 1
2	1	28.86 1	69.50 1
2	1	28.493 1	69.71 1
2	1	28.598 1	69.87 1
2	1	28.788 1	69.421 1
2	1	28.1022 1	69.695 1
2	1	28.555 1	69.403 1
2	1	28.375 1	69.300 1
2	1	28.528 1	69.363 1
2	1	28.237 1	69.293 1
2	1	28.516 1	69.535 1
2	1	28.902 1	69.192 1
2	1	28.964 1	69.239 1
2	1	28.342 1	69.480 1
2	1	28.547 1	69.350 1
2	1	28.674 1	69.146 1
2	1	28.724 1	69.458 1
2	1	28.953 1	69.536 1
2	1	28.355 1	69.522 1
2	1	28.454 1	69.368 1
3	2	28.67 1 28.29 0.837	69.201 1
2	1	28.785 1	69.398 1
2	1	28.599 1	69.122 1
2	1	28.141 1	69.539 1
2	1	28.767 1	69.220 1
2	1	28.818 1	69.248 1
12	11	28.436 0.150 28.438 0.131 28.444 0.151 28.449 1 28.468 0.167 28.517 0.181 28.606 0.190 28.622 0.103 28.716 0.078 28.721 0.144 28.748 0.116	69.460 1
2	1	28.382 1	69.347 1
2	1	28.317 1	69.383 1
2	1	28.726 1	69.450 1
2	1	28.117 1	69.369 1
2	1	28.151 1	69.30 1
2	1	28.650 1	69.438 1
2	1	28.373 1	69.459 1
2	1	28.609 1	69.426 1
2	1	28.224 1	69.90 1
2	1	28.456 1	69.380 1
2	1	28.91 0.811	69.55 0.811
