Size	Relations	OrthoA	OrthoB
2	1	26.1060 1	69.40 1
2	1	26.1059 1	69.39 1
2	1	26.230 1	69.422 1
2	1	26.417 1	69.632 1
2	1	26.1063 1	69.638 1
2	1	26.631 1	69.282 1
2	1	26.1241 1	69.185 1
2	1	26.786 1	69.130 1
2	1	26.427 1	69.634 1
2	1	26.587 1	69.164 1
2	1	26.567 1	69.436 1
2	1	26.282 1	69.321 1
2	1	26.254 1	69.375 1
2	1	26.1253 1	69.626 1
2	1	26.522 1	69.339 1
2	1	26.811 1	69.307 1
2	1	26.520 1	69.340 1
2	1	26.145 1	69.227 1
2	1	26.841 1	69.391 1
2	1	26.432 1	69.633 1
2	1	26.1016 1	69.3 1
2	1	26.1017 1	69.4 1
2	1	26.39 1	69.673 1
2	1	26.808 1	69.310 1
2	1	26.514 1	69.377 1
2	1	26.181 1	69.203 1
2	1	26.689 1	69.526 1
2	1	26.749 1	69.397 1
2	1	26.908 1	69.95 1
2	1	26.684 1	69.127 1
2	1	26.1026 1	69.13 1
2	1	26.466 1	69.54 1
2	1	26.997 1	69.541 1
2	1	26.177 1	69.139 1
2	1	26.468 1	69.52 1
2	1	26.1030 1	69.18 1
2	1	26.1064 1	69.637 1
2	1	26.553 1	69.510 1
2	1	26.741 1	69.565 1
2	1	26.76 1	69.487 1
2	1	26.1054 1	69.667 1
2	1	26.904 1	69.583 1
2	1	26.57 1	69.145 1
2	1	26.1139 1	69.384 1
2	1	26.747 1	69.387 1
2	1	26.531 1	69.148 1
2	1	26.421 1	69.680 1
2	1	26.233 1	69.409 1
2	1	26.186 1	69.322 1
2	1	26.1272 1	69.144 1
2	1	26.154 1	69.106 1
2	1	26.896 1	69.161 1
5	6	26.1004 1 26.296 0.152 26.1002 0.791	69.687 0.711 69.689 1
2	1	26.73 1	69.244 1
2	1	26.167 1	69.257 1
2	1	26.719 1	69.542 1
2	1	26.108 1	69.605 1
2	1	26.126 1	69.88 1
2	1	26.1251 1	69.392 1
2	1	26.355 1	69.530 1
2	1	26.235 1	69.407 1
2	1	26.256 1	69.247 1
2	1	26.552 1	69.508 1
2	1	26.1069 1	69.154 1
2	1	26.950 1	69.45 1
2	1	26.173 1	69.455 1
2	1	26.428 1	69.181 1
2	1	26.729 1	69.221 1
2	1	26.54 1	69.660 1
2	1	26.59 1	69.43 1
2	1	26.159 1	69.103 1
2	1	26.208 1	69.273 1
2	1	26.638 1	69.189 1
3	2	26.645 1	69.519 0.246 69.534 1
2	1	26.451 1	69.235 1
4	4	26.1005 1 26.1001 0.723	69.688 0.880 69.690 1
2	1	26.168 1	69.258 1
2	1	26.1228 1	69.301 1
2	1	26.75 1	69.488 1
2	1	26.255 1	69.286 1
2	1	26.147 1	69.229 1
2	1	26.328 1	69.312 1
2	1	26.58 1	69.42 1
2	1	26.297 1	69.226 1
2	1	26.151 1	69.278 1
2	1	26.448 1	69.116 1
2	1	26.1156 1	69.71 1
2	1	26.157 1	69.101 1
2	1	26.837 1	69.628 1
2	1	26.120 1	69.91 1
2	1	26.901 1	69.580 1
2	1	26.92 1	69.621 1
2	1	26.356 1	69.529 1
2	1	26.156 1	69.100 1
2	1	26.368 1	69.330 1
2	1	26.269 1	69.449 1
2	1	26.52 1	69.661 1
2	1	26.1191 1	69.486 1
2	1	26.1046 1	69.651 1
2	1	26.41 1	69.641 1
2	1	26.460 1	69.69 1
2	1	26.882 1	69.549 1
2	1	26.411 1	69.537 1
2	1	26.683 1	69.126 1
2	1	26.995 1	69.656 1
2	1	26.1018 1	69.5 1
2	1	26.446 1	69.118 1
2	1	26.616 1	69.472 1
2	1	26.241 1	69.328 1
2	1	26.77 1	69.596 1
2	1	26.498 1	69.93 1
2	1	26.716 1	69.105 1
2	1	26.690 1	69.494 1
2	1	26.899 1	69.563 1
2	1	26.436 1	69.679 1
2	1	26.1028 1	69.15 1
4	3	26.340 1	69.151 1 69.386 0.063 69.591 0.129
2	1	26.571 1	69.439 1
2	1	26.1140 1	69.385 1
2	1	26.122 1	69.85 1
2	1	26.752 1	69.400 1
2	1	26.1039 1	69.120 1
2	1	26.266 1	69.429 1
2	1	26.902 1	69.581 1
2	1	26.37 1	69.676 1
2	1	26.1109 1	69.297 1
2	1	26.78 1	69.595 1
2	1	26.1029 1	69.17 1
2	1	26.1007 1	69.692 1
2	1	26.579 1	69.446 1
2	1	26.84 1	69.24 1
2	1	26.353 1	69.532 1
2	1	26.721 1	69.544 1
2	1	26.554 1	69.512 1
2	1	26.578 1	69.445 1
2	1	26.113 1	69.598 1
2	1	26.40 1	69.27 1
2	1	26.1223 1	69.291 1
2	1	26.1020 1	69.7 1
2	1	26.148 1	69.230 1
2	1	26.281 1	69.320 1
2	1	26.456 1	69.232 1
2	1	26.158 1	69.102 1
3	2	26.332 1 26.125 0.688	69.84 1
2	1	26.617 1	69.216 1
2	1	26.637 1	69.188 1
2	1	26.207 1	69.271 1
2	1	26.928 1	69.34 1
2	1	26.174 1	69.454 1
2	1	26.95 1	69.618 1
2	1	26.371 1	69.361 1
3	2	26.1114 1	69.129 1 69.208 0.727
2	1	26.887 1	69.553 1
2	1	26.937 1	69.241 1
3	2	26.429 1 26.597 0.767	69.60 1
2	1	26.1038 1	69.121 1
2	1	26.1286 1	69.223 1
2	1	26.810 1	69.308 1
2	1	26.231 1	69.414 1
2	1	26.1068 1	69.152 1
2	1	26.354 1	69.531 1
2	1	26.357 1	69.528 1
2	1	26.573 1	69.441 1
2	1	26.727 1	69.342 1
2	1	26.804 1	69.224 1
2	1	26.494 1	69.198 1
2	1	26.558 1	69.478 1
2	1	26.329 1	69.341 1
2	1	26.431 1	69.58 1
2	1	26.644 1	69.162 1
2	1	26.724 1	69.546 1
3	2	26.641 0.074 26.967 1	69.143 1
2	1	26.807 1	69.311 1
2	1	26.89 1	69.624 1
2	1	26.160 1	69.250 1
2	1	26.565 1	69.434 1
2	1	26.726 1	69.135 1
2	1	26.79 1	69.594 1
2	1	26.426 1	69.62 1
2	1	26.55 1	69.659 1
2	1	26.423 1	69.136 1
2	1	26.135 1	69.294 1
2	1	26.557 1	69.477 1
2	1	26.115 1	69.603 1
2	1	26.1229 1	69.302 1
2	1	26.1282 1	69.364 1
2	1	26.454 1	69.234 1
2	1	26.474 1	69.46 1
2	1	26.50 1	69.663 1
2	1	26.717 1	69.104 1
2	1	26.90 1	69.623 1
2	1	26.1056 1	69.665 1
2	1	26.359 1	69.317 1
2	1	26.1216 1	69.333 1
2	1	26.276 1	69.462 1
2	1	26.1015 1	69.2 1
2	1	26.1247 1	69.351 1
2	1	26.416 1	69.631 1
2	1	26.1062 1	69.639 1
2	1	26.528 1	69.404 1
2	1	26.746 1	69.388 1
2	1	26.1115 1	69.128 1
2	1	26.598 1	69.585 1
2	1	26.104 1	69.609 1
2	1	26.165 1	69.255 1
2	1	26.234 1	69.408 1
2	1	26.96 1	69.617 1
2	1	26.51 1	69.662 1
2	1	26.106 1	69.607 1
2	1	26.593 1	69.464 1
2	1	26.1061 1	69.640 1
2	1	26.447 1	69.117 1
2	1	26.155 1	69.99 1
2	1	26.101 1	69.612 1
2	1	26.654 1	69.345 1
2	1	26.951 1	69.26 1
2	1	26.1010 1	69.693 1
2	1	26.467 1	69.53 1
2	1	26.1210 1	69.133 1
3	2	26.224 1 26.67 0.824	69.474 1
2	1	26.1118 1	69.270 1
2	1	26.591 1	69.315 1
2	1	26.153 1	69.237 1
2	1	26.272 1	69.466 1
2	1	26.599 1	69.98 1
2	1	26.996 1	69.540 1
2	1	26.1014 1	69.1 1
3	2	26.682 1	69.125 1 69.193 0.722
2	1	26.739 1	69.210 1
2	1	26.1159 1	69.353 1
2	1	26.184 1	69.207 1
2	1	26.590 1	69.316 1
2	1	26.1031 1	69.19 1
2	1	26.362 1	69.337 1
2	1	26.268 1	69.427 1
3	2	26.333 1 26.273 0.742	69.465 1
2	1	26.737 1	69.213 1
2	1	26.270 1	69.468 1
2	1	26.1055 1	69.666 1
2	1	26.561 1	69.431 1
3	2	26.692 1 26.817 0.649	69.183 1
2	1	26.204 1	69.59 1
2	1	26.99 1	69.614 1
2	1	26.1044 1	69.652 1
2	1	26.1188 1	69.497 1
2	1	26.948 1	69.586 1
2	1	26.182 1	69.205 1
2	1	26.45 1	69.31 1
2	1	26.1022 1	69.9 1
2	1	26.112 1	69.599 1
2	1	26.1006 1	69.691 1
2	1	26.198 1	69.378 1
2	1	26.109 1	69.604 1
4	3	26.1036 0.155 26.1037 1 26.434 0.110	69.156 1
2	1	26.314 1	69.327 1
2	1	26.61 1	69.483 1
2	1	26.906 1	69.96 1
2	1	26.236 1	69.406 1
2	1	26.794 1	69.590 1
2	1	26.999 1	69.682 1
2	1	26.166 1	69.256 1
2	1	26.114 1	69.597 1
2	1	26.1024 1	69.11 1
2	1	26.1162 1	69.684 1
2	1	26.955 1	69.78 1
2	1	26.748 1	69.389 1
2	1	26.138 1	69.276 1
2	1	26.929 1	69.33 1
3	2	26.425 1	69.123 1 69.124 0.388
2	1	26.107 1	69.606 1
2	1	26.1161 1	69.683 1
2	1	26.664 1	69.41 1
3	2	26.361 1	69.202 0.229 69.32 1
2	1	26.369 1	69.332 1
3	2	26.890 1	69.555 1 69.556 0.593
2	1	26.1043 1	69.653 1
2	1	26.1250 1	69.393 1
2	1	26.363 1	69.484 1
2	1	26.1127 1	69.366 1
2	1	26.190 1	69.305 1
2	1	26.582 1	69.176 1
2	1	26.103 1	69.610 1
2	1	26.472 1	69.48 1
2	1	26.139 1	69.277 1
2	1	26.954 1	69.80 1
2	1	26.183 1	69.206 1
3	2	26.477 1	69.355 1 69.503 0.840
3	2	26.736 1 26.1134 0.750	69.214 1
2	1	26.68 1	69.592 1
2	1	26.271 1	69.467 1
2	1	26.803 1	69.225 1
2	1	26.111 1	69.600 1
2	1	26.475 1	69.173 1
2	1	26.655 1	69.344 1
2	1	26.846 1	69.635 1
2	1	26.900 1	69.564 1
2	1	26.372 1	69.335 1
2	1	26.1065 1	69.410 1
2	1	26.523 1	69.358 1
2	1	26.738 1	69.212 1
2	1	26.42 1	69.28 1
2	1	26.949 1	69.587 1
2	1	26.60 1	69.678 1
2	1	26.1025 1	69.12 1
6	9	26.1053 1 26.188 0.403 26.375 0.529	69.668 0.354 69.669 1 69.670 0.543
2	1	26.136 1	69.295 1
2	1	26.439 1	69.44 1
2	1	26.891 1	69.557 1
2	1	26.94 1	69.619 1
2	1	26.49 1	69.664 1
2	1	26.659 1	69.395 1
2	1	26.225 1	69.473 1
2	1	26.1190 1	69.495 1
2	1	26.250 1	69.479 1
2	1	26.563 1	69.432 1
2	1	26.93 1	69.620 1
2	1	26.1202 1	69.418 1
2	1	26.88 1	69.625 1
2	1	26.1021 1	69.8 1
2	1	26.459 1	69.70 1
2	1	26.526 1	69.180 1
2	1	26.105 1	69.608 1
2	1	26.172 1	69.456 1
2	1	26.653 1	69.470 1
2	1	26.897 1	69.160 1
2	1	26.942 1	69.238 1
2	1	26.48 1	69.218 1
2	1	26.1236 1	69.402 1
2	1	26.197 1	69.246 1
2	1	26.1027 1	69.14 1
2	1	26.1205 1	69.415 1
2	1	26.1000 1	69.685 1
2	1	26.1047 1	69.650 1
2	1	26.227 1	69.423 1
3	2	26.1097 1	69.671 1 69.336 0.908
2	1	26.830 1	69.283 1
2	1	26.80 1	69.593 1
2	1	26.132 1	69.292 1
2	1	26.267 1	69.428 1
6	8	26.243 1 26.347 0.086	69.172 1 69.493 0.073 69.521 0.171 69.567 0.129
2	1	26.248 1	69.481 1
2	1	26.413 1	69.538 1
3	2	26.562 0.146 26.620 1	69.131 1
2	1	26.1042 1	69.654 1
3	2	26.791 1	69.108 1 69.645 0.064
2	1	26.450 1	69.110 1
2	1	26.971 1	69.37 1
2	1	26.1158 1	69.354 1
2	1	26.237 1	69.405 1
2	1	26.100 1	69.613 1
2	1	26.149 1	69.231 1
2	1	26.313 1	69.326 1
2	1	26.592 1	69.314 1
2	1	26.884 1	69.551 1
2	1	26.970 1	69.38 1
2	1	26.718 1	69.236 1
2	1	26.118 1	69.89 1
2	1	26.1034 1	69.21 1
2	1	26.809 1	69.309 1
2	1	26.98 1	69.615 1
2	1	26.595 1	69.155 1
2	1	26.953 1	69.57 1
2	1	26.102 1	69.611 1
2	1	26.164 1	69.254 1
2	1	26.169 1	69.245 1
3	2	26.462 1 26.812 1	69.509 1
2	1	26.572 1	69.440 1
2	1	26.883 1	69.550 1
2	1	26.91 1	69.622 1
2	1	26.574 1	69.442 1
2	1	26.1204 1	69.416 1
2	1	26.596 1	69.149 1
2	1	26.1033 1	69.20 1
2	1	26.415 1	69.630 1
2	1	26.1254 1	69.514 1
2	1	26.648 1	69.451 1
2	1	26.892 1	69.559 1
2	1	26.117 1	69.140 1
2	1	26.1218 1	69.323 1
3	2	26.476 1	69.165 1 69.504 0.808
2	1	26.790 1	69.109 1
3	2	26.176 1	69.137 0.525 69.138 1
2	1	26.121 1	69.92 1
2	1	26.1041 1	69.655 1
2	1	26.1281 1	69.507 1
2	1	26.140 1	69.280 1
2	1	26.232 1	69.413 1
2	1	26.461 1	69.68 1
2	1	26.56 1	69.658 1
2	1	26.1023 1	69.10 1
2	1	26.110 1	69.602 1
2	1	26.443 1	69.371 1
2	1	26.630 1	69.570 1
2	1	26.469 1	69.51 1
2	1	26.1049 1	69.648 1
2	1	26.1035 1	69.22 1
2	1	26.580 1	69.222 1
2	1	26.751 1	69.399 1
2	1	26.312 1	69.325 1
2	1	26.639 1	69.190 1
3	2	26.490 0.529 26.72 1	69.243 1
2	1	26.728 1	69.134 1
2	1	26.424 1	69.67 1
2	1	26.575 1	69.443 1
2	1	26.1136 1	69.357 1
2	1	26.146 1	69.228 1
2	1	26.566 1	69.435 1
2	1	26.888 1	69.554 1
2	1	26.162 1	69.252 1
2	1	26.441 1	69.372 1
2	1	26.527 1	69.390 1
2	1	26.650 1	69.453 1
2	1	26.722 1	69.545 1
2	1	26.734 1	69.217 1
2	1	26.86 1	69.275 1
2	1	26.442 1	69.370 1
4	3	26.577 0.087 26.743 0.160 26.760 1	69.153 1
2	1	26.936 1	69.242 1
3	2	26.123 1 26.124 0.116	69.86 1
2	1	26.280 1	69.300 1
2	1	26.753 1	69.421 1
2	1	26.1217 1	69.334 1
2	1	26.315 1	69.279 1
2	1	26.83 1	69.23 1
2	1	26.1116 1	69.269 1
2	1	26.1195 1	69.426 1
2	1	26.622 1	69.574 1
2	1	26.97 1	69.616 1
2	1	26.1011 1	69.694 1
2	1	26.1019 1	69.6 1
2	1	26.1271 1	69.363 1
2	1	26.455 1	69.233 1
2	1	26.517 1	69.424 1
2	1	26.560 1	69.430 1
2	1	26.940 1	69.240 1
2	1	26.941 1	69.239 1
2	1	26.649 1	69.452 1
2	1	26.767 1	69.536 1
2	1	26.1189 1	69.496 1
2	1	26.496 1	69.177 1
2	1	26.589 1	69.211 1
2	1	26.1235 1	69.403 1
2	1	26.893 1	69.560 1
2	1	26.1012 1	69.695 1
2	1	26.414 1	69.539 1
2	1	26.576 1	69.444 1
2	1	26.178 1	69.97 1
2	1	26.249 1	69.480 1
2	1	26.471 1	69.49 1
2	1	26.1209 1	69.396 1
2	1	26.470 1	69.50 1
2	1	26.530 1	69.535 1
2	1	26.119 1	69.90 1
2	1	26.310 1	69.200 1
2	1	26.1126 1	69.368 1
2	1	26.1246 1	69.350 1
2	1	26.134 1	69.293 1
2	1	26.564 1	69.433 1
2	1	26.495 1	69.284 1
2	1	26.308 1	69.347 1
2	1	26.647 1	69.450 1
2	1	26.750 1	69.398 1
2	1	26.903 1	69.582 1
2	1	26.1206 1	69.122 1
2	1	26.440 1	69.369 1
2	1	26.570 1	69.438 1
2	1	26.1048 1	69.649 1
3	2	26.842 1	69.168 1 69.500 0.096
2	1	26.905 1	69.584 1
2	1	26.366 1	69.482 1
3	2	26.787 0.695 26.1040 0.837	69.201 0.766
2	1	26.465 0.867	69.55 0.867
2	1	26.1157 0.849	69.313 0.849
