Size	Relations	OrthoA	OrthoB
2	1	26.641 1	72.1793 1
2	1	26.967 1	72.2248 1
2	1	26.340 1	72.662 1
2	1	26.1059 1	72.96 1
2	1	26.947 1	72.2204 1
2	1	26.1060 1	72.97 1
2	1	26.498 1	72.1216 1
2	1	26.520 1	72.1234 1
2	1	26.1242 1	72.906 1
2	1	26.719 1	72.1865 1
2	1	26.580 1	72.1433 1
2	1	26.1249 1	72.913 1
2	1	26.492 1	72.1190 1
2	1	26.76 1	72.332 1
2	1	26.230 1	72.505 1
2	1	26.417 1	72.263 1
2	1	26.1253 1	72.917 1
2	1	26.1072 1	72.108 1
2	1	26.567 1	72.1420 1
2	1	26.254 1	72.532 1
2	1	26.514 1	72.1228 1
2	1	26.287 1	72.568 1
2	1	26.1052 1	72.66 1
2	1	26.997 1	72.2283 1
2	1	26.165 1	72.436 1
2	1	26.1241 1	72.905 1
2	1	26.786 1	72.1990 1
2	1	26.578 1	72.1431 1
2	1	26.968 1	72.2249 1
2	1	26.1017 1	72.4 1
2	1	26.427 1	72.250 1
2	1	26.946 1	72.2203 1
2	1	26.282 1	72.563 1
2	1	26.940 1	72.2197 1
2	1	26.286 1	72.567 1
2	1	26.642 1	72.1794 1
2	1	26.161 1	72.432 1
2	1	26.357 1	72.767 1
2	1	26.1251 1	72.915 1
5	4	26.1076 1	72.1161 1 72.1386 1 72.1440 1 72.310 0.987
2	1	26.120 1	72.376 1
2	1	26.356 1	72.766 1
2	1	26.329 1	72.626 1
2	1	26.1063 1	72.100 1
2	1	26.460 1	72.165 1
2	1	26.747 1	72.1923 1
2	1	26.160 1	72.431 1
2	1	26.334 1	72.632 1
2	1	26.741 1	72.1896 1
2	1	26.805 1	72.2046 1
2	1	26.1020 1	72.7 1
2	1	26.531 1	72.1030 1
2	1	26.204 1	72.491 1
2	1	26.71 1	72.327 1
2	1	26.904 1	72.2147 1
2	1	26.955 1	72.2213 1
2	1	26.1026 1	72.13 1
2	1	26.432 1	72.245 1
2	1	26.522 1	72.1237 1
2	1	26.552 1	72.1405 1
2	1	26.976 1	72.2277 1
2	1	26.147 1	72.418 1
2	1	26.1160 1	72.1395 1
2	1	26.1016 1	72.3 1
2	1	26.1042 1	72.56 1
2	1	26.39 1	72.272 1
2	1	26.234 1	72.510 1
2	1	26.645 1	72.1797 1
2	1	26.944 1	72.2201 1
2	1	26.598 1	72.1553 1
2	1	26.346 1	72.686 1
2	1	26.1191 1	72.1619 1
2	1	26.1285 1	72.1003 1
2	1	26.587 1	72.1511 1
2	1	26.181 1	72.463 1
2	1	26.591 1	72.1546 1
2	1	26.1139 1	72.1286 1
2	1	26.202 1	72.488 1
2	1	26.151 1	72.422 1
2	1	26.941 1	72.2198 1
2	1	26.808 1	72.2049 1
2	1	26.190 1	72.472 1
2	1	26.361 1	72.773 1
2	1	26.908 1	72.2151 1
2	1	26.186 1	72.468 1
2	1	26.355 1	72.765 1
2	1	26.75 1	72.331 1
2	1	26.1211 1	72.1593 1
2	1	26.749 1	72.1925 1
2	1	26.766 1	72.1981 1
2	1	26.177 1	72.447 1
2	1	26.244 1	72.522 1
2	1	26.57 1	72.295 1
2	1	26.446 1	72.182 1
2	1	26.729 1	72.1884 1
2	1	26.836 1	72.2070 1
2	1	26.899 1	72.2142 1
2	1	26.142 1	72.402 1
2	1	26.168 1	72.439 1
2	1	26.152 1	72.423 1
2	1	26.263 1	72.544 1
2	1	26.898 1	72.2141 1
2	1	26.368 1	72.782 1
2	1	26.905 1	72.2148 1
2	1	26.1277 1	72.960 1
2	1	26.167 1	72.438 1
2	1	26.468 1	72.158 1
2	1	26.1054 1	72.68 1
2	1	26.295 1	72.575 1
2	1	26.843 1	72.2078 1
2	1	26.1030 1	72.18 1
2	1	26.839 1	72.2073 1
2	1	26.70 1	72.326 1
2	1	26.1268 1	72.946 1
2	1	26.421 1	72.258 1
2	1	26.840 1	72.2074 1
2	1	26.811 1	72.2053 1
2	1	26.935 1	72.2191 1
2	1	26.765 1	72.1980 1
2	1	26.896 1	72.2139 1
2	1	26.553 1	72.1406 1
2	1	26.1038 1	72.30 1
2	1	26.187 1	72.469 1
2	1	26.902 1	72.2145 1
2	1	26.1055 1	72.69 1
2	1	26.233 1	72.509 1
2	1	26.66 1	72.320 1
2	1	26.145 1	72.415 1
2	1	26.901 1	72.2144 1
2	1	26.497 1	72.1215 1
2	1	26.256 1	72.537 1
2	1	26.442 1	72.218 1
2	1	26.1013 1	72.2307 1
2	1	26.126 1	72.384 1
2	1	26.291 1	72.572 1
17	72	26.981 1 26.710 1 26.775 1 26.504 0.785 26.382 0.608 26.964 0.606 26.537 0.556 26.1146 0.399 26.542 0.867	72.1250 1 72.1631 1 72.1046 1 72.2252 0.692 72.1539 0.680 72.1912 0.622 72.2174 0.591 72.619 0.062
2	1	26.625 1	72.1774 1
2	1	26.1053 1	72.67 1
2	1	26.188 1	72.470 1
2	1	26.375 1	72.792 1
2	1	26.689 1	72.1853 1
2	1	26.466 1	72.160 1
2	1	26.154 1	72.425 1
2	1	26.108 1	72.364 1
2	1	26.159 1	72.430 1
2	1	26.207 1	72.494 1
2	1	26.1014 1	72.1 1
2	1	26.1048 1	72.62 1
2	1	26.58 1	72.296 1
2	1	26.1212 1	72.1592 1
2	1	26.564 1	72.1417 1
2	1	26.425 1	72.253 1
2	1	26.572 1	72.1425 1
2	1	26.229 1	72.504 1
2	1	26.752 1	72.1929 1
2	1	26.837 1	72.2072 1
2	1	26.146 1	72.417 1
2	1	26.241 1	72.517 1
2	1	26.1156 1	72.1347 1
2	1	26.84 1	72.340 1
2	1	26.1228 1	72.807 1
2	1	26.208 1	72.495 1
2	1	26.173 1	72.443 1
2	1	26.269 1	72.550 1
2	1	26.73 1	72.329 1
2	1	26.59 1	72.297 1
2	1	26.235 1	72.511 1
2	1	26.1007 1	72.2293 1
2	1	26.185 1	72.467 1
2	1	26.1282 1	72.1000 1
2	1	26.430 1	72.247 1
2	1	26.1025 1	72.12 1
5	4	26.1075 1	72.1162 1 72.1387 1 72.1439 1 72.311 1
2	1	26.281 1	72.562 1
2	1	26.882 1	72.2108 1
2	1	26.1018 1	72.5 1
2	1	26.1121 1	72.1099 1
2	1	26.950 1	72.2207 1
2	1	26.583 1	72.1507 1
2	1	26.1223 1	72.1572 1
2	1	26.1010 1	72.2304 1
2	1	26.158 1	72.429 1
2	1	26.1140 1	72.1287 1
2	1	26.297 1	72.578 1
2	1	26.1238 1	72.902 1
2	1	26.414 1	72.266 1
2	1	26.85 1	72.341 1
2	1	26.428 1	72.249 1
2	1	26.64 1	72.318 1
2	1	26.1064 1	72.101 1
2	1	26.353 1	72.763 1
2	1	26.722 1	72.1868 1
2	1	26.721 1	72.1867 1
2	1	26.328 1	72.625 1
2	1	26.716 1	72.1862 1
2	1	26.451 1	72.176 1
2	1	26.1214 1	72.1590 1
2	1	26.715 1	72.1861 1
2	1	26.807 1	72.2048 1
2	1	26.819 1	72.2063 1
2	1	26.1252 1	72.916 1
2	1	26.571 1	72.1424 1
2	1	26.416 1	72.264 1
2	1	26.228 1	72.503 1
2	1	26.245 1	72.523 1
2	1	26.528 1	72.1256 1
2	1	26.68 1	72.322 1
2	1	26.943 1	72.2200 1
2	1	26.1207 1	72.1609 1
2	1	26.1125 1	72.1089 1
2	1	26.156 1	72.427 1
2	1	26.1286 1	72.1004 1
2	1	26.191 1	72.473 1
2	1	26.694 1	72.1859 1
2	1	26.600 1	72.1555 1
2	1	26.626 1	72.1775 1
2	1	26.693 1	72.1858 1
2	1	26.889 1	72.2117 1
2	1	26.438 1	72.223 1
2	1	26.201 1	72.487 1
2	1	26.227 1	72.502 1
2	1	26.52 1	72.288 1
2	1	26.1287 1	72.1005 1
2	1	26.1158 1	72.1393 1
9	14	26.1166 1 26.681 1	72.1664 0.452 72.1678 0.348 72.1693 0.420 72.1705 1 72.1720 0.454 72.1738 0.391 72.1751 0.452
2	1	26.373 1	72.788 1
2	1	26.448 1	72.179 1
2	1	26.532 1	72.1029 1
2	1	26.1015 1	72.2 1
2	1	26.740 1	72.1895 1
2	1	26.1005 1	72.2291 1
2	1	26.579 1	72.1432 1
2	1	26.558 1	72.1411 1
2	1	26.945 1	72.2202 1
2	1	26.1046 1	72.60 1
2	1	26.1226 1	72.804 1
2	1	26.562 1	72.1415 1
2	1	26.810 1	72.2051 1
2	1	26.614 1	72.1561 1
3	2	26.65 1 26.549 0.851	72.319 1
2	1	26.296 1	72.577 1
2	1	26.887 1	72.2115 1
2	1	26.1001 1	72.2287 1
2	1	26.1002 1	72.2288 1
2	1	26.1004 1	72.2290 1
2	1	26.436 1	72.225 1
2	1	26.155 1	72.426 1
2	1	26.597 1	72.1552 1
2	1	26.738 1	72.1893 1
2	1	26.157 1	72.428 1
2	1	26.926 1	72.2154 1
2	1	26.200 1	72.485 1
2	1	26.347 1	72.687 1
2	1	26.55 1	72.292 1
2	1	26.1043 1	72.57 1
13	36	26.1261 1 26.508 0.946 26.608 0.541 26.779 0.838	72.1013 0.531 72.1043 0.219 72.1072 1 72.115 0.625 72.1247 0.219 72.1915 0.281 72.2177 0.219 72.2255 0.625 72.615 0.625
5	4	26.1073 1	72.1164 1 72.1389 1 72.1437 1 72.313 0.994
2	1	26.411 1	72.269 1
2	1	26.1031 1	72.19 1
5	4	26.1080 1	72.1157 1 72.1382 1 72.1444 1 72.305 0.972
2	1	26.804 1	72.2045 1
2	1	26.1051 1	72.65 1
2	1	26.174 1	72.444 1
2	1	26.717 1	72.1863 1
4	4	26.1169 1 26.678 1	72.1681 0.318 72.1723 1
2	1	26.554 1	72.1407 1
2	1	26.886 1	72.2114 1
2	1	26.1227 1	72.875 1
2	1	26.590 1	72.1545 1
2	1	26.79 1	72.335 1
2	1	26.118 1	72.374 1
2	1	26.456 1	72.171 1
2	1	26.309 1	72.600 1
2	1	26.81 1	72.337 1
2	1	26.371 1	72.786 1
2	1	26.477 1	72.130 1
2	1	26.122 1	72.378 1
2	1	26.341 1	72.663 1
2	1	26.599 1	72.1554 1
2	1	26.616 1	72.1566 1
2	1	26.153 1	72.424 1
2	1	26.370 1	72.785 1
2	1	26.1216 1	72.1587 1
2	1	26.138 1	72.398 1
2	1	26.951 1	72.2208 1
2	1	26.37 1	72.271 1
2	1	26.565 1	72.1418 1
2	1	26.429 1	72.248 1
2	1	26.78 1	72.334 1
2	1	26.1028 1	72.15 1
2	1	26.209 1	72.1294 1
2	1	26.113 1	72.369 1
2	1	26.573 1	72.1426 1
2	1	26.646 1	72.1798 1
2	1	26.746 1	72.1922 1
2	1	26.491 1	72.1172 1
2	1	26.354 1	72.764 1
2	1	26.1162 1	72.1398 1
2	1	26.252 1	72.529 1
2	1	26.266 1	72.547 1
2	1	26.310 1	72.601 1
2	1	26.61 1	72.299 1
2	1	26.178 1	72.448 1
2	1	26.737 1	72.1892 1
2	1	26.793 1	72.2028 1
2	1	26.67 1	72.321 1
2	1	26.431 1	72.246 1
2	1	26.995 1	72.2281 1
2	1	26.812 1	72.2054 1
2	1	26.82 1	72.338 1
2	1	26.413 1	72.267 1
2	1	26.1047 1	72.61 1
2	1	26.996 1	72.2282 1
2	1	26.561 1	72.1414 1
2	1	26.1037 1	72.28 1
2	1	26.443 1	72.217 1
2	1	26.1217 1	72.1586 1
2	1	26.559 1	72.1412 1
2	1	26.447 1	72.180 1
2	1	26.1056 1	72.71 1
2	1	26.620 1	72.1770 1
2	1	26.231 1	72.507 1
2	1	26.51 1	72.287 1
2	1	26.1027 1	72.14 1
2	1	26.92 1	72.348 1
2	1	26.242 1	72.519 1
2	1	26.462 1	72.163 1
2	1	26.557 1	72.1410 1
2	1	26.63 1	72.317 1
2	1	26.891 1	72.2119 1
2	1	26.467 1	72.159 1
2	1	26.1281 1	72.999 1
6	8	26.503 0.477 26.773 1	72.120 1 72.1541 0.870 72.2040 0.830 72.595 0.199
2	1	26.1023 1	72.10 1
2	1	26.238 1	72.514 1
2	1	26.1130 1	72.1082 1
2	1	26.621 1	72.1771 1
2	1	26.526 1	72.1254 1
2	1	26.577 1	72.1430 1
2	1	26.743 1	72.1898 1
2	1	26.450 1	72.177 1
2	1	26.813 1	72.2055 1
2	1	26.1210 1	72.1594 1
2	1	26.1036 1	72.26 1
2	1	26.1208 1	72.1608 1
2	1	26.148 1	72.419 1
2	1	26.814 1	72.2056 1
2	1	26.890 1	72.2118 1
2	1	26.939 1	72.2196 1
2	1	26.938 1	72.2195 1
2	1	26.847 1	72.2106 1
2	1	26.999 1	72.2285 1
2	1	26.1104 1	72.1127 1
2	1	26.123 1	72.379 1
2	1	26.530 1	72.1260 1
2	1	26.975 1	72.2272 1
2	1	26.1114 1	72.1110 1
2	1	26.312 1	72.603 1
2	1	26.817 1	72.2059 1
2	1	26.275 1	72.555 1
2	1	26.1006 1	72.2292 1
2	1	26.268 1	72.549 1
2	1	26.771 1	72.1988 1
2	1	26.519 1	72.1233 1
2	1	26.523 1	72.1238 1
2	1	26.792 1	72.2027 1
2	1	26.472 1	72.154 1
2	1	26.1029 1	72.17 1
2	1	26.739 1	72.1894 1
2	1	26.338 1	72.659 1
2	1	26.264 1	72.545 1
2	1	26.280 1	72.561 1
2	1	26.1157 1	72.1392 1
2	1	26.80 1	72.336 1
2	1	26.998 1	72.2284 1
2	1	26.115 1	72.371 1
2	1	26.643 1	72.1795 1
2	1	26.651 1	72.1803 1
2	1	26.1229 1	72.808 1
2	1	26.50 1	72.286 1
2	1	26.458 1	72.167 1
2	1	26.1239 1	72.904 1
2	1	26.197 1	72.482 1
2	1	26.844 1	72.2079 1
2	1	26.54 1	72.290 1
2	1	26.1141 1	72.1288 1
2	1	26.237 1	72.513 1
2	1	26.192 1	72.475 1
2	1	26.196 1	72.481 1
2	1	26.270 1	72.551 1
2	1	26.803 1	72.2044 1
2	1	26.89 1	72.345 1
6	5	26.11 1 26.12 0.617 26.15 0.588 26.16 0.560 26.32 0.808	72.2345 1
2	1	26.42 1	72.278 1
2	1	26.1129 1	72.1083 1
2	1	26.423 1	72.255 1
2	1	26.135 1	72.393 1
2	1	26.1245 1	72.908 1
2	1	26.1215 1	72.1589 1
2	1	26.374 1	72.791 1
2	1	26.95 1	72.351 1
2	1	26.226 1	72.501 1
2	1	26.791 1	72.1994 1
2	1	26.728 1	72.1883 1
2	1	26.659 1	72.1820 1
2	1	26.119 1	72.375 1
2	1	26.224 1	72.499 1
2	1	26.582 1	72.1506 1
2	1	26.1024 1	72.11 1
2	1	26.332 1	72.630 1
2	1	26.952 1	72.2209 1
2	1	26.433 1	72.244 1
2	1	26.144 1	72.408 1
2	1	26.272 1	72.553 1
2	1	26.661 1	72.1822 1
2	1	26.1003 1	72.2289 1
2	1	26.464 1	72.162 1
2	1	26.915 1	72.1650 1
2	1	26.1032 1	72.20 1
2	1	26.1109 1	72.1121 1
2	1	26.623 1	72.1773 1
2	1	26.163 1	72.434 1
2	1	26.1115 1	72.1109 1
2	1	26.331 1	72.629 1
2	1	26.49 1	72.285 1
7	10	26.351 1 26.833 1 26.820 0.329 26.687 0.094 26.745 0.094	72.709 1 72.2064 1
2	1	26.900 1	72.2143 1
2	1	26.937 1	72.2194 1
2	1	26.1192 1	72.1618 1
3	2	26.736 1 26.1134 0.872	72.1891 1
2	1	26.518 1	72.1232 1
2	1	26.164 1	72.435 1
2	1	26.928 1	72.2157 1
2	1	26.1196 1	72.1614 1
2	1	26.1284 1	72.1002 1
2	1	26.236 1	72.512 1
2	1	26.339 1	72.661 1
2	1	26.622 1	72.1772 1
2	1	26.584 1	72.1508 1
2	1	26.1270 1	72.948 1
2	1	26.748 1	72.1924 1
2	1	26.172 1	72.442 1
2	1	26.109 1	72.365 1
2	1	26.1195 1	72.1616 1
2	1	26.171 1	72.441 1
2	1	26.527 1	72.1255 1
4	3	26.1084 1	72.1153 1 72.1378 1 72.1448 1
4	3	26.1083 1	72.1154 1 72.1379 1 72.1447 1
2	1	26.593 1	72.1548 1
2	1	26.586 1	72.1510 1
2	1	26.1161 1	72.1396 1
2	1	26.279 1	72.560 1
2	1	26.415 1	72.265 1
2	1	26.1040 1	72.54 1
2	1	26.888 1	72.2116 1
2	1	26.313 1	72.604 1
2	1	26.1022 1	72.9 1
2	1	26.166 1	72.437 1
2	1	26.369 1	72.783 1
2	1	26.474 1	72.152 1
2	1	26.785 1	72.1989 1
2	1	26.529 1	72.1257 1
2	1	26.333 1	72.631 1
2	1	26.336 1	72.634 1
2	1	26.1097 1	72.1171 1
2	1	26.149 1	72.420 1
2	1	26.724 1	72.1869 1
2	1	26.1222 1	72.1578 1
2	1	26.925 1	72.2153 1
2	1	26.273 1	72.554 1
2	1	26.335 1	72.633 1
2	1	26.90 1	72.346 1
2	1	26.198 1	72.483 1
2	1	26.664 1	72.1825 1
2	1	26.139 1	72.399 1
2	1	26.1159 1	72.1394 1
2	1	26.953 1	72.2210 1
2	1	26.735 1	72.1890 1
2	1	26.796 1	72.2039 1
2	1	26.690 1	72.1854 1
4	3	26.1085 1	72.1152 1 72.1377 1 72.1449 1
2	1	26.665 1	72.1826 1
2	1	26.1123 1	72.1097 1
2	1	26.243 1	72.520 1
2	1	26.444 1	72.185 1
2	1	26.1044 1	72.58 1
2	1	26.106 1	72.362 1
2	1	26.1122 1	72.1098 1
2	1	26.240 1	72.516 1
2	1	26.47 1	72.283 1
2	1	26.276 1	72.556 1
2	1	26.46 1	72.282 1
2	1	26.809 1	72.2050 1
2	1	26.176 1	72.446 1
2	1	26.60 1	72.298 1
2	1	26.663 1	72.1824 1
2	1	26.550 1	72.1403 1
2	1	26.566 1	72.1419 1
2	1	26.733 1	72.1888 1
2	1	26.994 1	72.2280 1
2	1	26.140 1	72.400 1
2	1	26.695 1	72.1860 1
2	1	26.1066 1	72.103 1
2	1	26.182 1	72.464 1
2	1	26.595 1	72.1550 1
2	1	26.77 1	72.333 1
2	1	26.184 1	72.466 1
2	1	26.175 1	72.445 1
2	1	26.183 1	72.465 1
2	1	26.660 1	72.1821 1
2	1	26.615 1	72.1563 1
4	4	26.25 1 26.4 0.984	72.2320 1 72.2361 0.289
2	1	26.897 1	72.2140 1
2	1	26.768 1	72.1984 1
2	1	26.569 1	72.1422 1
2	1	26.311 1	72.602 1
2	1	26.787 1	72.1991 1
2	1	26.40 1	72.274 1
2	1	26.359 1	72.769 1
2	1	26.954 1	72.2211 1
2	1	26.292 1	72.573 1
2	1	26.205 1	72.492 1
2	1	26.500 1	72.1218 1
2	1	26.97 1	72.353 1
2	1	26.124 1	72.381 1
2	1	26.1236 1	72.898 1
2	1	26.271 1	72.552 1
2	1	26.1103 1	72.1128 1
2	1	26.41 1	72.276 1
2	1	26.649 1	72.1801 1
2	1	26.449 1	72.178 1
2	1	26.822 1	72.2068 1
2	1	26.934 1	72.2190 1
2	1	26.469 1	72.157 1
2	1	26.1237 1	72.901 1
2	1	26.1220 1	72.1580 1
2	1	26.314 1	72.605 1
2	1	26.718 1	72.1864 1
2	1	26.974 1	72.2271 1
2	1	26.1049 1	72.63 1
2	1	26.101 1	72.357 1
2	1	26.225 1	72.500 1
2	1	26.104 1	72.360 1
2	1	26.1232 1	72.895 1
2	1	26.1000 1	72.2286 1
2	1	26.1188 1	72.1638 1
2	1	26.162 1	72.433 1
2	1	26.278 1	72.558 1
2	1	26.48 1	72.284 1
2	1	26.499 1	72.1217 1
2	1	26.326 1	72.622 1
2	1	26.592 1	72.1547 1
2	1	26.125 1	72.382 1
2	1	26.927 1	72.2155 1
2	1	26.725 1	72.1870 1
2	1	26.1105 1	72.1126 1
2	1	26.141 1	72.401 1
2	1	26.576 1	72.1429 1
2	1	26.128 1	72.386 1
2	1	26.129 1	72.387 1
2	1	26.1250 1	72.914 1
2	1	26.453 1	72.175 1
2	1	26.1021 1	72.8 1
2	1	26.372 1	72.787 1
2	1	26.267 1	72.548 1
2	1	26.556 1	72.1409 1
2	1	26.1213 1	72.1591 1
2	1	26.885 1	72.2112 1
2	1	26.892 1	72.2120 1
2	1	26.1204 1	72.1613 1
2	1	26.1124 1	72.1096 1
2	1	26.454 1	72.174 1
2	1	26.658 1	72.1819 1
2	1	26.69 1	72.325 1
2	1	26.1116 1	72.1108 1
2	1	26.134 1	72.392 1
2	1	26.555 1	72.1408 1
2	1	26.906 1	72.2149 1
2	1	26.45 1	72.281 1
2	1	26.589 1	72.1544 1
2	1	26.195 1	72.480 1
2	1	26.1062 1	72.99 1
2	1	26.753 1	72.1930 1
2	1	26.261 1	72.540 1
2	1	26.258 1	72.539 1
2	1	26.1112 1	72.1111 1
2	1	26.516 1	72.1230 1
2	1	26.596 1	72.1551 1
2	1	26.936 1	72.2192 1
2	1	26.131 1	72.389 1
2	1	26.971 1	72.2264 1
2	1	26.949 1	72.2206 1
2	1	26.588 1	72.1512 1
2	1	26.327 1	72.623 1
2	1	26.883 1	72.2109 1
2	1	26.1019 1	72.6 1
2	1	26.87 1	72.343 1
2	1	26.255 1	72.536 1
2	1	26.959 1	72.2217 1
2	1	26.363 1	72.776 1
2	1	26.1235 1	72.897 1
2	1	26.1033 1	72.21 1
2	1	26.283 1	72.564 1
2	1	26.475 1	72.150 1
2	1	26.23 1	72.2318 1
2	1	26.457 1	72.168 1
2	1	26.574 1	72.1427 1
2	1	26.1034 1	72.22 1
2	1	26.1068 1	72.106 1
14	40	26.1179 0.910 26.667 0.910 26.848 0.585 26.924 1	72.1662 0.558 72.1675 0.706 72.1690 0.867 72.1703 0.633 72.1713 0.656 72.1716 0.427 72.1719 0.332 72.1730 1 72.1739 0.852 72.1754 0.066
2	1	26.137 1	72.395 1
2	1	26.232 1	72.508 1
2	1	26.1225 1	72.1571 1
2	1	26.942 1	72.2199 1
2	1	26.96 1	72.352 1
2	1	26.439 1	72.221 1
2	1	26.1061 1	72.98 1
2	1	26.563 1	72.1416 1
2	1	26.74 1	72.330 1
2	1	26.1057 1	72.72 1
2	1	26.929 1	72.2158 1
2	1	26.107 1	72.363 1
2	1	26.714 1	72.851 1
2	1	26.594 1	72.1549 1
2	1	26.1009 1	72.2303 1
2	1	26.818 1	72.2062 1
2	1	26.83 1	72.339 1
13	12	26.1259 1	72.1016 0.355 72.1040 0.613 72.113 0.613 72.1244 0.484 72.1274 1 72.1532 0.774 72.1625 0.710 72.2132 0.484 72.2180 0.613 72.2258 0.452 72.612 0.452 72.866 0.129
2	1	26.1111 1	72.1112 1
2	1	26.473 1	72.153 1
2	1	26.524 1	72.1239 1
2	1	26.1039 1	72.31 1
2	1	26.1205 1	72.1612 1
2	1	26.459 1	72.166 1
2	1	26.788 1	72.1992 1
2	1	26.426 1	72.252 1
2	1	26.56 1	72.294 1
2	1	26.1234 1	72.893 1
2	1	26.1254 1	72.918 1
2	1	26.948 1	72.2205 1
2	1	26.299 1	72.596 1
2	1	26.570 1	72.1423 1
2	1	26.823 1	72.2069 1
2	1	26.1067 1	72.104 1
2	1	26.568 1	72.1421 1
2	1	26.931 1	72.2166 1
2	1	26.246 1	72.524 1
2	1	26.980 1	72.2041 1
2	1	26.1209 1	72.1607 1
2	1	26.551 1	72.1404 1
2	1	26.1271 1	72.949 1
2	1	26.521 1	72.1236 1
2	1	26.424 1	72.254 1
2	1	26.103 1	72.359 1
2	1	26.112 1	72.368 1
4	3	26.1079 1	72.1158 1 72.1383 1 72.1443 1
2	1	26.1065 1	72.102 1
2	1	26.691 1	72.1856 1
2	1	26.895 1	72.2137 1
2	1	26.1233 1	72.894 1
2	1	26.99 1	72.355 1
3	2	26.350 1 26.798 0.881	72.707 1
2	1	26.774 1	72.1047 1
2	1	26.1267 1	72.945 1
2	1	26.1272 1	72.951 1
2	1	26.1135 1	72.1267 1
2	1	26.265 1	72.546 1
5	4	26.1089 1	72.1148 1 72.1345 0.144 72.1373 1 72.1453 1
2	1	26.1126 1	72.1086 1
3	2	26.27 0.994 26.6 1	72.2360 1
2	1	26.105 1	72.361 1
10	24	26.1262 0.615 26.507 0.923 26.609 1 26.778 0.615	72.1073 1 72.116 1 72.1279 1 72.1812 0.679 72.2254 1 72.616 1
2	1	26.1190 1	72.1636 1
2	1	26.136 1	72.394 1
2	1	26.114 1	72.370 1
2	1	26.692 1	72.1857 1
2	1	26.111 1	72.367 1
2	1	26.662 1	72.1823 1
2	1	26.560 1	72.1413 1
8	7	26.1090 1	72.1318 0.273 72.1489 0.964 72.1950 0.991 72.2395 0.062 72.2396 0.070 72.742 1 72.829 0.991
2	1	26.348 1	72.706 1
2	1	26.1107 1	72.1124 1
2	1	26.44 1	72.280 1
2	1	26.806 1	72.2047 1
2	1	26.94 1	72.350 1
2	1	26.412 1	72.268 1
4	3	26.1086 1	72.1151 1 72.1376 1 72.1450 1
2	1	26.239 1	72.515 1
2	1	26.62 1	72.316 1
2	1	26.845 1	72.2080 1
2	1	26.72 1	72.328 1
2	1	26.53 1	72.289 1
2	1	26.655 1	72.1816 1
2	1	26.647 1	72.1799 1
2	1	26.731 1	72.1886 1
2	1	26.790 1	72.1993 1
2	1	26.970 1	72.2263 1
2	1	26.132 1	72.390 1
2	1	26.455 1	72.172 1
2	1	26.127 1	72.385 1
2	1	26.290 1	72.571 1
2	1	26.750 1	72.1927 1
2	1	26.418 1	72.262 1
2	1	26.88 1	72.344 1
2	1	26.1011 1	72.2305 1
2	1	26.100 1	72.356 1
2	1	26.277 1	72.557 1
2	1	26.476 1	72.131 1
2	1	26.86 1	72.342 1
2	1	26.932 1	72.2167 1
2	1	26.249 1	72.527 1
2	1	26.420 1	72.259 1
2	1	26.1143 1	72.1337 1
2	1	26.360 1	72.770 1
2	1	26.1045 1	72.59 1
2	1	26.262 1	72.542 1
2	1	26.656 1	72.1817 1
2	1	26.440 1	72.220 1
2	1	26.352 1	72.762 1
2	1	26.1041 1	72.55 1
9	14	26.2 1 26.24 0.839	72.1487 0.104 72.1948 0.115 72.2095 0.134 72.2398 0.115 72.456 1 72.744 0.115 72.827 0.115
2	1	26.248 1	72.526 1
2	1	26.657 1	72.1818 1
2	1	26.720 1	72.1866 1
2	1	26.770 1	72.1987 1
2	1	26.257 1	72.538 1
2	1	26.884 1	72.2110 1
2	1	26.250 1	72.528 1
3	2	26.713 1	72.1971 0.884 72.852 1
2	1	26.93 1	72.349 1
2	1	26.445 1	72.183 1
2	1	26.727 1	72.1879 1
2	1	26.751 1	72.1928 1
2	1	26.91 1	72.347 1
2	1	26.470 1	72.156 1
2	1	26.903 1	72.2146 1
2	1	26.471 1	72.155 1
2	1	26.650 1	72.1802 1
3	2	26.1164 1	72.1100 1 72.874 0.076
2	1	26.907 1	72.2150 1
2	1	26.914 1	72.1649 1
2	1	26.628 1	72.1778 1
2	1	26.362 1	72.775 1
2	1	26.842 1	72.2077 1
2	1	26.1050 1	72.64 1
2	1	26.193 1	72.478 1
2	1	26.284 1	72.565 1
2	1	26.199 1	72.484 1
2	1	26.285 1	72.566 1
2	1	26.1276 1	72.959 1
2	1	26.1246 1	72.910 1
2	1	26.461 1	72.164 1
2	1	26.767 1	72.1983 1
2	1	26.419 1	72.261 1
3	2	26.602 1	72.1093 0.968 72.91 1
2	1	26.1221 1	72.1579 1
2	1	26.98 1	72.354 1
2	1	26.1247 1	72.911 1
2	1	26.366 1	72.781 1
2	1	26.133 1	72.391 1
2	1	26.170 1	72.440 1
2	1	26.293 1	72.574 1
2	1	26.465 1	72.161 1
2	1	26.121 1	72.377 1
2	1	26.1218 1	72.1585 1
2	1	26.881 1	72.2107 1
7	6	26.1290 1 26.394 1 26.480 0.250 26.698 0.250 26.852 0.250 26.991 0.250	72.1569 1
2	1	26.1127 1	72.1085 1
2	1	26.585 1	72.1509 1
2	1	26.342 1	72.664 1
2	1	26.410 1	72.270 1
2	1	26.515 1	72.1229 1
2	1	26.189 1	72.471 1
2	1	26.742 1	72.1897 1
2	1	26.1206 1	72.1610 1
10	16	26.1168 1 26.679 1	72.1282 1 72.1666 0.760 72.1680 0.760 72.1695 0.760 72.1706 0.760 72.1722 0.760 72.1736 0.760 72.1749 0.760
2	1	26.117 1	72.373 1
2	1	26.437 1	72.224 1
2	1	26.1035 1	72.23 1
2	1	26.933 1	72.2189 1
2	1	26.194 1	72.479 1
2	1	26.1278 1	72.961 1
2	1	26.289 1	72.570 1
2	1	26.1163 1	72.1399 1
2	1	26.1117 1	72.1107 1
2	1	26.652 1	72.1804 1
2	1	26.203 1	72.490 1
2	1	26.1091 1	72.1207 1
2	1	26.3 1	72.2356 1
2	1	26.43 1	72.279 1
2	1	26.1136 1	72.1268 1
2	1	26.1283 1	72.1001 1
2	1	26.110 1	72.366 1
2	1	26.441 1	72.219 1
5	4	26.1078 1	72.1159 1 72.1384 1 72.1442 1 72.308 1
2	1	26.102 1	72.358 1
8	12	26.1167 1 26.680 1	72.1665 1 72.1679 0.800 72.1694 0.600 72.1721 0.800 72.1737 0.200 72.1750 1
24	63	26.1148 1 26.213 0.500 26.861 0.125	72.1011 1 72.1045 1 72.1074 0.700 72.117 1 72.1249 1 72.1265 0.500 72.1280 0.700 72.1298 0.800 72.1520 0.500 72.1538 1 72.1630 0.800 72.1813 0.800 72.1910 1 72.1913 1 72.2126 0.900 72.2175 1 72.2237 0.800 72.2253 1 72.2298 0.800 72.617 1 72.862 0.600
8	12	26.1175 1 26.672 1	72.1672 0.667 72.1686 0.467 72.1701 0.533 72.1727 1 72.1743 0.733 72.1757 0.667
2	1	26.893 1	72.2121 1
2	1	26.358 1	72.768 1
18	17	26.1087 1	72.1160 0.269 72.1198 0.313 72.1341 0.094 72.1385 0.269 72.1441 0.269 72.1503 0.129 72.1976 0.219 72.211 0.118 72.2344 0.084 72.309 0.279 72.405 0.388 72.50 0.269 72.683 0.079 72.690 0.174 72.712 0.164 72.857 0.154 72.996 1
2	1	26.1269 1	72.947 1
2	1	26.913 1	72.1648 1
28	187	26.216 1 26.1151 1 26.607 0.429 26.405 0.286 26.509 0.111 26.780 0.111 26.401 1 26.485 1 26.858 1 26.986 1 26.1260 1	72.1071 1 72.1627 1 72.2130 1 72.1042 0.429 72.114 0.429 72.1246 0.429 72.1276 0.429 72.1302 0.429 72.1534 0.429 72.1907 0.429 72.1916 0.429 72.2178 0.429 72.2256 0.429 72.614 0.429 72.1524 0.286 72.1810 0.143 72.1014 1
2	1	26.206 1	72.493 1
2	1	26.815 1	72.2057 1
2	1	26.247 1	72.525 1
2	1	26.734 1	72.1889 1
2	1	26.575 1	72.1428 1
2	1	26.916 1	72.1651 1
2	1	26.116 1	72.372 1
2	1	26.1189 1	72.1637 1
2	1	26.218 1	72.1304 1
2	1	26.422 1	72.256 1
2	1	26.769 1	72.1986 1
5	4	26.1294 1 26.483 0.762 26.703 1 26.988 0.762	72.667 1
7	10	26.865 1 26.1145 1	72.1632 1 72.1540 1 72.2251 0.221 72.620 0.221 72.1251 0.074
14	13	26.763 1	72.1333 0.239 72.1470 1 72.192 0.899 72.1934 0.915 72.2003 0.313 72.2410 0.105 72.669 0.271 72.757 0.915 72.813 0.915 72.84 0.392 72.886 0.281 72.970 0.902 72.1998 0.542
16	15	26.1144 1	72.1051 0.197 72.1338 0.069 72.1504 0.900 72.1850 0.919 72.1978 0.650 72.213 0.931 72.2322 0.082 72.403 0.190 72.52 0.195 72.685 1 72.688 0.197 72.710 0.129 72.859 0.656 72.924 0.932 72.998 0.092
2	1	26.910 1	72.2152 1
3	2	26.324 1	72.2352 1 72.2359 0.237
2	1	26.764 1	72.1979 1
4	4	26.1170 1 26.677 1	72.1697 1 72.1747 1
2	1	26.288 1	72.569 1
2	1	26.918 1	72.1653 1
5	4	26.1074 1	72.1163 1 72.1388 1 72.1438 1 72.312 1
2	1	26.543 1	72.1814 1
2	1	26.726 1	72.1881 1
8	12	26.1173 1 26.674 1	72.1671 0.888 72.1685 0.444 72.1700 0.888 72.1726 1 72.1744 0.888 72.1758 0.778
2	1	26.150 1	72.421 1
7	10	26.1171 1 26.676 1	72.1669 1 72.1683 1 72.1698 1 72.1710 1 72.1746 1
2	1	26.517 1	72.1231 1
2	1	26.29 1	72.2363 1
2	1	26.9 1	72.2312 1
2	1	26.1248 1	72.912 1
2	1	26.308 1	72.599 1
5	4	26.409 1	72.1092 0.107 72.1132 0.455 72.1527 0.057 72.607 1
2	1	26.1193 1	72.1617 1
2	1	26.917 1	72.1652 1
4	3	26.479 1 26.851 1 26.992 1	72.1570 1
3	2	26.494 1	72.2016 1 72.650 0.469
2	1	26.1102 1	72.1129 1
3	2	26.14 1 26.31 0.447	72.2310 1
2	1	26.1279 1	72.962 1
2	1	26.1012 1	72.2306 1
9	18	26.1256 0.286 26.408 0.286 26.513 0.286 26.546 1 26.784 0.286 26.961 1	72.1270 0.500 72.1559 0.750 72.2136 1
2	1	26.816 1	72.2058 1
2	1	26.930 1	72.2165 1
2	1	26.919 1	72.1654 1
7	6	26.489 0.811 26.505 0.789 26.709 1 26.776 0.789 26.862 0.811 26.982 0.789	72.1656 1
2	1	26.732 1	72.1887 1
8	16	26.1177 0.922 26.670 0.400 26.869 0.444 26.922 1	72.1658 0.718 72.1689 1 72.1729 0.847 72.1741 0.863
2	1	26.253 1	72.531 1
2	1	26.315 1	72.606 1
2	1	26.1106 1	72.1125 1
2	1	26.143 1	72.407 1
2	1	26.365 1	72.780 1
17	16	26.217 1	72.1015 0.833 72.1041 0.833 72.1070 1 72.1245 0.833 72.1275 0.667 72.1303 0.667 72.1525 0.917 72.1533 1 72.1626 1 72.1809 0.750 72.1906 0.833 72.1917 0.833 72.2179 0.833 72.2242 1 72.2257 0.833 72.613 0.833
5	4	26.1292 0.067 26.1293 0.077 26.397 1 26.702 0.971	72.1568 1
3	2	26.1176 1 26.671 1	72.1687 1
4	3	26.1255 1	72.1310 1 72.2029 1 72.2034 1
2	1	26.627 1	72.1776 1
3	2	26.1155 1 26.222 1	72.871 1
2	1	26.730 1	72.1885 1
4	3	26.1088 1	72.1149 1 72.1374 1 72.1452 1
2	1	26.684 1	72.1642 1
3	2	26.624 1	72.2350 1 72.2357 0.986
2	1	26.846 1	72.186 1
2	1	26.603 1	72.89 1
4	3	26.1082 1	72.1155 1 72.1380 1 72.1446 1
2	1	26.835 1	72.1848 1
2	1	26.1094 1	72.1208 1
3	2	26.28 1 26.7 0.994	72.2342 1
6	8	26.511 1 26.782 0.991	72.1324 1 72.1597 0.061 72.1787 0.056 72.2022 0.055
