Size	Relations	OrthoA	OrthoB
2	1	26.1060 1	70.44 1
2	1	26.1059 1	70.43 1
2	1	26.230 1	70.566 1
2	1	26.417 1	70.61 1
2	1	26.514 1	70.467 1
2	1	26.1063 1	70.783 1
2	1	26.786 1	70.132 1
2	1	26.282 1	70.309 1
2	1	26.1253 1	70.766 1
2	1	26.254 1	70.459 1
2	1	26.587 1	70.163 1
2	1	26.427 1	70.59 1
2	1	26.567 1	70.594 1
2	1	26.811 1	70.288 1
2	1	26.522 1	70.379 1
2	1	26.520 1	70.381 1
2	1	26.181 1	70.677 1
2	1	26.432 1	70.60 1
2	1	26.145 1	70.656 1
2	1	26.1017 1	70.4 1
2	1	26.1016 1	70.3 1
3	2	26.808 1	70.291 1 70.509 0.782
2	1	26.39 1	70.815 1
2	1	26.841 1	70.131 1
2	1	26.531 1	70.411 1
2	1	26.368 1	70.351 1
2	1	26.908 1	70.104 1
2	1	26.749 1	70.327 1
2	1	26.468 1	70.52 1
2	1	26.935 1	70.630 1
2	1	26.997 1	70.689 1
2	1	26.689 1	70.173 1
2	1	26.466 1	70.54 1
2	1	26.904 1	70.111 1
2	1	26.1251 1	70.360 1
2	1	26.1026 1	70.13 1
2	1	26.76 1	70.203 1
2	1	26.719 1	70.690 1
3	2	26.553 1	70.178 0.059 70.179 1
2	1	26.177 1	70.151 1
2	1	26.57 1	70.803 1
2	1	26.741 1	70.158 1
2	1	26.1030 1	70.18 1
2	1	26.1272 1	70.268 1
2	1	26.233 1	70.553 1
2	1	26.421 1	70.822 1
2	1	26.1064 1	70.782 1
2	1	26.896 1	70.160 1
2	1	26.1013 1	70.768 1
2	1	26.944 1	70.136 1
2	1	26.108 1	70.742 1
2	1	26.142 1	70.769 1
2	1	26.1139 1	70.366 1
2	1	26.154 1	70.146 1
3	2	26.1004 1 26.1002 0.736	70.832 1
2	1	26.75 1	70.202 1
2	1	26.126 1	70.89 1
2	1	26.186 1	70.829 1
2	1	26.747 1	70.364 1
2	1	26.552 1	70.180 1
2	1	26.235 1	70.551 1
2	1	26.836 1	70.776 1
2	1	26.1054 1	70.82 1
2	1	26.173 1	70.239 1
2	1	26.256 1	70.621 1
2	1	26.208 1	70.249 1
2	1	26.632 1	70.145 1
2	1	26.54 1	70.806 1
2	1	26.73 1	70.625 1
2	1	26.1005 1	70.833 1
2	1	26.729 1	70.662 1
2	1	26.947 1	70.133 1
2	1	26.901 1	70.114 1
2	1	26.355 1	70.604 1
2	1	26.428 1	70.683 1
2	1	26.120 1	70.93 1
2	1	26.147 1	70.654 1
2	1	26.159 1	70.770 1
2	1	26.1191 1	70.204 1
2	1	26.373 1	70.222 1
2	1	26.59 1	70.818 1
2	1	26.144 1	70.120 1
2	1	26.645 1	70.118 1
2	1	26.1198 1	70.262 1
2	1	26.451 1	70.643 1
2	1	26.151 1	70.257 1
2	1	26.255 1	70.269 1
2	1	26.1228 1	70.280 1
2	1	26.309 1	70.376 1
2	1	26.356 1	70.603 1
2	1	26.460 1	70.74 1
2	1	26.1211 1	70.139 1
2	1	26.328 1	70.294 1
2	1	26.157 1	70.772 1
4	4	26.1001 1 26.296 0.832	70.827 1 70.235 0.783
2	1	26.156 1	70.773 1
2	1	26.448 1	70.126 1
2	1	26.571 1	70.610 1
2	1	26.58 1	70.819 1
2	1	26.297 1	70.311 1
2	1	26.740 1	70.671 1
2	1	26.1046 1	70.794 1
2	1	26.92 1	70.758 1
2	1	26.41 1	70.641 1
2	1	26.882 1	70.702 1
2	1	26.52 1	70.808 1
2	1	26.167 1	70.345 1
2	1	26.411 1	70.685 1
2	1	26.690 1	70.198 1
2	1	26.837 1	70.777 1
2	1	26.578 1	70.617 1
2	1	26.1028 1	70.15 1
2	1	26.899 1	70.116 1
2	1	26.269 1	70.579 1
2	1	26.241 1	70.344 1
2	1	26.446 1	70.128 1
2	1	26.192 1	70.212 1
2	1	26.902 1	70.113 1
2	1	26.995 1	70.802 1
2	1	26.1018 1	70.5 1
2	1	26.1140 1	70.365 1
2	1	26.266 1	70.582 1
2	1	26.1114 1	70.698 1
2	1	26.1029 1	70.17 1
2	1	26.353 1	70.606 1
2	1	26.554 1	70.177 1
2	1	26.1038 1	70.259 1
2	1	26.113 1	70.735 1
2	1	26.281 1	70.308 1
2	1	26.84 1	70.25 1
2	1	26.616 1	70.724 1
2	1	26.579 1	70.618 1
2	1	26.329 1	70.383 1
2	1	26.716 1	70.719 1
2	1	26.77 1	70.732 1
2	1	26.340 1	70.727 1
2	1	26.1109 1	70.191 1
2	1	26.436 1	70.821 1
2	1	26.727 1	70.385 1
2	1	26.1007 1	70.837 1
2	1	26.1020 1	70.7 1
2	1	26.40 1	70.30 1
2	1	26.721 1	70.693 1
2	1	26.812 1	70.775 1
2	1	26.234 1	70.552 1
2	1	26.1241 1	70.525 1
2	1	26.191 1	70.285 1
3	2	26.332 1 26.125 0.733	70.85 1
2	1	26.148 1	70.653 1
2	1	26.1039 1	70.258 1
2	1	26.752 1	70.324 1
2	1	26.122 1	70.86 1
2	1	26.158 1	70.771 1
2	1	26.617 1	70.498 1
2	1	26.78 1	70.731 1
2	1	26.634 1	70.144 1
2	1	26.207 1	70.248 1
2	1	26.231 1	70.555 1
2	1	26.37 1	70.816 1
2	1	26.185 1	70.673 1
2	1	26.456 1	70.648 1
2	1	26.1286 1	70.571 1
2	1	26.928 1	70.37 1
2	1	26.174 1	70.240 1
2	1	26.558 1	70.213 1
2	1	26.810 1	70.289 1
2	1	26.887 1	70.707 1
2	1	26.1216 1	70.334 1
2	1	26.354 1	70.605 1
2	1	26.55 1	70.805 1
2	1	26.804 1	70.658 1
2	1	26.371 1	70.423 1
2	1	26.598 1	70.109 1
2	1	26.1014 1	70.1 1
2	1	26.454 1	70.646 1
2	1	26.66 1	70.182 1
2	1	26.937 1	70.632 1
2	1	26.95 1	70.755 1
2	1	26.939 1	70.634 1
2	1	26.168 1	70.346 1
2	1	26.228 1	70.568 1
2	1	26.528 1	70.535 1
2	1	26.692 1	70.504 1
2	1	26.431 1	70.64 1
2	1	26.416 1	70.62 1
2	1	26.1285 1	70.435 1
2	1	26.50 1	70.811 1
2	1	26.644 1	70.723 1
2	1	26.89 1	70.761 1
2	1	26.724 1	70.695 1
2	1	26.79 1	70.730 1
2	1	26.357 1	70.602 1
2	1	26.429 1	70.66 1
2	1	26.1282 1	70.430 1
2	1	26.1097 1	70.377 1
2	1	26.807 1	70.292 1
2	1	26.1072 1	70.717 1
2	1	26.229 1	70.567 1
2	1	26.238 1	70.547 1
3	2	26.726 1	70.148 1 70.432 0.879
2	1	26.955 1	70.77 1
2	1	26.423 1	70.149 1
2	1	26.573 1	70.612 1
2	1	26.155 1	70.774 1
2	1	26.474 1	70.46 1
2	1	26.90 1	70.760 1
2	1	26.1229 1	70.281 1
2	1	26.996 1	70.688 1
2	1	26.261 1	70.696 1
2	1	26.1010 1	70.839 1
2	1	26.717 1	70.720 1
2	1	26.1214 1	70.392 1
2	1	26.135 1	70.276 1
2	1	26.204 1	70.67 1
2	1	26.557 1	70.214 1
2	1	26.565 1	70.592 1
2	1	26.1062 1	70.784 1
2	1	26.1210 1	70.138 1
2	1	26.1227 1	70.338 1
2	1	26.737 1	70.668 1
2	1	26.590 1	70.297 1
2	1	26.276 1	70.232 1
2	1	26.818 1	70.230 1
2	1	26.361 1	70.678 1
2	1	26.1015 1	70.2 1
3	2	26.224 1 26.67 0.784	70.217 1
2	1	26.467 1	70.53 1
2	1	26.593 1	70.228 1
2	1	26.951 1	70.29 1
2	1	26.101 1	70.749 1
2	1	26.1056 1	70.84 1
2	1	26.106 1	70.744 1
2	1	26.1247 1	70.396 1
2	1	26.359 1	70.300 1
2	1	26.426 1	70.68 1
2	1	26.1022 1	70.9 1
2	1	26.1104 1	70.437 1
2	1	26.115 1	70.740 1
3	2	26.425 1	70.813 1 70.814 0.235
2	1	26.591 1	70.296 1
2	1	26.1115 1	70.699 1
2	1	26.153 1	70.638 1
2	1	26.51 1	70.810 1
2	1	26.104 1	70.746 1
2	1	26.1061 1	70.785 1
2	1	26.362 1	70.378 1
2	1	26.96 1	70.754 1
2	1	26.272 1	70.226 1
2	1	26.739 1	70.670 1
2	1	26.654 1	70.388 1
2	1	26.738 1	70.669 1
2	1	26.201 1	70.469 1
2	1	26.1027 1	70.14 1
2	1	26.447 1	70.127 1
2	1	26.1006 1	70.836 1
2	1	26.198 1	70.485 1
3	2	26.333 1 26.273 0.790	70.227 1
3	2	26.494 1	70.530 1 70.524 0.774
2	1	26.1031 1	70.19 1
4	3	26.890 1	70.709 1 70.710 0.672 70.711 0.319
2	1	26.599 1	70.108 1
2	1	26.1024 1	70.11 1
2	1	26.1118 1	70.246 1
2	1	26.1162 1	70.348 1
2	1	26.1044 1	70.795 1
2	1	26.664 1	70.176 1
3	2	26.736 1 26.1134 0.813	70.667 1
2	1	26.268 1	70.580 1
2	1	26.314 1	70.343 1
2	1	26.926 1	70.484 1
3	2	26.746 1	70.363 1 70.474 0.714
2	1	26.182 1	70.676 1
2	1	26.1212 1	70.332 1
2	1	26.906 1	70.106 1
2	1	26.948 1	70.725 1
2	1	26.1127 1	70.438 1
2	1	26.943 1	70.137 1
2	1	26.1159 1	70.403 1
2	1	26.99 1	70.751 1
2	1	26.112 1	70.736 1
2	1	26.1188 1	70.194 1
2	1	26.138 1	70.255 1
2	1	26.369 1	70.353 1
2	1	26.929 1	70.36 1
4	3	26.1036 0.144 26.1037 1 26.434 0.100	70.247 1
2	1	26.109 1	70.741 1
2	1	26.184 1	70.674 1
2	1	26.523 1	70.414 1
2	1	26.226 1	70.570 1
2	1	26.270 1	70.224 1
2	1	26.580 1	70.660 1
2	1	26.1043 1	70.796 1
2	1	26.45 1	70.34 1
2	1	26.236 1	70.550 1
2	1	26.659 1	70.330 1
2	1	26.1158 1	70.404 1
2	1	26.952 1	70.28 1
4	3	26.477 1	70.185 1 70.407 0.767 70.528 0.812
2	1	26.795 1	70.799 1
2	1	26.1055 1	70.83 1
2	1	26.1141 1	70.361 1
2	1	26.225 1	70.218 1
2	1	26.900 1	70.115 1
2	1	26.190 1	70.284 1
2	1	26.563 1	70.590 1
2	1	26.107 1	70.743 1
2	1	26.114 1	70.734 1
2	1	26.999 1	70.825 1
2	1	26.803 1	70.657 1
2	1	26.363 1	70.205 1
2	1	26.183 1	70.675 1
2	1	26.271 1	70.225 1
2	1	26.439 1	70.45 1
2	1	26.1250 1	70.356 1
2	1	26.582 1	70.167 1
2	1	26.891 1	70.712 1
2	1	26.103 1	70.747 1
2	1	26.172 1	70.238 1
2	1	26.472 1	70.48 1
2	1	26.905 1	70.110 1
2	1	26.954 1	70.79 1
2	1	26.597 1	70.153 1
2	1	26.111 1	70.737 1
2	1	26.139 1	70.256 1
2	1	26.450 1	70.124 1
2	1	26.655 1	70.387 1
2	1	26.80 1	70.729 1
2	1	26.1025 1	70.12 1
2	1	26.561 1	70.589 1
2	1	26.60 1	70.820 1
2	1	26.938 1	70.633 1
2	1	26.949 1	70.726 1
2	1	26.771 1	70.199 1
2	1	26.372 1	70.496 1
2	1	26.443 1	70.452 1
2	1	26.1161 1	70.349 1
2	1	26.227 1	70.569 1
2	1	26.459 1	70.75 1
2	1	26.526 1	70.479 1
2	1	26.49 1	70.812 1
2	1	26.1236 1	70.320 1
2	1	26.94 1	70.756 1
2	1	26.572 1	70.611 1
2	1	26.444 1	70.454 1
2	1	26.942 1	70.637 1
2	1	26.61 1	70.206 1
2	1	26.1021 1	70.8 1
4	3	26.1053 1 26.188 0.402 26.375 0.528	70.81 1
2	1	26.196 1	70.623 1
2	1	26.42 1	70.31 1
2	1	26.93 1	70.757 1
2	1	26.1202 1	70.564 1
2	1	26.140 1	70.261 1
2	1	26.347 1	70.542 1
2	1	26.653 1	70.221 1
2	1	26.88 1	70.762 1
2	1	26.1042 1	70.797 1
2	1	26.475 1	70.189 1
2	1	26.250 1	70.210 1
2	1	26.136 1	70.277 1
3	2	26.562 0.119 26.620 1	70.718 1
2	1	26.748 1	70.362 1
2	1	26.971 1	70.40 1
2	1	26.105 1	70.745 1
2	1	26.1205 1	70.561 1
2	1	26.1047 1	70.793 1
2	1	26.1190 1	70.196 1
2	1	26.197 1	70.622 1
2	1	26.248 1	70.208 1
2	1	26.791 1	70.122 1
2	1	26.132 1	70.273 1
2	1	26.149 1	70.652 1
2	1	26.48 1	70.286 1
2	1	26.413 1	70.686 1
4	4	26.641 0.121 26.967 1	70.316 0.248 70.763 1
2	1	26.970 1	70.41 1
2	1	26.123 1	70.87 1
2	1	26.897 1	70.159 1
2	1	26.883 1	70.703 1
2	1	26.945 1	70.135 1
2	1	26.118 1	70.90 1
2	1	26.1206 1	70.560 1
2	1	26.595 1	70.155 1
2	1	26.267 1	70.581 1
2	1	26.313 1	70.342 1
3	2	26.743 0.058 26.760 1	70.597 1
2	1	26.936 1	70.631 1
2	1	26.98 1	70.752 1
2	1	26.1000 1	70.826 1
2	1	26.1033 1	70.21 1
2	1	26.53 1	70.807 1
2	1	26.592 1	70.295 1
2	1	26.83 1	70.24 1
2	1	26.884 1	70.704 1
2	1	26.940 1	70.635 1
2	1	26.74 1	70.721 1
2	1	26.469 1	70.51 1
2	1	26.728 1	70.147 1
2	1	26.1041 1	70.798 1
2	1	26.718 1	70.642 1
2	1	26.722 1	70.694 1
2	1	26.100 1	70.750 1
2	1	26.1034 1	70.22 1
2	1	26.1065 1	70.71 1
2	1	26.1160 1	70.350 1
2	1	26.1121 1	70.373 1
2	1	26.169 1	70.624 1
2	1	26.809 1	70.290 1
3	2	26.176 1 26.464 0.922	70.150 1
2	1	26.56 1	70.804 1
2	1	26.1254 1	70.175 1
2	1	26.1204 1	70.562 1
2	1	26.1157 1	70.536 1
2	1	26.527 1	70.534 1
2	1	26.1023 1	70.10 1
2	1	26.1249 1	70.355 1
2	1	26.232 1	70.554 1
2	1	26.91 1	70.759 1
2	1	26.953 1	70.57 1
2	1	26.1215 1	70.722 1
2	1	26.1281 1	70.181 1
2	1	26.415 1	70.63 1
2	1	26.693 1	70.513 1
2	1	26.280 1	70.278 1
2	1	26.892 1	70.713 1
2	1	26.102 1	70.748 1
2	1	26.1218 1	70.336 1
2	1	26.566 1	70.593 1
2	1	26.631 1	70.97 1
2	1	26.312 1	70.341 1
2	1	26.790 1	70.123 1
2	1	26.178 1	70.107 1
2	1	26.596 1	70.154 1
2	1	26.1035 1	70.23 1
2	1	26.110 1	70.739 1
2	1	26.442 1	70.451 1
2	1	26.648 1	70.243 1
2	1	26.735 1	70.666 1
2	1	26.1136 1	70.412 1
2	1	26.564 1	70.591 1
2	1	26.121 1	70.94 1
2	1	26.461 1	70.73 1
2	1	26.1011 1	70.840 1
2	1	26.237 1	70.549 1
2	1	26.751 1	70.325 1
2	1	26.1209 1	70.328 1
2	1	26.1032 1	70.20 1
2	1	26.1049 1	70.697 1
2	1	26.414 1	70.687 1
2	1	26.575 1	70.615 1
3	2	26.490 0.513 26.72 1	70.626 1
2	1	26.86 1	70.254 1
2	1	26.146 1	70.655 1
2	1	26.660 1	70.444 1
3	2	26.187 0.088 26.438 1	70.220 1
2	1	26.574 1	70.613 1
2	1	26.1217 1	70.335 1
2	1	26.352 1	70.607 1
2	1	26.441 1	70.453 1
2	1	26.650 1	70.241 1
2	1	26.1116 1	70.245 1
2	1	26.424 1	70.70 1
2	1	26.1195 1	70.574 1
2	1	26.470 1	70.50 1
2	1	26.476 1	70.184 1
2	1	26.1225 1	70.337 1
2	1	26.649 1	70.242 1
2	1	26.941 1	70.636 1
2	1	26.1235 1	70.319 1
2	1	26.437 1	70.627 1
3	2	26.1207 1	70.601 1 70.88 0.063
2	1	26.453 1	70.644 1
2	1	26.576 1	70.616 1
2	1	26.1019 1	70.6 1
2	1	26.170 1	70.236 1
2	1	26.440 1	70.447 1
2	1	26.734 1	70.664 1
2	1	26.753 1	70.565 1
2	1	26.893 1	70.714 1
2	1	26.998 1	70.824 1
2	1	26.622 1	70.413 1
2	1	26.1189 1	70.195 1
3	2	26.496 1	70.510 0.163 70.511 1
2	1	26.903 1	70.112 1
2	1	26.560 1	70.587 1
2	1	26.806 1	70.201 1
2	1	26.97 1	70.753 1
2	1	26.117 1	70.834 1
2	1	26.517 1	70.572 1
2	1	26.647 1	70.244 1
2	1	26.315 1	70.260 1
2	1	26.119 1	70.91 1
2	1	26.346 1	70.543 1
2	1	26.455 1	70.647 1
2	1	26.646 1	70.234 1
2	1	26.888 1	70.708 1
2	1	26.1012 1	70.841 1
2	1	26.249 1	70.209 1
2	1	26.471 1	70.49 1
2	1	26.731 1	70.663 1
2	1	26.750 1	70.326 1
2	1	26.310 1	70.680 1
3	2	26.1040 1 26.787 0.231	70.483 1
2	1	26.171 1	70.237 1
2	1	26.1048 1	70.792 1
2	1	26.1271 1	70.428 1
2	1	26.308 1	70.393 1
2	1	26.465 1	70.55 1
2	1	26.1248 1	70.354 1
2	1	26.570 1	70.609 1
2	1	26.946 1	70.134 1
2	1	26.44 1	70.33 1
2	1	26.767 1	70.450 1
3	2	26.933 1	70.598 0.075 70.599 1
3	2	26.245 1 26.317 0.091	70.271 1
2	1	26.1246 1	70.395 1
2	1	26.613 1	70.523 1
3	2	26.1194 1	70.339 0.132 70.473 1
2	1	26.311 1	70.340 1
2	1	26.1119 1	70.521 1
2	1	26.758 1	70.477 1
2	1	26.1058 1	70.823 1
2	1	26.568 1	70.596 1
2	1	26.134 1	70.275 1
2	1	26.817 0.784	70.39 0.784
