Size	Relations	OrthoA	OrthoB
2	1	26.230 1	71.523 1
2	1	26.641 1	71.1742 1
2	1	26.967 1	71.2201 1
2	1	26.340 1	71.663 1
2	1	26.1059 1	71.121 1
2	1	26.947 1	71.2157 1
2	1	26.1060 1	71.122 1
2	1	26.498 1	71.1248 1
2	1	26.520 1	71.1266 1
2	1	26.1242 1	71.850 1
2	1	26.719 1	71.1812 1
2	1	26.580 1	71.1432 1
2	1	26.1249 1	71.857 1
2	1	26.492 1	71.1223 1
2	1	26.76 1	71.352 1
2	1	26.417 1	71.284 1
2	1	26.1253 1	71.861 1
2	1	26.1072 1	71.133 1
2	1	26.567 1	71.1419 1
2	1	26.254 1	71.549 1
2	1	26.514 1	71.1260 1
2	1	26.287 1	71.585 1
2	1	26.165 1	71.456 1
2	1	26.1052 1	71.66 1
2	1	26.145 1	71.436 1
2	1	26.997 1	71.2237 1
2	1	26.1241 1	71.849 1
2	1	26.446 1	71.204 1
2	1	26.786 1	71.1936 1
2	1	26.578 1	71.1430 1
2	1	26.968 1	71.2202 1
2	1	26.1017 1	71.4 1
2	1	26.427 1	71.272 1
2	1	26.19 1	71.2348 1
2	1	26.946 1	71.2156 1
2	1	26.282 1	71.580 1
2	1	26.940 1	71.2150 1
2	1	26.286 1	71.584 1
2	1	26.642 1	71.1743 1
2	1	26.161 1	71.452 1
2	1	26.357 1	71.765 1
2	1	26.1251 1	71.859 1
2	1	26.1076 1	71.330 1
2	1	26.120 1	71.396 1
2	1	26.356 1	71.764 1
2	1	26.329 1	71.628 1
2	1	26.1063 1	71.125 1
2	1	26.460 1	71.189 1
2	1	26.811 1	71.1976 1
2	1	26.591 1	71.1512 1
2	1	26.747 1	71.1870 1
2	1	26.160 1	71.451 1
2	1	26.334 1	71.634 1
2	1	26.741 1	71.1842 1
2	1	26.1055 1	71.69 1
2	1	26.805 1	71.1970 1
2	1	26.531 1	71.972 1
2	1	26.71 1	71.347 1
2	1	26.204 1	71.510 1
2	1	26.904 1	71.2100 1
2	1	26.955 1	71.2165 1
2	1	26.1026 1	71.14 1
2	1	26.432 1	71.267 1
2	1	26.976 1	71.2231 1
2	1	26.522 1	71.1268 1
2	1	26.552 1	71.1404 1
2	1	26.147 1	71.438 1
2	1	26.1160 1	71.1395 1
2	1	26.1016 1	71.3 1
2	1	26.1042 1	71.56 1
2	1	26.39 1	71.293 1
2	1	26.234 1	71.527 1
2	1	26.645 1	71.1746 1
2	1	26.944 1	71.2154 1
2	1	26.749 1	71.1872 1
2	1	26.598 1	71.1519 1
2	1	26.836 1	71.1993 1
2	1	26.346 1	71.687 1
2	1	26.1191 1	71.1584 1
2	1	26.1285 1	71.945 1
2	1	26.587 1	71.1479 1
2	1	26.181 1	71.483 1
2	1	26.1139 1	71.1316 1
2	1	26.202 1	71.507 1
2	1	26.151 1	71.442 1
2	1	26.941 1	71.2151 1
2	1	26.808 1	71.1973 1
2	1	26.190 1	71.492 1
2	1	26.361 1	71.771 1
2	1	26.908 1	71.2104 1
2	1	26.186 1	71.488 1
2	1	26.355 1	71.763 1
2	1	26.75 1	71.351 1
2	1	26.1211 1	71.1559 1
2	1	26.766 1	71.1927 1
2	1	26.338 1	71.661 1
2	1	26.177 1	71.467 1
2	1	26.244 1	71.539 1
2	1	26.729 1	71.1831 1
2	1	26.899 1	71.2095 1
2	1	26.142 1	71.422 1
2	1	26.168 1	71.459 1
2	1	26.263 1	71.561 1
2	1	26.152 1	71.443 1
2	1	26.368 1	71.779 1
2	1	26.898 1	71.2094 1
2	1	26.201 1	71.506 1
2	1	26.1277 1	71.920 1
2	1	26.167 1	71.458 1
2	1	26.468 1	71.182 1
2	1	26.1054 1	71.68 1
2	1	26.295 1	71.592 1
2	1	26.843 1	71.2000 1
2	1	26.1030 1	71.19 1
2	1	26.614 1	71.1527 1
2	1	26.905 1	71.2101 1
2	1	26.839 1	71.1995 1
2	1	26.70 1	71.346 1
2	1	26.1268 1	71.889 1
2	1	26.421 1	71.279 1
2	1	26.840 1	71.1996 1
2	1	26.935 1	71.2145 1
2	1	26.765 1	71.1926 1
2	1	26.553 1	71.1405 1
2	1	26.1038 1	71.31 1
2	1	26.187 1	71.489 1
2	1	26.66 1	71.340 1
2	1	26.902 1	71.2098 1
2	1	26.233 1	71.526 1
2	1	26.901 1	71.2097 1
2	1	26.497 1	71.1247 1
2	1	26.256 1	71.554 1
2	1	26.442 1	71.240 1
2	1	26.1013 1	71.2261 1
2	1	26.23 1	71.2350 1
2	1	26.126 1	71.404 1
2	1	26.291 1	71.589 1
17	72	26.775 1 26.981 1 26.710 1 26.504 0.495 26.382 0.488 26.537 0.423 26.964 0.415 26.1146 0.232 26.542 0.867	71.990 1 71.1281 1 71.1596 1 71.1859 0.858 71.2206 0.692 71.1505 0.598 71.1005 0.485 71.2127 0.469
2	1	26.625 1	71.1724 1
2	1	26.1053 1	71.67 1
2	1	26.188 1	71.490 1
2	1	26.375 1	71.788 1
2	1	26.466 1	71.184 1
2	1	26.689 1	71.1801 1
3	2	26.18 1 26.34 1	71.2347 1
2	1	26.154 1	71.445 1
2	1	26.108 1	71.384 1
2	1	26.159 1	71.450 1
2	1	26.207 1	71.513 1
2	1	26.1014 1	71.1 1
2	1	26.1048 1	71.62 1
2	1	26.58 1	71.316 1
2	1	26.425 1	71.274 1
2	1	26.1125 1	71.1015 1
2	1	26.1212 1	71.1558 1
2	1	26.40 1	71.294 1
2	1	26.564 1	71.1416 1
2	1	26.572 1	71.1424 1
2	1	26.229 1	71.522 1
2	1	26.752 1	71.1875 1
2	1	26.837 1	71.1994 1
2	1	26.146 1	71.437 1
2	1	26.241 1	71.534 1
2	1	26.1156 1	71.1378 1
2	1	26.84 1	71.360 1
2	1	26.1228 1	71.803 1
2	1	26.208 1	71.514 1
2	1	26.173 1	71.463 1
2	1	26.269 1	71.567 1
2	1	26.73 1	71.349 1
2	1	26.59 1	71.317 1
2	1	26.235 1	71.528 1
2	1	26.1025 1	71.13 1
2	1	26.1007 1	71.2247 1
2	1	26.185 1	71.487 1
2	1	26.1282 1	71.942 1
2	1	26.430 1	71.269 1
2	1	26.1075 1	71.331 1
2	1	26.281 1	71.579 1
2	1	26.882 1	71.2059 1
2	1	26.1018 1	71.5 1
2	1	26.369 1	71.780 1
2	1	26.1121 1	71.1024 1
2	1	26.1010 1	71.2258 1
2	1	26.55 1	71.312 1
2	1	26.583 1	71.1475 1
2	1	26.950 1	71.2160 1
2	1	26.1223 1	71.1537 1
2	1	26.1140 1	71.1317 1
2	1	26.158 1	71.449 1
2	1	26.297 1	71.595 1
2	1	26.1238 1	71.846 1
2	1	26.937 1	71.2147 1
2	1	26.1020 1	71.7 1
2	1	26.414 1	71.287 1
2	1	26.85 1	71.361 1
2	1	26.428 1	71.271 1
2	1	26.64 1	71.338 1
2	1	26.353 1	71.761 1
2	1	26.1064 1	71.126 1
2	1	26.722 1	71.1815 1
2	1	26.721 1	71.1814 1
2	1	26.328 1	71.627 1
2	1	26.716 1	71.1809 1
2	1	26.451 1	71.199 1
2	1	26.1214 1	71.1556 1
2	1	26.1252 1	71.860 1
2	1	26.715 1	71.1808 1
2	1	26.807 1	71.1972 1
2	1	26.819 1	71.1986 1
2	1	26.571 1	71.1423 1
2	1	26.416 1	71.285 1
2	1	26.228 1	71.521 1
2	1	26.245 1	71.540 1
2	1	26.528 1	71.1287 1
2	1	26.68 1	71.342 1
2	1	26.943 1	71.2153 1
2	1	26.1207 1	71.1574 1
2	1	26.57 1	71.315 1
2	1	26.156 1	71.447 1
2	1	26.191 1	71.493 1
2	1	26.1286 1	71.946 1
2	1	26.600 1	71.1521 1
2	1	26.694 1	71.1806 1
2	1	26.693 1	71.1805 1
2	1	26.889 1	71.2068 1
2	1	26.1161 1	71.1396 1
2	1	26.438 1	71.245 1
2	1	26.227 1	71.520 1
2	1	26.626 1	71.1725 1
2	1	26.52 1	71.308 1
2	1	26.1287 1	71.947 1
2	1	26.1158 1	71.1393 1
8	12	26.1166 1 26.681 1	71.1628 0.452 71.1641 0.420 71.1654 0.461 71.1669 1 71.1684 0.454 71.1702 0.396
2	1	26.373 1	71.784 1
2	1	26.448 1	71.202 1
2	1	26.532 1	71.971 1
2	1	26.1015 1	71.2 1
2	1	26.740 1	71.1841 1
2	1	26.1005 1	71.2245 1
2	1	26.579 1	71.1431 1
2	1	26.558 1	71.1410 1
2	1	26.945 1	71.2155 1
2	1	26.1046 1	71.60 1
2	1	26.1226 1	71.800 1
2	1	26.562 1	71.1414 1
2	1	26.810 1	71.1975 1
3	2	26.65 1 26.549 0.851	71.339 1
2	1	26.296 1	71.594 1
2	1	26.887 1	71.2066 1
2	1	26.1004 1	71.2244 1
2	1	26.436 1	71.247 1
2	1	26.1002 1	71.2242 1
2	1	26.1001 1	71.2241 1
2	1	26.155 1	71.446 1
2	1	26.597 1	71.1518 1
2	1	26.738 1	71.1839 1
2	1	26.157 1	71.448 1
2	1	26.926 1	71.2107 1
2	1	26.200 1	71.505 1
2	1	26.690 1	71.1802 1
2	1	26.347 1	71.688 1
2	1	26.1043 1	71.57 1
12	32	26.1261 1 26.508 0.943 26.608 0.514 26.779 0.829	71.1002 1 71.1278 0.281 71.140 0.688 71.1862 0.312 71.2130 0.281 71.2209 0.688 71.955 0.562 71.987 0.281
2	1	26.411 1	71.290 1
2	1	26.530 1	71.1290 1
2	1	26.1031 1	71.20 1
2	1	26.1073 1	71.333 1
2	1	26.1080 1	71.325 1
2	1	26.804 1	71.1969 1
2	1	26.1051 1	71.65 1
2	1	26.717 1	71.1810 1
2	1	26.174 1	71.464 1
4	4	26.1169 1 26.678 1	71.1657 1 71.1687 0.667
2	1	26.554 1	71.1406 1
2	1	26.886 1	71.2065 1
2	1	26.1227 1	71.818 1
2	1	26.590 1	71.1511 1
2	1	26.79 1	71.355 1
2	1	26.118 1	71.394 1
2	1	26.309 1	71.617 1
2	1	26.456 1	71.195 1
2	1	26.371 1	71.782 1
2	1	26.81 1	71.357 1
2	1	26.122 1	71.398 1
2	1	26.1245 1	71.852 1
2	1	26.477 1	71.155 1
2	1	26.341 1	71.664 1
2	1	26.616 1	71.1531 1
2	1	26.599 1	71.1520 1
7	10	26.11 1 26.12 0.559 26.15 0.525 26.16 0.494 26.32 0.779	71.2272 0.202 71.2355 1
2	1	26.443 1	71.239 1
2	1	26.370 1	71.781 1
2	1	26.153 1	71.444 1
2	1	26.1130 1	71.1010 1
2	1	26.1216 1	71.1552 1
2	1	26.138 1	71.418 1
2	1	26.951 1	71.2161 1
2	1	26.37 1	71.292 1
2	1	26.565 1	71.1417 1
2	1	26.429 1	71.270 1
2	1	26.1028 1	71.16 1
2	1	26.209 1	71.1324 1
2	1	26.78 1	71.354 1
2	1	26.113 1	71.389 1
2	1	26.573 1	71.1425 1
2	1	26.646 1	71.1747 1
2	1	26.491 1	71.1205 1
2	1	26.746 1	71.1869 1
2	1	26.354 1	71.762 1
2	1	26.61 1	71.319 1
2	1	26.426 1	71.273 1
2	1	26.266 1	71.564 1
2	1	26.252 1	71.546 1
2	1	26.310 1	71.618 1
2	1	26.1162 1	71.1397 1
2	1	26.737 1	71.1838 1
2	1	26.793 1	71.1952 1
2	1	26.67 1	71.341 1
2	1	26.431 1	71.268 1
2	1	26.995 1	71.2235 1
2	1	26.812 1	71.1977 1
2	1	26.82 1	71.358 1
2	1	26.1047 1	71.61 1
2	1	26.413 1	71.288 1
2	1	26.996 1	71.2236 1
2	1	26.1037 1	71.29 1
2	1	26.1217 1	71.1551 1
2	1	26.561 1	71.1413 1
2	1	26.559 1	71.1411 1
2	1	26.447 1	71.203 1
2	1	26.620 1	71.1720 1
2	1	26.1056 1	71.70 1
2	1	26.77 1	71.353 1
2	1	26.231 1	71.524 1
2	1	26.51 1	71.307 1
2	1	26.1027 1	71.15 1
2	1	26.92 1	71.368 1
2	1	26.462 1	71.187 1
2	1	26.242 1	71.536 1
2	1	26.557 1	71.1409 1
2	1	26.896 1	71.2092 1
2	1	26.63 1	71.337 1
2	1	26.891 1	71.2070 1
2	1	26.1281 1	71.941 1
2	1	26.467 1	71.183 1
6	8	26.503 0.477 26.773 1	71.145 1 71.1507 0.870 71.1964 0.830 71.612 0.199
2	1	26.1023 1	71.11 1
2	1	26.238 1	71.531 1
2	1	26.621 1	71.1721 1
2	1	26.526 1	71.1285 1
2	1	26.577 1	71.1429 1
2	1	26.743 1	71.1844 1
2	1	26.454 1	71.197 1
2	1	26.450 1	71.200 1
2	1	26.813 1	71.1978 1
2	1	26.1210 1	71.1560 1
2	1	26.915 1	71.1614 1
2	1	26.1036 1	71.27 1
2	1	26.1208 1	71.1573 1
2	1	26.148 1	71.439 1
2	1	26.814 1	71.1979 1
2	1	26.890 1	71.2069 1
2	1	26.939 1	71.2149 1
2	1	26.938 1	71.2148 1
2	1	26.999 1	71.2239 1
2	1	26.847 1	71.2057 1
2	1	26.123 1	71.399 1
2	1	26.1104 1	71.1185 1
2	1	26.975 1	71.2226 1
2	1	26.1114 1	71.1092 1
2	1	26.312 1	71.620 1
2	1	26.817 1	71.1982 1
2	1	26.275 1	71.572 1
2	1	26.1006 1	71.2246 1
2	1	26.268 1	71.566 1
2	1	26.771 1	71.1934 1
2	1	26.519 1	71.1265 1
2	1	26.523 1	71.1269 1
2	1	26.792 1	71.1951 1
2	1	26.1029 1	71.18 1
2	1	26.264 1	71.562 1
2	1	26.472 1	71.178 1
2	1	26.739 1	71.1840 1
2	1	26.280 1	71.578 1
2	1	26.1157 1	71.1392 1
2	1	26.80 1	71.356 1
2	1	26.998 1	71.2238 1
2	1	26.643 1	71.1744 1
2	1	26.651 1	71.1752 1
2	1	26.115 1	71.391 1
2	1	26.1229 1	71.804 1
2	1	26.50 1	71.306 1
2	1	26.458 1	71.191 1
2	1	26.1239 1	71.848 1
2	1	26.197 1	71.502 1
2	1	26.844 1	71.2001 1
2	1	26.54 1	71.310 1
2	1	26.1141 1	71.1318 1
2	1	26.237 1	71.530 1
2	1	26.192 1	71.495 1
2	1	26.196 1	71.501 1
2	1	26.270 1	71.568 1
2	1	26.89 1	71.365 1
2	1	26.803 1	71.1968 1
2	1	26.42 1	71.298 1
2	1	26.1129 1	71.1011 1
2	1	26.423 1	71.276 1
2	1	26.135 1	71.413 1
2	1	26.1215 1	71.1555 1
2	1	26.374 1	71.787 1
2	1	26.95 1	71.371 1
2	1	26.226 1	71.519 1
2	1	26.791 1	71.1940 1
2	1	26.728 1	71.1830 1
2	1	26.119 1	71.395 1
2	1	26.659 1	71.1769 1
2	1	26.224 1	71.517 1
2	1	26.582 1	71.1474 1
2	1	26.1024 1	71.12 1
2	1	26.332 1	71.632 1
2	1	26.952 1	71.2162 1
2	1	26.272 1	71.570 1
2	1	26.433 1	71.266 1
2	1	26.144 1	71.429 1
2	1	26.661 1	71.1771 1
2	1	26.1003 1	71.2243 1
2	1	26.464 1	71.186 1
2	1	26.1032 1	71.21 1
2	1	26.1109 1	71.1102 1
2	1	26.623 1	71.1723 1
2	1	26.163 1	71.454 1
2	1	26.1115 1	71.1091 1
2	1	26.331 1	71.631 1
2	1	26.49 1	71.305 1
2	1	26.900 1	71.2096 1
2	1	26.1192 1	71.1583 1
3	2	26.736 1 26.1134 0.872	71.1837 1
2	1	26.518 1	71.1264 1
2	1	26.164 1	71.455 1
2	1	26.928 1	71.2110 1
2	1	26.1196 1	71.1579 1
2	1	26.236 1	71.529 1
2	1	26.622 1	71.1722 1
2	1	26.1284 1	71.944 1
2	1	26.339 1	71.662 1
2	1	26.584 1	71.1476 1
2	1	26.1270 1	71.891 1
2	1	26.521 1	71.1267 1
2	1	26.748 1	71.1871 1
2	1	26.172 1	71.462 1
9	14	26.351 1 26.833 1 26.820 0.329 26.745 0.127 26.687 0.126 26.1187 0.074 26.754 0.064	71.711 1 71.1987 1
2	1	26.1195 1	71.1581 1
2	1	26.109 1	71.385 1
2	1	26.45 1	71.301 1
2	1	26.171 1	71.461 1
2	1	26.527 1	71.1286 1
2	1	26.593 1	71.1514 1
2	1	26.586 1	71.1478 1
2	1	26.954 1	71.2164 1
2	1	26.279 1	71.577 1
2	1	26.415 1	71.286 1
2	1	26.1040 1	71.54 1
2	1	26.888 1	71.2067 1
2	1	26.313 1	71.621 1
2	1	26.166 1	71.457 1
2	1	26.1022 1	71.10 1
2	1	26.1126 1	71.1014 1
2	1	26.785 1	71.1935 1
2	1	26.474 1	71.176 1
2	1	26.333 1	71.633 1
2	1	26.336 1	71.636 1
2	1	26.529 1	71.1288 1
2	1	26.1097 1	71.1204 1
2	1	26.149 1	71.440 1
2	1	26.663 1	71.1773 1
2	1	26.724 1	71.1816 1
2	1	26.925 1	71.2106 1
2	1	26.1222 1	71.1543 1
2	1	26.335 1	71.635 1
2	1	26.90 1	71.366 1
2	1	26.273 1	71.571 1
2	1	26.664 1	71.1774 1
2	1	26.198 1	71.503 1
2	1	26.139 1	71.419 1
2	1	26.1085 1	71.2291 1
2	1	26.1159 1	71.1394 1
2	1	26.953 1	71.2163 1
2	1	26.735 1	71.1836 1
2	1	26.796 1	71.1963 1
2	1	26.665 1	71.1775 1
2	1	26.1123 1	71.1022 1
2	1	26.243 1	71.537 1
2	1	26.444 1	71.207 1
2	1	26.182 1	71.484 1
2	1	26.1044 1	71.58 1
2	1	26.240 1	71.533 1
2	1	26.176 1	71.466 1
2	1	26.1122 1	71.1023 1
2	1	26.106 1	71.382 1
2	1	26.47 1	71.303 1
2	1	26.276 1	71.573 1
2	1	26.46 1	71.302 1
2	1	26.809 1	71.1974 1
2	1	26.60 1	71.318 1
2	1	26.550 1	71.1402 1
2	1	26.566 1	71.1418 1
2	1	26.733 1	71.1834 1
2	1	26.994 1	71.2234 1
2	1	26.140 1	71.420 1
2	1	26.695 1	71.1807 1
2	1	26.1066 1	71.128 1
2	1	26.595 1	71.1516 1
2	1	26.184 1	71.486 1
7	10	26.25 0.983 26.4 1	71.2268 0.254 71.2310 0.317 71.2323 0.139 71.2362 0.905 71.2365 1
2	1	26.175 1	71.465 1
2	1	26.183 1	71.485 1
2	1	26.660 1	71.1770 1
2	1	26.897 1	71.2093 1
2	1	26.615 1	71.1528 1
2	1	26.768 1	71.1930 1
2	1	26.569 1	71.1421 1
2	1	26.311 1	71.619 1
2	1	26.787 1	71.1937 1
2	1	26.359 1	71.767 1
2	1	26.292 1	71.590 1
2	1	26.124 1	71.401 1
2	1	26.205 1	71.511 1
2	1	26.500 1	71.1250 1
2	1	26.97 1	71.373 1
2	1	26.1236 1	71.842 1
2	1	26.271 1	71.569 1
2	1	26.1103 1	71.1186 1
2	1	26.41 1	71.296 1
2	1	26.649 1	71.1750 1
2	1	26.449 1	71.201 1
2	1	26.822 1	71.1991 1
2	1	26.469 1	71.181 1
2	1	26.934 1	71.2144 1
2	1	26.1237 1	71.845 1
2	1	26.178 1	71.468 1
2	1	26.1220 1	71.1545 1
2	1	26.314 1	71.622 1
2	1	26.718 1	71.1811 1
2	1	26.974 1	71.2225 1
2	1	26.1049 1	71.63 1
2	1	26.101 1	71.377 1
2	1	26.223 1	71.2367 1
2	1	26.225 1	71.518 1
2	1	26.104 1	71.380 1
2	1	26.1232 1	71.839 1
2	1	26.1000 1	71.2240 1
2	1	26.563 1	71.1415 1
2	1	26.48 1	71.304 1
2	1	26.278 1	71.575 1
2	1	26.1188 1	71.1603 1
2	1	26.162 1	71.453 1
2	1	26.499 1	71.1249 1
2	1	26.326 1	71.624 1
2	1	26.592 1	71.1513 1
2	1	26.125 1	71.402 1
2	1	26.1105 1	71.1184 1
2	1	26.725 1	71.1817 1
2	1	26.927 1	71.2108 1
2	1	26.128 1	71.406 1
2	1	26.141 1	71.421 1
2	1	26.576 1	71.1428 1
2	1	26.129 1	71.407 1
2	1	26.1250 1	71.858 1
3	2	26.27 0.985 26.6 1	71.2366 1
2	1	26.453 1	71.198 1
2	1	26.1021 1	71.9 1
2	1	26.372 1	71.783 1
2	1	26.267 1	71.565 1
2	1	26.556 1	71.1408 1
2	1	26.1213 1	71.1557 1
2	1	26.885 1	71.2063 1
2	1	26.892 1	71.2071 1
2	1	26.1124 1	71.1021 1
2	1	26.1204 1	71.1578 1
2	1	26.1116 1	71.1090 1
2	1	26.658 1	71.1768 1
2	1	26.69 1	71.345 1
2	1	26.134 1	71.412 1
2	1	26.555 1	71.1407 1
2	1	26.906 1	71.2102 1
2	1	26.589 1	71.1510 1
2	1	26.195 1	71.500 1
2	1	26.753 1	71.1876 1
2	1	26.1062 1	71.124 1
2	1	26.86 1	71.362 1
2	1	26.261 1	71.557 1
2	1	26.258 1	71.556 1
2	1	26.1112 1	71.1093 1
2	1	26.516 1	71.1262 1
2	1	26.596 1	71.1517 1
2	1	26.283 1	71.581 1
2	1	26.936 1	71.2146 1
2	1	26.131 1	71.409 1
2	1	26.971 1	71.2218 1
2	1	26.949 1	71.2159 1
2	1	26.327 1	71.625 1
2	1	26.588 1	71.1480 1
2	1	26.53 1	71.309 1
2	1	26.883 1	71.2060 1
2	1	26.1019 1	71.6 1
2	1	26.87 1	71.363 1
2	1	26.255 1	71.553 1
2	1	26.959 1	71.2169 1
2	1	26.363 1	71.774 1
2	1	26.1235 1	71.841 1
2	1	26.475 1	71.174 1
2	1	26.1033 1	71.22 1
2	1	26.457 1	71.192 1
2	1	26.574 1	71.1426 1
2	1	26.1034 1	71.23 1
2	1	26.1068 1	71.131 1
12	32	26.1179 0.910 26.667 0.910 26.848 0.585 26.924 1	71.1626 0.558 71.1640 0.852 71.1652 0.633 71.1677 0.656 71.1680 0.427 71.1683 0.332 71.1693 1 71.1705 0.066
2	1	26.137 1	71.415 1
2	1	26.232 1	71.525 1
2	1	26.1225 1	71.1536 1
2	1	26.942 1	71.2152 1
2	1	26.96 1	71.372 1
2	1	26.439 1	71.243 1
2	1	26.1061 1	71.123 1
2	1	26.74 1	71.350 1
2	1	26.1057 1	71.71 1
3	2	26.9 1	71.2370 0.642 71.2372 1
2	1	26.929 1	71.2111 1
2	1	26.83 1	71.359 1
3	2	26.714 1	71.1069 0.993 71.1140 1
2	1	26.107 1	71.383 1
2	1	26.594 1	71.1515 1
2	1	26.1009 1	71.2257 1
2	1	26.818 1	71.1985 1
2	1	26.1111 1	71.1094 1
12	11	26.1259 1	71.1000 0.710 71.1275 0.484 71.1304 1 71.138 0.613 71.1498 0.774 71.1590 0.710 71.2133 0.613 71.2212 0.452 71.810 0.129 71.958 0.355 71.984 0.613
2	1	26.473 1	71.177 1
2	1	26.524 1	71.1270 1
2	1	26.1039 1	71.32 1
2	1	26.1205 1	71.1577 1
2	1	26.459 1	71.190 1
2	1	26.788 1	71.1938 1
2	1	26.56 1	71.313 1
2	1	26.1234 1	71.837 1
2	1	26.1254 1	71.862 1
2	1	26.948 1	71.2158 1
2	1	26.570 1	71.1422 1
2	1	26.299 1	71.613 1
2	1	26.823 1	71.1992 1
2	1	26.1067 1	71.129 1
2	1	26.568 1	71.1420 1
2	1	26.246 1	71.541 1
2	1	26.348 1	71.708 1
2	1	26.931 1	71.2119 1
2	1	26.980 1	71.1965 1
2	1	26.1209 1	71.1572 1
2	1	26.551 1	71.1403 1
2	1	26.1271 1	71.892 1
2	1	26.581 1	71.1434 1
2	1	26.424 1	71.275 1
2	1	26.103 1	71.379 1
2	1	26.112 1	71.388 1
2	1	26.1065 1	71.127 1
2	1	26.691 1	71.1803 1
2	1	26.895 1	71.2088 1
2	1	26.99 1	71.375 1
2	1	26.1233 1	71.838 1
3	2	26.350 1 26.798 0.881	71.709 1
2	1	26.774 1	71.991 1
2	1	26.248 1	71.543 1
2	1	26.1267 1	71.888 1
2	1	26.1135 1	71.1297 1
2	1	26.1272 1	71.894 1
2	1	26.265 1	71.563 1
2	1	26.105 1	71.381 1
9	20	26.1262 0.615 26.507 0.923 26.609 1 26.778 0.615	71.1003 1 71.1309 1 71.141 1 71.1761 0.679 71.2208 1
2	1	26.1190 1	71.1601 1
2	1	26.136 1	71.414 1
2	1	26.114 1	71.390 1
2	1	26.692 1	71.1804 1
2	1	26.111 1	71.387 1
2	1	26.662 1	71.1772 1
2	1	26.560 1	71.1412 1
2	1	26.1089 1	71.2014 1
7	6	26.1090 1	71.1047 0.991 71.1160 0.991 71.1348 0.273 71.1458 0.964 71.1896 0.991 71.740 1
2	1	26.1107 1	71.1182 1
2	1	26.806 1	71.1971 1
2	1	26.94 1	71.370 1
2	1	26.412 1	71.289 1
2	1	26.239 1	71.532 1
2	1	26.62 1	71.336 1
2	1	26.845 1	71.2002 1
2	1	26.72 1	71.348 1
2	1	26.655 1	71.1765 1
2	1	26.647 1	71.1748 1
2	1	26.731 1	71.1833 1
2	1	26.790 1	71.1939 1
2	1	26.970 1	71.2217 1
2	1	26.470 1	71.180 1
2	1	26.1083 1	71.965 1
2	1	26.132 1	71.410 1
2	1	26.455 1	71.196 1
2	1	26.750 1	71.1873 1
2	1	26.127 1	71.405 1
2	1	26.290 1	71.588 1
2	1	26.418 1	71.283 1
2	1	26.88 1	71.364 1
2	1	26.100 1	71.376 1
2	1	26.1011 1	71.2259 1
2	1	26.277 1	71.574 1
2	1	26.476 1	71.156 1
2	1	26.932 1	71.2120 1
2	1	26.249 1	71.544 1
2	1	26.420 1	71.280 1
2	1	26.1143 1	71.1368 1
2	1	26.360 1	71.768 1
2	1	26.1045 1	71.59 1
2	1	26.262 1	71.559 1
2	1	26.720 1	71.1813 1
2	1	26.656 1	71.1766 1
2	1	26.440 1	71.242 1
2	1	26.352 1	71.760 1
2	1	26.1041 1	71.55 1
9	14	26.2 1 26.24 0.839	71.1045 0.115 71.1162 0.115 71.1456 0.104 71.1894 0.115 71.2018 0.134 71.476 1 71.742 0.115
2	1	26.770 1	71.1933 1
2	1	26.657 1	71.1767 1
2	1	26.257 1	71.555 1
2	1	26.884 1	71.2061 1
3	2	26.20 1 26.22 1	71.2349 1
2	1	26.250 1	71.545 1
2	1	26.93 1	71.369 1
3	2	26.713 1	71.1070 1 71.1917 0.884
2	1	26.445 1	71.205 1
2	1	26.727 1	71.1826 1
4	3	26.494 1	71.2045 1 71.100 0.778 71.2029 0.807
2	1	26.751 1	71.1874 1
2	1	26.91 1	71.367 1
2	1	26.903 1	71.2099 1
2	1	26.471 1	71.179 1
2	1	26.907 1	71.2103 1
2	1	26.650 1	71.1751 1
2	1	26.914 1	71.1613 1
2	1	26.628 1	71.1728 1
2	1	26.1248 1	71.856 1
2	1	26.362 1	71.773 1
2	1	26.842 1	71.1999 1
2	1	26.1050 1	71.64 1
2	1	26.193 1	71.498 1
2	1	26.199 1	71.504 1
2	1	26.284 1	71.582 1
2	1	26.285 1	71.583 1
2	1	26.1276 1	71.919 1
4	3	26.602 1	71.1019 0.963 71.116 1 71.90 0.933
2	1	26.1246 1	71.854 1
2	1	26.461 1	71.188 1
2	1	26.767 1	71.1929 1
2	1	26.419 1	71.282 1
2	1	26.1221 1	71.1544 1
2	1	26.98 1	71.374 1
2	1	26.366 1	71.778 1
2	1	26.1247 1	71.855 1
2	1	26.133 1	71.411 1
2	1	26.170 1	71.460 1
2	1	26.293 1	71.591 1
2	1	26.465 1	71.185 1
2	1	26.121 1	71.397 1
2	1	26.1218 1	71.1550 1
2	1	26.881 1	71.2058 1
7	6	26.1290 1 26.394 1 26.480 0.250 26.698 0.250 26.852 0.250 26.991 0.250	71.1534 1
2	1	26.1127 1	71.1013 1
2	1	26.585 1	71.1477 1
2	1	26.969 1	71.2203 1
2	1	26.342 1	71.665 1
2	1	26.410 1	71.291 1
2	1	26.742 1	71.1843 1
2	1	26.189 1	71.491 1
2	1	26.515 1	71.1261 1
3	2	26.17 1 26.33 1	71.2346 1
2	1	26.1206 1	71.1575 1
9	14	26.1168 1 26.679 1	71.1312 1 71.1630 0.961 71.1643 0.961 71.1656 0.106 71.1670 0.961 71.1686 0.961 71.1700 0.961
2	1	26.117 1	71.393 1
2	1	26.437 1	71.246 1
2	1	26.1035 1	71.24 1
2	1	26.933 1	71.2143 1
2	1	26.194 1	71.499 1
2	1	26.1278 1	71.921 1
2	1	26.289 1	71.587 1
2	1	26.1163 1	71.1398 1
2	1	26.1117 1	71.1089 1
2	1	26.203 1	71.509 1
2	1	26.652 1	71.1753 1
2	1	26.1091 1	71.1240 1
2	1	26.43 1	71.299 1
2	1	26.1136 1	71.1298 1
2	1	26.1283 1	71.943 1
2	1	26.110 1	71.386 1
2	1	26.441 1	71.241 1
2	1	26.1078 1	71.328 1
2	1	26.102 1	71.378 1
7	10	26.1167 1 26.680 1	71.1629 1 71.1642 0.600 71.1655 0.800 71.1685 0.800 71.1701 0.200
23	60	26.1148 1 26.213 0.500 26.861 0.125	71.1004 0.700 71.1280 1 71.1295 0.500 71.1310 0.700 71.1328 0.800 71.142 1 71.1487 0.500 71.1504 1 71.1595 0.800 71.1762 0.800 71.1857 1 71.1860 1 71.2077 0.900 71.2128 1 71.2190 0.800 71.2207 1 71.2252 0.800 71.807 0.600 71.953 1 71.989 1
6	8	26.1175 1 26.672 1	71.1636 0.733 71.1650 0.533 71.1691 1 71.1708 0.667
2	1	26.358 1	71.766 1
2	1	26.893 1	71.2072 1
17	16	26.1087 1	71.1075 0.154 71.1133 0.137 71.1231 0.313 71.1372 0.094 71.1471 0.129 71.1922 0.219 71.2273 0.084 71.233 0.118 71.329 0.279 71.425 0.388 71.50 0.269 71.684 0.079 71.714 0.164 71.794 0.323 71.869 0.055 71.911 1
2	1	26.1269 1	71.890 1
2	1	26.913 1	71.1612 1
27	176	26.1151 1 26.216 1 26.405 0.444 26.607 0.444 26.509 0.111 26.780 0.111 26.401 1 26.485 1 26.858 1 26.986 1 26.1260 1	71.2081 1 71.1592 1 71.1277 0.857 71.1306 0.857 71.1332 0.857 71.139 0.857 71.1500 0.857 71.1854 0.857 71.1863 0.857 71.2131 0.857 71.2210 0.857 71.986 0.857 71.1759 0.429 71.1945 0.429 71.1490 0.286 71.956 1
2	1	26.206 1	71.512 1
2	1	26.815 1	71.1980 1
2	1	26.247 1	71.542 1
2	1	26.575 1	71.1427 1
2	1	26.734 1	71.1835 1
2	1	26.116 1	71.392 1
2	1	26.916 1	71.1615 1
2	1	26.1189 1	71.1602 1
2	1	26.769 1	71.1932 1
2	1	26.422 1	71.277 1
2	1	26.218 1	71.1334 1
5	4	26.1294 1 26.483 0.762 26.703 1 26.988 0.762	71.668 1
15	26	26.1164 1 26.1144 1	71.1131 1 71.686 1 71.1472 0.950 71.867 0.907 71.235 0.905 71.1798 0.857 71.1077 0.632 71.1924 0.627 71.52 0.191 71.423 0.187 71.712 0.117 71.914 0.092 71.1369 0.053
15	14	26.763 1	71.1030 0.915 71.110 0.711 71.1177 1 71.1364 0.239 71.1440 1 71.1880 0.915 71.2040 0.718 71.214 0.899 71.2295 0.158 71.670 0.269 71.755 0.915 71.83 0.392 71.830 0.281 71.930 0.902
6	8	26.1145 1 26.865 1	71.1506 1 71.1597 1 71.2205 0.221 71.1282 0.081
4	3	26.324 1	71.2265 1 71.2334 0.237 71.2368 0.051
2	1	26.764 1	71.1925 1
2	1	26.910 1	71.2105 1
3	2	26.1172 1 26.675 1	71.1660 1
5	6	26.1170 1 26.677 1	71.1632 1 71.1646 1 71.1658 1
2	1	26.288 1	71.586 1
2	1	26.918 1	71.1617 1
2	1	26.543 1	71.1763 1
2	1	26.1074 1	71.332 1
2	1	26.726 1	71.1828 1
3	2	26.29 1	71.2325 1 71.2330 0.581
7	10	26.1173 1 26.674 1	71.1635 0.888 71.1649 0.888 71.1661 0.888 71.1690 1 71.1709 0.778
2	1	26.150 1	71.441 1
2	1	26.31 1	71.2344 1
2	1	26.1077 1	71.2288 1
2	1	26.517 1	71.1263 1
3	2	26.603 1	71.115 1 71.89 0.050
6	8	26.1171 1 26.676 1	71.1633 1 71.1647 1 71.1659 1 71.1674 1
4	3	26.409 1	71.1018 0.051 71.1190 0.084 71.995 1
2	1	26.308 1	71.616 1
2	1	26.1193 1	71.1582 1
2	1	26.44 1	71.300 1
4	3	26.479 1 26.851 1 26.992 1	71.1535 1
2	1	26.917 1	71.1616 1
2	1	26.1102 1	71.1187 1
2	1	26.1279 1	71.922 1
2	1	26.1012 1	71.2260 1
9	18	26.1256 0.286 26.408 0.286 26.513 0.286 26.546 1 26.784 0.286 26.961 1	71.1300 0.500 71.1525 0.750 71.2087 1
2	1	26.816 1	71.1981 1
2	1	26.930 1	71.2118 1
2	1	26.1079 1	71.327 1
2	1	26.919 1	71.1618 1
7	6	26.489 0.811 26.505 0.789 26.709 1 26.776 0.789 26.862 0.811 26.982 0.789	71.1620 1
2	1	26.253 1	71.548 1
10	24	26.1177 1 26.670 0.460 26.869 0.458 26.922 0.924	71.1622 0.754 71.1638 1 71.1651 0.067 71.1664 0.754 71.1676 0.052 71.1692 0.784
2	1	26.10 1	71.2343 1
2	1	26.315 1	71.623 1
2	1	26.1106 1	71.1183 1
2	1	26.143 1	71.428 1
6	5	26.1084 1	71.2290 1 71.261 0.195 71.44 0.122 71.696 0.427 71.907 0.424
17	16	26.217 1	71.1001 1 71.1276 0.833 71.1305 0.667 71.1333 0.667 71.1491 0.917 71.1499 1 71.1591 1 71.1758 0.750 71.1853 0.833 71.1864 0.833 71.1946 0.583 71.2132 0.833 71.2195 1 71.2211 0.833 71.957 0.833 71.985 0.833
5	4	26.1292 0.067 26.1293 0.077 26.397 1 26.702 0.971	71.1533 1
2	1	26.1255 1	71.1340 1
2	1	26.627 1	71.1726 1
5	6	26.1155 1 26.222 1	71.1953 0.167 71.1958 0.167 71.815 1
2	1	26.730 1	71.1832 1
2	1	26.684 1	71.1606 1
2	1	26.1088 1	71.2013 1
2	1	26.846 1	71.208 1
3	2	26.624 1	71.2267 1 71.2336 0.986
3	2	26.1176 1 26.671 1	71.1621 1
2	1	26.3 1	71.2262 1
2	1	26.835 1	71.1796 1
2	1	26.1094 1	71.1241 1
3	2	26.28 1 26.7 0.994	71.2275 1
6	8	26.511 1 26.782 0.991	71.1354 1 71.1563 0.061 71.1736 0.056 71.95 0.087
