Size	Relations	OrthoA	OrthoB
2	1	23.43 1	73.100 1
2	1	23.42 1	73.99 1
2	1	23.712 1	73.508 1
2	1	23.59 1	73.263 1
2	1	23.614 1	73.1080 1
2	1	23.127 1	73.1799 1
2	1	23.57 1	73.251 1
2	1	23.353 1	73.565 1
2	1	23.581 1	73.534 1
2	1	23.737 1	73.1240 1
2	1	23.169 1	73.1353 1
2	1	23.924 1	73.833 1
2	1	23.516 1	73.1086 1
2	1	23.836 1	73.466 1
2	1	23.514 1	73.1088 1
2	1	23.58 1	73.246 1
2	1	23.3 1	73.4 1
2	1	23.126 1	73.1863 1
2	1	23.336 1	73.1840 1
2	1	23.376 1	73.1734 1
2	1	23.402 1	73.750 1
2	1	23.811 1	73.419 1
3	2	23.546 1	73.927 1 73.620 0.779
2	1	23.4 1	73.5 1
2	1	23.104 1	73.1945 1
2	1	23.53 1	73.165 1
2	1	23.51 1	73.163 1
2	1	23.774 1	73.1986 1
2	1	23.177 1	73.1661 1
2	1	23.13 1	73.14 1
2	1	23.191 1	73.1226 1
2	1	23.147 1	73.450 1
2	1	23.249 1	73.647 1
2	1	23.409 1	73.831 1
2	1	23.955 1	73.297 1
2	1	23.333 1	73.1844 1
2	1	23.232 1	73.334 1
2	1	23.110 1	73.1941 1
2	1	23.966 1	73.273 1
2	1	23.699 1	73.511 1
2	1	23.848 1	73.1672 1
2	1	23.18 1	73.19 1
2	1	23.973 1	73.258 1
2	1	23.217 1	73.471 1
2	1	23.131 1	73.1996 1
2	1	23.151 1	73.406 1
2	1	23.152 1	73.2103 1
2	1	23.84 1	73.71 1
3	2	23.979 1 23.284 0.705	73.2087 1
2	1	23.202 1	73.1225 1
2	1	23.142 1	73.428 1
2	1	23.94 1	73.388 1
2	1	23.697 1	73.513 1
2	1	23.230 1	73.333 1
2	1	23.932 1	73.1861 1
2	1	23.289 1	73.446 1
2	1	23.764 1	73.539 1
2	1	23.936 1	73.104 1
2	1	23.768 1	73.331 1
2	1	23.301 1	73.498 1
2	1	23.823 1	73.1692 1
2	1	23.747 1	73.732 1
2	1	23.440 1	73.1732 1
2	1	23.128 1	73.1999 1
2	1	23.233 1	73.1457 1
2	1	23.450 1	73.1136 1
2	1	23.841 1	73.250 1
2	1	23.967 1	73.272 1
2	1	23.269 1	73.755 1
2	1	23.100 1	73.380 1
4	3	23.313 1 23.757 0.099 23.78 0.120	73.1603 1
2	1	23.665 1	73.570 1
2	1	23.323 1	73.773 1
2	1	23.746 1	73.733 1
2	1	23.113 1	73.1938 1
3	2	23.925 1 23.309 0.776	73.433 1
2	1	23.897 1	73.367 1
2	1	23.308 1	73.425 1
2	1	23.511 1	73.603 1
2	1	23.969 1	73.299 1
2	1	23.138 1	73.1432 1
2	1	23.73 1	73.1703 1
2	1	23.809 1	73.421 1
2	1	23.927 1	73.431 1
2	1	23.339 1	73.613 1
2	1	23.750 1	73.1244 1
2	1	23.977 1	73.2084 1
2	1	23.981 1	73.2088 1
2	1	23.928 1	73.430 1
2	1	23.122 1	73.183 1
2	1	23.354 1	73.581 1
2	1	23.70 1	73.170 1
2	1	23.970 1	73.298 1
2	1	23.153 1	73.180 1
2	1	23.798 1	73.324 1
2	1	23.935 1	73.105 1
2	1	23.913 1	73.350 1
2	1	23.858 1	73.1898 1
2	1	23.960 1	73.290 1
2	1	23.213 1	73.320 1
2	1	23.831 1	73.1702 1
2	1	23.15 1	73.16 1
2	1	23.157 1	73.1932 1
2	1	23.933 1	73.1862 1
2	1	23.760 1	73.1252 1
2	1	23.224 1	73.1662 1
2	1	23.399 1	73.441 1
2	1	23.726 1	73.552 1
2	1	23.398 1	73.519 1
3	2	23.5 0.062 23.535 1	73.6 1
2	1	23.843 1	73.270 1
2	1	23.124 1	73.185 1
2	1	23.214 1	73.321 1
3	2	23.954 1 23.184 0.850	73.2075 1
2	1	23.449 1	73.1138 1
2	1	23.76 1	73.1405 1
2	1	23.181 1	73.1227 1
2	1	23.112 1	73.1939 1
2	1	23.874 1	73.1669 1
2	1	23.749 1	73.730 1
2	1	23.25 1	73.342 1
2	1	23.729 1	73.549 1
2	1	23.761 1	73.1253 1
3	2	23.215 1 23.204 0.750	73.322 1
2	1	23.972 1	73.227 1
2	1	23.698 1	73.512 1
2	1	23.885 1	73.335 1
2	1	23.373 1	73.1737 1
2	1	23.7 1	73.8 1
2	1	23.300 1	73.497 1
2	1	23.517 1	73.614 1
2	1	23.851 1	73.1675 1
2	1	23.328 1	73.476 1
2	1	23.88 1	73.382 1
2	1	23.108 1	73.1393 1
2	1	23.745 1	73.734 1
3	2	23.930 1	73.1845 1 73.168 0.887
2	1	23.983 1	73.2090 1
2	1	23.687 1	73.821 1
2	1	23.808 1	73.422 1
2	1	23.985 1	73.2101 1
2	1	23.832 1	73.470 1
2	1	23.352 1	73.564 1
2	1	23.216 1	73.323 1
2	1	23.804 1	73.176 1
2	1	23.256 1	73.1231 1
2	1	23.87 1	73.618 1
2	1	23.38 1	73.1951 1
2	1	23.813 1	73.1835 1
2	1	23.387 1	73.1426 1
3	2	23.608 1	73.1599 0.056 73.2042 1
2	1	23.701 1	73.509 1
2	1	23.334 1	73.1842 1
2	1	23.884 1	73.336 1
2	1	23.290 1	73.447 1
2	1	23.310 1	73.31 1
2	1	23.553 1	73.753 1
2	1	23.717 1	73.901 1
2	1	23.748 1	73.731 1
2	1	23.863 1	73.1905 1
2	1	23.115 1	73.1936 1
2	1	23.60 1	73.264 1
2	1	23.690 1	73.1107 1
2	1	23.802 1	73.178 1
2	1	23.853 1	73.1677 1
2	1	23.887 1	73.1948 1
2	1	23.910 1	73.353 1
2	1	23.667 1	73.569 1
2	1	23.532 1	73.673 1
2	1	23.957 1	73.294 1
2	1	23.963 1	73.288 1
2	1	23.648 1	73.1043 1
3	2	23.605 1	73.1580 1 73.1864 0.607
2	1	23.562 1	73.897 1
2	1	23.713 1	73.507 1
2	1	23.79 1	73.2007 1
2	1	23.17 1	73.18 1
2	1	23.359 1	73.1020 1
2	1	23.400 1	73.442 1
2	1	23.564 1	73.900 1
2	1	23.64 1	73.249 1
2	1	23.671 1	73.329 1
2	1	23.883 1	73.337 1
2	1	23.752 1	73.1246 1
2	1	23.778 1	73.1991 1
2	1	23.871 1	73.113 1
2	1	23.958 1	73.292 1
2	1	23.929 1	73.429 1
2	1	23.714 1	73.506 1
2	1	23.916 1	73.347 1
2	1	23.145 1	73.255 1
2	1	23.392 1	73.790 1
2	1	23.948 1	73.61 1
2	1	23.855 1	73.994 1
2	1	23.527 1	73.1429 1
2	1	23.341 1	73.1386 1
2	1	23.828 1	73.1699 1
2	1	23.937 1	73.102 1
2	1	23.45 1	73.157 1
2	1	23.62 1	73.247 1
2	1	23.282 1	73.558 1
2	1	23.65 1	73.494 1
2	1	23.915 1	73.348 1
2	1	23.135 1	73.1433 1
2	1	23.319 1	73.397 1
2	1	23.776 1	73.1988 1
2	1	23.926 1	73.432 1
2	1	23.342 1	73.1385 1
2	1	23.735 1	73.1238 1
2	1	23.52 1	73.164 1
2	1	23.86 1	73.73 1
2	1	23.962 1	73.289 1
2	1	23.694 1	73.516 1
2	1	23.847 1	73.2078 1
2	1	23.14 1	73.15 1
2	1	23.197 1	73.622 1
2	1	23.2 1	73.3 1
2	1	23.337 1	73.1839 1
2	1	23.275 1	73.1388 1
2	1	23.324 1	73.774 1
2	1	23.512 1	73.1024 1
2	1	23.837 1	73.741 1
2	1	23.257 1	73.1230 1
2	1	23.899 1	73.364 1
2	1	23.260 1	73.502 1
2	1	23.904 1	73.359 1
2	1	23.29 1	73.2003 1
2	1	23.343 1	73.737 1
2	1	23.829 1	73.1700 1
2	1	23.830 1	73.1701 1
2	1	23.160 1	73.128 1
2	1	23.633 1	73.1790 1
2	1	23.895 1	73.375 1
2	1	23.566 1	73.1011 1
2	1	23.901 1	73.362 1
2	1	23.909 1	73.354 1
2	1	23.66 1	73.252 1
2	1	23.875 1	73.1670 1
2	1	23.9 1	73.10 1
2	1	23.782 1	73.427 1
2	1	23.938 1	73.101 1
2	1	23.123 1	73.184 1
2	1	23.621 1	73.486 1
2	1	23.965 1	73.253 1
2	1	23.982 1	73.2089 1
3	2	23.274 1	73.619 1 73.556 0.765
2	1	23.385 1	73.1678 1
2	1	23.628 1	73.1218 1
2	1	23.949 1	73.59 1
2	1	23.797 1	73.327 1
2	1	23.180 1	73.1632 1
2	1	23.245 1	73.478 1
2	1	23.604 1	73.1581 1
2	1	23.827 1	73.1698 1
2	1	23.727 1	73.551 1
2	1	23.247 1	73.412 1
2	1	23.865 1	73.1908 1
2	1	23.19 1	73.20 1
2	1	23.543 1	73.1214 1
2	1	23.85 1	73.72 1
3	2	23.544 1 23.783 0.820	73.135 1
2	1	23.642 1	73.1609 1
2	1	23.273 1	73.555 1
2	1	23.638 1	73.490 1
2	1	23.132 1	73.1995 1
2	1	23.11 1	73.12 1
2	1	23.218 1	73.1477 1
2	1	23.35 1	73.283 1
2	1	23.397 1	73.608 1
2	1	23.542 1	73.1215 1
2	1	23.833 1	73.469 1
2	1	23.950 1	73.58 1
2	1	23.246 1	73.495 1
2	1	23.381 1	73.1431 1
3	2	23.439 1 23.471 0.714	73.1731 1
2	1	23.834 1	73.468 1
2	1	23.890 1	73.372 1
2	1	23.906 1	73.357 1
2	1	23.886 1	73.1947 1
2	1	23.114 1	73.1937 1
2	1	23.306 1	73.402 1
2	1	23.891 1	73.371 1
2	1	23.835 1	73.467 1
2	1	23.716 1	73.504 1
2	1	23.756 1	73.1085 1
2	1	23.172 1	73.1348 1
2	1	23.148 1	73.1392 1
2	1	23.411 1	73.1139 1
2	1	23.846 1	73.2076 1
2	1	23.880 1	73.2000 1
2	1	23.37 1	73.1952 1
2	1	23.812 1	73.1834 1
2	1	23.896 1	73.368 1
2	1	23.572 1	73.1668 1
2	1	23.898 1	73.365 1
2	1	23.155 1	73.278 1
2	1	23.261 1	73.503 1
3	2	23.654 1	73.574 1 73.633 0.078
2	1	23.105 1	73.1943 1
2	1	23.854 1	73.995 1
2	1	23.866 1	73.1909 1
2	1	23.271 1	73.553 1
2	1	23.549 1	73.1089 1
2	1	23.1 1	73.1 1
2	1	23.107 1	73.1394 1
2	1	23.235 1	73.744 1
2	1	23.715 1	73.505 1
2	1	23.902 1	73.361 1
5	6	23.281 0.355 23.83 1	73.473 0.354 73.70 0.512 73.759 1
2	1	23.12 1	73.13 1
2	1	23.733 1	73.1236 1
2	1	23.327 1	73.475 1
2	1	23.47 1	73.159 1
2	1	23.732 1	73.1234 1
4	4	23.119 1 23.146 0.870	73.181 1 73.167 0.927
2	1	23.404 1	73.751 1
2	1	23.892 1	73.370 1
2	1	23.272 1	73.554 1
2	1	23.627 1	73.1217 1
2	1	23.81 1	73.2006 1
2	1	23.889 1	73.374 1
2	1	23.379 1	73.1626 1
2	1	23.109 1	73.1942 1
2	1	23.307 1	73.403 1
2	1	23.298 1	73.992 1
2	1	23.407 1	73.830 1
2	1	23.44 1	73.223 1
2	1	23.236 1	73.301 1
2	1	23.533 1	73.674 1
2	1	23.852 1	73.1676 1
2	1	23.881 1	73.2001 1
2	1	23.31 1	73.280 1
2	1	23.314 1	73.277 1
2	1	23.640 1	73.1706 1
2	1	23.71 1	73.171 1
3	2	23.190 0.365 23.210 1	73.1005 1
2	1	23.772 1	73.1446 1
2	1	23.576 1	73.219 1
2	1	23.438 1	73.1733 1
2	1	23.777 1	73.1990 1
2	1	23.964 1	73.287 1
2	1	23.822 1	73.1254 1
2	1	23.150 1	73.1390 1
3	2	23.873 1	73.1235 0.117 73.1575 1
2	1	23.882 1	73.338 1
2	1	23.911 1	73.352 1
2	1	23.288 1	73.445 1
2	1	23.225 1	73.1797 1
2	1	23.641 1	73.754 1
2	1	23.917 1	73.346 1
2	1	23.951 1	73.57 1
2	1	23.362 1	73.814 1
2	1	23.367 1	73.405 1
2	1	23.243 1	73.530 1
2	1	23.912 1	73.351 1
2	1	23.947 1	73.63 1
2	1	23.844 1	73.268 1
2	1	23.320 1	73.398 1
2	1	23.39 1	73.2059 1
2	1	23.40 1	73.2058 1
4	3	23.626 1 23.632 0.210 23.725 0.254	73.1216 1
2	1	23.696 1	73.514 1
2	1	23.751 1	73.1245 1
2	1	23.766 1	73.484 1
2	1	23.900 1	73.363 1
2	1	23.971 1	73.300 1
2	1	23.329 1	73.286 1
2	1	23.707 1	73.1450 1
2	1	23.807 1	73.423 1
3	2	23.117 1 23.620 0.947	73.1803 1
2	1	23.396 1	73.607 1
2	1	23.781 1	73.1994 1
2	1	23.156 1	73.1933 1
2	1	23.220 1	73.1475 1
3	2	23.618 1	73.1664 1 73.1850 0.682
2	1	23.635 1	73.671 1
2	1	23.89 1	73.383 1
2	1	23.765 1	73.485 1
2	1	23.876 1	73.332 1
2	1	23.340 1	73.1387 1
2	1	23.860 1	73.1900 1
2	1	23.316 1	73.394 1
2	1	23.877 1	73.1428 1
2	1	23.907 1	73.356 1
2	1	23.410 1	73.27 1
2	1	23.521 1	73.1622 1
2	1	23.728 1	73.550 1
2	1	23.859 1	73.1899 1
2	1	23.154 1	73.1671 1
2	1	23.187 1	73.1456 1
2	1	23.321 1	73.563 1
3	2	23.646 1	73.789 0.098 73.980 1
2	1	23.689 1	73.1106 1
2	1	23.780 1	73.1993 1
2	1	23.90 1	73.111 1
2	1	23.277 1	73.1853 1
2	1	23.976 1	73.2083 1
2	1	23.21 1	73.22 1
2	1	23.558 1	73.1665 1
2	1	23.106 1	73.451 1
2	1	23.695 1	73.515 1
2	1	23.241 1	73.528 1
2	1	23.179 1	73.834 1
2	1	23.905 1	73.358 1
2	1	23.130 1	73.1997 1
2	1	23.143 1	73.1691 1
2	1	23.24 1	73.341 1
2	1	23.513 1	73.743 1
2	1	23.61 1	73.266 1
2	1	23.708 1	73.1451 1
2	1	23.775 1	73.1987 1
2	1	23.845 1	73.267 1
4	3	23.102 1 23.167 0.281 23.371 0.263	73.522 1
2	1	23.519 1	73.1687 1
2	1	23.914 1	73.349 1
2	1	23.8 1	73.9 1
2	1	23.826 1	73.1697 1
2	1	23.118 1	73.1802 1
2	1	23.612 1	73.1105 1
2	1	23.335 1	73.1841 1
2	1	23.406 1	73.829 1
2	1	23.952 1	73.56 1
2	1	23.395 1	73.606 1
2	1	23.753 1	73.1247 1
3	2	23.769 1	73.330 1 73.631 0.260
2	1	23.903 1	73.360 1
2	1	23.95 1	73.378 1
2	1	23.203 1	73.896 1
2	1	23.30 1	73.276 1
2	1	23.23 1	73.24 1
2	1	23.793 1	73.179 1
2	1	23.20 1	73.21 1
2	1	23.28 1	73.2004 1
2	1	23.389 1	73.1424 1
2	1	23.69 1	73.169 1
2	1	23.956 1	73.296 1
2	1	23.149 1	73.1391 1
2	1	23.377 1	73.1445 1
2	1	23.784 1	73.136 1
2	1	23.867 1	73.1910 1
2	1	23.22 1	73.23 1
2	1	23.547 1	73.1118 1
2	1	23.691 1	73.1213 1
2	1	23.736 1	73.1239 1
2	1	23.101 1	73.381 1
2	1	23.10 1	73.11 1
2	1	23.388 1	73.1425 1
2	1	23.55 1	73.2079 1
2	1	23.56 1	73.2005 1
2	1	23.570 1	73.1627 1
2	1	23.292 1	73.1607 1
2	1	23.374 1	73.1736 1
2	1	23.711 1	73.1738 1
2	1	23.894 1	73.369 1
2	1	23.810 1	73.420 1
2	1	23.305 1	73.344 1
2	1	23.758 1	73.1248 1
2	1	23.779 1	73.1992 1
2	1	23.959 1	73.291 1
2	1	23.291 1	73.1608 1
4	4	23.461 1 23.588 0.080	73.1403 0.092 73.557 1
2	1	23.575 1	73.220 1
2	1	23.821 1	73.630 1
2	1	23.208 1	73.155 1
2	1	23.297 1	73.993 1
2	1	23.49 1	73.161 1
2	1	23.577 1	73.221 1
2	1	23.134 1	73.926 1
2	1	23.509 1	73.979 1
2	1	23.770 1	73.226 1
2	1	23.361 1	73.813 1
2	1	23.473 1	73.729 1
2	1	23.574 1	73.222 1
2	1	23.931 1	73.541 1
2	1	23.945 1	73.66 1
2	1	23.68 1	73.254 1
2	1	23.312 1	73.404 1
2	1	23.50 1	73.162 1
2	1	23.734 1	73.1237 1
2	1	23.908 1	73.355 1
2	1	23.975 1	73.2082 1
2	1	23.391 1	73.1410 1
2	1	23.839 1	73.604 1
2	1	23.286 1	73.443 1
2	1	23.944 1	73.68 1
2	1	23.864 1	73.1906 1
2	1	23.219 1	73.1476 1
2	1	23.267 1	73.472 1
2	1	23.825 1	73.1696 1
2	1	23.111 1	73.1940 1
2	1	23.686 1	73.636 1
2	1	23.295 1	73.1605 1
2	1	23.531 1	73.827 1
3	2	23.718 1 23.33 0.928	73.1083 1
2	1	23.803 1	73.177 1
2	1	23.868 1	73.1911 1
2	1	23.250 1	73.648 1
2	1	23.48 1	73.160 1
2	1	23.490 1	73.107 1
2	1	23.6 1	73.7 1
2	1	23.730 1	73.1233 1
2	1	23.242 1	73.529 1
2	1	23.548 1	73.1578 1
2	1	23.602 1	73.2128 1
2	1	23.987 1	73.2102 1
2	1	23.259 1	73.1110 1
2	1	23.283 1	73.562 1
2	1	23.611 1	73.2142 1
2	1	23.96 1	73.379 1
3	2	23.133 1	73.1800 0.193 73.55 1
2	1	23.318 1	73.396 1
2	1	23.706 1	73.1449 1
2	1	23.560 1	73.865 1
2	1	23.625 1	73.1384 1
2	1	23.824 1	73.1694 1
2	1	23.264 1	73.1791 1
2	1	23.528 1	73.602 1
2	1	23.34 1	73.282 1
2	1	23.375 1	73.1735 1
2	1	23.195 1	73.1480 1
2	1	23.405 1	73.828 1
2	1	23.227 1	73.1838 1
2	1	23.518 1	73.832 1
2	1	23.946 1	73.64 1
2	1	23.54 1	73.166 1
2	1	23.144 1	73.1689 1
2	1	23.258 1	73.1229 1
2	1	23.624 1	73.977 1
2	1	23.287 1	73.444 1
6	5	23.842 1	73.1265 1 73.1278 0.093 73.1776 0.993 73.687 0.993 73.702 0.093
4	3	23.415 0.058 23.499 0.079 23.615 1	73.132 1
2	1	23.759 1	73.1249 1
9	8	23.363 0.289 23.364 1 23.365 0.375 23.457 0.200 23.459 0.190 23.814 0.126 23.815 0.201 23.817 0.182	73.638 1
2	1	23.67 1	73.182 1
2	1	23.721 1	73.1454 1
2	1	23.311 1	73.609 1
2	1	23.739 1	73.1241 1
3	2	23.207 1 23.787 0.159	73.1867 1
2	1	23.978 0.760	73.2085 0.760
2	1	23.285 0.853	73.580 0.853
