Size	Relations	OrthoA	OrthoB
2	1	23.43 1	72.97 1
2	1	23.42 1	72.96 1
2	1	23.59 1	72.263 1
2	1	23.936 1	72.100 1
2	1	23.614 1	72.1228 1
2	1	23.127 1	72.1990 1
2	1	23.57 1	72.250 1
2	1	23.353 1	72.563 1
2	1	23.581 1	72.532 1
2	1	23.737 1	72.1420 1
2	1	23.169 1	72.1511 1
2	1	23.924 1	72.917 1
2	1	23.516 1	72.1234 1
2	1	23.836 1	72.463 1
2	1	23.514 1	72.1237 1
2	1	23.58 1	72.245 1
2	1	23.3 1	72.3 1
2	1	23.126 1	72.2073 1
2	1	23.712 1	72.505 1
2	1	23.336 1	72.2049 1
2	1	23.966 1	72.272 1
2	1	23.402 1	72.782 1
3	2	23.546 1	72.1030 1 72.632 0.779
2	1	23.4 1	72.4 1
2	1	23.104 1	72.2151 1
2	1	23.53 1	72.160 1
2	1	23.51 1	72.158 1
2	1	23.774 1	72.2191 1
2	1	23.177 1	72.1853 1
2	1	23.376 1	72.1925 1
2	1	23.13 1	72.13 1
2	1	23.191 1	72.1406 1
2	1	23.147 1	72.447 1
2	1	23.73 1	72.1896 1
2	1	23.249 1	72.662 1
2	1	23.409 1	72.915 1
2	1	23.955 1	72.295 1
2	1	23.848 1	72.1865 1
2	1	23.333 1	72.2053 1
2	1	23.232 1	72.332 1
2	1	23.847 1	72.2283 1
2	1	23.110 1	72.2147 1
2	1	23.699 1	72.509 1
2	1	23.935 1	72.101 1
2	1	23.131 1	72.2201 1
2	1	23.18 1	72.18 1
2	1	23.157 1	72.2139 1
2	1	23.973 1	72.258 1
2	1	23.217 1	72.468 1
2	1	23.897 1	72.364 1
2	1	23.151 1	72.402 1
2	1	23.152 1	72.2307 1
2	1	23.84 1	72.68 1
3	2	23.979 1 23.284 0.705	72.2290 1
2	1	23.202 1	72.1405 1
2	1	23.142 1	72.425 1
2	1	23.94 1	72.384 1
2	1	23.697 1	72.511 1
2	1	23.230 1	72.331 1
2	1	23.289 1	72.443 1
2	1	23.450 1	72.1286 1
2	1	23.764 1	72.537 1
2	1	23.768 1	72.329 1
2	1	23.301 1	72.495 1
2	1	23.823 1	72.1884 1
2	1	23.747 1	72.765 1
2	1	23.440 1	72.1923 1
2	1	23.128 1	72.2204 1
2	1	23.233 1	72.1619 1
2	1	23.841 1	72.249 1
2	1	23.967 1	72.271 1
2	1	23.269 1	72.788 1
2	1	23.100 1	72.376 1
4	3	23.313 1 23.757 0.099 23.78 0.120	72.1797 1
2	1	23.665 1	72.568 1
2	1	23.323 1	72.807 1
2	1	23.746 1	72.766 1
2	1	23.113 1	72.2144 1
2	1	23.932 1	72.2070 1
3	2	23.925 1 23.309 0.776	72.430 1
2	1	23.308 1	72.422 1
2	1	23.511 1	72.600 1
2	1	23.969 1	72.297 1
2	1	23.138 1	72.1593 1
2	1	23.809 1	72.418 1
2	1	23.927 1	72.428 1
2	1	23.339 1	72.625 1
2	1	23.750 1	72.1424 1
2	1	23.977 1	72.2287 1
2	1	23.981 1	72.2291 1
2	1	23.928 1	72.427 1
2	1	23.122 1	72.179 1
2	1	23.354 1	72.578 1
2	1	23.70 1	72.165 1
2	1	23.970 1	72.296 1
2	1	23.153 1	72.176 1
2	1	23.798 1	72.322 1
2	1	23.913 1	72.348 1
2	1	23.858 1	72.2108 1
2	1	23.948 1	72.60 1
2	1	23.960 1	72.288 1
2	1	23.213 1	72.318 1
2	1	23.831 1	72.1895 1
2	1	23.15 1	72.15 1
2	1	23.933 1	72.2072 1
2	1	23.760 1	72.1431 1
2	1	23.399 1	72.438 1
2	1	23.843 1	72.269 1
2	1	23.726 1	72.550 1
2	1	23.398 1	72.517 1
2	1	23.115 1	72.2142 1
3	2	23.5 0.062 23.535 1	72.5 1
2	1	23.811 1	72.415 1
2	1	23.214 1	72.319 1
3	2	23.954 1 23.184 0.850	72.2281 1
2	1	23.449 1	72.1287 1
2	1	23.76 1	72.1566 1
2	1	23.181 1	72.1407 1
2	1	23.112 1	72.2145 1
2	1	23.890 1	72.369 1
2	1	23.874 1	72.1862 1
3	2	23.749 1	72.2418 0.091 72.763 1
3	2	23.215 1 23.204 0.750	72.320 1
2	1	23.25 1	72.340 1
2	1	23.729 1	72.547 1
2	1	23.761 1	72.1432 1
2	1	23.972 1	72.225 1
2	1	23.698 1	72.510 1
2	1	23.373 1	72.1929 1
2	1	23.7 1	72.7 1
2	1	23.300 1	72.494 1
2	1	23.517 1	72.626 1
2	1	23.851 1	72.1867 1
2	1	23.328 1	72.473 1
2	1	23.88 1	72.378 1
2	1	23.108 1	72.1553 1
2	1	23.745 1	72.767 1
3	2	23.930 1	72.2054 1 72.163 0.887
2	1	23.983 1	72.2293 1
2	1	23.687 1	72.905 1
2	1	23.808 1	72.419 1
2	1	23.985 1	72.2304 1
2	1	23.832 1	72.467 1
2	1	23.352 1	72.562 1
2	1	23.216 1	72.321 1
2	1	23.804 1	72.171 1
2	1	23.256 1	72.1411 1
2	1	23.87 1	72.630 1
2	1	23.38 1	72.2157 1
2	1	23.813 1	72.2045 1
2	1	23.387 1	72.1587 1
3	2	23.608 1	72.1793 0.056 72.2248 1
2	1	23.701 1	72.507 1
2	1	23.334 1	72.2051 1
2	1	23.884 1	72.334 1
2	1	23.290 1	72.444 1
2	1	23.310 1	72.30 1
2	1	23.553 1	72.786 1
2	1	23.717 1	72.1004 1
3	2	23.748 1	72.2420 0.595 72.764 1
2	1	23.863 1	72.2115 1
2	1	23.60 1	72.264 1
2	1	23.690 1	72.1256 1
2	1	23.853 1	72.1869 1
2	1	23.887 1	72.2154 1
2	1	23.910 1	72.351 1
2	1	23.667 1	72.567 1
2	1	23.224 1	72.1854 1
2	1	23.532 1	72.706 1
2	1	23.957 1	72.292 1
2	1	23.963 1	72.286 1
2	1	23.648 1	72.1190 1
3	2	23.605 1	72.1774 1 72.2074 0.607
2	1	23.562 1	72.1000 1
2	1	23.713 1	72.504 1
2	1	23.79 1	72.2213 1
2	1	23.17 1	72.17 1
2	1	23.400 1	72.439 1
2	1	23.564 1	72.1003 1
2	1	23.64 1	72.248 1
2	1	23.671 1	72.327 1
2	1	23.883 1	72.335 1
2	1	23.752 1	72.1426 1
2	1	23.778 1	72.2196 1
2	1	23.871 1	72.108 1
2	1	23.958 1	72.290 1
2	1	23.929 1	72.426 1
2	1	23.714 1	72.503 1
2	1	23.916 1	72.345 1
2	1	23.145 1	72.255 1
2	1	23.392 1	72.875 1
2	1	23.855 1	72.1109 1
2	1	23.527 1	72.1590 1
2	1	23.828 1	72.1892 1
2	1	23.937 1	72.99 1
2	1	23.45 1	72.152 1
2	1	23.62 1	72.246 1
2	1	23.282 1	72.556 1
2	1	23.65 1	72.491 1
2	1	23.915 1	72.346 1
2	1	23.135 1	72.1594 1
2	1	23.885 1	72.333 1
2	1	23.124 1	72.181 1
2	1	23.319 1	72.393 1
2	1	23.926 1	72.429 1
2	1	23.342 1	72.1545 1
2	1	23.735 1	72.1418 1
2	1	23.52 1	72.159 1
2	1	23.86 1	72.71 1
2	1	23.962 1	72.287 1
2	1	23.694 1	72.514 1
2	1	23.14 1	72.14 1
2	1	23.197 1	72.634 1
2	1	23.2 1	72.2 1
2	1	23.337 1	72.2048 1
2	1	23.1 1	72.1 1
2	1	23.275 1	72.1548 1
2	1	23.324 1	72.808 1
2	1	23.512 1	72.1171 1
2	1	23.837 1	72.773 1
2	1	23.257 1	72.1410 1
2	1	23.899 1	72.362 1
2	1	23.260 1	72.499 1
2	1	23.904 1	72.357 1
2	1	23.29 1	72.2208 1
2	1	23.343 1	72.769 1
2	1	23.829 1	72.1893 1
2	1	23.830 1	72.1894 1
2	1	23.160 1	72.123 1
2	1	23.633 1	72.1981 1
2	1	23.895 1	72.371 1
2	1	23.566 1	72.1127 1
2	1	23.901 1	72.360 1
2	1	23.909 1	72.352 1
2	1	23.875 1	72.1863 1
2	1	23.9 1	72.9 1
2	1	23.782 1	72.424 1
2	1	23.938 1	72.98 1
2	1	23.123 1	72.180 1
2	1	23.965 1	72.253 1
2	1	23.621 1	72.483 1
2	1	23.846 1	72.2282 1
2	1	23.982 1	72.2292 1
3	2	23.274 1	72.631 1 72.554 0.765
2	1	23.385 1	72.1870 1
2	1	23.628 1	72.1398 1
2	1	23.949 1	72.58 1
2	1	23.797 1	72.325 1
2	1	23.180 1	72.1825 1
2	1	23.245 1	72.475 1
2	1	23.604 1	72.1775 1
2	1	23.727 1	72.549 1
2	1	23.247 1	72.408 1
2	1	23.827 1	72.1891 1
2	1	23.865 1	72.2118 1
2	1	23.19 1	72.19 1
2	1	23.543 1	72.1393 1
2	1	23.85 1	72.69 1
3	2	23.544 1 23.783 0.820	72.130 1
2	1	23.642 1	72.1803 1
2	1	23.273 1	72.553 1
3	2	23.359 1 23.445 0.717	72.1167 1
2	1	23.132 1	72.2200 1
2	1	23.11 1	72.11 1
2	1	23.218 1	72.1638 1
2	1	23.397 1	72.605 1
2	1	23.542 1	72.1394 1
2	1	23.833 1	72.466 1
2	1	23.950 1	72.57 1
2	1	23.246 1	72.492 1
2	1	23.381 1	72.1592 1
3	2	23.439 1 23.471 0.714	72.1922 1
2	1	23.834 1	72.465 1
2	1	23.906 1	72.355 1
2	1	23.886 1	72.2153 1
2	1	23.114 1	72.2143 1
2	1	23.306 1	72.398 1
2	1	23.341 1	72.1546 1
2	1	23.891 1	72.368 1
2	1	23.696 1	72.512 1
2	1	23.716 1	72.501 1
2	1	23.756 1	72.1233 1
2	1	23.172 1	72.1506 1
2	1	23.148 1	72.1552 1
2	1	23.411 1	72.1288 1
2	1	23.880 1	72.2205 1
2	1	23.37 1	72.2158 1
2	1	23.812 1	72.2044 1
2	1	23.896 1	72.365 1
2	1	23.572 1	72.1861 1
2	1	23.835 1	72.464 1
2	1	23.898 1	72.363 1
2	1	23.155 1	72.276 1
2	1	23.261 1	72.500 1
4	3	23.654 1	72.2014 0.089 72.572 1 72.647 0.077
2	1	23.776 1	72.2194 1
2	1	23.105 1	72.2149 1
2	1	23.854 1	72.1110 1
2	1	23.866 1	72.2119 1
2	1	23.271 1	72.551 1
2	1	23.549 1	72.1238 1
2	1	23.107 1	72.1554 1
2	1	23.235 1	72.776 1
2	1	23.715 1	72.502 1
2	1	23.902 1	72.359 1
5	6	23.281 0.355 23.83 1	72.470 0.354 72.67 0.512 72.792 1
2	1	23.12 1	72.12 1
2	1	23.47 1	72.154 1
2	1	23.327 1	72.472 1
2	1	23.732 1	72.1414 1
4	4	23.119 1 23.146 0.870	72.177 1 72.162 0.927
2	1	23.892 1	72.367 1
2	1	23.975 1	72.2285 1
2	1	23.272 1	72.552 1
2	1	23.889 1	72.370 1
2	1	23.379 1	72.1820 1
2	1	23.109 1	72.2148 1
2	1	23.307 1	72.399 1
2	1	23.28 1	72.2209 1
2	1	23.298 1	72.1107 1
2	1	23.802 1	72.174 1
2	1	23.407 1	72.914 1
2	1	23.44 1	72.221 1
2	1	23.236 1	72.299 1
2	1	23.81 1	72.2211 1
2	1	23.533 1	72.707 1
2	1	23.852 1	72.1868 1
2	1	23.638 1	72.487 1
2	1	23.881 1	72.2206 1
2	1	23.31 1	72.278 1
2	1	23.314 1	72.275 1
2	1	23.640 1	72.1898 1
2	1	23.71 1	72.166 1
2	1	23.35 1	72.281 1
2	1	23.772 1	72.1608 1
2	1	23.438 1	72.1924 1
2	1	23.777 1	72.2195 1
2	1	23.964 1	72.285 1
2	1	23.822 1	72.1433 1
2	1	23.150 1	72.1550 1
3	2	23.873 1	72.1415 0.117 72.1770 1
2	1	23.882 1	72.336 1
2	1	23.911 1	72.350 1
2	1	23.288 1	72.442 1
2	1	23.225 1	72.1988 1
2	1	23.641 1	72.787 1
2	1	23.917 1	72.344 1
2	1	23.951 1	72.56 1
2	1	23.362 1	72.898 1
2	1	23.367 1	72.401 1
2	1	23.243 1	72.528 1
2	1	23.733 1	72.1416 1
2	1	23.912 1	72.349 1
2	1	23.947 1	72.61 1
2	1	23.576 1	72.217 1
2	1	23.844 1	72.267 1
2	1	23.320 1	72.394 1
2	1	23.39 1	72.2264 1
2	1	23.40 1	72.2263 1
4	3	23.626 1 23.632 0.210 23.725 0.254	72.1395 1
5	4	23.646 1	72.1997 1 72.2187 0.057 72.2188 0.210 72.93 0.080
2	1	23.751 1	72.1425 1
2	1	23.766 1	72.481 1
2	1	23.900 1	72.361 1
2	1	23.971 1	72.298 1
2	1	23.329 1	72.284 1
2	1	23.707 1	72.1612 1
2	1	23.807 1	72.420 1
3	2	23.117 1 23.620 0.947	72.1994 1
2	1	23.396 1	72.604 1
2	1	23.781 1	72.2199 1
2	1	23.156 1	72.2140 1
2	1	23.220 1	72.1636 1
3	2	23.618 1	72.1857 1 72.2059 0.682
2	1	23.635 1	72.687 1
2	1	23.89 1	72.379 1
2	1	23.765 1	72.482 1
2	1	23.876 1	72.330 1
2	1	23.340 1	72.1547 1
2	1	23.860 1	72.2110 1
2	1	23.316 1	72.390 1
2	1	23.877 1	72.1589 1
2	1	23.907 1	72.354 1
2	1	23.410 1	72.26 1
2	1	23.521 1	72.1816 1
2	1	23.66 1	72.252 1
2	1	23.728 1	72.548 1
2	1	23.859 1	72.2109 1
2	1	23.154 1	72.1864 1
2	1	23.187 1	72.1618 1
2	1	23.321 1	72.561 1
2	1	23.61 1	72.265 1
2	1	23.689 1	72.1255 1
2	1	23.780 1	72.2198 1
2	1	23.90 1	72.106 1
2	1	23.277 1	72.2062 1
2	1	23.976 1	72.2286 1
2	1	23.21 1	72.21 1
2	1	23.558 1	72.1858 1
2	1	23.106 1	72.448 1
2	1	23.627 1	72.1396 1
2	1	23.695 1	72.513 1
2	1	23.179 1	72.918 1
2	1	23.905 1	72.356 1
2	1	23.130 1	72.2202 1
2	1	23.143 1	72.1883 1
2	1	23.24 1	72.339 1
2	1	23.513 1	72.775 1
2	1	23.708 1	72.1613 1
2	1	23.775 1	72.2192 1
2	1	23.845 1	72.266 1
4	3	23.102 1 23.167 0.281 23.371 0.263	72.520 1
2	1	23.914 1	72.347 1
2	1	23.8 1	72.8 1
2	1	23.826 1	72.1890 1
2	1	23.118 1	72.1993 1
2	1	23.519 1	72.1879 1
2	1	23.612 1	72.1254 1
2	1	23.335 1	72.2050 1
2	1	23.406 1	72.913 1
2	1	23.952 1	72.55 1
2	1	23.395 1	72.603 1
2	1	23.753 1	72.1427 1
4	3	23.769 1	72.2011 0.288 72.328 1 72.644 0.260
2	1	23.903 1	72.358 1
2	1	23.95 1	72.374 1
2	1	23.203 1	72.999 1
2	1	23.30 1	72.274 1
2	1	23.404 1	72.783 1
2	1	23.23 1	72.23 1
2	1	23.20 1	72.20 1
2	1	23.389 1	72.1585 1
2	1	23.69 1	72.164 1
2	1	23.956 1	72.294 1
2	1	23.149 1	72.1551 1
2	1	23.793 1	72.175 1
2	1	23.377 1	72.1607 1
2	1	23.784 1	72.131 1
2	1	23.867 1	72.2120 1
2	1	23.22 1	72.22 1
2	1	23.547 1	72.1268 1
2	1	23.691 1	72.1392 1
2	1	23.736 1	72.1419 1
2	1	23.101 1	72.377 1
2	1	23.10 1	72.10 1
2	1	23.388 1	72.1586 1
2	1	23.56 1	72.2210 1
2	1	23.570 1	72.1821 1
2	1	23.292 1	72.1801 1
4	4	23.686 1 23.452 0.726	72.2016 1 72.650 0.469
2	1	23.374 1	72.1928 1
2	1	23.711 1	72.1930 1
2	1	23.894 1	72.366 1
2	1	23.611 1	72.2339 1
2	1	23.810 1	72.417 1
3	2	23.821 1	72.2010 1 72.643 0.741
2	1	23.758 1	72.1428 1
2	1	23.779 1	72.2197 1
2	1	23.959 1	72.289 1
2	1	23.291 1	72.1802 1
4	4	23.461 1 23.588 0.080	72.1564 0.092 72.555 1
2	1	23.575 1	72.218 1
2	1	23.208 1	72.150 1
2	1	23.297 1	72.1108 1
2	1	23.134 1	72.1029 1
2	1	23.577 1	72.219 1
2	1	23.946 1	72.62 1
2	1	23.241 1	72.526 1
2	1	23.509 1	72.1099 1
2	1	23.974 1	72.2284 1
2	1	23.770 1	72.224 1
2	1	23.361 1	72.897 1
2	1	23.473 1	72.762 1
2	1	23.574 1	72.220 1
2	1	23.931 1	72.539 1
2	1	23.945 1	72.63 1
2	1	23.68 1	72.254 1
2	1	23.49 1	72.156 1
2	1	23.986 1	72.2305 1
2	1	23.312 1	72.400 1
2	1	23.50 1	72.157 1
2	1	23.734 1	72.1417 1
2	1	23.908 1	72.353 1
2	1	23.391 1	72.1571 1
2	1	23.839 1	72.601 1
2	1	23.286 1	72.440 1
2	1	23.944 1	72.65 1
2	1	23.864 1	72.2116 1
2	1	23.219 1	72.1637 1
2	1	23.267 1	72.469 1
2	1	23.825 1	72.1889 1
2	1	23.111 1	72.2146 1
2	1	23.295 1	72.1799 1
2	1	23.531 1	72.911 1
3	2	23.718 1 23.33 0.928	72.1231 1
2	1	23.803 1	72.172 1
2	1	23.868 1	72.2121 1
2	1	23.250 1	72.663 1
2	1	23.48 1	72.155 1
2	1	23.490 1	72.102 1
2	1	23.6 1	72.6 1
2	1	23.759 1	72.1429 1
2	1	23.730 1	72.1413 1
2	1	23.242 1	72.527 1
2	1	23.548 1	72.1772 1
2	1	23.987 1	72.2306 1
2	1	23.259 1	72.1260 1
2	1	23.283 1	72.560 1
2	1	23.602 1	72.2309 1
2	1	23.96 1	72.375 1
3	2	23.133 1	72.1991 0.193 72.54 1
2	1	23.318 1	72.392 1
2	1	23.706 1	72.1611 1
2	1	23.560 1	72.949 1
2	1	23.625 1	72.1544 1
2	1	23.824 1	72.1886 1
2	1	23.264 1	72.1982 1
2	1	23.528 1	72.599 1
2	1	23.34 1	72.280 1
2	1	23.375 1	72.1927 1
2	1	23.227 1	72.2047 1
2	1	23.390 1	72.1642 1
2	1	23.518 1	72.916 1
2	1	23.54 1	72.161 1
2	1	23.144 1	72.1881 1
2	1	23.258 1	72.1409 1
2	1	23.624 1	72.1097 1
2	1	23.287 1	72.441 1
8	7	23.842 1	72.1967 1 72.2372 1 72.2385 0.086 72.720 1 72.736 0.086 72.836 0.086 72.849 0.993
4	3	23.415 0.058 23.499 0.079 23.615 1	72.127 1
10	16	23.363 0.289 23.364 1 23.365 0.375 23.457 0.200 23.459 0.190 23.814 0.126 23.815 0.201 23.817 0.182	72.2020 0.775 72.652 1
2	1	23.67 1	72.178 1
2	1	23.721 1	72.1616 1
2	1	23.311 1	72.606 1
2	1	23.305 1	72.342 1
2	1	23.739 1	72.1421 1
3	2	23.207 1 23.787 0.159	72.2077 1
2	1	23.878 1	72.1798 1
2	1	23.978 0.760	72.2288 0.760
2	1	23.285 0.853	72.577 0.853
