Size	Relations	OrthoA	OrthoB
2	1	23.43 1	71.122 1
2	1	23.42 1	71.121 1
2	1	23.712 1	71.523 1
2	1	23.59 1	71.284 1
2	1	23.936 1	71.125 1
2	1	23.614 1	71.1260 1
2	1	23.127 1	71.1936 1
2	1	23.57 1	71.272 1
2	1	23.353 1	71.580 1
2	1	23.581 1	71.549 1
2	1	23.737 1	71.1419 1
2	1	23.169 1	71.1479 1
2	1	23.924 1	71.861 1
2	1	23.333 1	71.1976 1
2	1	23.516 1	71.1266 1
2	1	23.836 1	71.483 1
2	1	23.514 1	71.1268 1
2	1	23.58 1	71.267 1
2	1	23.3 1	71.3 1
2	1	23.126 1	71.1995 1
2	1	23.336 1	71.1973 1
2	1	23.966 1	71.293 1
2	1	23.376 1	71.1872 1
2	1	23.402 1	71.779 1
2	1	23.811 1	71.436 1
3	2	23.546 1	71.972 1 71.634 0.779
2	1	23.4 1	71.4 1
2	1	23.104 1	71.2104 1
2	1	23.53 1	71.184 1
2	1	23.51 1	71.182 1
2	1	23.774 1	71.2145 1
2	1	23.177 1	71.1801 1
2	1	23.13 1	71.14 1
2	1	23.191 1	71.1405 1
2	1	23.147 1	71.467 1
2	1	23.73 1	71.1842 1
2	1	23.249 1	71.663 1
2	1	23.409 1	71.859 1
2	1	23.848 1	71.1812 1
2	1	23.232 1	71.352 1
2	1	23.847 1	71.2237 1
2	1	23.110 1	71.2100 1
2	1	23.699 1	71.526 1
2	1	23.935 1	71.126 1
2	1	23.131 1	71.2154 1
2	1	23.18 1	71.19 1
2	1	23.973 1	71.279 1
2	1	23.217 1	71.488 1
2	1	23.897 1	71.384 1
2	1	23.151 1	71.422 1
2	1	23.152 1	71.2261 1
2	1	23.84 1	71.68 1
3	2	23.979 1 23.284 0.705	71.2244 1
2	1	23.202 1	71.1404 1
2	1	23.142 1	71.445 1
2	1	23.94 1	71.404 1
2	1	23.697 1	71.528 1
2	1	23.230 1	71.351 1
2	1	23.932 1	71.1993 1
2	1	23.289 1	71.463 1
2	1	23.450 1	71.1316 1
2	1	23.764 1	71.554 1
2	1	23.768 1	71.349 1
2	1	23.301 1	71.514 1
2	1	23.823 1	71.1831 1
2	1	23.747 1	71.763 1
2	1	23.440 1	71.1870 1
2	1	23.128 1	71.2157 1
2	1	23.233 1	71.1584 1
2	1	23.841 1	71.271 1
2	1	23.967 1	71.292 1
2	1	23.269 1	71.784 1
2	1	23.100 1	71.396 1
4	3	23.313 1 23.757 0.099 23.78 0.120	71.1746 1
2	1	23.665 1	71.585 1
2	1	23.323 1	71.803 1
2	1	23.746 1	71.764 1
2	1	23.113 1	71.2097 1
3	2	23.925 1 23.309 0.776	71.450 1
2	1	23.308 1	71.442 1
2	1	23.511 1	71.617 1
2	1	23.969 1	71.317 1
2	1	23.138 1	71.1559 1
2	1	23.809 1	71.438 1
2	1	23.927 1	71.448 1
2	1	23.339 1	71.627 1
2	1	23.750 1	71.1423 1
2	1	23.977 1	71.2241 1
2	1	23.981 1	71.2245 1
2	1	23.928 1	71.447 1
2	1	23.122 1	71.202 1
2	1	23.354 1	71.595 1
2	1	23.70 1	71.189 1
2	1	23.970 1	71.316 1
2	1	23.153 1	71.199 1
2	1	23.798 1	71.342 1
2	1	23.913 1	71.368 1
2	1	23.858 1	71.2059 1
2	1	23.948 1	71.60 1
2	1	23.960 1	71.308 1
2	1	23.213 1	71.338 1
2	1	23.955 1	71.315 1
2	1	23.831 1	71.1841 1
2	1	23.15 1	71.16 1
2	1	23.157 1	71.2092 1
2	1	23.933 1	71.1994 1
2	1	23.760 1	71.1430 1
2	1	23.224 1	71.1802 1
2	1	23.399 1	71.458 1
2	1	23.843 1	71.290 1
2	1	23.726 1	71.567 1
2	1	23.398 1	71.534 1
2	1	23.115 1	71.2095 1
3	2	23.5 0.062 23.535 1	71.5 1
2	1	23.124 1	71.204 1
2	1	23.214 1	71.339 1
3	2	23.954 1 23.184 0.850	71.2235 1
2	1	23.449 1	71.1317 1
2	1	23.76 1	71.1531 1
2	1	23.181 1	71.1406 1
2	1	23.112 1	71.2098 1
2	1	23.885 1	71.353 1
2	1	23.890 1	71.389 1
2	1	23.874 1	71.1809 1
2	1	23.749 1	71.761 1
2	1	23.25 1	71.360 1
2	1	23.729 1	71.564 1
2	1	23.761 1	71.1431 1
3	2	23.215 1 23.204 0.750	71.340 1
2	1	23.972 1	71.247 1
2	1	23.698 1	71.527 1
2	1	23.373 1	71.1875 1
2	1	23.300 1	71.513 1
2	1	23.517 1	71.628 1
2	1	23.851 1	71.1814 1
2	1	23.328 1	71.493 1
2	1	23.88 1	71.398 1
2	1	23.108 1	71.1519 1
2	1	23.745 1	71.765 1
3	2	23.930 1	71.1977 1 71.187 0.887
2	1	23.983 1	71.2247 1
2	1	23.687 1	71.849 1
2	1	23.808 1	71.439 1
2	1	23.985 1	71.2258 1
2	1	23.832 1	71.487 1
2	1	23.30 1	71.294 1
2	1	23.352 1	71.579 1
2	1	23.216 1	71.341 1
2	1	23.804 1	71.195 1
2	1	23.256 1	71.1410 1
2	1	23.87 1	71.632 1
2	1	23.38 1	71.2110 1
2	1	23.813 1	71.1969 1
2	1	23.387 1	71.1552 1
3	2	23.608 1	71.1742 0.056 71.2201 1
2	1	23.701 1	71.524 1
2	1	23.334 1	71.1975 1
2	1	23.884 1	71.354 1
2	1	23.290 1	71.464 1
2	1	23.7 1	71.7 1
2	1	23.776 1	71.2147 1
2	1	23.310 1	71.31 1
2	1	23.553 1	71.782 1
2	1	23.717 1	71.946 1
2	1	23.748 1	71.762 1
2	1	23.863 1	71.2066 1
2	1	23.60 1	71.285 1
2	1	23.690 1	71.1287 1
2	1	23.802 1	71.197 1
2	1	23.957 1	71.312 1
2	1	23.853 1	71.1816 1
2	1	23.887 1	71.2107 1
2	1	23.910 1	71.371 1
2	1	23.667 1	71.584 1
2	1	23.963 1	71.306 1
2	1	23.648 1	71.1223 1
3	2	23.605 1	71.1724 1 71.1996 0.607
2	1	23.562 1	71.942 1
2	1	23.713 1	71.522 1
2	1	23.79 1	71.2165 1
2	1	23.17 1	71.18 1
3	2	23.359 1	71.1193 1 71.1200 1
2	1	23.400 1	71.459 1
2	1	23.564 1	71.945 1
2	1	23.64 1	71.270 1
2	1	23.671 1	71.347 1
2	1	23.883 1	71.355 1
2	1	23.752 1	71.1425 1
2	1	23.778 1	71.2149 1
2	1	23.871 1	71.133 1
2	1	23.958 1	71.310 1
2	1	23.929 1	71.446 1
2	1	23.714 1	71.521 1
2	1	23.916 1	71.365 1
2	1	23.145 1	71.276 1
2	1	23.392 1	71.818 1
2	1	23.855 1	71.1091 1
2	1	23.527 1	71.1556 1
2	1	23.341 1	71.1512 1
2	1	23.828 1	71.1838 1
2	1	23.937 1	71.124 1
2	1	23.45 1	71.176 1
2	1	23.62 1	71.268 1
2	1	23.282 1	71.573 1
2	1	23.65 1	71.510 1
2	1	23.915 1	71.366 1
2	1	23.135 1	71.1560 1
2	1	23.319 1	71.413 1
2	1	23.926 1	71.449 1
2	1	23.342 1	71.1511 1
2	1	23.735 1	71.1417 1
2	1	23.52 1	71.183 1
2	1	23.86 1	71.70 1
2	1	23.962 1	71.307 1
2	1	23.694 1	71.531 1
2	1	23.14 1	71.15 1
2	1	23.197 1	71.636 1
2	1	23.2 1	71.2 1
2	1	23.337 1	71.1972 1
2	1	23.1 1	71.1 1
2	1	23.275 1	71.1514 1
2	1	23.324 1	71.804 1
2	1	23.512 1	71.1204 1
2	1	23.837 1	71.771 1
2	1	23.257 1	71.1409 1
2	1	23.899 1	71.382 1
2	1	23.260 1	71.517 1
2	1	23.904 1	71.377 1
2	1	23.29 1	71.2161 1
2	1	23.343 1	71.767 1
2	1	23.829 1	71.1839 1
2	1	23.830 1	71.1840 1
2	1	23.160 1	71.148 1
2	1	23.633 1	71.1927 1
2	1	23.895 1	71.391 1
2	1	23.566 1	71.1185 1
2	1	23.901 1	71.380 1
2	1	23.909 1	71.372 1
2	1	23.66 1	71.273 1
2	1	23.875 1	71.1810 1
2	1	23.9 1	71.10 1
2	1	23.782 1	71.444 1
2	1	23.938 1	71.123 1
2	1	23.123 1	71.203 1
2	1	23.965 1	71.274 1
2	1	23.621 1	71.503 1
2	1	23.846 1	71.2236 1
2	1	23.982 1	71.2246 1
3	2	23.274 1	71.633 1 71.571 0.765
2	1	23.385 1	71.1817 1
2	1	23.628 1	71.1397 1
2	1	23.949 1	71.58 1
2	1	23.797 1	71.345 1
2	1	23.180 1	71.1774 1
2	1	23.245 1	71.495 1
2	1	23.604 1	71.1725 1
2	1	23.727 1	71.566 1
2	1	23.247 1	71.429 1
2	1	23.827 1	71.1837 1
2	1	23.865 1	71.2069 1
2	1	23.19 1	71.20 1
2	1	23.543 1	71.1393 1
2	1	23.85 1	71.69 1
3	2	23.544 1 23.783 0.820	71.155 1
2	1	23.642 1	71.1752 1
2	1	23.273 1	71.570 1
2	1	23.638 1	71.506 1
2	1	23.132 1	71.2153 1
2	1	23.11 1	71.12 1
2	1	23.218 1	71.1603 1
2	1	23.35 1	71.301 1
2	1	23.397 1	71.622 1
2	1	23.542 1	71.1394 1
2	1	23.833 1	71.486 1
2	1	23.950 1	71.57 1
2	1	23.246 1	71.511 1
2	1	23.381 1	71.1558 1
3	2	23.439 1 23.471 0.714	71.1869 1
2	1	23.834 1	71.485 1
2	1	23.906 1	71.375 1
2	1	23.886 1	71.2106 1
2	1	23.114 1	71.2096 1
2	1	23.306 1	71.418 1
2	1	23.891 1	71.388 1
2	1	23.696 1	71.529 1
2	1	23.835 1	71.484 1
2	1	23.716 1	71.519 1
2	1	23.756 1	71.1265 1
2	1	23.172 1	71.1474 1
2	1	23.148 1	71.1518 1
2	1	23.411 1	71.1318 1
2	1	23.880 1	71.2158 1
2	1	23.37 1	71.2111 1
2	1	23.812 1	71.1968 1
2	1	23.896 1	71.385 1
2	1	23.572 1	71.1808 1
2	1	23.898 1	71.383 1
2	1	23.155 1	71.296 1
2	1	23.261 1	71.518 1
5	4	23.654 1	71.103 0.091 71.2032 0.078 71.589 1 71.649 0.077
2	1	23.105 1	71.2102 1
2	1	23.854 1	71.1092 1
2	1	23.866 1	71.2070 1
2	1	23.271 1	71.568 1
2	1	23.549 1	71.1269 1
2	1	23.107 1	71.1520 1
2	1	23.235 1	71.774 1
2	1	23.532 1	71.708 1
2	1	23.715 1	71.520 1
2	1	23.902 1	71.379 1
5	6	23.281 0.355 23.83 1	71.490 0.354 71.67 0.512 71.788 1
2	1	23.12 1	71.13 1
2	1	23.47 1	71.178 1
2	1	23.733 1	71.1415 1
2	1	23.327 1	71.492 1
2	1	23.732 1	71.1413 1
4	4	23.119 1 23.146 0.870	71.200 1 71.186 0.927
2	1	23.404 1	71.780 1
2	1	23.892 1	71.387 1
2	1	23.975 1	71.2239 1
2	1	23.272 1	71.569 1
2	1	23.627 1	71.1396 1
2	1	23.81 1	71.2164 1
2	1	23.889 1	71.390 1
2	1	23.379 1	71.1769 1
2	1	23.109 1	71.2101 1
2	1	23.307 1	71.419 1
2	1	23.28 1	71.2162 1
2	1	23.298 1	71.1089 1
2	1	23.407 1	71.858 1
2	1	23.44 1	71.243 1
2	1	23.236 1	71.319 1
2	1	23.533 1	71.709 1
2	1	23.852 1	71.1815 1
2	1	23.881 1	71.2159 1
2	1	23.31 1	71.298 1
2	1	23.314 1	71.295 1
2	1	23.640 1	71.1844 1
2	1	23.71 1	71.190 1
2	1	23.772 1	71.1573 1
2	1	23.576 1	71.239 1
2	1	23.438 1	71.1871 1
2	1	23.777 1	71.2148 1
2	1	23.964 1	71.305 1
2	1	23.822 1	71.1432 1
2	1	23.150 1	71.1516 1
3	2	23.873 1	71.1414 0.117 71.1720 1
2	1	23.882 1	71.356 1
2	1	23.911 1	71.370 1
2	1	23.288 1	71.462 1
2	1	23.225 1	71.1934 1
2	1	23.641 1	71.783 1
2	1	23.917 1	71.364 1
2	1	23.951 1	71.56 1
2	1	23.362 1	71.842 1
2	1	23.367 1	71.421 1
2	1	23.243 1	71.545 1
2	1	23.912 1	71.369 1
2	1	23.947 1	71.61 1
2	1	23.611 1	71.2308 1
2	1	23.844 1	71.288 1
2	1	23.320 1	71.414 1
2	1	23.39 1	71.2218 1
2	1	23.40 1	71.2217 1
4	3	23.626 1 23.632 0.210 23.725 0.254	71.1395 1
6	5	23.646 1	71.118 0.799 71.119 0.078 71.2047 1 71.2141 0.061 71.2142 0.152
2	1	23.751 1	71.1424 1
2	1	23.766 1	71.501 1
2	1	23.900 1	71.381 1
2	1	23.971 1	71.318 1
2	1	23.329 1	71.304 1
2	1	23.707 1	71.1577 1
2	1	23.807 1	71.440 1
3	2	23.117 1 23.620 0.947	71.1940 1
2	1	23.396 1	71.621 1
2	1	23.781 1	71.2152 1
2	1	23.156 1	71.2093 1
2	1	23.220 1	71.1601 1
3	2	23.618 1	71.1804 1 71.1982 0.682
2	1	23.635 1	71.688 1
2	1	23.89 1	71.399 1
2	1	23.765 1	71.502 1
2	1	23.876 1	71.350 1
2	1	23.340 1	71.1513 1
2	1	23.860 1	71.2061 1
2	1	23.959 1	71.309 1
2	1	23.316 1	71.410 1
2	1	23.877 1	71.1555 1
2	1	23.907 1	71.374 1
2	1	23.410 1	71.27 1
2	1	23.521 1	71.1765 1
2	1	23.728 1	71.565 1
2	1	23.859 1	71.2060 1
2	1	23.154 1	71.1811 1
2	1	23.187 1	71.1583 1
2	1	23.321 1	71.578 1
2	1	23.61 1	71.286 1
2	1	23.689 1	71.1286 1
2	1	23.780 1	71.2151 1
2	1	23.90 1	71.131 1
2	1	23.277 1	71.1985 1
2	1	23.976 1	71.2240 1
2	1	23.21 1	71.22 1
2	1	23.558 1	71.1805 1
2	1	23.695 1	71.530 1
2	1	23.241 1	71.543 1
2	1	23.179 1	71.862 1
2	1	23.905 1	71.376 1
2	1	23.130 1	71.2155 1
2	1	23.143 1	71.1830 1
2	1	23.24 1	71.359 1
2	1	23.513 1	71.773 1
2	1	23.708 1	71.1578 1
2	1	23.775 1	71.2146 1
4	3	23.102 1 23.167 0.281 23.371 0.263	71.537 1
2	1	23.845 1	71.287 1
2	1	23.914 1	71.367 1
2	1	23.8 1	71.9 1
2	1	23.826 1	71.1836 1
2	1	23.118 1	71.1939 1
2	1	23.519 1	71.1826 1
2	1	23.612 1	71.1285 1
2	1	23.452 1	71.2045 1
2	1	23.335 1	71.1974 1
2	1	23.406 1	71.857 1
2	1	23.952 1	71.55 1
2	1	23.395 1	71.620 1
2	1	23.753 1	71.1426 1
5	4	23.769 1	71.105 0.204 71.2035 0.269 71.348 1 71.646 0.260
2	1	23.903 1	71.378 1
2	1	23.95 1	71.394 1
2	1	23.203 1	71.941 1
2	1	23.23 1	71.24 1
2	1	23.793 1	71.198 1
2	1	23.20 1	71.21 1
2	1	23.389 1	71.1550 1
2	1	23.69 1	71.188 1
2	1	23.956 1	71.313 1
2	1	23.149 1	71.1517 1
2	1	23.377 1	71.1572 1
2	1	23.784 1	71.156 1
2	1	23.867 1	71.2071 1
2	1	23.22 1	71.23 1
2	1	23.547 1	71.1298 1
2	1	23.691 1	71.1392 1
2	1	23.736 1	71.1418 1
2	1	23.101 1	71.397 1
2	1	23.10 1	71.11 1
2	1	23.388 1	71.1551 1
2	1	23.56 1	71.2163 1
2	1	23.570 1	71.1770 1
4	3	23.686 1	71.100 0.938 71.2029 1 71.652 0.461
2	1	23.292 1	71.1750 1
2	1	23.374 1	71.1874 1
2	1	23.711 1	71.1876 1
2	1	23.894 1	71.386 1
2	1	23.810 1	71.437 1
2	1	23.305 1	71.362 1
2	1	23.758 1	71.1427 1
2	1	23.779 1	71.2150 1
2	1	23.291 1	71.1751 1
4	4	23.461 1 23.588 0.080	71.1529 0.092 71.572 1
2	1	23.575 1	71.240 1
2	1	23.821 1	71.645 1
2	1	23.208 1	71.174 1
2	1	23.297 1	71.1090 1
2	1	23.49 1	71.180 1
2	1	23.134 1	71.971 1
2	1	23.577 1	71.241 1
2	1	23.946 1	71.62 1
2	1	23.509 1	71.1024 1
2	1	23.974 1	71.2238 1
2	1	23.770 1	71.246 1
2	1	23.361 1	71.841 1
2	1	23.473 1	71.760 1
2	1	23.574 1	71.242 1
2	1	23.931 1	71.556 1
2	1	23.945 1	71.63 1
2	1	23.68 1	71.275 1
2	1	23.986 1	71.2259 1
2	1	23.312 1	71.420 1
2	1	23.50 1	71.181 1
2	1	23.734 1	71.1416 1
2	1	23.908 1	71.373 1
2	1	23.391 1	71.1536 1
2	1	23.839 1	71.618 1
2	1	23.286 1	71.460 1
2	1	23.944 1	71.65 1
2	1	23.864 1	71.2067 1
2	1	23.219 1	71.1602 1
2	1	23.267 1	71.489 1
2	1	23.825 1	71.1835 1
2	1	23.111 1	71.2099 1
2	1	23.295 1	71.1748 1
2	1	23.531 1	71.855 1
3	2	23.718 1 23.33 0.928	71.1263 1
2	1	23.803 1	71.196 1
2	1	23.868 1	71.2072 1
2	1	23.250 1	71.664 1
2	1	23.48 1	71.179 1
2	1	23.490 1	71.127 1
2	1	23.6 1	71.6 1
2	1	23.602 1	71.2322 1
2	1	23.759 1	71.1428 1
2	1	23.730 1	71.1412 1
2	1	23.242 1	71.544 1
2	1	23.548 1	71.1722 1
2	1	23.987 1	71.2260 1
2	1	23.259 1	71.1290 1
2	1	23.283 1	71.577 1
2	1	23.96 1	71.395 1
3	2	23.133 1	71.1937 0.193 71.54 1
2	1	23.318 1	71.412 1
2	1	23.706 1	71.1576 1
2	1	23.560 1	71.892 1
2	1	23.625 1	71.1510 1
2	1	23.824 1	71.1833 1
2	1	23.264 1	71.1928 1
2	1	23.528 1	71.616 1
2	1	23.375 1	71.1873 1
2	1	23.405 1	71.856 1
2	1	23.227 1	71.1971 1
2	1	23.106 1	71.468 1
2	1	23.390 1	71.1606 1
2	1	23.518 1	71.860 1
2	1	23.54 1	71.185 1
2	1	23.144 1	71.1828 1
2	1	23.258 1	71.1408 1
2	1	23.624 1	71.1022 1
7	6	23.842 1	71.1055 0.091 71.1067 1 71.1154 0.091 71.1913 0.949 71.722 0.949 71.734 0.091
2	1	23.287 1	71.461 1
7	6	23.303 1	71.2272 0.409 71.2340 0.260 71.2341 0.063 71.2345 0.502 71.2355 0.302 71.2359 1
4	3	23.415 0.058 23.499 0.079 23.615 1	71.152 1
11	24	23.363 0.289 23.364 1 23.365 0.375 23.457 0.200 23.459 0.190 23.814 0.126 23.815 0.201 23.817 0.182	71.2026 0.775 71.654 1 71.98 0.804
2	1	23.67 1	71.201 1
2	1	23.721 1	71.1581 1
2	1	23.311 1	71.623 1
2	1	23.34 1	71.300 1
2	1	23.569 1	71.1014 1
2	1	23.739 1	71.1420 1
3	2	23.207 1 23.787 0.159	71.1999 1
2	1	23.878 1	71.1747 1
2	1	23.978 0.760	71.2242 0.760
2	1	23.285 0.853	71.594 0.853
