Size	Relations	OrthoA	OrthoB
2	1	23.43 1	74.96 1
2	1	23.42 1	74.95 1
2	1	23.712 1	74.528 1
2	1	23.59 1	74.258 1
2	1	23.936 1	74.99 1
2	1	23.614 1	74.955 1
2	1	23.127 1	74.1788 1
2	1	23.57 1	74.246 1
2	1	23.353 1	74.585 1
2	1	23.581 1	74.554 1
2	1	23.737 1	74.1166 1
2	1	23.169 1	74.1226 1
2	1	23.924 1	74.2231 1
2	1	23.333 1	74.1829 1
2	1	23.516 1	74.961 1
2	1	23.836 1	74.487 1
2	1	23.514 1	74.963 1
2	1	23.58 1	74.241 1
2	1	23.3 1	74.3 1
2	1	23.126 1	74.1848 1
2	1	23.336 1	74.1826 1
2	1	23.966 1	74.267 1
2	1	23.376 1	74.1722 1
2	1	23.402 1	74.2149 1
2	1	23.811 1	74.440 1
3	2	23.546 1	74.2499 1 74.639 0.779
2	1	23.4 1	74.4 1
2	1	23.104 1	74.1929 1
2	1	23.53 1	74.158 1
2	1	23.51 1	74.156 1
2	1	23.774 1	74.1970 1
2	1	23.177 1	74.1651 1
2	1	23.13 1	74.13 1
2	1	23.191 1	74.1152 1
2	1	23.147 1	74.471 1
2	1	23.73 1	74.1692 1
2	1	23.249 1	74.667 1
2	1	23.409 1	74.2229 1
2	1	23.955 1	74.319 1
2	1	23.848 1	74.1662 1
2	1	23.232 1	74.357 1
2	1	23.847 1	74.2061 1
2	1	23.110 1	74.1925 1
2	1	23.699 1	74.531 1
2	1	23.935 1	74.100 1
2	1	23.131 1	74.1979 1
2	1	23.18 1	74.18 1
2	1	23.973 1	74.253 1
2	1	23.217 1	74.492 1
2	1	23.897 1	74.389 1
2	1	23.151 1	74.427 1
2	1	23.152 1	74.2085 1
2	1	23.84 1	74.68 1
3	2	23.979 1 23.284 0.705	74.2068 1
2	1	23.202 1	74.1151 1
2	1	23.142 1	74.449 1
2	1	23.94 1	74.409 1
2	1	23.697 1	74.533 1
2	1	23.230 1	74.356 1
2	1	23.932 1	74.1846 1
2	1	23.289 1	74.467 1
2	1	23.764 1	74.559 1
2	1	23.768 1	74.354 1
2	1	23.301 1	74.518 1
2	1	23.823 1	74.1681 1
2	1	23.747 1	74.2132 1
2	1	23.440 1	74.1720 1
2	1	23.128 1	74.1982 1
2	1	23.233 1	74.1364 1
2	1	23.450 1	74.1012 1
2	1	23.841 1	74.245 1
2	1	23.967 1	74.266 1
2	1	23.269 1	74.2154 1
2	1	23.100 1	74.401 1
4	3	23.313 1 23.757 0.099 23.78 0.120	74.1595 1
2	1	23.665 1	74.590 1
2	1	23.323 1	74.2172 1
2	1	23.746 1	74.2133 1
2	1	23.113 1	74.1922 1
3	2	23.925 1 23.309 0.776	74.454 1
2	1	23.308 1	74.446 1
2	1	23.511 1	74.622 1
2	1	23.969 1	74.321 1
2	1	23.138 1	74.1337 1
2	1	23.809 1	74.442 1
2	1	23.927 1	74.452 1
2	1	23.339 1	74.632 1
2	1	23.750 1	74.1170 1
2	1	23.977 1	74.2065 1
2	1	23.981 1	74.2069 1
2	1	23.928 1	74.451 1
2	1	23.122 1	74.176 1
2	1	23.354 1	74.600 1
2	1	23.70 1	74.163 1
2	1	23.970 1	74.320 1
2	1	23.153 1	74.173 1
2	1	23.798 1	74.347 1
2	1	23.913 1	74.373 1
2	1	23.858 1	74.1884 1
2	1	23.948 1	74.60 1
2	1	23.960 1	74.282 1
2	1	23.213 1	74.343 1
2	1	23.831 1	74.1691 1
2	1	23.15 1	74.15 1
2	1	23.157 1	74.1916 1
2	1	23.933 1	74.1847 1
2	1	23.760 1	74.1177 1
2	1	23.224 1	74.1652 1
2	1	23.399 1	74.462 1
2	1	23.843 1	74.264 1
2	1	23.726 1	74.572 1
2	1	23.398 1	74.539 1
3	2	23.5 0.062 23.535 1	74.5 1
2	1	23.124 1	74.178 1
2	1	23.214 1	74.344 1
3	2	23.954 1 23.184 0.850	74.2059 1
2	1	23.449 1	74.1014 1
2	1	23.76 1	74.1279 1
2	1	23.181 1	74.1153 1
2	1	23.112 1	74.1923 1
2	1	23.885 1	74.358 1
2	1	23.890 1	74.394 1
2	1	23.874 1	74.1659 1
2	1	23.749 1	74.2130 1
2	1	23.25 1	74.365 1
2	1	23.729 1	74.569 1
2	1	23.761 1	74.1178 1
3	2	23.215 1 23.204 0.750	74.345 1
2	1	23.972 1	74.221 1
2	1	23.698 1	74.532 1
2	1	23.373 1	74.1725 1
2	1	23.7 1	74.7 1
2	1	23.300 1	74.517 1
2	1	23.517 1	74.633 1
2	1	23.851 1	74.1664 1
2	1	23.328 1	74.497 1
2	1	23.88 1	74.403 1
2	1	23.108 1	74.1267 1
2	1	23.745 1	74.2134 1
3	2	23.930 1	74.1830 1 74.161 0.887
2	1	23.983 1	74.2071 1
2	1	23.687 1	74.2219 1
2	1	23.808 1	74.443 1
2	1	23.985 1	74.2082 1
2	1	23.832 1	74.491 1
2	1	23.30 1	74.268 1
2	1	23.352 1	74.584 1
2	1	23.216 1	74.346 1
2	1	23.804 1	74.169 1
2	1	23.256 1	74.1157 1
2	1	23.87 1	74.637 1
2	1	23.38 1	74.1935 1
2	1	23.813 1	74.1822 1
2	1	23.387 1	74.1331 1
3	2	23.608 1	74.1591 0.056 74.2025 1
2	1	23.701 1	74.529 1
2	1	23.334 1	74.1828 1
2	1	23.884 1	74.359 1
2	1	23.290 1	74.468 1
2	1	23.776 1	74.1972 1
2	1	23.310 1	74.30 1
2	1	23.553 1	74.2152 1
2	1	23.717 1	74.2472 1
2	1	23.748 1	74.2131 1
2	1	23.863 1	74.1891 1
2	1	23.115 1	74.1920 1
2	1	23.60 1	74.259 1
2	1	23.690 1	74.982 1
2	1	23.802 1	74.171 1
2	1	23.853 1	74.1666 1
2	1	23.887 1	74.1932 1
2	1	23.910 1	74.376 1
2	1	23.667 1	74.589 1
2	1	23.532 1	74.711 1
2	1	23.957 1	74.286 1
2	1	23.963 1	74.280 1
2	1	23.648 1	74.917 1
3	2	23.605 1	74.1572 1 74.1849 0.607
2	1	23.562 1	74.2468 1
2	1	23.713 1	74.527 1
2	1	23.79 1	74.1990 1
2	1	23.17 1	74.17 1
3	2	23.359 1	74.887 1 74.894 1
2	1	23.400 1	74.463 1
2	1	23.564 1	74.2471 1
2	1	23.64 1	74.244 1
2	1	23.671 1	74.352 1
2	1	23.883 1	74.360 1
2	1	23.752 1	74.1172 1
2	1	23.778 1	74.1974 1
2	1	23.871 1	74.107 1
2	1	23.958 1	74.284 1
2	1	23.929 1	74.450 1
2	1	23.714 1	74.526 1
2	1	23.916 1	74.370 1
2	1	23.145 1	74.250 1
2	1	23.392 1	74.2189 1
2	1	23.855 1	74.843 1
2	1	23.527 1	74.1334 1
2	1	23.341 1	74.1260 1
2	1	23.828 1	74.1688 1
2	1	23.937 1	74.98 1
2	1	23.45 1	74.150 1
2	1	23.62 1	74.242 1
2	1	23.282 1	74.578 1
2	1	23.65 1	74.514 1
2	1	23.915 1	74.371 1
2	1	23.135 1	74.1338 1
2	1	23.319 1	74.418 1
2	1	23.926 1	74.453 1
2	1	23.342 1	74.1259 1
2	1	23.735 1	74.1164 1
2	1	23.52 1	74.157 1
2	1	23.86 1	74.70 1
2	1	23.962 1	74.281 1
2	1	23.694 1	74.536 1
2	1	23.14 1	74.14 1
2	1	23.197 1	74.641 1
2	1	23.2 1	74.2 1
2	1	23.337 1	74.1825 1
2	1	23.1 1	74.1 1
2	1	23.275 1	74.1262 1
2	1	23.324 1	74.2173 1
2	1	23.512 1	74.898 1
2	1	23.837 1	74.2140 1
2	1	23.257 1	74.1156 1
2	1	23.899 1	74.387 1
2	1	23.260 1	74.522 1
2	1	23.904 1	74.382 1
2	1	23.29 1	74.1986 1
2	1	23.343 1	74.2136 1
2	1	23.829 1	74.1689 1
2	1	23.830 1	74.1690 1
2	1	23.160 1	74.122 1
2	1	23.633 1	74.1779 1
2	1	23.895 1	74.396 1
2	1	23.566 1	74.879 1
2	1	23.901 1	74.385 1
2	1	23.909 1	74.377 1
2	1	23.66 1	74.247 1
2	1	23.875 1	74.1660 1
2	1	23.9 1	74.9 1
2	1	23.782 1	74.448 1
2	1	23.938 1	74.97 1
2	1	23.123 1	74.177 1
2	1	23.965 1	74.248 1
2	1	23.621 1	74.507 1
2	1	23.846 1	74.2060 1
2	1	23.982 1	74.2070 1
3	2	23.274 1	74.638 1 74.576 0.765
2	1	23.385 1	74.1667 1
2	1	23.628 1	74.1094 1
2	1	23.949 1	74.58 1
2	1	23.797 1	74.350 1
2	1	23.180 1	74.1623 1
2	1	23.245 1	74.499 1
2	1	23.604 1	74.1573 1
2	1	23.727 1	74.571 1
2	1	23.247 1	74.433 1
2	1	23.827 1	74.1687 1
2	1	23.865 1	74.1894 1
2	1	23.19 1	74.19 1
2	1	23.543 1	74.1090 1
2	1	23.85 1	74.69 1
3	2	23.544 1 23.783 0.820	74.129 1
2	1	23.642 1	74.1601 1
2	1	23.273 1	74.575 1
2	1	23.638 1	74.510 1
2	1	23.132 1	74.1978 1
2	1	23.11 1	74.11 1
2	1	23.218 1	74.1383 1
2	1	23.35 1	74.275 1
2	1	23.397 1	74.627 1
2	1	23.542 1	74.1091 1
2	1	23.833 1	74.490 1
2	1	23.950 1	74.57 1
2	1	23.246 1	74.515 1
2	1	23.381 1	74.1336 1
3	2	23.439 1 23.471 0.714	74.1719 1
2	1	23.834 1	74.489 1
2	1	23.906 1	74.380 1
2	1	23.886 1	74.1931 1
2	1	23.114 1	74.1921 1
2	1	23.306 1	74.423 1
2	1	23.611 1	74.2296 1
2	1	23.891 1	74.393 1
2	1	23.696 1	74.534 1
2	1	23.835 1	74.488 1
2	1	23.716 1	74.524 1
2	1	23.756 1	74.960 1
2	1	23.172 1	74.1221 1
2	1	23.148 1	74.1266 1
2	1	23.411 1	74.1015 1
2	1	23.880 1	74.1983 1
2	1	23.37 1	74.1936 1
2	1	23.812 1	74.1821 1
2	1	23.896 1	74.390 1
2	1	23.572 1	74.1658 1
2	1	23.898 1	74.388 1
2	1	23.155 1	74.270 1
2	1	23.261 1	74.523 1
4	3	23.654 1	74.1458 0.089 74.594 1 74.653 0.077
2	1	23.105 1	74.1927 1
2	1	23.854 1	74.844 1
2	1	23.866 1	74.1895 1
2	1	23.271 1	74.573 1
2	1	23.549 1	74.964 1
2	1	23.107 1	74.1268 1
2	1	23.235 1	74.2143 1
2	1	23.715 1	74.525 1
2	1	23.902 1	74.384 1
5	6	23.281 0.355 23.83 1	74.2158 1 74.494 0.354 74.67 0.512
2	1	23.12 1	74.12 1
2	1	23.47 1	74.152 1
2	1	23.733 1	74.1162 1
2	1	23.327 1	74.496 1
2	1	23.732 1	74.1160 1
4	4	23.119 1 23.146 0.870	74.174 1 74.160 0.927
2	1	23.892 1	74.392 1
2	1	23.975 1	74.2063 1
2	1	23.272 1	74.574 1
2	1	23.627 1	74.1093 1
2	1	23.81 1	74.1989 1
2	1	23.889 1	74.395 1
2	1	23.379 1	74.1618 1
2	1	23.109 1	74.1926 1
2	1	23.307 1	74.424 1
2	1	23.28 1	74.1987 1
2	1	23.298 1	74.841 1
2	1	23.407 1	74.2228 1
2	1	23.44 1	74.217 1
2	1	23.236 1	74.323 1
2	1	23.533 1	74.712 1
2	1	23.852 1	74.1665 1
2	1	23.881 1	74.1984 1
2	1	23.31 1	74.272 1
2	1	23.314 1	74.269 1
2	1	23.640 1	74.1694 1
2	1	23.71 1	74.164 1
2	1	23.772 1	74.1352 1
2	1	23.576 1	74.213 1
2	1	23.438 1	74.1721 1
2	1	23.777 1	74.1973 1
2	1	23.964 1	74.279 1
2	1	23.822 1	74.1179 1
2	1	23.150 1	74.1264 1
3	2	23.873 1	74.1161 0.117 74.1568 1
2	1	23.882 1	74.361 1
2	1	23.911 1	74.375 1
2	1	23.288 1	74.466 1
2	1	23.225 1	74.1786 1
2	1	23.641 1	74.2153 1
2	1	23.917 1	74.369 1
2	1	23.951 1	74.56 1
2	1	23.362 1	74.2212 1
2	1	23.367 1	74.426 1
2	1	23.243 1	74.550 1
2	1	23.912 1	74.374 1
2	1	23.947 1	74.61 1
2	1	23.844 1	74.262 1
2	1	23.320 1	74.419 1
2	1	23.39 1	74.2042 1
2	1	23.40 1	74.2041 1
4	3	23.626 1 23.632 0.210 23.725 0.254	74.1092 1
5	4	23.646 1	74.1441 1 74.1966 0.057 74.1967 0.170 74.92 0.080
2	1	23.751 1	74.1171 1
2	1	23.766 1	74.505 1
2	1	23.900 1	74.386 1
2	1	23.971 1	74.322 1
2	1	23.329 1	74.278 1
2	1	23.707 1	74.1356 1
2	1	23.807 1	74.444 1
3	2	23.117 1 23.620 0.947	74.1792 1
2	1	23.396 1	74.626 1
2	1	23.781 1	74.1977 1
2	1	23.156 1	74.1917 1
2	1	23.220 1	74.1381 1
3	2	23.618 1	74.1654 1 74.1835 0.682
2	1	23.635 1	74.692 1
2	1	23.89 1	74.404 1
2	1	23.765 1	74.506 1
2	1	23.876 1	74.355 1
2	1	23.340 1	74.1261 1
2	1	23.404 1	74.2150 1
2	1	23.860 1	74.1886 1
2	1	23.959 1	74.283 1
2	1	23.316 1	74.415 1
2	1	23.877 1	74.1333 1
2	1	23.907 1	74.379 1
2	1	23.410 1	74.26 1
2	1	23.521 1	74.1614 1
2	1	23.728 1	74.570 1
2	1	23.859 1	74.1885 1
2	1	23.154 1	74.1661 1
2	1	23.321 1	74.583 1
2	1	23.61 1	74.260 1
2	1	23.689 1	74.981 1
2	1	23.780 1	74.1976 1
2	1	23.90 1	74.105 1
2	1	23.277 1	74.1838 1
2	1	23.976 1	74.2064 1
2	1	23.21 1	74.21 1
2	1	23.558 1	74.1655 1
2	1	23.106 1	74.472 1
2	1	23.695 1	74.535 1
2	1	23.241 1	74.548 1
2	1	23.179 1	74.2232 1
2	1	23.905 1	74.381 1
2	1	23.130 1	74.1980 1
2	1	23.143 1	74.1680 1
2	1	23.24 1	74.364 1
2	1	23.513 1	74.2142 1
2	1	23.708 1	74.1357 1
2	1	23.775 1	74.1971 1
2	1	23.845 1	74.261 1
4	3	23.102 1 23.167 0.281 23.371 0.263	74.542 1
2	1	23.914 1	74.372 1
2	1	23.8 1	74.8 1
2	1	23.826 1	74.1686 1
2	1	23.118 1	74.1791 1
2	1	23.519 1	74.1676 1
2	1	23.612 1	74.980 1
2	1	23.335 1	74.1827 1
2	1	23.406 1	74.2227 1
2	1	23.952 1	74.55 1
2	1	23.395 1	74.625 1
2	1	23.753 1	74.1173 1
4	3	23.769 1	74.1455 0.288 74.353 1 74.651 0.260
2	1	23.903 1	74.383 1
2	1	23.95 1	74.399 1
2	1	23.203 1	74.2467 1
2	1	23.23 1	74.23 1
2	1	23.793 1	74.172 1
2	1	23.20 1	74.20 1
2	1	23.389 1	74.1329 1
2	1	23.69 1	74.162 1
2	1	23.956 1	74.318 1
2	1	23.149 1	74.1265 1
2	1	23.377 1	74.1351 1
2	1	23.784 1	74.130 1
2	1	23.867 1	74.1896 1
2	1	23.22 1	74.22 1
2	1	23.547 1	74.993 1
2	1	23.691 1	74.1089 1
2	1	23.736 1	74.1165 1
2	1	23.101 1	74.402 1
2	1	23.10 1	74.10 1
2	1	23.388 1	74.1330 1
2	1	23.56 1	74.1988 1
2	1	23.570 1	74.1619 1
2	1	23.292 1	74.1599 1
4	4	23.686 1 23.452 0.726	74.1460 1 74.656 0.469
2	1	23.374 1	74.1724 1
2	1	23.711 1	74.1726 1
2	1	23.894 1	74.391 1
2	1	23.810 1	74.441 1
3	2	23.821 1	74.1454 1 74.650 0.741
2	1	23.187 1	74.1362 1
2	1	23.305 1	74.367 1
2	1	23.758 1	74.1174 1
2	1	23.779 1	74.1975 1
2	1	23.291 1	74.1600 1
4	4	23.461 1 23.588 0.080	74.1277 0.092 74.577 1
2	1	23.575 1	74.214 1
2	1	23.208 1	74.148 1
2	1	23.297 1	74.842 1
2	1	23.49 1	74.154 1
2	1	23.134 1	74.2498 1
2	1	23.577 1	74.215 1
2	1	23.946 1	74.62 1
2	1	23.509 1	74.768 1
2	1	23.974 1	74.2062 1
2	1	23.770 1	74.220 1
2	1	23.361 1	74.2211 1
2	1	23.473 1	74.2129 1
2	1	23.574 1	74.216 1
2	1	23.931 1	74.561 1
2	1	23.945 1	74.63 1
2	1	23.68 1	74.249 1
2	1	23.986 1	74.2083 1
2	1	23.312 1	74.425 1
2	1	23.50 1	74.155 1
2	1	23.734 1	74.1163 1
2	1	23.908 1	74.378 1
2	1	23.391 1	74.1315 1
2	1	23.839 1	74.623 1
2	1	23.286 1	74.464 1
2	1	23.944 1	74.65 1
2	1	23.864 1	74.1892 1
2	1	23.219 1	74.1382 1
2	1	23.267 1	74.493 1
2	1	23.825 1	74.1685 1
2	1	23.111 1	74.1924 1
2	1	23.295 1	74.1597 1
2	1	23.531 1	74.2225 1
3	2	23.718 1 23.33 0.928	74.958 1
2	1	23.803 1	74.170 1
2	1	23.868 1	74.1897 1
2	1	23.250 1	74.668 1
2	1	23.48 1	74.153 1
2	1	23.490 1	74.101 1
2	1	23.6 1	74.6 1
2	1	23.602 1	74.2310 1
2	1	23.759 1	74.1175 1
2	1	23.730 1	74.1159 1
2	1	23.242 1	74.549 1
2	1	23.548 1	74.1570 1
2	1	23.987 1	74.2084 1
2	1	23.259 1	74.985 1
2	1	23.283 1	74.582 1
2	1	23.96 1	74.400 1
3	2	23.133 1	74.1789 0.193 74.54 1
2	1	23.318 1	74.417 1
2	1	23.706 1	74.1355 1
2	1	23.625 1	74.1258 1
2	1	23.824 1	74.1683 1
2	1	23.264 1	74.1780 1
2	1	23.528 1	74.621 1
2	1	23.34 1	74.274 1
2	1	23.375 1	74.1723 1
2	1	23.405 1	74.2226 1
2	1	23.227 1	74.1824 1
2	1	23.390 1	74.1387 1
2	1	23.518 1	74.2230 1
2	1	23.54 1	74.159 1
2	1	23.144 1	74.1678 1
2	1	23.258 1	74.1155 1
2	1	23.624 1	74.770 1
2	1	23.287 1	74.465 1
9	8	23.303 1	74.2290 0.409 74.2332 1 74.2336 0.302 74.2346 0.502 74.2350 0.528 74.2373 0.574 74.2375 0.314 74.2594 0.507
8	7	23.842 1	74.1122 0.086 74.1764 1 74.2089 0.452 74.2102 0.086 74.725 1 74.739 0.086 74.817 0.993
4	3	23.415 0.058 23.499 0.079 23.615 1	74.126 1
10	16	23.363 0.289 23.364 1 23.365 0.375 23.457 0.200 23.459 0.190 23.814 0.126 23.815 0.201 23.817 0.182	74.1464 0.775 74.658 1
2	1	23.67 1	74.175 1
2	1	23.721 1	74.1360 1
2	1	23.311 1	74.628 1
2	1	23.569 1	74.2543 1
2	1	23.739 1	74.1167 1
3	2	23.207 1 23.787 0.159	74.1852 1
2	1	23.878 1	74.1596 1
2	1	23.978 0.760	74.2066 0.760
2	1	23.285 0.853	74.599 0.853
