Size	Relations	OrthoA	OrthoB
2	1	18.2607 1	77.540 1
2	1	18.3082 1	77.96 1
2	1	18.2124 1	77.2042 1
2	1	18.2813 1	77.682 1
2	1	18.3081 1	77.97 1
2	1	18.275 1	77.1706 1
2	1	18.1042 1	77.259 1
2	1	18.587 1	77.812 1
2	1	18.581 1	77.1083 1
2	1	18.2771 1	77.566 1
2	1	18.2172 1	77.816 1
2	1	18.231 1	77.1341 1
2	1	18.399 1	77.449 1
2	1	18.2957 1	77.107 1
2	1	18.172 1	77.2067 1
2	1	18.1995 1	77.1090 1
2	1	18.332 1	77.1831 1
2	1	18.3036 1	77.178 1
2	1	18.253 1	77.246 1
2	1	18.5 1	77.4 1
2	1	18.2423 1	77.597 1
2	1	18.2142 1	77.327 1
2	1	18.858 1	77.1353 1
2	1	18.2169 1	77.814 1
2	1	18.952 1	77.2043 1
2	1	18.3076 1	77.100 1
2	1	18.2684 1	77.647 1
2	1	18.242 1	77.1871 1
2	1	18.1572 1	77.653 1
3	2	18.1753 1	77.1183 1 77.89 0.310
2	1	18.1086 1	77.372 1
2	1	18.3131 1	77.1766 1
2	1	18.3012 1	77.1995 1
4	3	18.1915 1	77.1176 0.876 77.1278 1 77.428 0.209
2	1	18.933 1	77.164 1
2	1	18.247 1	77.1865 1
2	1	18.3095 1	77.917 1
2	1	18.1998 1	77.1092 1
2	1	18.1791 1	77.241 1
2	1	18.4 1	77.3 1
2	1	18.2710 1	77.1737 1
2	1	18.14 1	77.13 1
2	1	18.2138 1	77.322 1
2	1	18.3239 1	77.1963 1
2	1	18.840 1	77.1433 1
2	1	18.401 1	77.451 1
2	1	18.2782 1	77.1326 1
2	1	18.8 1	77.7 1
2	1	18.3106 1	77.466 1
2	1	18.3123 1	77.50 1
2	1	18.1683 1	77.1641 1
3	2	18.1291 1 18.543 0.297	77.746 1
2	1	18.343 1	77.36 1
3	2	18.1050 1	77.270 1 77.272 0.759
2	1	18.3128 1	77.1768 1
2	1	18.746 1	77.499 1
2	1	18.1218 1	77.1887 1
2	1	18.843 1	77.1400 1
2	1	18.2610 1	77.544 1
2	1	18.832 1	77.1441 1
2	1	18.2361 1	77.900 1
2	1	18.1685 1	77.526 1
2	1	18.2195 1	77.1504 1
2	1	18.404 1	77.455 1
2	1	18.245 1	77.1868 1
2	1	18.2141 1	77.326 1
2	1	18.1034 1	77.1141 1
2	1	18.774 1	77.705 1
2	1	18.739 1	77.504 1
2	1	18.3159 1	77.1480 1
2	1	18.3192 1	77.1725 1
2	1	18.3011 1	77.1996 1
2	1	18.1505 1	77.289 1
2	1	18.2534 1	77.734 1
2	1	18.2998 1	77.397 1
2	1	18.639 1	77.482 1
2	1	18.271 1	77.1709 1
2	1	18.1049 1	77.269 1
2	1	18.3231 1	77.1957 1
2	1	18.3242 1	77.1967 1
2	1	18.945 1	77.879 1
2	1	18.2420 1	77.556 1
2	1	18.3234 1	77.1958 1
2	1	18.613 1	77.157 1
2	1	18.19 1	77.18 1
3	2	18.1911 1	77.1178 0.135 77.1279 1
2	1	18.2547 1	77.473 1
2	1	18.3229 1	77.1955 1
2	1	18.2783 1	77.1327 1
2	1	18.1508 1	77.286 1
2	1	18.733 1	77.508 1
2	1	18.850 1	77.2095 1
2	1	18.2349 1	77.1821 1
2	1	18.310 1	77.1695 1
2	1	18.2609 1	77.543 1
2	1	18.2768 1	77.571 1
2	1	18.1925 1	77.1242 1
2	1	18.615 1	77.159 1
2	1	18.3237 1	77.1961 1
2	1	18.1093 1	77.379 1
2	1	18.2350 1	77.1822 1
4	3	18.2941 1	77.1000 1 77.1250 0.802 77.871 0.720
2	1	18.3253 1	77.360 1
2	1	18.3236 1	77.1960 1
2	1	18.1504 1	77.290 1
2	1	18.255 1	77.248 1
2	1	18.1051 1	77.271 1
2	1	18.3125 1	77.47 1
2	1	18.2437 1	77.530 1
2	1	18.3240 1	77.1964 1
2	1	18.3275 1	77.336 1
2	1	18.751 1	77.214 1
2	1	18.2611 1	77.545 1
2	1	18.822 1	77.743 1
2	1	18.2554 1	77.478 1
2	1	18.3127 1	77.1771 1
2	1	18.1219 1	77.1888 1
2	1	18.2436 1	77.2080 1
5	6	18.1729 1 18.1443 0.801 18.1928 1	77.1167 0.120 77.1239 1
2	1	18.1318 1	77.756 1
2	1	18.2108 1	77.936 1
2	1	18.640 1	77.46 1
2	1	18.2139 1	77.324 1
2	1	18.1812 1	77.551 1
2	1	18.1503 1	77.291 1
2	1	18.228 1	77.1338 1
2	1	18.3077 1	77.101 1
2	1	18.485 1	77.1923 1
2	1	18.534 1	77.232 1
2	1	18.2358 1	77.897 1
2	1	18.2424 1	77.596 1
2	1	18.847 1	77.2092 1
2	1	18.602 1	77.2005 1
2	1	18.252 1	77.245 1
2	1	18.3015 1	77.1992 1
2	1	18.1507 1	77.287 1
2	1	18.2942 1	77.872 1
2	1	18.1045 1	77.263 1
2	1	18.1035 1	77.1142 1
2	1	18.1814 1	77.1346 1
2	1	18.2438 1	77.529 1
2	1	18.2535 1	77.735 1
2	1	18.13 1	77.12 1
2	1	18.1356 1	77.613 1
2	1	18.6 1	77.5 1
2	1	18.2606 1	77.539 1
2	1	18.3051 1	77.1458 1
2	1	18.1813 1	77.1345 1
2	1	18.278 1	77.1703 1
2	1	18.400 1	77.450 1
2	1	18.2685 1	77.646 1
2	1	18.854 1	77.947 1
2	1	18.246 1	77.1867 1
2	1	18.697 1	77.1880 1
2	1	18.2605 1	77.538 1
2	1	18.3162 1	77.1477 1
2	1	18.3034 1	77.176 1
2	1	18.495 1	77.509 1
2	1	18.2549 1	77.474 1
2	1	18.821 1	77.739 1
5	6	18.2853 0.590 18.2928 1	77.1254 1 77.868 1 77.997 0.995
2	1	18.3274 1	77.337 1
2	1	18.966 1	77.901 1
2	1	18.2434 1	77.2078 1
2	1	18.803 1	77.1396 1
2	1	18.2171 1	77.815 1
2	1	18.1510 1	77.284 1
2	1	18.1754 1	77.1184 1
2	1	18.1357 1	77.612 1
2	1	18.3 1	77.2 1
2	1	18.859 1	77.1354 1
3	2	18.169 1 18.2433 0.822	77.2072 1
2	1	18.346 1	77.40 1
2	1	18.3222 1	77.1930 1
2	1	18.2604 1	77.537 1
2	1	18.476 1	77.221 1
2	1	18.1538 1	77.1315 1
2	1	18.490 1	77.1870 1
2	1	18.3098 1	77.1112 1
2	1	18.2 1	77.1 1
2	1	18.284 1	77.1699 1
6	9	18.2234 0.308 18.2323 1 18.384 0.204	77.1385 0.100 77.1796 1 77.629 0.069
2	1	18.1047 1	77.267 1
2	1	18.3199 1	77.1734 1
2	1	18.309 1	77.1696 1
2	1	18.2555 1	77.479 1
2	1	18.283 1	77.1700 1
2	1	18.1088 1	77.374 1
2	1	18.344 1	77.37 1
2	1	18.2912 1	77.636 1
4	3	18.1895 1	77.1186 1 77.1289 0.493 77.446 0.353
2	1	18.277 1	77.1704 1
2	1	18.603 1	77.2006 1
2	1	18.2784 1	77.1328 1
2	1	18.2145 1	77.331 1
2	1	18.248 1	77.1864 1
2	1	18.2144 1	77.330 1
2	1	18.3022 1	77.169 1
2	1	18.871 1	77.1453 1
2	1	18.1738 1	77.1276 1
2	1	18.408 1	77.459 1
2	1	18.818 1	77.737 1
2	1	18.3247 1	77.365 1
2	1	18.841 1	77.1432 1
2	1	18.3094 1	77.916 1
2	1	18.1319 1	77.774 1
2	1	18.833 1	77.1440 1
4	4	18.1280 1 18.533 0.802	77.1489 0.606 77.398 1
2	1	18.1084 1	77.370 1
2	1	18.2088 1	77.1474 1
2	1	18.241 1	77.1872 1
2	1	18.1123 1	77.1517 1
2	1	18.1790 1	77.242 1
2	1	18.254 1	77.247 1
2	1	18.752 1	77.213 1
2	1	18.2911 1	77.637 1
2	1	18.1207 1	77.393 1
2	1	18.3269 1	77.344 1
2	1	18.3035 1	77.177 1
2	1	18.173 1	77.2066 1
2	1	18.2191 1	77.581 1
2	1	18.3198 1	77.1733 1
6	8	18.1116 1 18.205 0.385	77.1512 1 77.1751 0.829 77.910 0.814 77.924 0.504
2	1	18.642 1	77.45 1
2	1	18.229 1	77.1339 1
2	1	18.1815 1	77.1347 1
2	1	18.16 1	77.15 1
2	1	18.831 1	77.1442 1
2	1	18.1288 1	77.1050 1
6	8	18.2854 0.186 18.2927 1	77.1042 0.517 77.1256 1 77.866 1 77.995 0.943
2	1	18.174 1	77.2065 1
2	1	18.3096 1	77.1115 1
2	1	18.3031 1	77.173 1
3	2	18.1852 1	77.1004 0.448 77.874 1
2	1	18.3122 1	77.51 1
2	1	18.638 1	77.483 1
2	1	18.1501 1	77.293 1
2	1	18.15 1	77.14 1
2	1	18.1511 1	77.283 1
2	1	18.347 1	77.41 1
2	1	18.402 1	77.452 1
2	1	18.2608 1	77.541 1
2	1	18.617 1	77.161 1
2	1	18.2087 1	77.1473 1
2	1	18.2787 1	77.1331 1
2	1	18.3225 1	77.1934 1
2	1	18.943 1	77.896 1
2	1	18.2788 1	77.1332 1
2	1	18.194 1	77.1335 1
2	1	18.3017 1	77.1990 1
2	1	18.614 1	77.158 1
6	5	18.1752 1	77.1182 1 77.1283 0.782 77.436 0.686 77.84 0.782 77.88 0.339
2	1	18.2814 1	77.683 1
2	1	18.3013 1	77.1994 1
11	30	18.1749 1 18.398 0.807 18.1595 0.807 18.2311 0.807 18.2583 1	77.1280 1 77.189 0.855 77.433 0.855 77.1179 0.855 77.1361 0.855 77.1775 0.855
2	1	18.2926 1	77.1257 1
2	1	18.3024 1	77.171 1
2	1	18.3033 1	77.174 1
2	1	18.1500 1	77.313 1
2	1	18.3124 1	77.48 1
2	1	18.3158 1	77.1481 1
2	1	18.3224 1	77.1933 1
2	1	18.2189 1	77.583 1
2	1	18.2435 1	77.2079 1
2	1	18.11 1	77.10 1
2	1	18.89 1	77.2055 1
2	1	18.977 1	77.962 1
2	1	18.170 1	77.2069 1
2	1	18.335 1	77.1829 1
2	1	18.3014 1	77.1993 1
8	12	18.2342 1 18.2835 0.673	77.1393 0.295 77.1691 0.169 77.1819 1 77.210 0.346 77.704 0.329 77.822 0.208
2	1	18.620 1	77.1008 1
2	1	18.2521 1	77.800 1
2	1	18.1512 1	77.282 1
2	1	18.1999 1	77.1093 1
2	1	18.3245 1	77.367 1
2	1	18.609 1	77.153 1
5	4	18.544 1	77.1006 1 77.1243 1 77.311 0.929 77.876 0.989
2	1	18.538 1	77.237 1
2	1	18.2908 1	77.639 1
2	1	18.1516 1	77.1642 1
2	1	18.171 1	77.2068 1
2	1	18.3272 1	77.341 1
2	1	18.256 1	77.250 1
3	2	18.2601 1	77.534 1 77.317 0.763
2	1	18.249 1	77.1863 1
2	1	18.1317 1	77.757 1
2	1	18.1420 1	77.274 1
2	1	18.2160 1	77.585 1
2	1	18.3266 1	77.347 1
2	1	18.3044 1	77.1143 1
2	1	18.3280 1	77.1889 1
2	1	18.2613 1	77.547 1
2	1	18.2112 1	77.931 1
2	1	18.2425 1	77.595 1
2	1	18.802 1	77.1395 1
2	1	18.1893 1	77.1491 1
2	1	18.3200 1	77.1735 1
2	1	18.1765 1	77.1974 1
2	1	18.12 1	77.11 1
2	1	18.1100 1	77.388 1
2	1	18.604 1	77.2007 1
2	1	18.1860 1	77.589 1
2	1	18.3209 1	77.1662 1
2	1	18.3163 1	77.1476 1
2	1	18.978 1	77.961 1
2	1	18.2162 1	77.587 1
2	1	18.497 1	77.517 1
2	1	18.1085 1	77.371 1
2	1	18.2347 1	77.321 1
2	1	18.1292 1	77.972 1
2	1	18.3235 1	77.1959 1
2	1	18.22 1	77.20 1
2	1	18.3197 1	77.1732 1
2	1	18.270 1	77.1710 1
2	1	18.1417 1	77.277 1
2	1	18.2360 1	77.899 1
2	1	18.775 1	77.707 1
2	1	18.99 1	77.2074 1
2	1	18.2546 1	77.472 1
2	1	18.403 1	77.453 1
2	1	18.607 1	77.152 1
2	1	18.3252 1	77.361 1
2	1	18.2612 1	77.546 1
2	1	18.2553 1	77.477 1
2	1	18.2778 1	77.1501 1
2	1	18.3277 1	77.333 1
2	1	18.555 1	77.2009 1
19	48	18.1062 1 18.2789 1 18.1120 1	77.1118 1 77.758 1 77.1515 1 77.1405 0.369 77.1754 0.367 77.1106 0.276 77.117 0.172 77.1426 0.155 77.1755 0.151 77.928 0.147 77.1657 0.145 77.1151 0.132 77.2087 0.125 77.913 0.109 77.1196 0.063 77.1940 0.061
2	1	18.1513 1	77.281 1
2	1	18.1574 1	77.655 1
2	1	18.3271 1	77.342 1
2	1	18.21 1	77.19 1
2	1	18.2552 1	77.476 1
3	2	18.2163 1	77.588 1 77.652 0.817
2	1	18.1043 1	77.261 1
2	1	18.873 1	77.1026 1
2	1	18.498 1	77.519 1
2	1	18.1573 1	77.654 1
2	1	18.2164 1	77.590 1
2	1	18.2665 1	77.469 1
2	1	18.1044 1	77.262 1
2	1	18.3048 1	77.1858 1
2	1	18.3099 1	77.1111 1
2	1	18.2426 1	77.594 1
2	1	18.3196 1	77.1731 1
2	1	18.345 1	77.38 1
2	1	18.961 1	77.122 1
2	1	18.244 1	77.1869 1
2	1	18.2664 1	77.470 1
2	1	18.2092 1	77.579 1
2	1	18.743 1	77.501 1
2	1	18.1046 1	77.265 1
2	1	18.3230 1	77.1956 1
2	1	18.744 1	77.500 1
2	1	18.3255 1	77.358 1
2	1	18.1025 1	77.721 1
2	1	18.1521 1	77.1645 1
2	1	18.230 1	77.1340 1
2	1	18.1967 1	77.818 1
2	1	18.2161 1	77.586 1
2	1	18.2522 1	77.798 1
4	3	18.2225 0.200 18.2332 1 18.373 0.833	77.1804 1
2	1	18.3260 1	77.353 1
2	1	18.855 1	77.946 1
3	2	18.251 1	77.244 1 77.460 0.664
2	1	18.835 1	77.1438 1
2	1	18.3257 1	77.356 1
2	1	18.1092 1	77.377 1
3	2	18.1727 1	77.415 1 77.672 0.615
2	1	18.2602 1	77.535 1
2	1	18.612 1	77.156 1
2	1	18.644 1	77.43 1
2	1	18.2906 1	77.641 1
2	1	18.647 1	77.42 1
2	1	18.2997 1	77.396 1
2	1	18.2280 1	77.1022 1
2	1	18.3208 1	77.1663 1
2	1	18.2614 1	77.548 1
2	1	18.1726 1	77.673 1
2	1	18.2808 1	77.1520 1
2	1	18.2190 1	77.582 1
2	1	18.1152 1	77.1281 1
2	1	18.7 1	77.6 1
2	1	18.3018 1	77.1988 1
2	1	18.3210 1	77.1661 1
2	1	18.3075 1	77.99 1
2	1	18.819 1	77.738 1
2	1	18.1514 1	77.280 1
2	1	18.2143 1	77.329 1
6	9	18.1863 0.839 18.2722 0.196 18.2918 1	77.1264 1 77.857 1 77.987 1
2	1	18.3097 1	77.1113 1
3	2	18.530 1	77.226 1 77.401 1
2	1	18.619 1	77.1007 1
2	1	18.3243 1	77.1965 1
2	1	18.2907 1	77.640 1
2	1	18.3264 1	77.349 1
2	1	18.1937 1	77.1237 1
6	5	18.1629 0.051 18.2233 0.963 18.2324 1 18.382 0.054 18.436 0.955	77.1797 1
2	1	18.3226 1	77.1935 1
2	1	18.1756 1	77.1185 1
2	1	18.842 1	77.1431 1
2	1	18.3152 1	77.1498 1
2	1	18.2910 1	77.638 1
2	1	18.2536 1	77.728 1
2	1	18.3265 1	77.348 1
2	1	18.949 1	77.2047 1
2	1	18.2666 1	77.468 1
2	1	18.601 1	77.2004 1
2	1	18.1099 1	77.387 1
2	1	18.834 1	77.1439 1
2	1	18.60 1	77.702 1
2	1	18.1509 1	77.285 1
9	14	18.1599 0.118 18.2252 0.898 18.2315 1 18.394 0.273 18.419 0.922 18.2720 0.748 18.2864 0.712	77.1379 1 77.1791 0.779
2	1	18.480 1	77.217 1
2	1	18.3074 1	77.98 1
2	1	18.3016 1	77.1991 1
2	1	18.3254 1	77.359 1
4	3	18.1751 1	77.1282 1 77.85 1 77.86 0.470
5	4	18.2132 1	77.1263 0.981 77.1301 0.165 77.858 0.974 77.988 1
2	1	18.2140 1	77.325 1
2	1	18.24 1	77.22 1
2	1	18.3100 1	77.1110 1
2	1	18.3010 1	77.1997 1
3	2	18.1279 1	77.228 0.250 77.399 1
2	1	18.600 1	77.2003 1
2	1	18.3203 1	77.1666 1
7	10	18.2325 1 18.438 1 18.2232 0.849 18.380 0.699 18.1632 0.071	77.1798 1 77.1670 1
2	1	18.2421 1	77.557 1
2	1	18.10 1	77.9 1
3	2	18.2948 1 18.514 0.217	77.875 1
2	1	18.932 1	77.165 1
2	1	18.23 1	77.21 1
2	1	18.2415 1	77.560 1
2	1	18.232 1	77.1342 1
2	1	18.3276 1	77.335 1
4	4	18.1876 0.639 18.2852 1	77.869 1 77.998 1
19	84	18.1955 1 18.2629 1 18.206 0.632 18.1607 0.421 18.1976 0.368 18.1113 0.204 18.84 0.158	77.1130 1 77.1205 1 77.1419 0.870 77.1509 0.833 77.112 0.778 77.1189 0.778 77.907 0.778 77.1948 0.704 77.764 0.500 77.1414 0.389 77.1628 0.325 77.1762 0.315
2	1	18.716 1	77.302 1
2	1	18.1502 1	77.292 1
2	1	18.3248 1	77.364 1
2	1	18.2786 1	77.1330 1
2	1	18.405 1	77.456 1
2	1	18.742 1	77.502 1
2	1	18.3156 1	77.1493 1
2	1	18.2648 1	77.1615 1
2	1	18.857 1	77.944 1
2	1	18.2173 1	77.817 1
2	1	18.3262 1	77.351 1
2	1	18.3258 1	77.355 1
2	1	18.2537 1	77.727 1
2	1	18.2686 1	77.644 1
2	1	18.1506 1	77.288 1
2	1	18.2109 1	77.935 1
2	1	18.2525 1	77.793 1
2	1	18.839 1	77.1435 1
2	1	18.3246 1	77.366 1
2	1	18.1832 1	77.841 1
2	1	18.2810 1	77.1518 1
2	1	18.3249 1	77.363 1
2	1	18.1048 1	77.268 1
2	1	18.1736 1	77.665 1
2	1	18.1101 1	77.389 1
8	15	18.1598 0.812 18.2253 0.228 18.2314 1 18.395 0.937 18.418 0.817	77.1220 0.963 77.1376 1 77.1788 0.978
4	3	18.1284 0.242 18.1339 0.113 18.535 1	77.233 1
4	4	18.2719 0.239 18.2921 1	77.1300 1 77.1910 0.180
5	6	18.1735 1 18.1923 1	77.1274 1 77.1171 1 77.666 0.060
2	1	18.3267 1	77.346 1
2	1	18.3256 1	77.357 1
2	1	18.195 1	77.1334 1
11	28	18.1482 0.829 18.1611 1 18.1950 0.757 18.1981 0.800 18.204 0.700 18.2624 0.138 18.2967 0.275	77.1134 1 77.115 0.264 77.1655 0.836 77.925 0.873
2	1	18.830 1	77.1443 1
2	1	18.2480 1	77.1834 1
4	4	18.1701 0.105 18.1941 1	77.1231 1 77.133 0.435
2	1	18.856 1	77.945 1
2	1	18.3273 1	77.340 1
2	1	18.3193 1	77.1727 1
2	1	18.478 1	77.219 1
2	1	18.618 1	77.162 1
2	1	18.3261 1	77.352 1
2	1	18.1418 1	77.276 1
2	1	18.1041 1	77.258 1
2	1	18.611 1	77.155 1
2	1	18.1725 1	77.674 1
2	1	18.1289 1	77.1052 1
11	18	18.1276 0.333 18.529 1	77.1272 0.250 77.1742 0.250 77.1921 0.208 77.225 0.833 77.402 1 77.486 0.542 77.498 0.250 77.849 0.250 77.979 0.250
2	1	18.794 1	77.445 1
2	1	18.848 1	77.2093 1
7	10	18.3112 1 18.2217 1	77.870 1 77.824 1 77.1817 0.209 77.1392 0.084 77.207 0.067
7	10	18.1641 0.354 18.2334 0.920 18.2590 0.945 18.371 1 18.450 0.524	77.1805 0.927 77.691 1
2	1	18.913 1	77.1689 1
2	1	18.1097 1	77.385 1
2	1	18.950 1	77.2046 1
2	1	18.1487 1	77.1204 1
2	1	18.1816 1	77.1348 1
2	1	18.3268 1	77.345 1
2	1	18.2731 1	77.999 1
6	5	18.1117 1	77.1409 1 77.1513 0.056 77.2032 0.774 77.2084 0.736 77.761 0.433
2	1	18.2414 1	77.561 1
2	1	18.927 1	77.1769 1
4	3	18.1731 1	77.1241 0.500 77.418 1 77.668 0.750
2	1	18.3270 1	77.343 1
2	1	18.1026 1	77.722 1
2	1	18.2615 1	77.549 1
2	1	18.3238 1	77.1962 1
2	1	18.1416 1	77.278 1
2	1	18.279 1	77.1702 1
2	1	18.342 1	77.35 1
2	1	18.610 1	77.154 1
2	1	18.1519 1	77.1643 1
2	1	18.2413 1	77.562 1
2	1	18.1833 1	77.840 1
2	1	18.1522 1	77.1646 1
2	1	18.3105 1	77.465 1
2	1	18.737 1	77.505 1
3	2	18.1942 1	77.1107 0.082 77.1860 1
4	3	18.2943 1 18.49 0.402 18.706 0.364	77.1247 1
2	1	18.586 1	77.811 1
2	1	18.934 1	77.163 1
2	1	18.928 1	77.1770 1
2	1	18.946 1	77.878 1
2	1	18.336 1	77.1830 1
2	1	18.2618 1	77.1427 1
2	1	18.616 1	77.160 1
2	1	18.1993 1	77.1087 1
13	42	18.2339 1 18.2218 1 18.1649 0.404 18.2598 0.338 18.365 0.142 18.461 0.127	77.1814 1 77.827 1 77.1389 0.833 77.699 0.773 77.205 0.638 77.447 0.088 77.1685 0.087
2	1	18.1087 1	77.373 1
2	1	18.3263 1	77.350 1
8	12	18.1278 1 18.1315 0.086 18.2538 0.139 18.2874 0.644 18.531 0.752 18.806 0.653	77.227 1 77.400 0.923
2	1	18.2551 1	77.475 1
9	14	18.375 1 18.2330 1 18.2020 0.351 18.1959 0.251 18.1637 0.243 18.444 0.243 18.2227 0.128	77.1674 1 77.1802 1
2	1	18.2118 1	77.2044 1
2	1	18.2084 1	77.1472 1
2	1	18.643 1	77.44 1
2	1	18.1321 1	77.753 1
2	1	18.3023 1	77.170 1
2	1	18.25 1	77.23 1
2	1	18.1920 1	77.1277 1
2	1	18.477 1	77.220 1
2	1	18.621 1	77.1009 1
2	1	18.2711 1	77.1738 1
2	1	18.282 1	77.1701 1
3	2	18.1442 0.211 18.1929 1	77.1238 1
2	1	18.3211 1	77.1660 1
2	1	18.2279 1	77.1015 1
2	1	18.558 1	77.2173 1
2	1	18.3191 1	77.1724 1
7	12	18.1601 0.114 18.2251 0.950 18.2316 0.931 18.393 1	77.1216 0.959 77.1380 1 77.1792 0.125
2	1	18.750 1	77.215 1
2	1	18.699 1	77.1877 1
23	90	18.1118 1 18.1481 0.625 18.1612 0.750 18.1949 1 18.1982 1	77.1105 1 77.1120 0.583 77.1135 0.750 77.1152 1 77.116 1 77.1198 0.833 77.1408 0.583 77.1425 1 77.1514 0.833 77.1656 0.833 77.1753 1 77.1756 1 77.1941 0.917 77.2031 0.833 77.2085 0.833 77.760 0.667 77.912 1 77.926 0.667
2	1	18.1029 1	77.1123 1
2	1	18.3259 1	77.354 1
2	1	18.1686 1	77.527 1
2	1	18.3251 1	77.362 1
23	120	18.1115 0.778 18.1485 1 18.1608 0.556 18.1953 0.222 18.1977 0.556 18.2627 0.111 18.82 1 18.1058 1	77.1101 0.857 77.113 0.857 77.1132 0.857 77.1187 0.857 77.1202 0.571 77.1421 0.857 77.1511 0.714 77.1653 0.429 77.1750 0.857 77.1760 0.857 77.1840 0.429 77.1946 1 77.909 0.857 77.1412 1 77.2035 1
2	1	18.1089 1	77.375 1
2	1	18.2359 1	77.898 1
2	1	18.1098 1	77.386 1
2	1	18.2352 1	77.1824 1
10	24	18.1642 0.665 18.2222 0.219 18.2335 1 18.2592 0.381 18.369 0.118 18.451 0.076	77.1680 0.087 77.1806 1 77.693 0.356 77.832 0.131
2	1	18.1730 1	77.417 1
2	1	18.1515 1	77.279 1
2	1	18.354 1	77.408 1
7	6	18.2165 1	77.1140 1 77.1543 0.219 77.1564 0.219 77.1580 0.246 77.1597 0.975 77.2119 0.219
2	1	18.732 1	77.507 1
2	1	18.3195 1	77.1730 1
5	4	18.1012 1	77.1194 0.089 77.1516 0.072 77.2027 0.062 77.211 1
2	1	18.1817 1	77.1349 1
2	1	18.1737 1	77.664 1
2	1	18.1927 1	77.1168 1
2	1	18.2809 1	77.1519 1
2	1	18.3038 1	77.180 1
2	1	18.3227 1	77.1936 1
3	2	18.2643 1	77.1690 0.321 77.703 1
5	4	18.1523 1	77.2114 0.067 77.2140 0.054 77.2227 1 77.2230 0.332
2	1	18.1095 1	77.383 1
3	2	18.2281 1	77.1013 1 77.1021 0.960
2	1	18.1094 1	77.380 1
18	56	18.288 1 18.2726 1 18.79 0.280 18.1125 0.100	77.1718 1 77.848 1 77.1273 0.946 77.1741 0.946 77.295 0.946 77.1291 0.612 77.1358 0.600 77.1745 0.600 77.686 0.600 77.185 0.575 77.834 0.575 77.883 0.575 77.788 0.418 77.978 0.050
6	5	18.493 1	77.1693 0.131 77.1694 0.100 77.1881 1 77.712 0.073 77.807 0.052
2	1	18.1728 1	77.1166 1
2	1	18.3207 1	77.1664 1
2	1	18.3154 1	77.1496 1
2	1	18.3121 1	77.52 1
25	114	18.1490 0.837 18.1606 1 18.1956 0.878 18.207 0.592 18.2179 0.469 18.2630 0.857	77.1011 0.050 77.109 0.083 77.1126 0.067 77.1192 0.133 77.1313 0.133 77.1429 0.067 77.1446 0.100 77.1456 1 77.1635 0.100 77.1650 0.100 77.1764 0.117 77.1844 0.133 77.1849 0.133 77.1850 0.133 77.2049 0.050 77.657 0.133 77.904 0.133 77.919 0.050 77.937 0.067
2	1	18.700 1	77.1875 1
2	1	18.3020 1	77.167 1
3	2	18.1266 0.281 18.1493 1	77.87 1
2	1	18.1904 1	77.143 1
10	24	18.1867 0.202 18.2718 0.569 18.2858 1 18.2923 0.963 18.550 0.071 18.658 0.137	77.1259 1 77.1908 0.437 77.862 1 77.991 1
2	1	18.2110 1	77.932 1
2	1	18.3126 1	77.1772 1
2	1	18.1023 1	77.720 1
2	1	18.556 1	77.2008 1
2	1	18.2673 1	77.880 1
2	1	18.2351 1	77.1823 1
4	3	18.2859 1	77.1219 0.356 77.1378 1 77.1790 0.986
10	25	18.1597 0.166 18.2254 0.502 18.2313 0.984 18.396 0.959 18.417 1	77.1221 0.990 77.1375 0.429 77.1787 1 77.202 1 77.775 0.974
2	1	18.98 1	77.2075 1
3	2	18.1992 1 18.1419 1	77.1086 1
3	2	18.2984 1	77.1912 1 77.490 0.968
2	1	18.17 1	77.17 1
2	1	18.1996 1	77.1091 1
8	15	18.1114 1 18.1954 0.441 18.2678 0.500	77.1100 0.333 77.1188 0.333 77.1203 1 77.1749 0.333 77.908 0.333
5	6	18.1429 1 18.1702 0.500	77.1157 1 77.1232 0.500 77.412 0.500
2	1	18.2812 1	77.681 1
2	1	18.3202 1	77.1667 1
2	1	18.276 1	77.1705 1
2	1	18.3190 1	77.1720 1
2	1	18.2769 1	77.570 1
12	27	18.1634 1 18.442 1 18.2328 0.985 18.1635 0.983 18.2329 0.983 18.377 0.971 18.2229 0.934 18.376 0.887 18.2228 0.109	77.1800 1 77.1801 1 77.1673 0.492
11	30	18.1646 0.788 18.2221 0.065 18.2336 1 18.2595 0.752 18.368 0.618 18.458 0.785	77.1388 1 77.1813 0.861 77.203 0.106 77.698 0.562 77.830 0.104
2	1	18.776 1	77.709 1
8	7	18.2318 1	77.1225 0.112 77.1268 1 77.1367 0.714 77.1782 0.429 77.196 0.286 77.853 1 77.891 0.140
12	35	18.166 0.057 18.1830 0.743 18.1862 0.543 18.2198 0.629 18.2724 0.943 18.2869 0.829 18.2916 1	77.1030 1 77.1058 0.059 77.1270 0.500 77.496 0.529 77.851 0.324
2	1	18.333 1	77.1828 1
2	1	18.2913 1	77.635 1
4	3	18.1452 0.622 18.1918 1 18.2506 0.108	77.426 1
2	1	18.2603 1	77.536 1
4	3	18.1547 0.097 18.2244 0.977 18.427 1	77.1234 1
3	2	18.2689 1 18.849 1	77.2094 1
2	1	18.698 1	77.1879 1
2	1	18.2518 1	77.803 1
2	1	18.2270 1	77.943 1
2	1	18.2194 1	77.1503 1
2	1	18.2524 1	77.797 1
7	10	18.1389 0.114 18.2231 1 18.2326 0.957 18.379 0.957 18.440 0.957	77.1672 0.114 77.1799 1
5	4	18.1724 1	77.1158 1 77.1233 1 77.135 0.431 77.54 0.895
2	1	18.2770 1	77.568 1
24	108	18.1053 1 18.1491 1 18.2631 0.938 18.1957 0.625 18.1605 0.562 18.1974 0.115	77.1460 1 77.2048 1 77.1952 0.615 77.1095 0.471 77.656 0.471 77.1447 0.462 77.108 0.176 77.1624 0.176 77.1636 0.176 77.1851 0.176 77.1193 0.118 77.1845 0.118 77.239 0.118 77.903 0.118 77.1125 0.101 77.769 1 77.1649 1 77.1209 0.898
3	2	18.3167 1	77.1779 1 77.193 1
8	15	18.1866 0.922 18.263 0.177 18.2860 0.922 18.2922 1 18.72 0.662	77.1261 1 77.860 0.924 77.990 0.591
2	1	18.1545 1	77.1370 1
2	1	18.1172 1	77.648 1
2	1	18.2348 1	77.1820 1
2	1	18.1924 1	77.421 1
2	1	18.1040 1	77.256 1
2	1	18.510 1	77.2011 1
29	210	18.1648 1 18.459 1 18.2597 0.978 18.1647 0.935 18.2338 0.911 18.2219 0.867 18.2337 0.854 18.366 0.843 18.2220 0.829 18.1889 0.805 18.2596 0.789 18.2757 0.622 18.460 0.560 18.367 0.479 18.2012 0.356	77.1298 1 77.1815 1 77.826 0.969 77.1687 0.964 77.1390 0.958 77.700 0.948 77.701 0.945 77.825 0.873 77.1391 0.855 77.1816 0.782 77.409 0.760 77.1686 0.717 77.206 0.246 77.410 0.062
9	8	18.1638 1 18.2226 0.053 18.2331 0.213 18.2586 0.053 18.2748 0.120 18.2749 0.056 18.374 0.198 18.445 0.213	77.1803 1
3	2	18.1492 1 18.208 1	77.1852 1
2	1	18.3078 1	77.102 1
4	3	18.2693 1	77.1124 0.750 77.1505 1 77.1848 1
3	2	18.1235 0.264 18.2833 1	77.1051 1
2	1	18.3039 1	77.181 1
8	15	18.1626 0.775 18.2236 0.098 18.2322 0.793 18.385 1 18.433 0.798	77.1213 0.966 77.1795 1 77.627 0.346
2	1	18.979 1	77.959 1
5	4	18.1406 0.153 18.2010 0.130 18.362 1 18.465 0.265	77.1885 1
12	35	18.2197 1 18.552 1 18.2250 1 18.2725 0.900 18.2915 0.800 18.1861 0.750 18.2870 0.550	77.1778 1 77.192 1 77.1228 1 77.1364 0.353 77.889 0.235
2	1	18.2317 1	77.1920 1
2	1	18.3212 1	77.1658 1
4	3	18.3045 1	77.1538 1 77.1560 0.316 77.1600 0.065
2	1	18.3204 1	77.1665 1
2	1	18.117 1	77.236 1
5	4	18.35 1	77.2113 0.079 77.2139 1 77.2189 0.138 77.2219 0.130
3	2	18.3150 1	77.2167 1 77.2174 0.986
2	1	18.3153 1	77.1497 1
2	1	18.2573 1	77.147 1
5	4	18.45 1	77.1005 1 77.1145 0.976 77.1244 0.964 77.310 0.416
2	1	18.486 1	77.1925 1
2	1	18.3244 1	77.368 1
2	1	18.3129 1	77.1767 1
2	1	18.407 1	77.458 1
6	5	18.144 0.111 18.1564 1 18.1659 0.108 18.2937 0.089 18.770 0.697	77.956 1
2	1	18.3021 1	77.168 1
10	9	18.1195 0.377 18.138 0.256 18.1857 0.116 18.2736 1 18.2843 0.400 18.299 0.400 18.320 0.718 18.709 0.094 18.765 0.291	77.615 1
7	12	18.1558 1 18.2465 1 18.1008 0.087 18.2817 0.066	77.2171 1 77.2225 1 77.2224 0.321
9	8	18.1903 1	77.1287 0.820 77.441 0.060 77.442 0.435 77.71 1 77.77 0.141 77.78 0.063 77.92 0.816 77.940 0.169
8	12	18.290 0.165 18.2982 1	77.1224 0.962 77.1368 0.962 77.1783 0.962 77.1916 1 77.197 0.936 77.777 0.858
2	1	18.467 1	77.1846 1
2	1	18.29 1	77.918 1
