Size	Relations	OrthoA	OrthoB
2	1	18.3081 1	80.1850 1
2	1	18.3082 1	80.1851 1
2	1	18.2607 1	80.305 1
2	1	18.1042 1	80.1820 1
2	1	18.3076 1	80.1132 1
2	1	18.2423 1	80.174 1
2	1	18.332 1	80.1111 1
2	1	18.253 1	80.1824 1
2	1	18.2771 1	80.771 1
2	1	18.242 1	80.287 1
2	1	18.843 1	80.1106 1
2	1	18.2172 1	80.1478 1
2	1	18.231 1	80.531 1
2	1	18.1791 1	80.1823 1
2	1	18.746 1	80.78 1
2	1	18.275 1	80.1321 1
2	1	18.172 1	80.162 1
2	1	18.5 1	80.832 1
2	1	18.1998 1	80.735 1
2	1	18.245 1	80.284 1
2	1	18.2138 1	80.448 1
2	1	18.4 1	80.831 1
2	1	18.613 1	80.1836 1
2	1	18.1050 1	80.400 1
2	1	18.14 1	80.845 1
2	1	18.3095 1	80.1159 1
2	1	18.3128 1	80.1585 1
2	1	18.1995 1	80.734 1
2	1	18.2169 1	80.923 1
2	1	18.615 1	80.1834 1
2	1	18.1505 1	80.429 1
2	1	18.3239 1	80.127 1
2	1	18.404 1	80.1442 1
2	1	18.933 1	80.1408 1
2	1	18.3242 1	80.1109 1
2	1	18.2782 1	80.1047 1
2	1	18.19 1	80.854 1
2	1	18.310 1	80.639 1
2	1	18.2141 1	80.1466 1
2	1	18.399 1	80.1166 1
2	1	18.2609 1	80.1724 1
2	1	18.639 1	80.647 1
2	1	18.1218 1	80.1031 1
2	1	18.1086 1	80.438 1
2	1	18.2437 1	80.1177 1
2	1	18.1093 1	80.445 1
2	1	18.2768 1	80.466 1
2	1	18.3192 1	80.1493 1
2	1	18.3253 1	80.1382 1
2	1	18.739 1	80.1107 1
2	1	18.2710 1	80.816 1
2	1	18.602 1	80.1847 1
2	1	18.1034 1	80.1160 1
2	1	18.2142 1	80.1468 1
2	1	18.2611 1	80.1726 1
2	1	18.3229 1	80.1123 1
2	1	18.1049 1	80.390 1
2	1	18.2139 1	80.152 1
2	1	18.3036 1	80.1718 1
2	1	18.1504 1	80.999 1
2	1	18.1318 1	80.1458 1
2	1	18.3034 1	80.1720 1
2	1	18.3077 1	80.1131 1
4	4	18.1291 1 18.543 0.936	80.1627 0.766 80.1941 1
2	1	18.2547 1	80.579 1
2	1	18.1813 1	80.341 1
2	1	18.2554 1	80.493 1
2	1	18.1508 1	80.432 1
2	1	18.2685 1	80.1788 1
2	1	18.3236 1	80.124 1
2	1	18.2684 1	80.1095 1
2	1	18.252 1	80.154 1
2	1	18.1503 1	80.997 1
2	1	18.2195 1	80.1469 1
2	1	18.247 1	80.1554 1
2	1	18.3269 1	80.1366 1
2	1	18.3051 1	80.1314 1
2	1	18.3275 1	80.864 1
2	1	18.2438 1	80.483 1
2	1	18.278 1	80.1825 1
2	1	18.6 1	80.833 1
2	1	18.3237 1	80.125 1
2	1	18.346 1	80.1145 1
2	1	18.1510 1	80.433 1
2	1	18.485 1	80.892 1
2	1	18.859 1	80.785 1
2	1	18.2191 1	80.509 1
2	1	18.2610 1	80.1725 1
2	1	18.1047 1	80.155 1
2	1	18.2143 1	80.268 1
2	1	18.3231 1	80.1121 1
2	1	18.16 1	80.846 1
2	1	18.3015 1	80.148 1
2	1	18.2 1	80.829 1
2	1	18.3031 1	80.812 1
2	1	18.2436 1	80.569 1
2	1	18.3124 1	80.871 1
2	1	18.3127 1	80.1583 1
2	1	18.2144 1	80.267 1
2	1	18.8 1	80.839 1
2	1	18.3234 1	80.121 1
2	1	18.1088 1	80.888 1
2	1	18.2549 1	80.580 1
6	5	18.1357 0.692 18.2433 1 18.2434 0.075 18.99 0.742 18.169 0.890	80.571 1
2	1	18.858 1	80.784 1
2	1	18.309 1	80.1045 1
2	1	18.1035 1	80.1161 1
2	1	18.2783 1	80.1048 1
2	1	18.1512 1	80.423 1
2	1	18.1812 1	80.1254 1
2	1	18.476 1	80.1001 1
2	1	18.2784 1	80.638 1
2	1	18.3247 1	80.1389 1
2	1	18.3022 1	80.1789 1
2	1	18.490 1	80.286 1
2	1	18.840 1	80.1103 1
3	2	18.1675 1	80.975 1 80.978 0.372
2	1	18.818 1	80.318 1
2	1	18.174 1	80.428 1
2	1	18.1051 1	80.358 1
2	1	18.241 1	80.1046 1
2	1	18.3 1	80.830 1
2	1	18.1765 1	80.907 1
2	1	18.871 1	80.700 1
2	1	18.2813 1	80.850 1
2	1	18.246 1	80.283 1
2	1	18.832 1	80.1341 1
2	1	18.3272 1	80.1363 1
2	1	18.1815 1	80.339 1
2	1	18.847 1	80.567 1
2	1	18.2424 1	80.173 1
2	1	18.2124 1	80.1329 1
2	1	18.2608 1	80.281 1
36	260	18.1619 1 18.1123 1 18.1990 0.889 18.2616 0.758 18.2903 0.699 18.1893 0.249 18.2705 0.132 18.196 0.052 18.2479 0.825 18.2807 0.901	80.1938 1 80.1360 1 80.31 0.822 80.1241 0.771 80.1918 0.568 80.1882 0.410 80.1222 0.395 80.1077 0.341 80.1431 0.313 80.1580 0.272 80.1939 0.251 80.52 0.249 80.555 0.245 80.1865 0.243 80.1629 0.230 80.1218 0.227 80.1710 0.184 80.70 0.183 80.1293 0.158 80.1886 0.157 80.1902 0.156 80.1588 0.148 80.616 0.135 80.1292 0.078 80.1980 0.074 80.494 0.883
2	1	18.248 1	80.1492 1
2	1	18.402 1	80.1817 1
2	1	18.3024 1	80.1791 1
4	3	18.251 1	80.1399 1 80.853 0.655 80.913 0.621
2	1	18.408 1	80.1441 1
2	1	18.2145 1	80.266 1
2	1	18.1511 1	80.424 1
31	150	18.1014 0.464 18.1133 0.918 18.1962 0.460 18.2507 0.881 18.2956 1 18.872 0.963	80.1013 0.796 80.1023 0.751 80.1116 0.850 80.1443 0.902 80.1464 0.878 80.1651 0.886 80.1656 0.823 80.1738 0.594 80.1810 0.921 80.200 0.878 80.253 0.865 80.259 0.866 80.263 0.878 80.276 0.723 80.309 0.886 80.322 0.866 80.345 0.747 80.393 0.854 80.427 1 80.471 0.854 80.672 0.610 80.704 0.815 80.709 0.921 80.786 0.811 80.911 0.787
2	1	18.1092 1	80.886 1
2	1	18.614 1	80.1835 1
8	16	18.2600 1 18.1651 1 18.2341 0.210 18.1884 0.090	80.1575 1 80.182 1 80.712 0.262 80.1574 0.089
2	1	18.173 1	80.161 1
2	1	18.3266 1	80.1369 1
6	9	18.1288 1 18.540 0.132 18.895 0.073	80.1622 1 80.1946 0.372 80.386 0.414
2	1	18.3199 1	80.83 1
2	1	18.1507 1	80.431 1
2	1	18.607 1	80.1843 1
2	1	18.841 1	80.1104 1
2	1	18.256 1	80.649 1
2	1	18.270 1	80.1653 1
2	1	18.3271 1	80.1364 1
2	1	18.2555 1	80.490 1
2	1	18.2420 1	80.335 1
2	1	18.2435 1	80.570 1
2	1	18.1681 1	80.736 1
2	1	18.2601 1	80.311 1
2	1	18.2788 1	80.314 1
2	1	18.603 1	80.352 1
2	1	18.1790 1	80.1397 1
2	1	18.3035 1	80.1719 1
2	1	18.277 1	80.1826 1
2	1	18.3098 1	80.1248 1
2	1	18.2189 1	80.507 1
2	1	18.344 1	80.1043 1
2	1	18.775 1	80.1315 1
2	1	18.1685 1	80.1398 1
2	1	18.1814 1	80.340 1
2	1	18.229 1	80.529 1
2	1	18.3245 1	80.1384 1
2	1	18.10 1	80.842 1
2	1	18.1219 1	80.1129 1
2	1	18.3075 1	80.1133 1
2	1	18.1100 1	80.203 1
3	2	18.2464 1	80.1867 1 80.1888 0.161
2	1	18.1317 1	80.1459 1
2	1	18.3198 1	80.84 1
2	1	18.347 1	80.1144 1
4	3	18.2033 0.077 18.2830 1 18.542 0.050	80.72 1
2	1	18.361 1	80.334 1
2	1	18.3197 1	80.85 1
2	1	18.620 1	80.1799 1
2	1	18.2164 1	80.500 1
2	1	18.2787 1	80.313 1
2	1	18.3260 1	80.1375 1
2	1	18.1417 1	80.905 1
2	1	18.2163 1	80.532 1
2	1	18.271 1	80.1319 1
2	1	18.831 1	80.1340 1
2	1	18.3257 1	80.1378 1
2	1	18.345 1	80.1146 1
2	1	18.3158 1	80.120 1
2	1	18.3265 1	80.1370 1
2	1	18.961 1	80.868 1
2	1	18.609 1	80.1841 1
2	1	18.1420 1	80.359 1
2	1	18.2162 1	80.501 1
2	1	18.2957 1	80.1414 1
2	1	18.3200 1	80.82 1
9	20	18.1248 0.120 18.1282 0.139 18.534 1 18.631 0.081	80.1034 0.309 80.1613 0.236 80.1955 1 80.375 0.086 80.8 0.811
2	1	18.744 1	80.79 1
2	1	18.3255 1	80.1380 1
2	1	18.742 1	80.81 1
2	1	18.254 1	80.1400 1
2	1	18.1025 1	80.1728 1
2	1	18.1764 1	80.906 1
2	1	18.3224 1	80.1234 1
2	1	18.170 1	80.1002 1
2	1	18.2088 1	80.761 1
2	1	18.3248 1	80.1388 1
2	1	18.3252 1	80.1383 1
2	1	18.774 1	80.1316 1
7	12	18.1286 0.056 18.1287 0.125 18.538 1	80.1619 0.091 80.1949 1 80.381 0.074 80.4 0.053
2	1	18.604 1	80.353 1
2	1	18.2604 1	80.306 1
2	1	18.1207 1	80.201 1
2	1	18.1683 1	80.1497 1
2	1	18.3074 1	80.1134 1
2	1	18.13 1	80.844 1
2	1	18.1501 1	80.996 1
2	1	18.498 1	80.769 1
2	1	18.3262 1	80.1373 1
2	1	18.3254 1	80.1381 1
2	1	18.943 1	80.1754 1
2	1	18.600 1	80.930 1
2	1	18.555 1	80.1411 1
2	1	18.3222 1	80.1226 1
2	1	18.249 1	80.1491 1
2	1	18.3246 1	80.1390 1
2	1	18.2808 1	80.1445 1
2	1	18.2536 1	80.1480 1
2	1	18.601 1	80.931 1
2	1	18.733 1	80.989 1
2	1	18.1046 1	80.159 1
2	1	18.3225 1	80.823 1
2	1	18.1513 1	80.395 1
2	1	18.194 1	80.327 1
26	25	18.795 1	80.1044 0.535 80.1137 0.946 80.122 0.537 80.1277 0.935 80.1318 0.939 80.1413 0.935 80.145 0.533 80.1455 0.950 80.1717 0.520 80.1787 0.950 80.1831 0.507 80.1844 0.931 80.226 1 80.261 0.935 80.326 0.950 80.343 0.946 80.347 0.813 80.451 0.684 80.534 0.533 80.617 0.954 80.664 0.958 80.732 0.533 80.778 0.537 80.852 0.531 80.902 0.772
2	1	18.335 1	80.1531 1
2	1	18.2602 1	80.310 1
2	1	18.2810 1	80.1447 1
2	1	18.2908 1	80.1198 1
2	1	18.3235 1	80.123 1
2	1	18.3243 1	80.1337 1
2	1	18.743 1	80.80 1
2	1	18.1084 1	80.440 1
2	1	18.1999 1	80.725 1
3	2	18.2463 1	80.1433 0.057 80.1866 1
2	1	18.3258 1	80.1377 1
2	1	18.2425 1	80.172 1
2	1	18.2553 1	80.497 1
2	1	18.978 1	80.487 1
2	1	18.752 1	80.514 1
2	1	18.2087 1	80.760 1
2	1	18.2612 1	80.1727 1
2	1	18.3249 1	80.1387 1
2	1	18.3230 1	80.1122 1
8	16	18.1284 1 18.1339 0.078 18.2051 0.060 18.535 0.313	80.1616 0.798 80.1952 0.794 80.377 0.339 80.6 1
2	1	18.619 1	80.389 1
2	1	18.480 1	80.1848 1
2	1	18.3152 1	80.278 1
2	1	18.2161 1	80.502 1
2	1	18.3268 1	80.1367 1
2	1	18.3096 1	80.1821 1
2	1	18.1101 1	80.202 1
2	1	18.3267 1	80.1368 1
2	1	18.611 1	80.1838 1
2	1	18.1502 1	80.1000 1
2	1	18.343 1	80.1148 1
4	4	18.3033 1 18.617 1	80.1577 1 80.648 0.056
2	1	18.2413 1	80.295 1
2	1	18.3273 1	80.1362 1
2	1	18.932 1	80.1409 1
2	1	18.2907 1	80.1196 1
2	1	18.587 1	80.921 1
2	1	18.2160 1	80.503 1
2	1	18.3256 1	80.1379 1
2	1	18.839 1	80.1102 1
2	1	18.2522 1	80.998 1
9	14	18.2584 1 18.1748 1 18.1149 0.620 18.1469 0.606 18.1909 0.249 18.2303 0.198 18.2302 0.066	80.2012 1 80.1995 1
36	275	18.1059 0.254 18.1116 1 18.1483 0.128 18.1484 0.091 18.1610 0.169 18.1951 0.051 18.1952 0.170 18.1979 0.050 18.205 0.856 18.2167 0.070 18.2966 0.053	80.106 0.239 80.1209 0.389 80.1266 0.915 80.133 0.934 80.1563 0.923 80.1597 0.249 80.1670 0.951 80.1678 1 80.1746 0.943 80.1763 0.636 80.1858 0.413 80.1874 0.413 80.1895 0.406 80.1909 0.385 80.227 0.251 80.24 0.415 80.413 0.936 80.44 0.408 80.549 0.379 80.589 0.486 80.628 0.909 80.693 0.320 80.750 0.923 80.898 0.926 80.945 0.943
2	1	18.3226 1	80.1125 1
2	1	18.495 1	80.990 1
54	648	18.2342 1 18.1259 1 18.1292 1 18.2835 0.823 18.799 0.593 18.1160 0.529 18.1758 0.355 18.1498 0.294 18.512 0.224 18.1895 0.222 18.2950 0.157 18.3052 0.140 18.475 0.135 18.2210 0.118 18.1804 0.116 18.129 0.071 18.355 0.064 18.1168 0.056	80.1752 1 80.165 1 80.469 1 80.1499 0.790 80.758 0.760 80.292 0.701 80.1808 0.653 80.1274 0.650 80.1732 0.570 80.1565 0.543 80.1658 0.538 80.143 0.525 80.401 0.491 80.53 0.399 80.1634 0.357 80.739 0.357 80.1172 0.352 80.801 0.334 80.176 0.325 80.1576 0.315 80.1756 0.307 80.208 0.284 80.146 0.262 80.1331 0.257 80.299 0.207 80.933 0.185 80.272 0.175 80.564 0.167 80.1552 0.158 80.535 0.147 80.1633 0.138 80.1558 0.134 80.603 0.131 80.460 0.128 80.765 0.115 80.958 0.098
2	1	18.360 1	80.711 1
2	1	18.2546 1	80.578 1
2	1	18.2415 1	80.293 1
2	1	18.403 1	80.1165 1
2	1	18.819 1	80.1094 1
2	1	18.244 1	80.285 1
2	1	18.3011 1	80.1439 1
2	1	18.3263 1	80.1372 1
3	2	18.1538 1	80.1249 0.899 80.320 1
2	1	18.3122 1	80.873 1
2	1	18.3105 1	80.918 1
2	1	18.949 1	80.1630 1
2	1	18.835 1	80.1005 1
4	3	18.1574 1	80.1014 1 80.1019 1 80.1025 1
2	1	18.3251 1	80.1385 1
2	1	18.802 1	80.1450 1
2	1	18.3261 1	80.1374 1
2	1	18.950 1	80.1631 1
2	1	18.2906 1	80.1195 1
29	100	18.1013 0.887 18.1134 1 18.1961 0.873 18.2192 0.592	80.1012 0.912 80.1039 0.926 80.1054 0.971 80.1064 0.926 80.1115 0.971 80.1142 0.897 80.1192 0.868 80.1344 0.956 80.1452 0.971 80.1465 0.941 80.1829 0.926 80.252 0.926 80.308 0.971 80.323 0.956 80.332 0.941 80.472 0.882 80.492 0.912 80.520 0.971 80.523 0.956 80.572 0.897 80.643 0.941 80.710 0.868 80.76 0.971 80.821 0.865 80.910 1
2	1	18.1097 1	80.206 1
2	1	18.3123 1	80.872 1
4	3	18.1434 1	80.14 1 80.1606 0.962 80.1961 1
2	1	18.2173 1	80.1479 1
2	1	18.24 1	80.861 1
2	1	18.1087 1	80.437 1
2	1	18.638 1	80.1339 1
2	1	18.1029 1	80.1158 1
5	4	18.1428 0.211 18.1701 0.617 18.1722 1 18.1941 0.641	80.1113 1
2	1	18.3276 1	80.863 1
2	1	18.3270 1	80.1365 1
2	1	18.751 1	80.513 1
2	1	18.255 1	80.1462 1
2	1	18.1085 1	80.439 1
2	1	18.3010 1	80.1440 1
2	1	18.612 1	80.1837 1
2	1	18.23 1	80.860 1
2	1	18.3016 1	80.149 1
2	1	18.842 1	80.1105 1
2	1	18.7 1	80.838 1
2	1	18.230 1	80.530 1
2	1	18.3259 1	80.1376 1
3	2	18.1429 1 18.1702 0.500	80.1114 1
2	1	18.2084 1	80.759 1
2	1	18.558 1	80.976 1
2	1	18.644 1	80.1138 1
3	2	18.3280 0.113 18.581 1	80.770 1
2	1	18.3195 1	80.92 1
2	1	18.3018 1	80.150 1
2	1	18.1045 1	80.160 1
2	1	18.2535 1	80.929 1
2	1	18.2809 1	80.1446 1
38	261	18.1278 1 18.1277 1 18.531 0.870 18.806 0.818 18.2874 0.812 18.530 0.796 18.2442 0.720 18.2155 0.673 18.2364 0.611 18.2538 0.547 18.1316 0.469 18.1771 0.466 18.1315 0.361 18.2540 0.283 18.2417 0.274 18.1527 0.271 18.2097 0.263 18.127 0.203 18.3133 0.201 18.788 0.184 18.1017 0.161 18.898 0.154 18.193 0.152 18.1680 0.149 18.1189 0.117 18.3307 0.115 18.3103 0.082 18.338 0.070 18.1350 0.059	80.11 1 80.1958 1 80.1608 1 80.12 0.978 80.541 0.961 80.1609 0.959 80.1959 0.956 80.1686 0.872 80.542 0.454
2	1	18.25 1	80.862 1
2	1	18.1817 1	80.337 1
2	1	18.697 1	80.1342 1
2	1	18.834 1	80.1042 1
3	2	18.3177 0.627 18.358 1	80.177 1
2	1	18.610 1	80.1839 1
2	1	18.89 1	80.1482 1
2	1	18.2997 1	80.1828 1
2	1	18.11 1	80.843 1
2	1	18.966 1	80.703 1
7	10	18.1732 0.597 18.1925 1 18.2274 0.485 18.2498 0.197 18.2639 0.060	80.1993 1 80.2006 1
8	7	18.2817 1	80.142 0.133 80.1549 0.396 80.1566 1 80.1635 0.578 80.167 0.082 80.1757 0.139 80.402 0.090
2	1	18.848 1	80.566 1
2	1	18.1521 1	80.489 1
8	7	18.113 0.066 18.1173 0.134 18.1240 1 18.2057 0.054 18.2460 0.060 18.3293 0.279 18.539 0.131	80.1 1
2	1	18.3023 1	80.1790 1
2	1	18.934 1	80.1407 1
2	1	18.750 1	80.512 1
2	1	18.2480 1	80.1311 1
2	1	18.195 1	80.1058 1
2	1	18.3209 1	80.1815 1
2	1	18.3099 1	80.1092 1
4	4	18.1122 1 18.2704 0.872	80.1242 0.841 80.1919 1
2	1	18.3156 1	80.1586 1
2	1	18.228 1	80.528 1
2	1	18.3012 1	80.1438 1
2	1	18.3208 1	80.1822 1
2	1	18.3196 1	80.86 1
2	1	18.342 1	80.1149 1
2	1	18.3238 1	80.126 1
24	144	18.1056 0.213 18.1113 1 18.1488 0.181 18.1607 0.730 18.1955 0.726 18.1976 0.748 18.206 0.704 18.2180 0.126 18.2629 0.774 18.2680 0.076 18.2963 0.622 18.84 0.787	80.1040 0.812 80.1604 0.075 80.1689 0.154 80.17 0.075 80.1964 0.818 80.357 0.599 80.369 0.154 80.524 0.756 80.538 0.221 80.727 1 80.828 0.831 80.912 0.225
2	1	18.2111 1	80.1800 1
4	3	18.1523 1	80.1990 1 80.2003 1 80.962 0.448
2	1	18.1419 1	80.903 1
2	1	18.1506 1	80.430 1
2	1	18.913 1	80.939 1
2	1	18.3227 1	80.1124 1
2	1	18.3163 1	80.1006 1
2	1	18.1992 1	80.705 1
2	1	18.616 1	80.1833 1
2	1	18.1686 1	80.328 1
2	1	18.1832 1	80.1797 1
2	1	18.354 1	80.607 1
2	1	18.2664 1	80.576 1
4	3	18.1073 0.066 18.1074 0.077 18.1736 1	80.151 1
17	42	18.118 0.233 18.1180 0.282 18.1310 0.628 18.1533 0.142 18.1801 1 18.186 0.250 18.2049 0.063 18.2452 0.622 18.3140 0.318 18.3301 0.163 18.567 0.645 18.815 0.357 18.890 0.232 18.903 0.622	80.1615 0.397 80.1953 0.320 80.376 1
2	1	18.1783 1	80.71 1
2	1	18.2426 1	80.499 1
2	1	18.1519 1	80.488 1
2	1	18.3193 1	80.1494 1
2	1	18.3250 1	80.1386 1
2	1	18.586 1	80.920 1
2	1	18.2414 1	80.294 1
9	20	18.1241 0.199 18.2035 0.110 18.2458 1 18.3042 0.102 18.907 0.084	80.1621 1 80.1948 0.797 80.2 0.925 80.384 0.819
2	1	18.1522 1	80.1312 1
2	1	18.2006 1	80.181 1
2	1	18.2778 1	80.1190 1
2	1	18.2552 1	80.498 1
2	1	18.2190 1	80.508 1
3	2	18.2689 1 18.849 1	80.565 1
2	1	18.1099 1	80.204 1
3	2	18.2913 1	80.1694 0.930 80.1812 1
2	1	18.3154 1	80.279 1
2	1	18.1095 1	80.1091 1
2	1	18.2361 1	80.916 1
8	7	18.1450 0.856 18.1738 0.851 18.1921 0.856 18.2283 1 18.2504 0.761 18.2644 0.601 18.2887 0.153	80.1150 1
10	16	18.1145 1 18.1272 0.305 18.1464 0.666 18.1746 0.783 18.1911 0.384 18.2297 0.298 18.2298 0.276 18.2891 0.079	80.2008 0.100 80.968 1
2	1	18.2665 1	80.575 1
2	1	18.3100 1	80.1093 1
21	38	18.203 0.154 18.2968 1	80.101 0.142 80.138 0.917 80.1486 0.514 80.1504 0.192 80.1543 0.150 80.1569 0.133 80.1640 0.167 80.1665 0.158 80.1682 0.175 80.1742 0.095 80.1760 1 80.247 0.208 80.596 0.081 80.623 0.750 80.689 0.125 80.715 0.767 80.746 0.158 80.894 0.208 80.949 0.750
2	1	18.3203 1	80.1041 1
2	1	18.747 0.766	80.74 0.766
