Size	Relations	OrthoA	OrthoB
2	1	18.2607 1	78.1377 1
2	1	18.3082 1	78.1001 1
2	1	18.3081 1	78.1000 1
2	1	18.2813 1	78.748 1
2	1	18.1042 1	78.413 1
2	1	18.275 1	78.1323 1
2	1	18.89 1	78.1072 1
2	1	18.581 1	78.728 1
2	1	18.3280 1	78.128 1
2	1	18.2172 1	78.1203 1
2	1	18.587 1	78.1199 1
2	1	18.231 1	78.34 1
2	1	18.399 1	78.633 1
2	1	18.2771 1	78.856 1
2	1	18.172 1	78.192 1
2	1	18.332 1	78.460 1
2	1	18.253 1	78.314 1
2	1	18.5 1	78.167 1
2	1	18.2423 1	78.1158 1
2	1	18.1995 1	78.733 1
2	1	18.3036 1	78.355 1
2	1	18.2169 1	78.1201 1
2	1	18.3076 1	78.997 1
2	1	18.2142 1	78.121 1
2	1	18.858 1	78.45 1
2	1	18.1915 1	78.826 1
2	1	18.4 1	78.168 1
2	1	18.2957 1	78.984 1
2	1	18.1791 1	78.324 1
2	1	18.2684 1	78.821 1
3	2	18.1291 0.113 18.543 1	78.589 1
2	1	18.14 1	78.158 1
2	1	18.1572 1	78.739 1
2	1	18.933 1	78.368 1
2	1	18.2138 1	78.93 1
2	1	18.3095 1	78.935 1
2	1	18.1998 1	78.735 1
2	1	18.3239 1	78.232 1
2	1	18.247 1	78.300 1
2	1	18.2710 1	78.1349 1
2	1	18.401 1	78.631 1
2	1	18.843 1	78.1187 1
2	1	18.1683 1	78.978 1
2	1	18.746 1	78.274 1
2	1	18.1086 1	78.664 1
2	1	18.3128 1	78.945 1
4	3	18.1050 1	78.404 1 78.402 0.725 78.855 0.780
2	1	18.840 1	78.1183 1
2	1	18.2782 1	78.905 1
2	1	18.245 1	78.297 1
2	1	18.2141 1	78.122 1
2	1	18.1218 1	78.137 1
2	1	18.3012 1	78.609 1
2	1	18.3123 1	78.1006 1
2	1	18.343 1	78.1113 1
2	1	18.832 1	78.1065 1
2	1	18.2195 1	78.787 1
2	1	18.404 1	78.628 1
2	1	18.2534 1	78.1302 1
2	1	18.1685 1	78.724 1
2	1	18.2361 1	78.260 1
2	1	18.739 1	78.576 1
2	1	18.2610 1	78.1381 1
2	1	18.8 1	78.164 1
2	1	18.3192 1	78.1335 1
2	1	18.534 1	78.598 1
2	1	18.1505 1	78.386 1
2	1	18.613 1	78.375 1
2	1	18.1288 1	78.1142 1
2	1	18.639 1	78.281 1
2	1	18.3159 1	78.435 1
2	1	18.271 1	78.1326 1
2	1	18.1034 1	78.485 1
2	1	18.2998 1	78.636 1
2	1	18.945 1	78.1246 1
2	1	18.3017 1	78.604 1
2	1	18.3124 1	78.1007 1
2	1	18.19 1	78.813 1
2	1	18.1049 1	78.405 1
2	1	18.2547 1	78.292 1
2	1	18.3106 1	78.619 1
2	1	18.2783 1	78.904 1
2	1	18.3231 1	78.238 1
2	1	18.615 1	78.373 1
2	1	18.242 1	78.294 1
2	1	18.3234 1	78.237 1
2	1	18.2941 1	78.768 1
2	1	18.850 1	78.171 1
2	1	18.3011 1	78.610 1
2	1	18.310 1	78.888 1
3	2	18.1651 0.200 18.2600 1	78.797 1
2	1	18.2768 1	78.854 1
2	1	18.3253 1	78.676 1
2	1	18.2609 1	78.1380 1
2	1	18.538 1	78.595 1
2	1	18.3275 1	78.703 1
2	1	18.1508 1	78.389 1
2	1	18.1504 1	78.385 1
2	1	18.2942 1	78.767 1
2	1	18.3237 1	78.234 1
2	1	18.3229 1	78.240 1
2	1	18.2437 1	78.712 1
2	1	18.2554 1	78.286 1
2	1	18.2611 1	78.1382 1
2	1	18.1925 1	78.11 1
2	1	18.1219 1	78.136 1
2	1	18.1280 1	78.599 1
2	1	18.3240 1	78.231 1
2	1	18.3127 1	78.948 1
2	1	18.751 1	78.347 1
2	1	18.3236 1	78.235 1
2	1	18.3077 1	78.996 1
2	1	18.1318 1	78.509 1
2	1	18.2139 1	78.91 1
2	1	18.774 1	78.1266 1
2	1	18.2436 1	78.176 1
2	1	18.733 1	78.571 1
2	1	18.1051 1	78.403 1
2	1	18.847 1	78.174 1
2	1	18.252 1	78.320 1
2	1	18.602 1	78.1094 1
2	1	18.2438 1	78.713 1
2	1	18.1812 1	78.1392 1
2	1	18.255 1	78.312 1
2	1	18.1507 1	78.388 1
2	1	18.3125 1	78.1008 1
2	1	18.485 1	78.141 1
2	1	18.2358 1	78.263 1
2	1	18.1814 1	78.39 1
2	1	18.2424 1	78.1156 1
2	1	18.1356 1	78.1050 1
2	1	18.1813 1	78.38 1
2	1	18.822 1	78.1296 1
2	1	18.6 1	78.166 1
2	1	18.1503 1	78.384 1
2	1	18.400 1	78.632 1
2	1	18.2606 1	78.1376 1
3	2	18.2342 0.356 18.2835 1	78.763 1
2	1	18.1035 1	78.486 1
2	1	18.2434 1	78.178 1
2	1	18.3242 1	78.228 1
2	1	18.278 1	78.1320 1
2	1	18.228 1	78.31 1
2	1	18.3015 1	78.606 1
2	1	18.1729 1	78.960 1
2	1	18.13 1	78.159 1
2	1	18.2685 1	78.822 1
2	1	18.821 1	78.1297 1
2	1	18.3034 1	78.357 1
2	1	18.169 1	78.1015 1
2	1	18.1357 1	78.1053 1
2	1	18.2433 1	78.179 1
2	1	18.2535 1	78.1301 1
2	1	18.99 1	78.1014 1
2	1	18.3051 1	78.1134 1
2	1	18.1043 1	78.412 1
2	1	18.2549 1	78.291 1
2	1	18.346 1	78.1109 1
2	1	18.2837 1	78.765 1
2	1	18.1510 1	78.391 1
2	1	18.966 1	78.259 1
2	1	18.3 1	78.169 1
2	1	18.1045 1	78.410 1
2	1	18.3131 1	78.942 1
2	1	18.2 1	78.170 1
2	1	18.859 1	78.46 1
2	1	18.476 1	78.340 1
2	1	18.495 1	78.570 1
2	1	18.1123 1	78.836 1
2	1	18.490 1	78.295 1
2	1	18.854 1	78.1126 1
2	1	18.246 1	78.298 1
2	1	18.2912 1	78.1249 1
2	1	18.2350 1	78.1046 1
2	1	18.2784 1	78.903 1
2	1	18.309 1	78.889 1
2	1	18.2604 1	78.1374 1
2	1	18.2926 1	78.1313 1
2	1	18.3222 1	78.145 1
2	1	18.603 1	78.1095 1
2	1	18.775 1	78.1265 1
2	1	18.3247 1	78.671 1
2	1	18.3199 1	78.1345 1
2	1	18.2145 1	78.118 1
2	1	18.408 1	78.626 1
2	1	18.3274 1	78.702 1
2	1	18.2171 1	78.1202 1
2	1	18.2605 1	78.1375 1
2	1	18.3022 1	78.364 1
2	1	18.2555 1	78.285 1
2	1	18.3098 1	78.1139 1
2	1	18.2144 1	78.119 1
2	1	18.1047 1	78.407 1
2	1	18.752 1	78.348 1
2	1	18.1088 1	78.660 1
2	1	18.277 1	78.1321 1
2	1	18.3269 1	78.692 1
2	1	18.1790 1	78.323 1
2	1	18.2143 1	78.120 1
2	1	18.818 1	78.1299 1
2	1	18.174 1	78.202 1
2	1	18.2124 1	78.265 1
2	1	18.248 1	78.301 1
3	2	18.1116 1 18.205 0.488	78.471 1
2	1	18.241 1	78.1155 1
2	1	18.173 1	78.201 1
2	1	18.2911 1	78.1248 1
2	1	18.3122 1	78.1005 1
2	1	18.16 1	78.156 1
2	1	18.2420 1	78.1399 1
2	1	18.1538 1	78.1081 1
2	1	18.3094 1	78.937 1
2	1	18.1319 1	78.505 1
2	1	18.402 1	78.630 1
2	1	18.2191 1	78.845 1
2	1	18.344 1	78.1112 1
2	1	18.535 1	78.597 1
2	1	18.833 1	78.1066 1
2	1	18.2608 1	78.1378 1
2	1	18.3031 1	78.360 1
2	1	18.254 1	78.313 1
2	1	18.3198 1	78.1344 1
2	1	18.3035 1	78.356 1
2	1	18.2088 1	78.941 1
2	1	18.2788 1	78.24 1
2	1	18.3096 1	78.1141 1
3	2	18.251 1	78.321 1 78.625 0.700
2	1	18.841 1	78.1184 1
2	1	18.1084 1	78.666 1
2	1	18.1815 1	78.40 1
2	1	18.614 1	78.374 1
2	1	18.3013 1	78.608 1
2	1	18.1046 1	78.409 1
2	1	18.2787 1	78.22 1
2	1	18.15 1	78.157 1
2	1	18.284 1	78.1356 1
2	1	18.1207 1	78.640 1
2	1	18.347 1	78.1108 1
2	1	18.2189 1	78.843 1
2	1	18.3225 1	78.149 1
2	1	18.3024 1	78.362 1
2	1	18.3224 1	78.148 1
2	1	18.1500 1	78.102 1
2	1	18.1516 1	78.979 1
2	1	18.198 1	78.470 1
2	1	18.2435 1	78.177 1
2	1	18.831 1	78.1064 1
2	1	18.1967 1	78.1205 1
2	1	18.1501 1	78.382 1
2	1	18.2521 1	78.553 1
2	1	18.1999 1	78.736 1
2	1	18.617 1	78.371 1
2	1	18.3033 1	78.359 1
2	1	18.1512 1	78.393 1
2	1	18.229 1	78.32 1
2	1	18.638 1	78.280 1
2	1	18.977 1	78.1235 1
2	1	18.803 1	78.1176 1
2	1	18.1511 1	78.392 1
2	1	18.609 1	78.379 1
2	1	18.3158 1	78.437 1
2	1	18.3014 1	78.607 1
2	1	18.2087 1	78.940 1
2	1	18.2686 1	78.823 1
2	1	18.11 1	78.161 1
2	1	18.2814 1	78.749 1
3	2	18.2601 1	78.1237 1 78.95 0.818
2	1	18.3266 1	78.689 1
2	1	18.335 1	78.465 1
2	1	18.620 1	78.1286 1
2	1	18.3272 1	78.695 1
2	1	18.249 1	78.302 1
2	1	18.170 1	78.1017 1
2	1	18.2160 1	78.841 1
2	1	18.256 1	78.310 1
2	1	18.1420 1	78.401 1
2	1	18.604 1	78.1096 1
2	1	18.2162 1	78.839 1
2	1	18.283 1	78.1357 1
2	1	18.1681 1	78.977 1
2	1	18.3245 1	78.669 1
2	1	18.1765 1	78.972 1
2	1	18.2349 1	78.1045 1
2	1	18.12 1	78.160 1
2	1	18.3200 1	78.1346 1
5	4	18.1133 0.750 18.2507 0.704 18.2956 0.815 18.872 1	78.1210 1
2	1	18.642 1	78.1104 1
3	2	18.2720 1 18.2864 0.733	78.219 1
2	1	18.802 1	78.1175 1
2	1	18.194 1	78.27 1
2	1	18.1317 1	78.510 1
2	1	18.2112 1	78.480 1
2	1	18.640 1	78.1103 1
2	1	18.403 1	78.629 1
2	1	18.2908 1	78.778 1
2	1	18.1092 1	78.657 1
2	1	18.171 1	78.1018 1
2	1	18.3235 1	78.236 1
2	1	18.497 1	78.565 1
2	1	18.1100 1	78.643 1
2	1	18.978 1	78.1234 1
2	1	18.270 1	78.1327 1
2	1	18.1284 1	78.756 1
2	1	18.607 1	78.381 1
2	1	18.1093 1	78.655 1
3	2	18.3162 1	78.431 1 78.432 0.868
2	1	18.3163 1	78.430 1
2	1	18.3044 1	78.153 1
2	1	18.3271 1	78.694 1
3	2	18.2163 1	78.838 1 78.738 0.735
8	12	18.1450 1 18.1738 1 18.1921 0.843 18.2283 0.633 18.2504 0.568 18.2644 0.389	78.1221 1 78.832 1
2	1	18.873 1	78.1291 1
2	1	18.3252 1	78.675 1
2	1	18.2546 1	78.293 1
2	1	18.3230 1	78.239 1
2	1	18.10 1	78.162 1
2	1	18.3209 1	78.1057 1
2	1	18.2612 1	78.1383 1
3	2	18.2854 0.806 18.2927 1	78.1314 1
2	1	18.21 1	78.812 1
2	1	18.22 1	78.811 1
2	1	18.1417 1	78.398 1
3	2	18.3197 1	78.1343 1 78.488 0.790
2	1	18.555 1	78.1100 1
2	1	18.2552 1	78.288 1
2	1	18.1574 1	78.741 1
2	1	18.345 1	78.1111 1
2	1	18.2164 1	78.837 1
2	1	18.744 1	78.273 1
2	1	18.2778 1	78.782 1
2	1	18.742 1	78.271 1
2	1	18.2537 1	78.1270 1
2	1	18.961 1	78.1307 1
2	1	18.1085 1	78.665 1
2	1	18.498 1	78.563 1
2	1	18.2360 1	78.261 1
2	1	18.2425 1	78.895 1
2	1	18.1025 1	78.1274 1
2	1	18.2553 1	78.287 1
2	1	18.2280 1	78.835 1
2	1	18.2664 1	78.1159 1
2	1	18.1513 1	78.394 1
2	1	18.3257 1	78.680 1
2	1	18.244 1	78.296 1
2	1	18.3048 1	78.309 1
2	1	18.2614 1	78.1389 1
2	1	18.743 1	78.272 1
2	1	18.2522 1	78.554 1
2	1	18.3260 1	78.683 1
2	1	18.3255 1	78.678 1
2	1	18.612 1	78.376 1
2	1	18.230 1	78.33 1
2	1	18.1502 1	78.383 1
2	1	18.3075 1	78.998 1
2	1	18.3196 1	78.1342 1
2	1	18.1044 1	78.411 1
2	1	18.2426 1	78.896 1
2	1	18.644 1	78.1106 1
2	1	18.2602 1	78.1236 1
2	1	18.1573 1	78.740 1
2	1	18.2808 1	78.790 1
2	1	18.2958 1	78.985 1
2	1	18.2161 1	78.840 1
2	1	18.1937 1	78.958 1
2	1	18.2997 1	78.637 1
2	1	18.835 1	78.1068 1
2	1	18.3210 1	78.1058 1
2	1	18.3265 1	78.688 1
4	3	18.2847 1 18.522 0.266 18.623 0.130	78.770 1
2	1	18.819 1	78.1298 1
2	1	18.3243 1	78.230 1
2	1	18.3226 1	78.244 1
2	1	18.949 1	78.800 1
2	1	18.3074 1	78.999 1
2	1	18.2536 1	78.1269 1
2	1	18.601 1	78.1093 1
2	1	18.839 1	78.1182 1
2	1	18.3099 1	78.1138 1
2	1	18.1279 1	78.600 1
2	1	18.2921 1	78.220 1
2	1	18.3152 1	78.443 1
2	1	18.1764 1	78.971 1
2	1	18.2910 1	78.779 1
2	1	18.313 1	78.764 1
2	1	18.1726 1	78.957 1
2	1	18.7 1	78.165 1
2	1	18.794 1	78.1177 1
2	1	18.2665 1	78.1160 1
2	1	18.647 1	78.1107 1
2	1	18.619 1	78.1285 1
2	1	18.611 1	78.377 1
2	1	18.600 1	78.1092 1
2	1	18.3264 1	78.687 1
2	1	18.2190 1	78.844 1
2	1	18.842 1	78.1185 1
4	4	18.362 1 18.465 0.061	78.223 0.564 78.226 1
2	1	18.3203 1	78.1241 1
2	1	18.871 1	78.1052 1
2	1	18.1514 1	78.395 1
2	1	18.2666 1	78.1161 1
2	1	18.3254 1	78.677 1
2	1	18.856 1	78.1128 1
3	2	18.1876 0.639 18.2852 1	78.762 1
2	1	18.3208 1	78.1056 1
2	1	18.3248 1	78.672 1
2	1	18.855 1	78.1127 1
2	1	18.3276 1	78.704 1
2	1	18.2281 1	78.834 1
2	1	18.3016 1	78.605 1
8	7	18.1113 0.162 18.1607 0.515 18.1955 1 18.1976 0.471 18.206 0.691 18.2629 0.132 18.84 0.294	78.109 1
2	1	18.1278 1	78.601 1
2	1	18.2421 1	78.1403 1
2	1	18.480 1	78.344 1
2	1	18.1334 1	78.593 1
2	1	18.932 1	78.367 1
2	1	18.3010 1	78.612 1
2	1	18.1509 1	78.390 1
2	1	18.1048 1	78.406 1
2	1	18.2525 1	78.556 1
2	1	18.3097 1	78.1140 1
2	1	18.3246 1	78.670 1
2	1	18.524 1	78.771 1
2	1	18.24 1	78.809 1
2	1	18.2648 1	78.518 1
2	1	18.3258 1	78.681 1
2	1	18.3262 1	78.685 1
2	1	18.3249 1	78.673 1
2	1	18.2140 1	78.123 1
2	1	18.3154 1	78.441 1
2	1	18.232 1	78.35 1
2	1	18.23 1	78.810 1
4	4	18.1748 1 18.1909 0.280	78.912 1 78.930 0.338
2	1	18.2786 1	78.21 1
2	1	18.1521 1	78.982 1
2	1	18.2810 1	78.788 1
2	1	18.1099 1	78.644 1
2	1	18.2613 1	78.1387 1
7	6	18.1277 0.677 18.1316 0.165 18.2155 0.512 18.2364 0.488 18.2442 0.575 18.530 1	78.602 1
2	1	18.1736 1	78.560 1
2	1	18.2173 1	78.1204 1
2	1	18.3211 1	78.1059 1
2	1	18.608 1	78.380 1
2	1	18.2415 1	78.868 1
2	1	18.3256 1	78.679 1
2	1	18.1101 1	78.642 1
2	1	18.3267 1	78.690 1
2	1	18.857 1	78.1129 1
2	1	18.1832 1	78.1213 1
2	1	18.354 1	78.635 1
2	1	18.1506 1	78.387 1
9	8	18.1555 0.396 18.1874 0.542 18.2205 1 18.2727 0.058 18.2853 0.176 18.2928 0.111 18.503 0.542 18.545 0.369	78.269 1
2	1	18.1041 1	78.414 1
2	1	18.3261 1	78.684 1
2	1	18.3273 1	78.696 1
3	2	18.1701 0.346 18.1941 1	78.952 1
2	1	18.1246 1	78.1228 1
2	1	18.1256 1	78.1144 1
2	1	18.3156 1	78.438 1
2	1	18.834 1	78.1067 1
2	1	18.848 1	78.173 1
2	1	18.1816 1	78.41 1
2	1	18.3268 1	78.691 1
2	1	18.3270 1	78.693 1
2	1	18.706 1	78.766 1
2	1	18.1418 1	78.399 1
2	1	18.2109 1	78.477 1
2	1	18.2480 1	78.456 1
2	1	18.2413 1	78.866 1
2	1	18.3150 1	78.535 1
2	1	18.2347 1	78.94 1
2	1	18.3193 1	78.1336 1
2	1	18.342 1	78.1116 1
9	14	18.1160 0.459 18.1259 0.561 18.1498 0.188 18.1758 0.240 18.1804 0.133 18.1895 0.157 18.799 1	78.559 1 78.824 0.856
2	1	18.950 1	78.801 1
2	1	18.2092 1	78.849 1
2	1	18.1519 1	78.980 1
2	1	18.2414 1	78.867 1
2	1	18.3277 1	78.706 1
2	1	18.1285 1	78.755 1
2	1	18.1416 1	78.397 1
3	2	18.2831 1 18.2834 0.202	78.1143 1
2	1	18.195 1	78.26 1
2	1	18.1026 1	78.1273 1
2	1	18.830 1	78.1063 1
2	1	18.1097 1	78.646 1
2	1	18.610 1	78.378 1
2	1	18.618 1	78.370 1
2	1	18.279 1	78.1319 1
2	1	18.3105 1	78.620 1
4	3	18.1731 1 18.1926 0.536 18.2496 0.071	78.12 1
2	1	18.2319 1	78.955 1
2	1	18.1087 1	78.661 1
2	1	18.3263 1	78.686 1
5	4	18.1013 1 18.1134 0.735 18.1961 0.735 18.2192 0.235	78.1209 1
2	1	18.2551 1	78.289 1
2	1	18.3238 1	78.233 1
2	1	18.927 1	78.946 1
2	1	18.934 1	78.369 1
2	1	18.2282 1	78.833 1
2	1	18.1548 1	78.218 1
2	1	18.928 1	78.947 1
2	1	18.2084 1	78.939 1
2	1	18.25 1	78.808 1
2	1	18.1920 1	78.829 1
3	2	18.1453 0.722 18.1917 1	78.828 1
2	1	18.2796 1	78.618 1
2	1	18.946 1	78.1247 1
10	16	18.1611 1 18.1117 1 18.1482 0.887 18.1981 0.868 18.1950 0.839 18.204 0.802 18.2967 0.508 18.2624 0.391	78.106 1 78.154 1
2	1	18.943 1	78.562 1
3	2	18.1125 1	78.1370 1 78.206 0.484
2	1	18.1029 1	78.483 1
2	1	18.616 1	78.372 1
2	1	18.477 1	78.341 1
8	7	18.1525 1	78.132 0.201 78.1362 0.153 78.1388 1 78.495 0.093 78.818 0.447 78.900 0.109 78.938 0.162
2	1	18.2615 1	78.1390 1
2	1	18.3021 1	78.365 1
2	1	18.737 1	78.575 1
2	1	18.3251 1	78.674 1
2	1	18.3023 1	78.363 1
2	1	18.1833 1	78.1212 1
2	1	18.3191 1	78.1334 1
2	1	18.586 1	78.1198 1
2	1	18.750 1	78.346 1
2	1	18.621 1	78.1287 1
2	1	18.2711 1	78.1350 1
2	1	18.1993 1	78.731 1
5	4	18.1863 0.923 18.2722 0.524 18.2918 1 18.77 0.166	78.217 1
2	1	18.3216 1	78.1062 1
2	1	18.3259 1	78.682 1
2	1	18.1686 1	78.723 1
3	2	18.1442 0.457 18.1929 1	78.959 1
2	1	18.2359 1	78.262 1
9	8	18.1115 0.722 18.1485 0.778 18.1608 1 18.1953 0.444 18.1977 1 18.2627 0.389 18.82 1 18.1058 1	78.472 1
3	2	18.1089 1	78.658 0.056 78.659 1
2	1	18.510 1	78.1102 1
2	1	18.1730 1	78.964 1
2	1	18.3195 1	78.1341 1
2	1	18.484 1	78.140 1
2	1	18.1098 1	78.645 1
2	1	18.1515 1	78.396 1
2	1	18.2809 1	78.789 1
2	1	18.388 1	78.6 1
2	1	18.1817 1	78.42 1
3	2	18.1927 1 18.2495 0.064	78.13 1
2	1	18.700 1	78.1150 1
2	1	18.17 1	78.814 1
4	3	18.2848 0.871 18.523 1 18.672 0.671	78.769 1
2	1	18.643 1	78.1105 1
3	2	18.1095 1	78.29 0.140 78.651 1
2	1	18.3227 1	78.243 1
2	1	18.1094 1	78.654 1
3	2	18.2247 1 18.424 0.315	78.761 1
2	1	18.2907 1	78.777 1
2	1	18.1071 1	78.1125 1
9	8	18.1118 1 18.1481 0.921 18.1612 0.947 18.1949 1 18.1982 1 18.2623 0.605 18.32 0.513 18.42 0.278	78.105 1
2	1	18.2984 1	78.1252 1
2	1	18.1522 1	78.983 1
10	24	18.1956 1 18.1606 1 18.2630 0.843 18.1490 0.824 18.207 0.588 18.2179 0.471	78.908 1 78.114 1 78.804 0.931 78.476 0.332
4	3	18.1546 1 18.1670 0.057 18.652 0.163	78.209 1
2	1	18.732 1	78.572 1
2	1	18.1689 1	78.210 1
3	2	18.1992 1 18.1419 1	78.730 1
2	1	18.3202 1	78.1242 1
2	1	18.2111 1	78.479 1
2	1	18.1996 1	78.734 1
6	5	18.1012 0.086 18.1121 0.053 18.1617 0.120 18.2700 0.068 18.2703 1	78.825 1
2	1	18.478 1	78.342 1
2	1	18.3038 1	78.352 1
2	1	18.2859 1	78.1229 1
2	1	18.2913 1	78.1250 1
2	1	18.390 1	78.1372 1
2	1	18.1024 1	78.1275 1
2	1	18.1321 1	78.497 1
4	3	18.1429 1 18.1702 0.857 18.1723 0.143	78.953 1
2	1	18.2270 1	78.963 1
2	1	18.3126 1	78.949 1
2	1	18.3207 1	78.1055 1
2	1	18.556 1	78.1099 1
2	1	18.1603 1	78.211 1
2	1	18.3009 1	78.614 1
2	1	18.1558 1	78.772 1
2	1	18.622 1	78.1288 1
2	1	18.2524 1	78.555 1
2	1	18.1040 1	78.415 1
2	1	18.276 1	78.1322 1
9	14	18.1053 1 18.29 0.910 18.1491 1 18.1605 1 18.1957 1 18.1974 1 18.2631 1	78.803 1 78.907 1
2	1	18.776 1	78.1264 1
2	1	18.2906 1	78.773 1
3	2	18.1523 1	78.1042 0.414 78.1149 1
3	2	18.2689 1 18.849 1	78.172 1
6	5	18.1057 1 18.1114 0.636 18.1486 0.455 18.1954 0.320 18.2678 0.364	78.108 1
2	1	18.479 1	78.343 1
3	2	18.1924 1	78.10 0.111 78.1361 1
2	1	18.175 1	78.205 1
2	1	18.1320 1	78.500 1
8	7	18.1810 0.081 18.209 0.458 18.2153 0.122 18.2440 1 18.3104 0.122 18.787 0.792 18.878 0.216	78.245 1
2	1	18.2603 1	78.1373 1
2	1	18.2812 1	78.747 1
3	2	18.35 1	78.1074 1 78.222 0.721
2	1	18.333 1	78.466 1
4	3	18.1452 0.741 18.1918 1 18.2506 0.389	78.827 1
7	10	18.1492 1 18.208 1 18.1604 1 18.1973 0.571 18.1110 0.143	78.906 1 78.802 1
2	1	18.3201 1	78.1348 1
5	4	18.1602 0.450 18.2250 0.200 18.2317 0.200 18.392 1	78.208 1
2	1	18.3037 1	78.353 1
2	1	18.3078 1	78.995 1
2	1	18.1966 1	78.1206 1
2	1	18.3153 1	78.442 1
2	1	18.3049 1	78.450 1
7	6	18.1866 1 18.263 0.245 18.2860 0.916 18.2922 0.937 18.657 0.104 18.72 0.673	78.1230 1
2	1	18.1520 1	78.981 1
2	1	18.486 1	78.143 1
2	1	18.952 1	78.586 1
2	1	18.3100 1	78.865 1
2	1	18.3244 1	78.668 1
10	24	18.1156 0.057 18.1264 0.065 18.1497 0.326 18.1753 1 18.1897 0.099 18.2575 0.075	78.791 0.081 78.911 0.407 78.926 1 78.933 0.146
2	1	18.558 1	78.1037 1
