Size	Relations	OrthoA	OrthoB
2	1	18.2607 1	79.884 1
2	1	18.2813 1	79.776 1
2	1	18.3082 1	79.586 1
2	1	18.2124 1	79.3 1
2	1	18.3081 1	79.585 1
2	1	18.89 1	79.254 1
2	1	18.275 1	79.212 1
2	1	18.1042 1	79.717 1
2	1	18.587 1	79.710 1
2	1	18.231 1	79.488 1
2	1	18.2172 1	79.453 1
2	1	18.2771 1	79.1028 1
2	1	18.2957 1	79.470 1
2	1	18.399 1	79.36 1
2	1	18.581 1	79.933 1
2	1	18.3280 1	79.590 1
2	1	18.172 1	79.645 1
2	1	18.332 1	79.733 1
2	1	18.3036 1	79.422 1
2	1	18.1995 1	79.510 1
2	1	18.253 1	79.726 1
2	1	18.5 1	79.952 1
2	1	18.2142 1	79.478 1
2	1	18.2423 1	79.774 1
2	1	18.858 1	79.499 1
2	1	18.952 1	79.2 1
2	1	18.2169 1	79.708 1
2	1	18.3076 1	79.544 1
2	1	18.2684 1	79.778 1
2	1	18.3012 1	79.807 1
2	1	18.242 1	79.174 1
2	1	18.1086 1	79.630 1
2	1	18.1572 1	79.786 1
2	1	18.3131 1	79.583 1
2	1	18.933 1	79.276 1
2	1	18.247 1	79.180 1
2	1	18.840 1	79.70 1
2	1	18.3095 1	79.11 1
2	1	18.3106 1	79.191 1
2	1	18.1791 1	79.731 1
2	1	18.3239 1	79.340 1
2	1	18.14 1	79.962 1
2	1	18.1998 1	79.507 1
2	1	18.4 1	79.951 1
2	1	18.8 1	79.955 1
2	1	18.2138 1	79.972 1
2	1	18.2782 1	79.433 1
2	1	18.401 1	79.34 1
2	1	18.1685 1	79.1036 1
2	1	18.1683 1	79.759 1
2	1	18.343 1	79.366 1
2	1	18.1291 1	79.409 1
2	1	18.2610 1	79.879 1
2	1	18.3123 1	79.354 1
2	1	18.1050 1	79.839 1
2	1	18.1288 1	79.892 1
2	1	18.1218 1	79.307 1
2	1	18.3128 1	79.947 1
2	1	18.843 1	79.206 1
2	1	18.832 1	79.77 1
2	1	18.746 1	79.185 1
2	1	18.2361 1	79.895 1
2	1	18.2195 1	79.164 1
2	1	18.404 1	79.31 1
2	1	18.245 1	79.177 1
2	1	18.1034 1	79.45 1
2	1	18.774 1	79.644 1
2	1	18.3242 1	79.344 1
2	1	18.2141 1	79.479 1
2	1	18.3011 1	79.806 1
2	1	18.739 1	79.460 1
2	1	18.3159 1	79.528 1
2	1	18.3192 1	79.792 1
2	1	18.1505 1	79.1017 1
2	1	18.639 1	79.13 1
2	1	18.2534 1	79.54 1
2	1	18.2998 1	79.65 1
2	1	18.271 1	79.209 1
2	1	18.2350 1	79.854 1
2	1	18.945 1	79.1047 1
2	1	18.1049 1	79.838 1
2	1	18.3231 1	79.334 1
2	1	18.3234 1	79.335 1
2	1	18.3124 1	79.355 1
2	1	18.2420 1	79.149 1
2	1	18.19 1	79.749 1
2	1	18.733 1	79.456 1
2	1	18.2710 1	79.675 1
2	1	18.613 1	79.283 1
2	1	18.3229 1	79.332 1
2	1	18.2547 1	79.23 1
2	1	18.2686 1	79.780 1
2	1	18.3017 1	79.812 1
2	1	18.534 1	79.694 1
2	1	18.640 1	79.357 1
2	1	18.1508 1	79.1014 1
2	1	18.2783 1	79.434 1
2	1	18.850 1	79.1004 1
2	1	18.2349 1	79.855 1
2	1	18.3237 1	79.338 1
2	1	18.2609 1	79.880 1
2	1	18.2768 1	79.166 1
2	1	18.310 1	79.703 1
2	1	18.3236 1	79.337 1
2	1	18.751 1	79.867 1
2	1	18.615 1	79.281 1
2	1	18.1093 1	79.744 1
2	1	18.1967 1	79.451 1
2	1	18.3253 1	79.618 1
2	1	18.822 1	79.80 1
2	1	18.1051 1	79.840 1
2	1	18.255 1	79.724 1
2	1	18.3125 1	79.356 1
2	1	18.3275 1	79.816 1
2	1	18.1504 1	79.1018 1
2	1	18.3240 1	79.341 1
2	1	18.2108 1	79.852 1
2	1	18.2611 1	79.878 1
2	1	18.2437 1	79.976 1
2	1	18.1219 1	79.308 1
2	1	18.1812 1	79.147 1
2	1	18.2554 1	79.17 1
2	1	18.2941 1	79.349 1
2	1	18.3127 1	79.944 1
2	1	18.3051 1	79.923 1
2	1	18.1503 1	79.1019 1
2	1	18.2436 1	79.313 1
2	1	18.228 1	79.485 1
2	1	18.485 1	79.928 1
2	1	18.2606 1	79.885 1
2	1	18.2358 1	79.898 1
2	1	18.13 1	79.961 1
2	1	18.1280 1	79.695 1
2	1	18.1507 1	79.1015 1
2	1	18.2424 1	79.773 1
2	1	18.3077 1	79.543 1
2	1	18.3015 1	79.810 1
3	2	18.2853 1 18.2928 0.144	79.151 1
2	1	18.252 1	79.727 1
2	1	18.1045 1	79.714 1
2	1	18.1318 1	79.57 1
2	1	18.2438 1	79.975 1
2	1	18.400 1	79.35 1
2	1	18.2535 1	79.53 1
2	1	18.847 1	79.1001 1
2	1	18.1035 1	79.44 1
2	1	18.1814 1	79.493 1
2	1	18.1813 1	79.492 1
2	1	18.3274 1	79.815 1
2	1	18.854 1	79.126 1
2	1	18.2685 1	79.779 1
2	1	18.6 1	79.953 1
2	1	18.2846 1	79.86 1
2	1	18.697 1	79.1038 1
2	1	18.2605 1	79.886 1
2	1	18.1043 1	79.716 1
2	1	18.803 1	79.505 1
2	1	18.3162 1	79.525 1
2	1	18.2171 1	79.454 1
2	1	18.246 1	79.178 1
2	1	18.495 1	79.843 1
2	1	18.3034 1	79.424 1
2	1	18.2549 1	79.22 1
2	1	18.821 1	79.996 1
2	1	18.966 1	79.61 1
2	1	18.1510 1	79.1012 1
2	1	18.2604 1	79.887 1
2	1	18.283 1	79.221 1
2	1	18.3098 1	79.8 1
2	1	18.1538 1	79.259 1
2	1	18.2434 1	79.311 1
2	1	18.859 1	79.500 1
2	1	18.3 1	79.950 1
2	1	18.538 1	79.415 1
2	1	18.346 1	79.362 1
2	1	18.1357 1	79.84 1
2	1	18.99 1	79.650 1
2	1	18.169 1	79.649 1
2	1	18.3222 1	79.320 1
2	1	18.2433 1	79.310 1
2	1	18.476 1	79.87 1
2	1	18.309 1	79.702 1
2	1	18.490 1	79.175 1
2	1	18.2555 1	79.16 1
2	1	18.3199 1	79.678 1
2	1	18.3094 1	79.12 1
2	1	18.2 1	79.949 1
2	1	18.1047 1	79.229 1
2	1	18.248 1	79.181 1
2	1	18.284 1	79.222 1
2	1	18.344 1	79.365 1
2	1	18.2784 1	79.435 1
2	1	18.2568 1	79.391 1
2	1	18.2912 1	79.242 1
2	1	18.833 1	79.76 1
2	1	18.1088 1	79.632 1
2	1	18.775 1	79.643 1
2	1	18.2145 1	79.475 1
2	1	18.1319 1	79.847 1
2	1	18.408 1	79.29 1
2	1	18.3022 1	79.431 1
2	1	18.3096 1	79.10 1
2	1	18.603 1	79.47 1
2	1	18.871 1	79.39 1
3	2	18.2942 1 18.707 0.508	79.348 1
3	2	18.2342 0.534 18.2835 1	79.991 1
2	1	18.638 1	79.1053 1
2	1	18.1790 1	79.730 1
2	1	18.2144 1	79.476 1
2	1	18.818 1	79.994 1
2	1	18.752 1	79.866 1
3	2	18.251 1	79.728 1 79.28 0.700
2	1	18.2837 1	79.388 1
2	1	18.841 1	79.69 1
2	1	18.1084 1	79.628 1
2	1	18.3247 1	79.623 1
2	1	18.2088 1	79.192 1
2	1	18.1207 1	79.906 1
2	1	18.831 1	79.78 1
2	1	18.1501 1	79.1021 1
2	1	18.3035 1	79.423 1
2	1	18.1815 1	79.494 1
2	1	18.642 1	79.358 1
2	1	18.254 1	79.725 1
2	1	18.241 1	79.173 1
2	1	18.2087 1	79.193 1
2	1	18.173 1	79.189 1
2	1	18.2191 1	79.566 1
2	1	18.229 1	79.486 1
2	1	18.2911 1	79.985 1
2	1	18.1516 1	79.760 1
2	1	18.2814 1	79.777 1
2	1	18.3269 1	79.602 1
2	1	18.1046 1	79.713 1
2	1	18.3198 1	79.679 1
2	1	18.2788 1	79.439 1
2	1	18.278 1	79.217 1
2	1	18.16 1	79.964 1
2	1	18.2143 1	79.477 1
2	1	18.174 1	79.190 1
2	1	18.3122 1	79.353 1
2	1	18.347 1	79.361 1
2	1	18.15 1	79.963 1
2	1	18.3031 1	79.427 1
2	1	18.194 1	79.442 1
2	1	18.943 1	79.899 1
2	1	18.1511 1	79.1011 1
2	1	18.2608 1	79.883 1
2	1	18.602 1	79.46 1
2	1	18.614 1	79.282 1
3	2	18.1497 0.188 18.1753 1	79.968 1
2	1	18.1500 1	79.1023 1
2	1	18.402 1	79.33 1
3	2	18.617 1	79.279 1 79.98 0.829
2	1	18.2139 1	79.200 1
2	1	18.3024 1	79.429 1
2	1	18.2787 1	79.438 1
2	1	18.3225 1	79.325 1
2	1	18.3033 1	79.426 1
2	1	18.3158 1	79.529 1
2	1	18.3014 1	79.809 1
2	1	18.3224 1	79.324 1
2	1	18.335 1	79.735 1
2	1	18.2189 1	79.564 1
2	1	18.11 1	79.958 1
2	1	18.170 1	79.647 1
2	1	18.977 1	79.132 1
2	1	18.2435 1	79.312 1
2	1	18.3013 1	79.808 1
2	1	18.620 1	79.92 1
3	2	18.2854 0.525 18.2927 1	79.1029 1
2	1	18.2347 1	79.973 1
2	1	18.3277 1	79.473 1
2	1	18.609 1	79.287 1
2	1	18.2926 1	79.1030 1
2	1	18.2908 1	79.983 1
2	1	18.3245 1	79.625 1
2	1	18.171 1	79.646 1
2	1	18.1999 1	79.506 1
2	1	18.1317 1	79.58 1
2	1	18.1512 1	79.1010 1
2	1	18.249 1	79.182 1
2	1	18.2613 1	79.876 1
2	1	18.1420 1	79.825 1
2	1	18.256 1	79.722 1
2	1	18.3272 1	79.599 1
2	1	18.2425 1	79.772 1
2	1	18.2601 1	79.890 1
2	1	18.535 1	79.693 1
2	1	18.2160 1	79.562 1
3	2	18.1116 1 18.205 0.647	79.140 1
2	1	18.3266 1	79.605 1
2	1	18.3044 1	79.707 1
2	1	18.2112 1	79.849 1
2	1	18.3163 1	79.524 1
2	1	18.3209 1	79.939 1
2	1	18.802 1	79.504 1
2	1	18.604 1	79.48 1
2	1	18.1765 1	79.596 1
2	1	18.497 1	79.837 1
2	1	18.3197 1	79.680 1
2	1	18.1100 1	79.909 1
2	1	18.22 1	79.752 1
2	1	18.3230 1	79.333 1
2	1	18.1085 1	79.629 1
2	1	18.3200 1	79.677 1
2	1	18.1513 1	79.1009 1
2	1	18.978 1	79.131 1
2	1	18.2360 1	79.896 1
2	1	18.3235 1	79.336 1
2	1	18.1574 1	79.784 1
2	1	18.1417 1	79.822 1
2	1	18.403 1	79.32 1
2	1	18.2553 1	79.18 1
2	1	18.270 1	79.833 1
2	1	18.2612 1	79.877 1
2	1	18.3099 1	79.7 1
2	1	18.607 1	79.289 1
2	1	18.2546 1	79.24 1
2	1	18.555 1	79.137 1
2	1	18.2426 1	79.771 1
2	1	18.3252 1	79.619 1
2	1	18.1259 1	79.904 1
2	1	18.3271 1	79.600 1
2	1	18.2778 1	79.266 1
3	2	18.1868 0.500 18.2924 1	79.111 1
2	1	18.10 1	79.957 1
2	1	18.1044 1	79.715 1
2	1	18.2552 1	79.19 1
2	1	18.2665 1	79.639 1
2	1	18.3264 1	79.607 1
2	1	18.1573 1	79.785 1
2	1	18.498 1	79.835 1
3	2	18.2163 1	79.558 1 79.787 0.817
2	1	18.873 1	79.188 1
2	1	18.2164 1	79.557 1
2	1	18.3196 1	79.681 1
2	1	18.744 1	79.464 1
2	1	18.2664 1	79.640 1
2	1	18.3048 1	79.689 1
2	1	18.345 1	79.364 1
2	1	18.1681 1	79.757 1
2	1	18.856 1	79.124 1
2	1	18.3097 1	79.9 1
2	1	18.1502 1	79.1020 1
2	1	18.244 1	79.176 1
2	1	18.2148 1	79.1057 1
2	1	18.3255 1	79.616 1
2	1	18.742 1	79.462 1
2	1	18.961 1	79.1055 1
2	1	18.743 1	79.463 1
2	1	18.2092 1	79.109 1
2	1	18.230 1	79.487 1
2	1	18.835 1	79.74 1
2	1	18.1521 1	79.763 1
3	2	18.1155 0.277 18.1752 1	79.967 1
2	1	18.277 1	79.216 1
2	1	18.2161 1	79.561 1
2	1	18.2522 1	79.251 1
2	1	18.855 1	79.125 1
2	1	18.2614 1	79.875 1
2	1	18.612 1	79.284 1
2	1	18.842 1	79.68 1
2	1	18.647 1	79.360 1
2	1	18.3257 1	79.614 1
2	1	18.2906 1	79.271 1
2	1	18.1025 1	79.405 1
2	1	18.3260 1	79.611 1
2	1	18.951 1	79.1 1
2	1	18.3211 1	79.937 1
2	1	18.1092 1	79.742 1
2	1	18.2997 1	79.66 1
2	1	18.2602 1	79.889 1
2	1	18.839 1	79.71 1
2	1	18.644 1	79.359 1
2	1	18.1292 1	79.739 1
2	1	18.2808 1	79.1060 1
2	1	18.3208 1	79.940 1
2	1	18.2190 1	79.565 1
2	1	18.819 1	79.995 1
2	1	18.1356 1	79.81 1
2	1	18.2666 1	79.638 1
2	1	18.3075 1	79.545 1
2	1	18.619 1	79.91 1
2	1	18.2910 1	79.984 1
2	1	18.530 1	79.697 1
2	1	18.2958 1	79.469 1
2	1	18.1514 1	79.819 1
2	1	18.3226 1	79.326 1
2	1	18.949 1	79.107 1
2	1	18.3243 1	79.342 1
2	1	18.1099 1	79.910 1
2	1	18.1509 1	79.1013 1
2	1	18.24 1	79.754 1
2	1	18.2536 1	79.269 1
2	1	18.7 1	79.954 1
2	1	18.834 1	79.75 1
6	8	18.2341 1 18.1884 1 18.1651 0.413 18.2600 0.194	79.576 1 79.894 1
2	1	18.601 1	79.798 1
5	4	18.2068 0.084 18.2821 0.110 18.2825 0.093 18.544 1	79.386 1
2	1	18.857 1	79.123 1
2	1	18.3265 1	79.606 1
2	1	18.3016 1	79.811 1
2	1	18.3010 1	79.805 1
2	1	18.1005 1	79.155 1
2	1	18.1764 1	79.595 1
2	1	18.480 1	79.870 1
2	1	18.3203 1	79.264 1
2	1	18.2132 1	79.989 1
2	1	18.3152 1	79.302 1
2	1	18.3210 1	79.938 1
2	1	18.3074 1	79.546 1
2	1	18.3254 1	79.617 1
2	1	18.3018 1	79.813 1
4	3	18.1494 0.267 18.1905 1 18.2580 0.356	79.966 1
4	3	18.353 1	79.290 0.898 79.418 0.805 79.756 1
2	1	18.1279 1	79.696 1
2	1	18.2786 1	79.437 1
2	1	18.2140 1	79.201 1
2	1	18.1257 1	79.350 1
2	1	18.3276 1	79.817 1
2	1	18.600 1	79.799 1
2	1	18.21 1	79.751 1
2	1	18.2173 1	79.452 1
2	1	18.23 1	79.753 1
3	2	18.2948 1 18.514 0.250	79.387 1
2	1	18.2525 1	79.249 1
2	1	18.232 1	79.489 1
2	1	18.326 1	79.41 1
2	1	18.932 1	79.275 1
2	1	18.3248 1	79.622 1
2	1	18.2162 1	79.560 1
2	1	18.3156 1	79.530 1
3	2	18.1876 0.683 18.2852 1	79.152 1
2	1	18.2415 1	79.162 1
2	1	18.405 1	79.30 1
2	1	18.1832 1	79.446 1
2	1	18.3262 1	79.609 1
2	1	18.3258 1	79.613 1
2	1	18.2109 1	79.851 1
2	1	18.2648 1	79.224 1
2	1	18.608 1	79.288 1
2	1	18.3246 1	79.624 1
2	1	18.848 1	79.1002 1
2	1	18.1286 1	79.225 1
2	1	18.2810 1	79.1058 1
2	1	18.3150 1	79.262 1
4	4	18.1748 1 18.1909 0.275	79.537 1 79.653 0.119
2	1	18.3249 1	79.621 1
2	1	18.3100 1	79.6 1
2	1	18.1216 1	79.305 1
9	8	18.1113 0.352 18.1607 0.625 18.1955 1 18.1976 0.591 18.206 0.761 18.2629 0.330 18.2963 0.237 18.84 0.455	79.142 1
2	1	18.830 1	79.79 1
2	1	18.3256 1	79.615 1
2	1	18.1048 1	79.228 1
2	1	18.1101 1	79.908 1
2	1	18.1525 1	79.863 1
3	2	18.2719 0.227 18.2921 1	79.293 1
2	1	18.478 1	79.89 1
2	1	18.618 1	79.278 1
2	1	18.195 1	79.441 1
2	1	18.1418 1	79.823 1
2	1	18.3267 1	79.604 1
2	1	18.3273 1	79.598 1
2	1	18.1041 1	79.718 1
2	1	18.1506 1	79.1016 1
2	1	18.3261 1	79.610 1
2	1	18.3193 1	79.790 1
2	1	18.1097 1	79.912 1
2	1	18.1416 1	79.821 1
2	1	18.524 1	79.51 1
2	1	18.2480 1	79.99 1
3	2	18.1276 1 18.529 0.316	79.698 1
2	1	18.611 1	79.285 1
2	1	18.1026 1	79.406 1
8	7	18.1450 1 18.1738 0.782 18.1921 0.898 18.2283 0.762 18.2504 0.717 18.2644 0.581 18.2887 0.106	79.770 1
2	1	18.1816 1	79.495 1
2	1	18.1806 1	79.970 1
2	1	18.342 1	79.367 1
2	1	18.927 1	79.946 1
2	1	18.950 1	79.106 1
2	1	18.3270 1	79.601 1
2	1	18.913 1	79.154 1
2	1	18.2414 1	79.161 1
2	1	18.1873 1	79.150 1
2	1	18.2413 1	79.160 1
2	1	18.3268 1	79.603 1
2	1	18.2689 1	79.1003 1
2	1	18.3112 1	79.42 1
2	1	18.3238 1	79.339 1
2	1	18.2943 1	79.389 1
2	1	18.610 1	79.286 1
2	1	18.1833 1	79.447 1
2	1	18.1548 1	79.990 1
2	1	18.1522 1	79.764 1
2	1	18.3021 1	79.432 1
2	1	18.737 1	79.459 1
2	1	18.1519 1	79.761 1
2	1	18.1256 1	79.52 1
2	1	18.946 1	79.1048 1
2	1	18.928 1	79.945 1
2	1	18.1779 1	79.226 1
2	1	18.2615 1	79.874 1
2	1	18.586 1	79.711 1
2	1	18.1321 1	79.846 1
2	1	18.1736 1	79.408 1
2	1	18.1993 1	79.513 1
2	1	18.336 1	79.734 1
2	1	18.934 1	79.277 1
2	1	18.3263 1	79.608 1
2	1	18.2551 1	79.20 1
2	1	18.616 1	79.280 1
2	1	18.1087 1	79.631 1
2	1	18.487 1	79.926 1
2	1	18.1246 1	79.252 1
2	1	18.621 1	79.93 1
2	1	18.3023 1	79.430 1
2	1	18.25 1	79.755 1
2	1	18.477 1	79.88 1
3	2	18.1742 0.104 18.1915 1	79.903 1
2	1	18.699 1	79.1040 1
2	1	18.750 1	79.868 1
2	1	18.79 1	79.443 1
2	1	18.1098 1	79.911 1
4	3	18.2726 1	79.104 1 79.122 0.222 79.236 0.333
2	1	18.479 1	79.871 1
2	1	18.558 1	79.371 1
2	1	18.3251 1	79.620 1
2	1	18.3191 1	79.793 1
2	1	18.1029 1	79.411 1
2	1	18.3216 1	79.900 1
2	1	18.510 1	79.553 1
2	1	18.1686 1	79.1037 1
2	1	18.2352 1	79.853 1
2	1	18.1994 1	79.511 1
2	1	18.3259 1	79.612 1
2	1	18.1024 1	79.404 1
9	8	18.1115 0.714 18.1485 1 18.1608 0.429 18.1977 0.429 18.82 1 18.1058 1 18.1953 1 18.2627 1	79.141 1
2	1	18.484 1	79.929 1
2	1	18.2359 1	79.897 1
2	1	18.1089 1	79.633 1
2	1	18.2711 1	79.578 1
2	1	18.1091 1	79.634 1
2	1	18.2809 1	79.1059 1
2	1	18.3195 1	79.682 1
2	1	18.2907 1	79.299 1
3	2	18.1095 1	79.747 1 79.914 0.147
2	1	18.3227 1	79.327 1
2	1	18.1817 1	79.496 1
2	1	18.732 1	79.457 1
2	1	18.1515 1	79.820 1
6	8	18.1866 0.842 18.2860 0.842 18.2922 1 18.72 0.316	79.292 0.774 79.987 1
6	5	18.1867 0.133 18.2718 0.521 18.2858 1 18.2923 0.958 18.658 0.061	79.112 1
2	1	18.3207 1	79.941 1
2	1	18.554 1	79.135 1
2	1	18.17 1	79.748 1
2	1	18.98 1	79.651 1
2	1	18.3121 1	79.352 1
2	1	18.250 1	79.183 1
2	1	18.2984 1	79.115 1
2	1	18.2537 1	79.268 1
2	1	18.1217 1	79.306 1
2	1	18.1539 1	79.258 1
5	6	18.931 1 18.493 1	79.567 1 79.455 1 79.920 0.061
4	3	18.1545 1	79.121 0.652 79.380 1 79.656 0.761
2	1	18.2673 1	79.314 1
2	1	18.509 1	79.550 1
2	1	18.2812 1	79.775 1
2	1	18.281 1	79.219 1
2	1	18.976 1	79.133 1
3	2	18.1992 1 18.1419 1	79.514 1
2	1	18.1040 1	79.719 1
2	1	18.2769 1	79.165 1
2	1	18.12 1	79.959 1
2	1	18.2007 1	79.575 1
7	6	18.1490 0.867 18.1606 1 18.1956 0.900 18.207 0.667 18.2179 0.567 18.2630 0.883	79.935 1
2	1	18.3202 1	79.263 1
2	1	18.2603 1	79.888 1
2	1	18.2913 1	79.241 1
2	1	18.259 1	79.120 1
2	1	18.175 1	79.385 1
7	10	18.1732 0.596 18.1925 1 18.2274 0.484 18.2498 0.196 18.2639 0.059	79.539 0.897 79.668 1
2	1	18.1997 1	79.508 1
2	1	18.1689 1	79.119 1
2	1	18.2194 1	79.163 1
2	1	18.333 1	79.736 1
3	2	18.2440 1 18.787 0.375	79.699 1
2	1	18.2524 1	79.250 1
2	1	18.3126 1	79.943 1
2	1	18.3020 1	79.194 1
9	14	18.1053 1 18.29 0.910 18.1491 1 18.1605 1 18.1957 1 18.1974 1 18.2631 1	79.238 0.267 79.934 1
4	3	18.1523 1	79.1006 0.407 79.375 0.529 79.768 1
2	1	18.2770 1	79.1026 1
2	1	18.1575 1	79.783 1
2	1	18.2113 1	79.108 1
2	1	18.753 1	79.26 1
2	1	18.2093 1	79.110 1
2	1	18.3078 1	79.542 1
2	1	18.276 1	79.213 1
2	1	18.2348 1	79.856 1
2	1	18.1520 1	79.762 1
2	1	18.3223 1	79.323 1
7	6	18.1130 1 18.162 0.149 18.1692 0.236 18.2720 0.134 18.2920 0.211 18.73 0.263	79.294 1
2	1	18.3204 1	79.942 1
2	1	18.467 1	79.407 1
3	2	18.35 1	79.377 0.792 79.671 1
2	1	18.117 1	79.692 1
2	1	18.3244 1	79.626 1
2	1	18.3049 1	79.690 1
2	1	18.1996 1	79.509 1
2	1	18.3129 1	79.584 1
3	2	18.2069 1	79.414 1 79.691 1
3	2	18.1006 0.094 18.2730 1	79.64 1
2	1	18.3164 1	79.516 1
2	1	18.1008 1	79.395 1
2	1	18.1096 1	79.913 1
2	1	18.2521 1	79.980 1
2	1	18.1124 1	79.197 1
3	2	18.1233 0.071 18.1860 1	79.59 1
2	1	18.389 1	79.117 1
2	1	18.1963 1	79.410 1
