Size	Relations	OrthoA	OrthoB
2	1	3.347 1	94.668 1
2	1	3.572 1	94.1376 1
2	1	3.214 1	94.1554 1
2	1	3.222 1	94.1225 1
2	1	3.437 1	94.1840 1
2	1	3.97 1	94.27 1
3	2	3.373 1	94.1355 1 94.1142 0.679
2	1	3.64 1	94.1432 1
2	1	3.54 1	94.309 1
2	1	3.191 1	94.1409 1
2	1	3.388 1	94.934 1
2	1	3.340 1	94.302 1
2	1	3.129 1	94.1201 1
2	1	3.316 1	94.685 1
2	1	3.200 1	94.635 1
2	1	3.506 1	94.1706 1
2	1	3.354 1	94.1608 1
2	1	3.295 1	94.70 1
2	1	3.330 1	94.1538 1
2	1	3.417 1	94.340 1
2	1	3.443 1	94.1502 1
2	1	3.99 1	94.25 1
2	1	3.332 1	94.15 1
2	1	3.446 1	94.1506 1
2	1	3.133 1	94.206 1
2	1	3.407 1	94.1182 1
2	1	3.28 1	94.1316 1
2	1	3.517 1	94.1293 1
2	1	3.547 1	94.1783 1
2	1	3.149 1	94.1336 1
2	1	3.624 1	94.477 1
2	1	3.464 1	94.2032 1
2	1	3.359 1	94.1592 1
2	1	3.75 1	94.983 1
2	1	3.549 1	94.829 1
2	1	3.286 1	94.433 1
2	1	3.498 1	94.1686 1
2	1	3.335 1	94.1450 1
2	1	3.311 1	94.1405 1
2	1	3.70 1	94.401 1
2	1	3.405 1	94.1641 1
2	1	3.34 1	94.1429 1
2	1	3.350 1	94.2097 1
2	1	3.184 1	94.1026 1
2	1	3.509 1	94.1703 1
2	1	3.301 1	94.1043 1
2	1	3.416 1	94.339 1
2	1	3.289 1	94.194 1
2	1	3.411 1	94.393 1
2	1	3.620 1	94.749 1
2	1	3.60 1	94.30 1
2	1	3.202 1	94.895 1
2	1	3.219 1	94.747 1
2	1	3.628 1	94.473 1
2	1	3.336 1	94.1451 1
2	1	3.561 1	94.1834 1
2	1	3.72 1	94.1508 1
2	1	3.318 1	94.1085 1
2	1	3.582 1	94.744 1
2	1	3.156 1	94.621 1
2	1	3.181 1	94.470 1
2	1	3.33 1	94.1428 1
2	1	3.225 1	94.1724 1
2	1	3.327 1	94.1470 1
2	1	3.352 1	94.1610 1
2	1	3.609 1	94.604 1
2	1	3.597 1	94.2009 1
2	1	3.142 1	94.1184 1
2	1	3.36 1	94.1431 1
2	1	3.155 1	94.1348 1
2	1	3.351 1	94.1611 1
2	1	3.84 1	94.1252 1
2	1	3.95 1	94.1352 1
2	1	3.229 1	94.16 1
2	1	3.616 1	94.759 1
2	1	3.337 1	94.1452 1
2	1	3.117 1	94.797 1
2	1	3.485 1	94.1162 1
2	1	3.476 1	94.555 1
2	1	3.297 1	94.68 1
2	1	3.418 1	94.341 1
2	1	3.100 1	94.24 1
2	1	3.41 1	94.2148 1
2	1	3.621 1	94.2058 1
2	1	3.445 1	94.1505 1
2	1	3.47 1	94.606 1
2	1	3.622 1	94.2059 1
2	1	3.122 1	94.729 1
2	1	3.342 1	94.1125 1
2	1	3.306 1	94.1111 1
2	1	3.310 1	94.1406 1
2	1	3.606 1	94.1078 1
2	1	3.185 1	94.543 1
2	1	3.207 1	94.900 1
2	1	3.158 1	94.619 1
2	1	3.638 1	94.1989 1
2	1	3.230 1	94.17 1
2	1	3.458 1	94.422 1
2	1	3.128 1	94.647 1
2	1	3.274 1	94.1889 1
2	1	3.537 1	94.1239 1
2	1	3.596 1	94.2010 1
2	1	3.277 1	94.1846 1
3	2	3.544 1	94.1006 1 94.999 0.722
2	1	3.377 1	94.673 1
2	1	3.21 1	94.1800 1
2	1	3.77 1	94.981 1
2	1	3.43 1	94.2150 1
2	1	3.249 1	94.1579 1
2	1	3.626 1	94.475 1
2	1	3.30 1	94.1318 1
2	1	3.138 1	94.1512 1
2	1	3.456 1	94.420 1
2	1	3.276 1	94.1847 1
2	1	3.510 1	94.1702 1
2	1	3.146 1	94.636 1
2	1	3.425 1	94.52 1
2	1	3.479 1	94.568 1
2	1	3.432 1	94.323 1
2	1	3.56 1	94.311 1
2	1	3.578 1	94.740 1
2	1	3.630 1	94.365 1
2	1	3.218 1	94.746 1
2	1	3.467 1	94.2035 1
2	1	3.217 1	94.745 1
2	1	3.444 1	94.1504 1
2	1	3.595 1	94.2011 1
2	1	3.65 1	94.1433 1
2	1	3.186 1	94.542 1
2	1	3.357 1	94.1594 1
2	1	3.629 1	94.366 1
2	1	3.31 1	94.1319 1
2	1	3.216 1	94.1556 1
2	1	3.507 1	94.1705 1
2	1	3.314 1	94.687 1
2	1	3.601 1	94.1202 1
2	1	3.465 1	94.2033 1
2	1	3.599 1	94.1982 1
2	1	3.238 1	94.623 1
2	1	3.159 1	94.618 1
2	1	3.206 1	94.899 1
2	1	3.25 1	94.1796 1
2	1	3.382 1	94.1489 1
2	1	3.224 1	94.1719 1
2	1	3.150 1	94.1337 1
2	1	3.183 1	94.1027 1
2	1	3.22 1	94.1799 1
2	1	3.141 1	94.1185 1
2	1	3.409 1	94.395 1
2	1	3.542 1	94.997 1
2	1	3.71 1	94.1509 1
2	1	3.208 1	94.901 1
2	1	3.205 1	94.898 1
2	1	3.15 1	94.804 1
2	1	3.535 1	94.1241 1
2	1	3.226 1	94.276 1
2	1	3.67 1	94.1437 1
2	1	3.499 1	94.1687 1
2	1	3.610 1	94.553 1
2	1	3.57 1	94.312 1
2	1	3.358 1	94.1593 1
2	1	3.404 1	94.1640 1
2	1	3.46 1	94.605 1
2	1	3.228 1	94.274 1
2	1	3.227 1	94.275 1
2	1	3.102 1	94.22 1
2	1	3.457 1	94.421 1
2	1	3.607 1	94.1079 1
2	1	3.166 1	94.1999 1
2	1	3.201 1	94.894 1
2	1	3.69 1	94.402 1
2	1	3.424 1	94.51 1
2	1	3.455 1	94.419 1
2	1	3.86 1	94.602 1
2	1	3.320 1	94.818 1
2	1	3.534 1	94.1242 1
2	1	3.196 1	94.781 1
2	1	3.343 1	94.1126 1
2	1	3.641 1	94.263 1
2	1	3.40 1	94.2147 1
2	1	3.23 1	94.1798 1
2	1	3.619 1	94.750 1
2	1	3.29 1	94.1317 1
2	1	3.478 1	94.567 1
2	1	3.55 1	94.310 1
2	1	3.305 1	94.1112 1
2	1	3.319 1	94.819 1
2	1	3.592 1	94.186 1
2	1	3.162 1	94.615 1
2	1	3.275 1	94.1848 1
2	1	3.503 1	94.1321 1
2	1	3.469 1	94.2037 1
2	1	3.232 1	94.479 1
2	1	3.239 1	94.622 1
2	1	3.68 1	94.1438 1
2	1	3.562 1	94.1835 1
2	1	3.321 1	94.817 1
2	1	3.313 1	94.688 1
2	1	3.587 1	94.48 1
2	1	3.459 1	94.405 1
2	1	3.288 1	94.195 1
2	1	3.402 1	94.1051 1
2	1	3.127 1	94.648 1
2	1	3.145 1	94.637 1
2	1	3.557 1	94.1828 1
2	1	3.163 1	94.614 1
2	1	3.612 1	94.551 1
2	1	3.536 1	94.1240 1
2	1	3.140 1	94.1510 1
2	1	3.591 1	94.187 1
2	1	3.187 1	94.541 1
2	1	3.348 1	94.669 1
2	1	3.160 1	94.617 1
2	1	3.389 1	94.933 1
2	1	3.101 1	94.23 1
2	1	3.400 1	94.162 1
2	1	3.488 1	94.257 1
2	1	3.132 1	94.207 1
2	1	3.3 1	94.1531 1
2	1	3.585 1	94.50 1
2	1	3.490 1	94.259 1
2	1	3.533 1	94.1243 1
2	1	3.215 1	94.1555 1
2	1	3.315 1	94.686 1
2	1	3.581 1	94.743 1
2	1	3.284 1	94.453 1
2	1	3.590 1	94.188 1
2	1	3.502 1	94.1320 1
2	1	3.604 1	94.937 1
2	1	3.426 1	94.53 1
2	1	3.103 1	94.21 1
2	1	3.35 1	94.1430 1
2	1	3.376 1	94.672 1
2	1	3.566 1	94.1971 1
2	1	3.199 1	94.784 1
2	1	3.115 1	94.795 1
2	1	3.96 1	94.1353 1
2	1	3.555 1	94.1826 1
2	1	3.147 1	94.1334 1
2	1	3.144 1	94.638 1
2	1	3.398 1	94.160 1
2	1	3.451 1	94.1768 1
2	1	3.623 1	94.478 1
2	1	3.309 1	94.1407 1
2	1	3.124 1	94.1295 1
2	1	3.300 1	94.1044 1
2	1	3.194 1	94.779 1
2	1	3.523 1	94.1217 1
2	1	3.148 1	94.1335 1
2	1	3.139 1	94.1511 1
2	1	3.508 1	94.1704 1
2	1	3.466 1	94.2034 1
2	1	3.63 1	94.1285 1
2	1	3.489 1	94.258 1
2	1	3.51 1	94.609 1
2	1	3.98 1	94.26 1
2	1	3.298 1	94.1046 1
2	1	3.299 1	94.1045 1
2	1	3.553 1	94.1468 1
2	1	3.431 1	94.324 1
2	1	3.500 1	94.1688 1
2	1	3.580 1	94.742 1
2	1	3.52 1	94.612 1
2	1	3.110 1	94.790 1
2	1	3.631 1	94.364 1
2	1	3.167 1	94.2000 1
2	1	3.554 1	94.1467 1
2	1	3.39 1	94.2146 1
2	1	3.161 1	94.616 1
2	1	3.560 1	94.1833 1
2	1	3.569 1	94.1974 1
2	1	3.113 1	94.793 1
2	1	3.438 1	94.910 1
2	1	3.8 1	94.1525 1
2	1	3.293 1	94.72 1
2	1	3.439 1	94.909 1
2	1	3.497 1	94.1685 1
2	1	3.410 1	94.394 1
2	1	3.611 1	94.552 1
2	1	3.192 1	94.1408 1
2	1	3.323 1	94.690 1
2	1	3.153 1	94.1343 1
2	1	3.88 1	94.600 1
2	1	3.92 1	94.1349 1
2	1	3.20 1	94.1801 1
2	1	3.292 1	94.73 1
2	1	3.38 1	94.2144 1
2	1	3.94 1	94.1351 1
2	1	3.419 1	94.342 1
2	1	3.586 1	94.49 1
2	1	3.363 1	94.1313 1
2	1	3.118 1	94.1996 1
2	1	3.574 1	94.1374 1
2	1	3.231 1	94.18 1
2	1	3.519 1	94.2013 1
2	1	3.617 1	94.758 1
2	1	3.334 1	94.2 1
2	1	3.264 1	94.1016 1
2	1	3.520 1	94.2014 1
2	1	3.579 1	94.741 1
2	1	3.608 1	94.1080 1
2	1	3.390 1	94.932 1
2	1	3.203 1	94.896 1
2	1	3.87 1	94.601 1
2	1	3.116 1	94.796 1
2	1	3.296 1	94.69 1
2	1	3.515 1	94.1522 1
2	1	3.440 1	94.907 1
2	1	3.522 1	94.1219 1
2	1	3.328 1	94.1475 1
2	1	3.341 1	94.1124 1
2	1	3.525 1	94.1215 1
2	1	3.42 1	94.2149 1
2	1	3.442 1	94.1503 1
2	1	3.429 1	94.326 1
2	1	3.447 1	94.1507 1
2	1	3.317 1	94.1090 1
2	1	3.112 1	94.792 1
2	1	3.14 1	94.803 1
2	1	3.415 1	94.338 1
2	1	3.559 1	94.1832 1
2	1	3.632 1	94.315 1
2	1	3.477 1	94.554 1
2	1	3.460 1	94.404 1
2	1	3.568 1	94.1973 1
2	1	3.366 1	94.2093 1
2	1	3.468 1	94.2036 1
2	1	3.524 1	94.1216 1
2	1	3.108 1	94.788 1
2	1	3.567 1	94.1972 1
2	1	3.435 1	94.1187 1
2	1	3.120 1	94.1994 1
2	1	3.49 1	94.607 1
2	1	3.13 1	94.802 1
2	1	3.307 1	94.1110 1
2	1	3.165 1	94.1998 1
2	1	3.481 1	94.571 1
2	1	3.414 1	94.337 1
2	1	3.131 1	94.208 1
2	1	3.109 1	94.789 1
2	1	3.114 1	94.794 1
2	1	3.573 1	94.1375 1
2	1	3.461 1	94.403 1
2	1	3.74 1	94.984 1
2	1	3.44 1	94.2151 1
2	1	3.83 1	94.1170 1
2	1	3.11 1	94.800 1
2	1	3.487 1	94.255 1
2	1	3.198 1	94.783 1
2	1	3.250 1	94.1576 1
2	1	3.463 1	94.2031 1
2	1	3.470 1	94.2038 1
2	1	3.642 1	94.262 1
2	1	3.152 1	94.1342 1
2	1	3.93 1	94.1350 1
2	1	3.263 1	94.1014 1
2	1	3.430 1	94.325 1
2	1	3.178 1	94.464 1
2	1	3.193 1	94.778 1
2	1	3.353 1	94.1609 1
2	1	3.360 1	94.1591 1
2	1	3.303 1	94.496 1
2	1	3.180 1	94.466 1
2	1	3.76 1	94.982 1
4	4	3.170 1 3.633 0.100	94.1758 0.943 94.2168 1
2	1	3.356 1	94.1595 1
2	1	3.197 1	94.782 1
2	1	3.204 1	94.897 1
2	1	3.32 1	94.1427 1
2	1	3.4 1	94.1530 1
2	1	3.66 1	94.1436 1
2	1	3.195 1	94.780 1
2	1	3.5 1	94.1529 1
2	1	3.627 1	94.474 1
2	1	3.496 1	94.1684 1
3	2	3.543 1	94.1005 0.444 94.998 1
2	1	3.237 1	94.625 1
2	1	3.107 1	94.787 1
2	1	3.24 1	94.1797 1
2	1	3.558 1	94.1829 1
2	1	3.177 1	94.463 1
2	1	3.383 1	94.1491 1
2	1	3.236 1	94.626 1
2	1	3.104 1	94.20 1
2	1	3.406 1	94.1521 1
2	1	3.546 1	94.1780 1
2	1	3.2 1	94.1532 1
2	1	3.556 1	94.1827 1
2	1	3.589 1	94.37 1
2	1	3.27 1	94.1315 1
2	1	3.106 1	94.786 1
2	1	3.326 1	94.1469 1
2	1	3.220 1	94.383 1
2	1	3.583 1	94.1220 1
2	1	3.294 1	94.71 1
2	1	3.483 1	94.573 1
2	1	3.532 1	94.1244 1
2	1	3.355 1	94.1607 1
2	1	3.427 1	94.235 1
2	1	3.171 1	94.230 1
2	1	3.602 1	94.938 1
2	1	3.137 1	94.1513 1
2	1	3.329 1	94.1537 1
2	1	3.179 1	94.465 1
2	1	3.391 1	94.1164 1
2	1	3.495 1	94.1683 1
2	1	3.119 1	94.1995 1
2	1	3.472 1	94.198 1
2	1	3.50 1	94.608 1
2	1	3.454 1	94.418 1
2	1	3.493 1	94.1484 1
2	1	3.521 1	94.2016 1
2	1	3.283 1	94.1082 1
2	1	3.399 1	94.161 1
2	1	3.482 1	94.572 1
2	1	3.78 1	94.891 1
2	1	3.111 1	94.791 1
2	1	3.126 1	94.649 1
2	1	3.471 1	94.1808 1
2	1	3.151 1	94.1338 1
2	1	3.618 1	94.756 1
2	1	3.164 1	94.1997 1
2	1	3.278 1	94.240 1
2	1	3.364 1	94.2116 1
2	1	3.565 1	94.1970 1
4	3	3.386 1	94.1393 0.052 94.2190 0.111 94.2222 1
2	1	3.10 1	94.799 1
2	1	3.121 1	94.1992 1
2	1	3.339 1	94.353 1
3	2	3.433 1	94.322 1 94.1959 1
2	1	3.73 1	94.985 1
2	1	3.9 1	94.1523 1
3	2	3.62 1	94.1169 1 94.1146 0.734
2	1	3.7 1	94.1526 1
2	1	3.584 1	94.1221 1
2	1	3.135 1	94.2280 1
2	1	3.361 1	94.1590 1
2	1	3.85 1	94.603 1
2	1	3.45 1	94.2152 1
2	1	3.381 1	94.1772 1
2	1	3.413 1	94.334 1
2	1	3.123 1	94.1301 1
2	1	3.26 1	94.1785 1
2	1	3.625 1	94.476 1
2	1	3.265 1	94.1017 1
2	1	3.12 1	94.801 1
2	1	3.61 1	94.31 1
2	1	3.221 1	94.1439 1
2	1	3.393 1	94.530 1
2	1	3.480 1	94.570 1
2	1	3.365 1	94.2266 1
2	1	3.403 1	94.1700 1
2	1	3.154 1	94.1345 1
4	3	3.575 1	94.1394 0.089 94.2194 0.087 94.2221 1
2	1	3.58 1	94.29 1
2	1	3.422 1	94.936 1
2	1	3.254 1	94.1563 1
3	2	3.636 1	94.1760 1 94.2170 0.949
2	1	3.80 1	94.1388 1
2	1	3.408 1	94.396 1
4	3	3.600 1	94.2106 1 94.2207 0.142 94.718 0.136
4	3	3.272 0.814	94.462 0.782 94.2050 0.840 94.2279 0.819
