Size	Relations	OrthoA	OrthoB
2	1	3.572 1	95.383 1
2	1	3.347 1	95.123 1
2	1	3.437 1	95.301 1
2	1	3.122 1	95.758 1
2	1	3.388 1	95.716 1
2	1	3.129 1	95.69 1
2	1	3.340 1	95.309 1
2	1	3.549 1	95.613 1
3	2	3.373 1	95.594 1 95.94 0.625
2	1	3.506 1	95.744 1
2	1	3.133 1	95.314 1
2	1	3.54 1	95.835 1
2	1	3.407 1	95.471 1
2	1	3.301 1	95.160 1
2	1	3.561 1	95.349 1
2	1	3.332 1	95.3 1
2	1	3.222 1	95.681 1
2	1	3.509 1	95.741 1
2	1	3.330 1	95.477 1
2	1	3.99 1	95.13 1
2	1	3.354 1	95.786 1
2	1	3.620 1	95.270 1
2	1	3.184 1	95.198 1
2	1	3.336 1	95.389 1
2	1	3.391 1	95.848 1
2	1	3.621 1	95.379 1
2	1	3.411 1	95.790 1
2	1	3.443 1	95.578 1
2	1	3.72 1	95.163 1
2	1	3.392 1	95.206 1
2	1	3.316 1	95.227 1
2	1	3.622 1	95.378 1
2	1	3.60 1	95.411 1
2	1	3.445 1	95.667 1
2	1	3.70 1	95.249 1
2	1	3.117 1	95.1125 1
2	1	3.582 1	95.273 1
2	1	3.142 1	95.92 1
2	1	3.630 1	95.329 1
2	1	3.33 1	95.779 1
2	1	3.405 1	95.573 1
2	1	3.616 1	95.815 1
2	1	3.352 1	95.785 1
2	1	3.346 1	95.46 1
2	1	3.289 1	95.688 1
2	1	3.610 1	95.86 1
2	1	3.311 1	95.36 1
2	1	3.473 1	95.261 1
2	1	3.249 1	95.460 1
2	1	3.351 1	95.784 1
2	1	3.306 1	95.268 1
2	1	3.185 1	95.516 1
2	1	3.47 1	95.119 1
2	1	3.158 1	95.678 1
2	1	3.21 1	95.332 1
2	1	3.156 1	95.195 1
2	1	3.467 1	95.397 1
2	1	3.597 1	95.190 1
2	1	3.219 1	95.156 1
2	1	3.181 1	95.132 1
2	1	3.297 1	95.238 1
2	1	3.149 1	95.201 1
2	1	3.196 1	95.1109 1
2	1	3.485 1	95.757 1
2	1	3.230 1	95.5 1
2	1	3.595 1	95.192 1
2	1	3.146 1	95.606 1
2	1	3.36 1	95.781 1
2	1	3.67 1	95.225 1
3	2	3.229 1	95.4 1 95.469 0.056
2	1	3.268 1	95.173 1
3	2	3.432 1	95.480 1 95.1132 0.848
2	1	3.578 1	95.275 1
2	1	3.619 1	95.833 1
2	1	3.319 1	95.247 1
2	1	3.544 1	95.135 1
2	1	3.141 1	95.630 1
2	1	3.320 1	95.246 1
2	1	3.498 1	95.618 1
2	1	3.418 1	95.803 1
2	1	3.457 1	95.417 1
2	1	3.507 1	95.743 1
2	1	3.202 1	95.1012 1
2	1	3.43 1	95.846 1
2	1	3.148 1	95.200 1
2	1	3.224 1	95.683 1
2	1	3.238 1	95.194 1
2	1	3.77 1	95.701 1
2	1	3.458 1	95.111 1
2	1	3.206 1	95.311 1
2	1	3.228 1	95.255 1
2	1	3.23 1	95.334 1
2	1	3.517 1	95.63 1
2	1	3.566 1	95.794 1
2	1	3.305 1	95.269 1
2	1	3.596 1	95.191 1
2	1	3.25 1	95.336 1
2	1	3.321 1	95.245 1
2	1	3.55 1	95.834 1
2	1	3.607 1	95.600 1
2	1	3.628 1	95.536 1
2	1	3.128 1	95.70 1
2	1	3.591 1	95.277 1
2	1	3.310 1	95.37 1
2	1	3.510 1	95.740 1
2	1	3.537 1	95.157 1
2	1	3.86 1	95.122 1
2	1	3.364 1	95.1036 1
2	1	3.159 1	95.679 1
2	1	3.612 1	95.84 1
2	1	3.15 1	95.1130 1
2	1	3.140 1	95.306 1
2	1	3.499 1	95.617 1
2	1	3.562 1	95.348 1
2	1	3.40 1	95.845 1
2	1	3.183 1	95.196 1
2	1	3.216 1	95.736 1
2	1	3.359 1	95.625 1
2	1	3.444 1	95.580 1
2	1	3.629 1	95.328 1
2	1	3.456 1	95.474 1
2	1	3.479 1	95.96 1
2	1	3.187 1	95.515 1
2	1	3.557 1	95.353 1
2	1	3.199 1	95.1112 1
2	1	3.163 1	95.584 1
2	1	3.160 1	95.130 1
2	1	3.623 1	95.17 1
2	1	3.555 1	95.355 1
2	1	3.284 1	95.51 1
2	1	3.488 1	95.80 1
2	1	3.335 1	95.388 1
3	2	3.291 1	95.79 1 95.455 0.807
3	2	3.194 1	95.1107 1 95.232 1
2	1	3.534 1	95.696 1
2	1	3.110 1	95.1118 1
4	3	3.68 1	95.456 1 95.423 0.685 95.473 0.761
2	1	3.227 1	95.556 1
2	1	3.465 1	95.402 1
2	1	3.205 1	95.308 1
2	1	3.113 1	95.1121 1
2	1	3.535 1	95.697 1
2	1	3.166 1	95.210 1
2	1	3.103 1	95.9 1
2	1	3.96 1	95.592 1
3	2	3.240 0.483 3.371 1	95.451 1
2	1	3.424 1	95.816 1
2	1	3.476 1	95.252 1
2	1	3.208 1	95.313 1
2	1	3.601 1	95.476 1
3	2	3.241 0.249 3.370 1	95.452 1
2	1	3.100 1	95.12 1
2	1	3.533 1	95.695 1
2	1	3.536 1	95.698 1
2	1	3.469 1	95.396 1
2	1	3.631 1	95.330 1
2	1	3.298 1	95.158 1
2	1	3.466 1	95.401 1
2	1	3.348 1	95.589 1
2	1	3.217 1	95.272 1
2	1	3.124 1	95.139 1
2	1	3.275 1	95.837 1
2	1	3.101 1	95.11 1
2	1	3.431 1	95.435 1
3	2	3.98 1	95.661 1 95.207 0.737
2	1	3.585 1	95.817 1
8	15	3.276 1 3.277 1 3.282 0.313	95.844 1 95.843 1 95.841 0.283 95.840 0.257 95.66 0.089
2	1	3.459 1	95.714 1
2	1	3.590 1	95.278 1
2	1	3.35 1	95.780 1
2	1	3.162 1	95.583 1
2	1	3.215 1	95.735 1
2	1	3.200 1	95.605 1
2	1	3.167 1	95.209 1
2	1	3.226 1	95.555 1
2	1	3.435 1	95.485 1
2	1	3.624 1	95.544 1
3	2	3.337 1	95.390 1 95.413 0.547
2	1	3.490 1	95.82 1
2	1	3.127 1	95.71 1
2	1	3.108 1	95.1116 1
2	1	3.39 1	95.507 1
2	1	3.542 1	95.151 1
2	1	3.63 1	95.673 1
2	1	3.489 1	95.81 1
2	1	3.606 1	95.599 1
2	1	3.617 1	95.319 1
2	1	3.14 1	95.1129 1
2	1	3.343 1	95.323 1
2	1	3.57 1	95.297 1
2	1	3.641 1	95.588 1
2	1	3.197 1	95.1110 1
2	1	3.309 1	95.502 1
2	1	3.147 1	95.199 1
2	1	3.3 1	95.472 1
2	1	3.97 1	95.607 1
2	1	3.525 1	95.341 1
2	1	3.191 1	95.504 1
2	1	3.115 1	95.1123 1
2	1	3.198 1	95.1111 1
2	1	3.116 1	95.1124 1
2	1	3.560 1	95.350 1
2	1	3.114 1	95.1122 1
2	1	3.69 1	95.737 1
2	1	3.13 1	95.1128 1
2	1	3.425 1	95.300 1
2	1	3.342 1	95.322 1
2	1	3.192 1	95.503 1
2	1	3.87 1	95.564 1
2	1	3.144 1	95.611 1
2	1	3.553 1	95.622 1
2	1	3.611 1	95.85 1
2	1	3.626 1	95.525 1
2	1	3.165 1	95.214 1
2	1	3.153 1	95.429 1
2	1	3.112 1	95.1120 1
2	1	3.383 1	95.656 1
2	1	3.88 1	95.566 1
2	1	3.419 1	95.802 1
2	1	3.109 1	95.1117 1
2	1	3.145 1	95.140 1
2	1	3.414 1	95.796 1
2	1	3.554 1	95.224 1
2	1	3.299 1	95.159 1
2	1	3.323 1	95.809 1
2	1	3.46 1	95.120 1
2	1	3.188 1	95.620 1
3	2	3.195 1	95.1108 1 95.231 1
2	1	3.56 1	95.298 1
2	1	3.574 1	95.831 1
2	1	3.293 1	95.407 1
2	1	3.150 1	95.202 1
2	1	3.179 1	95.18 1
2	1	3.225 1	95.684 1
4	4	3.22 1 3.409 0.153	95.333 1 95.641 0.732
2	1	3.463 1	95.404 1
2	1	3.30 1	95.419 1
2	1	3.296 1	95.239 1
2	1	3.461 1	95.739 1
2	1	3.497 1	95.619 1
2	1	3.76 1	95.700 1
3	2	3.193 1	95.1106 1 95.233 1
2	1	3.410 1	95.788 1
2	1	3.357 1	95.162 1
2	1	3.608 1	95.601 1
2	1	3.314 1	95.229 1
2	1	3.462 1	95.738 1
2	1	3.495 1	95.321 1
2	1	3.532 1	95.694 1
2	1	3.329 1	95.35 1
2	1	3.231 1	95.6 1
2	1	3.232 1	95.551 1
2	1	3.111 1	95.1119 1
2	1	3.107 1	95.1115 1
2	1	3.558 1	95.352 1
2	1	3.120 1	95.217 1
2	1	3.94 1	95.623 1
2	1	3.102 1	95.10 1
2	1	3.415 1	95.808 1
2	1	3.95 1	95.591 1
2	1	3.559 1	95.351 1
2	1	3.83 1	95.720 1
2	1	3.500 1	95.616 1
3	2	3.455 1	95.27 1 95.969 0.947
3	2	3.396 1	95.155 0.080 95.318 1
2	1	3.41 1	95.168 1
2	1	3.294 1	95.406 1
2	1	3.178 1	95.644 1
2	1	3.134 1	95.1090 1
2	1	3.433 1	95.464 1
2	1	3.239 1	95.562 1
2	1	3.508 1	95.742 1
2	1	3.583 1	95.343 1
2	1	3.2 1	95.554 1
2	1	3.429 1	95.489 1
6	5	3.62 1	95.344 1 95.345 0.115 95.40 0.721 95.331 0.960 95.745 0.792
4	3	3.477 1	95.254 1 95.528 0.437 95.864 0.375
2	1	3.48 1	95.117 1
2	1	3.151 1	95.693 1
2	1	3.496 1	95.320 1
2	1	3.24 1	95.335 1
2	1	3.292 1	95.408 1
2	1	3.220 1	95.851 1
2	1	3.11 1	95.1127 1
2	1	3.565 1	95.795 1
2	1	3.642 1	95.587 1
2	1	3.74 1	95.560 1
2	1	3.334 1	95.2 1
2	1	3.365 1	95.1035 1
2	1	3.426 1	95.299 1
2	1	3.486 1	95.1026 1
2	1	3.493 1	95.602 1
2	1	3.45 1	95.847 1
2	1	3.130 1	95.639 1
2	1	3.573 1	95.830 1
2	1	3.416 1	95.807 1
2	1	3.131 1	95.704 1
3	2	3.278 1	95.529 1 95.985 0.055
2	1	3.315 1	95.228 1
2	1	3.20 1	95.680 1
2	1	3.272 0.905	95.647 0.905
