Size	Relations	OrthoA	OrthoB
2	1	3.347 1	92.1849 1
2	1	3.346 1	92.1212 1
2	1	3.572 1	92.1257 1
2	1	3.214 1	92.764 1
2	1	3.222 1	92.815 1
2	1	3.437 1	92.2500 1
3	2	3.373 1	92.1244 1 92.1044 0.605
2	1	3.246 1	92.1175 1
2	1	3.191 1	92.678 1
2	1	3.54 1	92.2220 1
2	1	3.64 1	92.477 1
2	1	3.122 1	92.1752 1
2	1	3.388 1	92.1925 1
2	1	3.340 1	92.354 1
2	1	3.129 1	92.1863 1
2	1	3.308 1	92.220 1
2	1	3.200 1	92.1086 1
2	1	3.316 1	92.1713 1
2	1	3.97 1	92.19 1
2	1	3.506 1	92.696 1
2	1	3.28 1	92.1558 1
2	1	3.354 1	92.1530 1
2	1	3.443 1	92.1111 1
2	1	3.547 1	92.2233 1
2	1	3.330 1	92.904 1
2	1	3.417 1	92.945 1
2	1	3.99 1	92.17 1
2	1	3.133 1	92.2509 1
2	1	3.295 1	92.232 1
2	1	3.332 1	92.7 1
2	1	3.407 1	92.2413 1
2	1	3.149 1	92.1217 1
2	1	3.517 1	92.1735 1
2	1	3.464 1	92.240 1
2	1	3.624 1	92.1988 1
2	1	3.359 1	92.1563 1
2	1	3.318 1	92.1019 1
2	1	3.498 1	92.2259 1
2	1	3.286 1	92.1633 1
2	1	3.549 1	92.2306 1
2	1	3.75 1	92.1772 1
2	1	3.405 1	92.2358 1
2	1	3.34 1	92.486 1
2	1	3.311 1	92.683 1
2	1	3.70 1	92.2353 1
2	1	3.81 1	92.2122 1
2	1	3.350 1	92.1463 1
2	1	3.184 1	92.734 1
2	1	3.335 1	92.459 1
2	1	3.509 1	92.699 1
2	1	3.416 1	92.944 1
2	1	3.17 1	92.2600 1
2	1	3.301 1	92.837 1
2	1	3.289 1	92.2198 1
2	1	3.411 1	92.1576 1
2	1	3.60 1	92.23 1
2	1	3.202 1	92.2092 1
2	1	3.219 1	92.2572 1
2	1	3.628 1	92.1992 1
2	1	3.620 1	92.2570 1
2	1	3.370 1	92.2424 1
2	1	3.336 1	92.458 1
2	1	3.561 1	92.280 1
2	1	3.72 1	92.1117 1
2	1	3.156 1	92.1169 1
2	1	3.637 1	92.2426 1
2	1	3.479 1	92.987 1
2	1	3.268 1	92.1151 1
2	1	3.582 1	92.2575 1
2	1	3.33 1	92.487 1
2	1	3.225 1	92.821 1
2	1	3.597 1	92.1186 1
2	1	3.609 1	92.603 1
2	1	3.352 1	92.1532 1
2	1	3.142 1	92.2411 1
2	1	3.155 1	92.1234 1
2	1	3.36 1	92.484 1
2	1	3.351 1	92.1533 1
2	1	3.84 1	92.1545 1
2	1	3.95 1	92.1241 1
2	1	3.229 1	92.8 1
2	1	3.616 1	92.2563 1
2	1	3.337 1	92.457 1
2	1	3.485 1	92.377 1
2	1	3.476 1	92.974 1
2	1	3.117 1	92.404 1
2	1	3.418 1	92.946 1
2	1	3.41 1	92.2673 1
2	1	3.100 1	92.16 1
2	1	3.297 1	92.234 1
2	1	3.392 1	92.1688 1
2	1	3.445 1	92.1114 1
2	1	3.47 1	92.601 1
2	1	3.621 1	92.111 1
2	1	3.622 1	92.112 1
2	1	3.606 1	92.1023 1
2	1	3.185 1	92.668 1
2	1	3.342 1	92.1038 1
2	1	3.306 1	92.2644 1
2	1	3.537 1	92.637 1
2	1	3.310 1	92.682 1
2	1	3.626 1	92.1990 1
2	1	3.158 1	92.1166 1
2	1	3.230 1	92.9 1
2	1	3.458 1	92.1594 1
2	1	3.207 1	92.2086 1
2	1	3.128 1	92.1862 1
2	1	3.638 1	92.2427 1
2	1	3.596 1	92.1185 1
6	5	3.277 1	92.2657 1 92.1668 0.833 92.2723 0.707 92.2724 0.707 92.2725 0.707
2	1	3.138 1	92.1121 1
2	1	3.21 1	92.2240 1
2	1	3.274 1	92.133 1
2	1	3.377 1	92.2334 1
2	1	3.544 1	92.2319 1
2	1	3.520 1	92.1180 1
2	1	3.30 1	92.1556 1
2	1	3.43 1	92.2675 1
2	1	3.77 1	92.1774 1
2	1	3.249 1	92.1380 1
2	1	3.18 1	92.2599 1
2	1	3.510 1	92.700 1
2	1	3.276 1	92.2656 1
2	1	3.570 1	92.99 1
2	1	3.456 1	92.1592 1
2	1	3.569 1	92.98 1
3	2	3.432 1	92.2399 1 92.406 0.816
2	1	3.56 1	92.2218 1
2	1	3.425 1	92.58 1
2	1	3.146 1	92.1087 1
2	1	3.578 1	92.2578 1
2	1	3.630 1	92.1360 1
2	1	3.595 1	92.1184 1
2	1	3.217 1	92.2574 1
2	1	3.218 1	92.2573 1
2	1	3.467 1	92.243 1
2	1	3.444 1	92.1113 1
2	1	3.186 1	92.669 1
2	1	3.65 1	92.476 1
2	1	3.31 1	92.1555 1
2	1	3.629 1	92.1359 1
2	1	3.357 1	92.1565 1
2	1	3.465 1	92.241 1
3	2	3.216 1	92.750 1 92.766 0.807
2	1	3.473 1	92.2201 1
2	1	3.507 1	92.697 1
2	1	3.601 1	92.1932 1
2	1	3.201 1	92.2093 1
2	1	3.314 1	92.1715 1
2	1	3.238 1	92.1171 1
2	1	3.150 1	92.1218 1
2	1	3.22 1	92.2239 1
2	1	3.159 1	92.1165 1
2	1	3.344 1	92.1040 1
2	1	3.206 1	92.2087 1
2	1	3.183 1	92.733 1
2	1	3.409 1	92.1584 1
2	1	3.327 1	92.2039 1
2	1	3.599 1	92.1190 1
2	1	3.542 1	92.2321 1
2	1	3.25 1	92.2236 1
2	1	3.339 1	92.355 1
2	1	3.607 1	92.1022 1
2	1	3.208 1	92.2085 1
2	1	3.446 1	92.1115 1
2	1	3.141 1	92.2410 1
2	1	3.205 1	92.2088 1
2	1	3.71 1	92.1118 1
2	1	3.440 1	92.2080 1
2	1	3.499 1	92.2260 1
2	1	3.226 1	92.2325 1
2	1	3.15 1	92.411 1
2	1	3.228 1	92.2323 1
2	1	3.404 1	92.2357 1
2	1	3.610 1	92.1759 1
2	1	3.46 1	92.602 1
2	1	3.57 1	92.2217 1
2	1	3.102 1	92.14 1
2	1	3.457 1	92.1593 1
2	1	3.220 1	92.809 1
2	1	3.535 1	92.635 1
2	1	3.227 1	92.2324 1
2	1	3.358 1	92.1564 1
2	1	3.93 1	92.1239 1
2	1	3.371 1	92.2423 1
2	1	3.166 1	92.1386 1
2	1	3.69 1	92.2352 1
2	1	3.424 1	92.57 1
2	1	3.455 1	92.1589 1
2	1	3.67 1	92.473 1
2	1	3.86 1	92.605 1
2	1	3.29 1	92.1557 1
2	1	3.534 1	92.634 1
2	1	3.478 1	92.984 1
2	1	3.196 1	92.388 1
2	1	3.40 1	92.2672 1
2	1	3.23 1	92.2238 1
2	1	3.320 1	92.420 1
2	1	3.503 1	92.1553 1
2	1	3.264 1	92.625 1
2	1	3.619 1	92.2569 1
2	1	3.275 1	92.2655 1
2	1	3.343 1	92.1039 1
2	1	3.641 1	92.2472 1
2	1	3.319 1	92.419 1
4	3	3.62 1	92.1731 1 92.1540 0.915 92.2337 0.752
2	1	3.55 1	92.2219 1
2	1	3.554 1	92.2036 1
2	1	3.239 1	92.1170 1
2	1	3.469 1	92.245 1
2	1	3.592 1	92.2583 1
2	1	3.305 1	92.2645 1
2	1	3.247 1	92.1174 1
2	1	3.562 1	92.281 1
2	1	3.68 1	92.472 1
2	1	3.577 1	92.2579 1
2	1	3.232 1	92.1980 1
2	1	3.587 1	92.54 1
2	1	3.613 1	92.1756 1
2	1	3.321 1	92.421 1
2	1	3.245 1	92.1176 1
2	1	3.459 1	92.2349 1
2	1	3.345 1	92.1211 1
2	1	3.162 1	92.1162 1
2	1	3.182 1	92.732 1
2	1	3.313 1	92.1716 1
2	1	3.382 1	92.2057 1
2	1	3.288 1	92.2199 1
2	1	3.127 1	92.1861 1
2	1	3.402 1	92.152 1
2	1	3.348 1	92.1848 1
2	1	3.145 1	92.1088 1
2	1	3.237 1	92.1172 1
2	1	3.140 1	92.1119 1
2	1	3.557 1	92.276 1
2	1	3.612 1	92.1757 1
3	2	3.364 1	92.2914 1 92.2900 1
2	1	3.471 1	92.248 1
2	1	3.187 1	92.670 1
2	1	3.536 1	92.636 1
2	1	3.591 1	92.2584 1
2	1	3.163 1	92.1161 1
2	1	3.139 1	92.1120 1
2	1	3.391 1	92.1686 1
2	1	3.360 1	92.1562 1
2	1	3.389 1	92.1924 1
2	1	3.101 1	92.15 1
2	1	3.488 1	92.2478 1
2	1	3.160 1	92.1164 1
2	1	3.356 1	92.1566 1
2	1	3.490 1	92.2476 1
2	1	3.3 1	92.848 1
2	1	3.533 1	92.633 1
2	1	3.585 1	92.56 1
2	1	3.215 1	92.765 1
2	1	3.236 1	92.1173 1
2	1	3.188 1	92.671 1
2	1	3.315 1	92.1714 1
2	1	3.590 1	92.2585 1
2	1	3.502 1	92.1554 1
2	1	3.426 1	92.59 1
2	1	3.581 1	92.2576 1
2	1	3.532 1	92.632 1
2	1	3.115 1	92.402 1
2	1	3.284 1	92.1637 1
2	1	3.20 1	92.2241 1
2	1	3.566 1	92.95 1
2	1	3.35 1	92.485 1
2	1	3.103 1	92.13 1
2	1	3.199 1	92.391 1
2	1	3.147 1	92.1215 1
2	1	3.376 1	92.2333 1
2	1	3.555 1	92.274 1
2	1	3.96 1	92.1242 1
2	1	3.144 1	92.1089 1
2	1	3.398 1	92.359 1
2	1	3.8 1	92.843 1
2	1	3.300 1	92.836 1
2	1	3.167 1	92.1385 1
2	1	3.124 1	92.1750 1
2	1	3.309 1	92.680 1
2	1	3.400 1	92.361 1
2	1	3.148 1	92.1216 1
2	1	3.194 1	92.386 1
2	1	3.623 1	92.1981 1
2	1	3.224 1	92.818 1
2	1	3.291 1	92.228 1
2	1	3.523 1	92.514 1
2	1	3.180 1	92.2000 1
2	1	3.454 1	92.1588 1
2	1	3.508 1	92.698 1
2	1	3.312 1	92.1717 1
2	1	3.466 1	92.242 1
2	1	3.489 1	92.2477 1
2	1	3.212 1	92.994 1
2	1	3.328 1	92.2041 1
2	1	3.474 1	92.2203 1
2	1	3.98 1	92.18 1
2	1	3.299 1	92.832 1
2	1	3.431 1	92.2398 1
2	1	3.298 1	92.831 1
2	1	3.333 1	92.3 1
2	1	3.553 1	92.2037 1
2	1	3.92 1	92.1237 1
2	1	3.379 1	92.2335 1
2	1	3.428 1	92.2370 1
2	1	3.383 1	92.2060 1
2	1	3.110 1	92.397 1
2	1	3.16 1	92.2601 1
2	1	3.161 1	92.1163 1
2	1	3.552 1	92.588 1
2	1	3.560 1	92.279 1
2	1	3.451 1	92.2911 1
2	1	3.52 1	92.594 1
2	1	3.42 1	92.2674 1
2	1	3.118 1	92.1389 1
2	1	3.39 1	92.2671 1
2	1	3.631 1	92.1361 1
2	1	3.113 1	92.400 1
2	1	3.168 1	92.1454 1
2	1	3.170 1	92.2935 1
2	1	3.192 1	92.679 1
2	1	3.438 1	92.2498 1
2	1	3.27 1	92.1559 1
3	2	3.325 1	92.1500 0.899 92.1722 1
2	1	3.522 1	92.513 1
2	1	3.611 1	92.1758 1
2	1	3.292 1	92.229 1
2	1	3.293 1	92.230 1
2	1	3.500 1	92.2261 1
2	1	3.604 1	92.1928 1
3	2	3.323 1	92.1720 1 92.1502 1
2	1	3.410 1	92.1577 1
2	1	3.181 1	92.1996 1
2	1	3.497 1	92.2258 1
2	1	3.439 1	92.2068 1
2	1	3.441 1	92.2083 1
2	1	3.153 1	92.1232 1
2	1	3.88 1	92.607 1
2	1	3.94 1	92.1240 1
2	1	3.267 1	92.1152 1
2	1	3.586 1	92.55 1
2	1	3.231 1	92.10 1
2	1	3.574 1	92.1255 1
2	1	3.519 1	92.1181 1
2	1	3.317 1	92.1018 1
2	1	3.179 1	92.2001 1
2	1	3.617 1	92.2564 1
2	1	3.334 1	92.2 1
2	1	3.419 1	92.947 1
2	1	3.515 1	92.842 1
2	1	3.579 1	92.2577 1
2	1	3.131 1	92.2514 1
2	1	3.406 1	92.2359 1
2	1	3.423 1	92.1710 1
2	1	3.608 1	92.1021 1
2	1	3.87 1	92.606 1
2	1	3.390 1	92.1923 1
2	1	3.632 1	92.2211 1
2	1	3.116 1	92.403 1
2	1	3.296 1	92.233 1
2	1	3.278 1	92.2662 1
2	1	3.576 1	92.1252 1
2	1	3.447 1	92.1116 1
2	1	3.429 1	92.2396 1
2	1	3.442 1	92.1112 1
2	1	3.525 1	92.516 1
2	1	3.259 1	92.465 1
2	1	3.415 1	92.943 1
2	1	3.481 1	92.989 1
2	1	3.633 1	92.2210 1
2	1	3.112 1	92.399 1
2	1	3.14 1	92.410 1
2	1	3.477 1	92.973 1
2	1	3.559 1	92.278 1
2	1	3.460 1	92.2350 1
2	1	3.190 1	92.676 1
2	1	3.524 1	92.515 1
2	1	3.568 1	92.97 1
2	1	3.260 1	92.464 1
2	1	3.567 1	92.96 1
2	1	3.108 1	92.395 1
2	1	3.26 1	92.2235 1
2	1	3.362 1	92.1560 1
2	1	3.468 1	92.244 1
2	1	3.49 1	92.600 1
2	1	3.414 1	92.942 1
2	1	3.13 1	92.409 1
2	1	3.120 1	92.1391 1
2	1	3.165 1	92.1387 1
2	1	3.253 1	92.774 1
2	1	3.361 1	92.1561 1
2	1	3.573 1	92.1256 1
2	1	3.83 1	92.1541 1
2	1	3.109 1	92.396 1
2	1	3.114 1	92.401 1
2	1	3.461 1	92.2351 1
2	1	3.80 1	92.2123 1
2	1	3.430 1	92.2397 1
2	1	3.11 1	92.407 1
2	1	3.250 1	92.1376 1
2	1	3.44 1	92.2676 1
2	1	3.463 1	92.239 1
2	1	3.571 1	92.102 1
2	1	3.221 1	92.811 1
2	1	3.198 1	92.390 1
2	1	3.303 1	92.2099 1
2	1	3.152 1	92.1231 1
2	1	3.269 1	92.1150 1
2	1	3.353 1	92.1531 1
11	10	3.272 1	92.131 1 92.71 0.761 92.105 0.840 92.140 0.761 92.146 0.761 92.1470 0.761 92.2004 0.782 92.2695 0.812 92.2730 0.812 92.2776 0.812
2	1	3.178 1	92.2002 1
2	1	3.642 1	92.2473 1
2	1	3.66 1	92.474 1
2	1	3.74 1	92.1771 1
2	1	3.366 1	92.1452 1
2	1	3.193 1	92.385 1
2	1	3.372 1	92.1260 1
2	1	3.32 1	92.488 1
2	1	3.475 1	92.975 1
2	1	3.584 1	92.510 1
2	1	3.51 1	92.597 1
2	1	3.307 1	92.2643 1
2	1	3.121 1	92.1393 1
2	1	3.76 1	92.1773 1
2	1	3.197 1	92.389 1
2	1	3.302 1	92.2098 1
2	1	3.204 1	92.2089 1
2	1	3.496 1	92.2257 1
2	1	3.189 1	92.672 1
2	1	3.195 1	92.387 1
2	1	3.543 1	92.2320 1
2	1	3.5 1	92.846 1
2	1	3.177 1	92.2003 1
2	1	3.627 1	92.1991 1
2	1	3.137 1	92.1123 1
2	1	3.107 1	92.394 1
2	1	3.380 1	92.2336 1
2	1	3.412 1	92.1574 1
2	1	3.24 1	92.2237 1
2	1	3.558 1	92.277 1
2	1	3.266 1	92.1153 1
2	1	3.365 1	92.2931 1
2	1	3.280 1	92.2665 1
2	1	3.381 1	92.2225 1
2	1	3.4 1	92.847 1
2	1	3.104 1	92.12 1
2	1	3.331 1	92.905 1
2	1	3.326 1	92.2038 1
2	1	3.2 1	92.850 1
2	1	3.106 1	92.393 1
2	1	3.546 1	92.2227 1
2	1	3.483 1	92.991 1
2	1	3.556 1	92.275 1
2	1	3.598 1	92.1187 1
2	1	3.583 1	92.512 1
3	2	3.171 1	92.2886 0.269 92.2936 1
2	1	3.472 1	92.2200 1
2	1	3.495 1	92.2256 1
2	1	3.355 1	92.1567 1
2	1	3.396 1	92.549 1
2	1	3.294 1	92.231 1
2	1	3.329 1	92.903 1
2	1	3.119 1	92.1390 1
2	1	3.132 1	92.2512 1
2	1	3.203 1	92.2091 1
2	1	3.408 1	92.1586 1
2	1	3.513 1	92.1020 1
2	1	3.209 1	92.2084 1
2	1	3.261 1	92.628 1
2	1	3.482 1	92.990 1
2	1	3.111 1	92.398 1
2	1	3.516 1	92.1733 1
2	1	3.151 1	92.1219 1
2	1	3.594 1	92.2581 1
2	1	3.565 1	92.94 1
2	1	3.164 1	92.1388 1
2	1	3.399 1	92.360 1
2	1	3.73 1	92.1769 1
2	1	3.130 1	92.2515 1
2	1	3.493 1	92.2044 1
2	1	3.575 1	92.1254 1
2	1	3.78 1	92.2147 1
2	1	3.265 1	92.616 1
2	1	3.618 1	92.2568 1
2	1	3.338 1	92.356 1
3	2	3.433 1	92.2400 1 92.89 1
2	1	3.157 1	92.1168 1
2	1	3.285 1	92.1636 1
2	1	3.614 1	92.1755 1
2	1	3.281 1	92.2666 1
2	1	3.427 1	92.2712 1
2	1	3.135 1	92.2696 1
2	1	3.45 1	92.2677 1
2	1	3.602 1	92.1931 1
2	1	3.395 1	92.550 1
2	1	3.492 1	92.2045 1
2	1	3.413 1	92.941 1
2	1	3.625 1	92.1989 1
2	1	3.324 1	92.1721 1
2	1	3.401 1	92.153 1
2	1	3.123 1	92.1751 1
2	1	3.393 1	92.554 1
2	1	3.61 1	92.24 1
2	1	3.279 1	92.2664 1
2	1	3.233 1	92.1978 1
5	4	3.53 1	92.1333 0.054 92.1334 0.050 92.2187 1 92.894 0.473
2	1	3.480 1	92.988 1
2	1	3.59 1	92.22 1
2	1	3.394 1	92.551 1
2	1	3.12 1	92.408 1
2	1	3.422 1	92.1927 1
2	1	3.501 1	92.2262 1
2	1	3.341 1	92.1075 1
2	1	3.79 1	92.2146 1
2	1	3.639 1	92.2428 1
2	1	3.254 1	92.775 1
3	2	3.600 1	92.2602 1 92.2837 0.058
