Size	Relations	OrthoA	OrthoB
2	1	3.572 1	91.884 1
2	1	3.347 1	91.480 1
2	1	3.437 1	91.731 1
2	1	3.246 1	91.682 1
2	1	3.308 1	91.1295 1
2	1	3.122 1	91.1102 1
2	1	3.388 1	91.1155 1
2	1	3.129 1	91.426 1
2	1	3.340 1	91.745 1
2	1	3.549 1	91.1396 1
3	2	3.373 1	91.24 1 91.451 0.599
2	1	3.506 1	91.1128 1
2	1	3.133 1	91.754 1
2	1	3.54 1	91.961 1
2	1	3.407 1	91.214 1
2	1	3.301 1	91.553 1
2	1	3.332 1	91.943 1
2	1	3.561 1	91.789 1
2	1	3.222 1	91.1240 1
2	1	3.509 1	91.1131 1
2	1	3.99 1	91.933 1
2	1	3.330 1	91.207 1
2	1	3.354 1	91.1068 1
2	1	3.75 1	91.1205 1
2	1	3.184 1	91.586 1
2	1	3.620 1	91.699 1
2	1	3.257 1	91.140 1
2	1	3.621 1	91.820 1
2	1	3.336 1	91.890 1
2	1	3.391 1	91.946 1
2	1	3.367 1	91.1253 1
2	1	3.443 1	91.41 1
2	1	3.411 1	91.1064 1
2	1	3.316 1	91.627 1
2	1	3.72 1	91.556 1
2	1	3.392 1	91.596 1
2	1	3.622 1	91.819 1
2	1	3.60 1	91.927 1
2	1	3.70 1	91.674 1
2	1	3.445 1	91.1252 1
2	1	3.609 1	91.477 1
2	1	3.117 1	91.639 1
2	1	3.582 1	91.702 1
2	1	3.155 1	91.619 1
2	1	3.142 1	91.449 1
2	1	3.616 1	91.1026 1
2	1	3.630 1	91.771 1
2	1	3.405 1	91.96 1
2	1	3.33 1	91.1076 1
2	1	3.346 1	91.363 1
2	1	3.352 1	91.1070 1
2	1	3.47 1	91.475 1
2	1	3.289 1	91.1229 1
2	1	3.249 1	91.378 1
4	3	3.473 1	91.689 1 91.48 0.969 91.747 0.832
2	1	3.350 1	91.1306 1
2	1	3.610 1	91.441 1
2	1	3.638 1	91.125 1
2	1	3.476 1	91.677 1
2	1	3.311 1	91.302 1
2	1	3.21 1	91.774 1
2	1	3.306 1	91.697 1
2	1	3.156 1	91.583 1
2	1	3.185 1	91.153 1
2	1	3.597 1	91.578 1
2	1	3.351 1	91.1071 1
2	1	3.181 1	91.493 1
2	1	3.158 1	91.1243 1
2	1	3.467 1	91.899 1
2	1	3.219 1	91.548 1
2	1	3.84 1	91.1348 1
2	1	3.230 1	91.941 1
2	1	3.297 1	91.663 1
2	1	3.485 1	91.1103 1
2	1	3.196 1	91.655 1
2	1	3.149 1	91.589 1
2	1	3.41 1	91.951 1
2	1	3.369 1	91.1254 1
2	1	3.595 1	91.580 1
2	1	3.180 1	91.319 1
2	1	3.138 1	91.1231 1
3	2	3.432 1	91.204 1 91.632 0.848
2	1	3.36 1	91.1074 1
2	1	3.146 1	91.12 1
2	1	3.268 1	91.565 1
2	1	3.141 1	91.408 1
3	2	3.229 1	91.216 0.078 91.942 1
2	1	3.578 1	91.704 1
2	1	3.148 1	91.147 1
2	1	3.67 1	91.623 1
2	1	3.319 1	91.672 1
2	1	3.619 1	91.967 1
2	1	3.544 1	91.498 1
2	1	3.418 1	91.1045 1
3	2	3.457 1	91.257 1 91.909 0.718
2	1	3.498 1	91.1392 1
3	2	3.341 1	91.185 1 91.187 0.902
2	1	3.517 1	91.405 1
2	1	3.320 1	91.671 1
2	1	3.69 1	91.1134 1
2	1	3.458 1	91.469 1
2	1	3.507 1	91.1129 1
2	1	3.236 1	91.684 1
2	1	3.247 1	91.683 1
2	1	3.224 1	91.1238 1
2	1	3.202 1	91.1090 1
3	2	3.628 1	91.1197 0.087 91.852 1
2	1	3.238 1	91.582 1
2	1	3.43 1	91.949 1
3	2	3.206 1	91.751 1 91.1386 0.715
2	1	3.624 1	91.1190 1
2	1	3.232 1	91.322 1
2	1	3.596 1	91.579 1
4	3	3.228 1	91.61 0.063 91.679 1 91.874 0.062
2	1	3.305 1	91.698 1
2	1	3.77 1	91.1202 1
2	1	3.607 1	91.18 1
2	1	3.23 1	91.776 1
2	1	3.25 1	91.778 1
2	1	3.245 1	91.681 1
2	1	3.321 1	91.670 1
2	1	3.310 1	91.301 1
2	1	3.566 1	91.1060 1
2	1	3.81 1	91.811 1
2	1	3.55 1	91.966 1
2	1	3.8 1	91.1383 1
2	1	3.377 1	91.101 1
2	1	3.591 1	91.706 1
2	1	3.200 1	91.13 1
2	1	3.537 1	91.549 1
3	2	3.264 1	91.796 1 91.1294 0.839
2	1	3.456 1	91.211 1
2	1	3.128 1	91.428 1
2	1	3.159 1	91.1242 1
2	1	3.86 1	91.479 1
2	1	3.140 1	91.741 1
2	1	3.216 1	91.1135 1
2	1	3.562 1	91.788 1
2	1	3.15 1	91.634 1
2	1	3.40 1	91.952 1
3	2	3.499 1	91.1393 1 91.310 0.690
2	1	3.612 1	91.439 1
2	1	3.237 1	91.685 1
2	1	3.510 1	91.1132 1
2	1	3.183 1	91.584 1
2	1	3.592 1	91.705 1
2	1	3.139 1	91.1232 1
2	1	3.359 1	91.1385 1
2	1	3.444 1	91.39 1
2	1	3.348 1	91.614 1
3	2	3.479 1	91.1162 0.225 91.456 1
4	3	3.68 1	91.371 0.207 91.620 1 91.212 0.802
2	1	3.629 1	91.770 1
2	1	3.187 1	91.154 1
2	1	3.186 1	91.1247 1
3	2	3.240 0.425 3.371 1	91.136 1
2	1	3.199 1	91.652 1
2	1	3.256 1	91.1371 1
2	1	3.163 1	91.33 1
3	2	3.160 1	91.486 1 91.687 0.765
2	1	3.465 1	91.902 1
2	1	3.557 1	91.793 1
2	1	3.335 1	91.889 1
2	1	3.382 1	91.1265 1
3	2	3.291 1	91.434 1 91.370 0.701
2	1	3.284 1	91.335 1
2	1	3.555 1	91.795 1
2	1	3.623 1	91.321 1
2	1	3.194 1	91.657 1
2	1	3.227 1	91.121 1
2	1	3.488 1	91.435 1
2	1	3.423 1	91.337 1
2	1	3.534 1	91.1222 1
2	1	3.166 1	91.600 1
2	1	3.300 1	91.552 1
2	1	3.110 1	91.646 1
2	1	3.205 1	91.744 1
2	1	3.113 1	91.643 1
2	1	3.535 1	91.1221 1
2	1	3.96 1	91.26 1
2	1	3.103 1	91.937 1
2	1	3.132 1	91.308 1
2	1	3.208 1	91.753 1
2	1	3.358 1	91.1384 1
2	1	3.424 1	91.1025 1
2	1	3.52 1	91.818 1
3	2	3.241 0.248 3.370 1	91.360 1
2	1	3.275 1	91.959 1
2	1	3.601 1	91.209 1
2	1	3.466 1	91.901 1
2	1	3.536 1	91.1220 1
2	1	3.298 1	91.550 1
2	1	3.519 1	91.427 1
2	1	3.217 1	91.701 1
2	1	3.469 1	91.898 1
2	1	3.533 1	91.1223 1
2	1	3.631 1	91.772 1
2	1	3.554 1	91.621 1
2	1	3.190 1	91.170 1
2	1	3.101 1	91.935 1
2	1	3.124 1	91.506 1
2	1	3.368 1	91.1255 1
2	1	3.431 1	91.247 1
2	1	3.93 1	91.1149 1
2	1	3.585 1	91.1024 1
8	15	3.277 1 3.276 1 3.282 0.312	91.954 1 91.953 1 91.409 0.833 91.957 0.403 91.956 0.215
3	2	3.98 1	91.1257 1 91.597 0.738
2	1	3.590 1	91.707 1
2	1	3.459 1	91.1157 1
2	1	3.20 1	91.1241 1
2	1	3.35 1	91.1075 1
2	1	3.162 1	91.34 1
2	1	3.215 1	91.1136 1
2	1	3.100 1	91.934 1
2	1	3.167 1	91.599 1
2	1	3.226 1	91.122 1
2	1	3.108 1	91.648 1
2	1	3.606 1	91.19 1
2	1	3.14 1	91.635 1
2	1	3.343 1	91.766 1
2	1	3.97 1	91.1002 1
3	2	3.613 1	91.1015 0.153 91.239 1
2	1	3.490 1	91.437 1
2	1	3.489 1	91.436 1
2	1	3.191 1	91.172 1
2	1	3.39 1	91.159 1
4	3	3.63 1	91.1246 1 91.1399 0.162 91.739 0.068
2	1	3.127 1	91.429 1
2	1	3.197 1	91.654 1
2	1	3.542 1	91.515 1
2	1	3.57 1	91.727 1
4	3	3.337 1	91.260 0.597 91.517 0.117 91.891 1
2	1	3.617 1	91.762 1
2	1	3.3 1	91.213 1
2	1	3.425 1	91.730 1
2	1	3.147 1	91.587 1
2	1	3.309 1	91.174 1
2	1	3.115 1	91.641 1
2	1	3.198 1	91.653 1
2	1	3.114 1	91.642 1
2	1	3.525 1	91.781 1
2	1	3.641 1	91.30 1
2	1	3.192 1	91.173 1
2	1	3.259 1	91.1309 1
2	1	3.225 1	91.1237 1
2	1	3.13 1	91.636 1
2	1	3.410 1	91.1066 1
2	1	3.560 1	91.790 1
2	1	3.116 1	91.640 1
2	1	3.611 1	91.440 1
3	2	3.323 1	91.1037 1 91.326 0.169
2	1	3.626 1	91.839 1
5	6	3.333 0.052 3.440 1	91.1120 0.672 91.275 0.451 91.277 1
2	1	3.112 1	91.644 1
2	1	3.342 1	91.765 1
2	1	3.87 1	91.109 1
2	1	3.414 1	91.1051 1
2	1	3.553 1	91.1388 1
2	1	3.109 1	91.647 1
2	1	3.165 1	91.602 1
2	1	3.315 1	91.628 1
2	1	3.46 1	91.476 1
2	1	3.188 1	91.1390 1
2	1	3.419 1	91.1046 1
2	1	3.153 1	91.251 1
2	1	3.299 1	91.551 1
2	1	3.144 1	91.9 1
2	1	3.88 1	91.107 1
2	1	3.314 1	91.629 1
2	1	3.574 1	91.1004 1
2	1	3.145 1	91.507 1
2	1	3.195 1	91.656 1
2	1	3.383 1	91.1262 1
2	1	3.357 1	91.555 1
4	4	3.22 1 3.409 0.145	91.775 1 91.1277 0.712
3	2	3.239 1	91.1299 1 91.1314 0.133
9	8	3.62 1	91.1150 1 91.282 0.721 91.557 0.805 91.773 0.960 91.784 0.805 91.785 0.960 91.1127 0.792 91.1298 0.836
2	1	3.608 1	91.17 1
2	1	3.30 1	91.255 1
2	1	3.179 1	91.320 1
2	1	3.293 1	91.923 1
2	1	3.463 1	91.907 1
2	1	3.296 1	91.664 1
3	2	3.461 1	91.1133 1 91.742 0.739
2	1	3.56 1	91.728 1
2	1	3.120 1	91.606 1
2	1	3.586 1	91.661 1
2	1	3.76 1	91.1203 1
2	1	3.111 1	91.645 1
2	1	3.150 1	91.590 1
2	1	3.559 1	91.791 1
2	1	3.193 1	91.658 1
2	1	3.495 1	91.764 1
2	1	3.131 1	91.1160 1
2	1	3.497 1	91.1391 1
2	1	3.329 1	91.304 1
2	1	3.231 1	91.940 1
2	1	3.107 1	91.649 1
2	1	3.415 1	91.1038 1
2	1	3.558 1	91.792 1
3	2	3.396 1	91.547 0.092 91.761 1
2	1	3.400 1	91.166 1
2	1	3.514 1	91.334 1
2	1	3.83 1	91.1151 1
2	1	3.95 1	91.27 1
2	1	3.102 1	91.936 1
2	1	3.500 1	91.1394 1
2	1	3.515 1	91.115 1
2	1	3.532 1	91.1224 1
4	4	3.242 1 3.637 0.064	91.131 1 91.132 0.078
2	1	3.294 1	91.922 1
2	1	3.178 1	91.1274 1
2	1	3.94 1	91.1387 1
2	1	3.433 1	91.235 1
2	1	3.435 1	91.505 1
2	1	3.429 1	91.184 1
2	1	3.31 1	91.817 1
2	1	3.2 1	91.123 1
2	1	3.278 1	91.1126 1
2	1	3.477 1	91.678 1
2	1	3.49 1	91.473 1
2	1	3.508 1	91.1130 1
2	1	3.583 1	91.783 1
2	1	3.177 1	91.1273 1
2	1	3.540 1	91.1192 1
2	1	3.151 1	91.1225 1
2	1	3.455 1	91.543 1
2	1	3.44 1	91.948 1
2	1	3.496 1	91.763 1
2	1	3.292 1	91.924 1
2	1	3.334 1	91.944 1
2	1	3.565 1	91.1059 1
2	1	3.353 1	91.1069 1
2	1	3.642 1	91.31 1
2	1	3.74 1	91.113 1
2	1	3.11 1	91.637 1
2	1	3.24 1	91.777 1
2	1	3.255 1	91.1370 1
2	1	3.573 1	91.1005 1
2	1	3.520 1	91.576 1
2	1	3.45 1	91.947 1
2	1	3.136 1	91.797 1
2	1	3.493 1	91.16 1
2	1	3.439 1	91.274 1
2	1	3.464 1	91.904 1
2	1	3.164 1	91.603 1
2	1	3.632 1	91.1146 1
2	1	3.201 1	91.336 1
2	1	3.189 1	91.169 1
2	1	3.42 1	91.950 1
2	1	3.426 1	91.729 1
3	2	3.272 0.854	91.850 0.803 91.1271 0.905
