Size	Relations	OrthoA	OrthoB
2	1	3.347 1	93.763 1
2	1	3.572 1	93.639 1
2	1	3.437 1	93.534 1
2	1	3.222 1	93.234 1
3	2	3.373 1	93.212 1 93.60 0.621
2	1	3.129 1	93.650 1
2	1	3.340 1	93.792 1
2	1	3.64 1	93.821 1
2	1	3.388 1	93.228 1
2	1	3.97 1	93.686 1
2	1	3.122 1	93.756 1
2	1	3.54 1	93.311 1
2	1	3.295 1	93.804 1
2	1	3.506 1	93.991 1
2	1	3.332 1	93.588 1
2	1	3.133 1	93.539 1
2	1	3.407 1	93.862 1
3	2	3.316 1	93.354 1 93.967 0.765
2	1	3.624 1	93.837 1
2	1	3.286 1	93.222 1
2	1	3.549 1	93.269 1
2	1	3.443 1	93.100 1
2	1	3.149 1	93.24 1
2	1	3.99 1	93.684 1
2	1	3.301 1	93.245 1
2	1	3.34 1	93.845 1
2	1	3.75 1	93.928 1
2	1	3.354 1	93.663 1
2	1	3.405 1	93.860 1
2	1	3.200 1	93.69 1
2	1	3.70 1	93.300 1
2	1	3.191 1	93.34 1
2	1	3.509 1	93.994 1
2	1	3.517 1	93.653 1
2	1	3.628 1	93.833 1
2	1	3.184 1	93.871 1
2	1	3.464 1	93.692 1
2	1	3.620 1	93.552 1
2	1	3.498 1	93.146 1
2	1	3.561 1	93.718 1
2	1	3.81 1	93.513 1
2	1	3.411 1	93.921 1
2	1	3.367 1	93.356 1
2	1	3.60 1	93.688 1
2	1	3.17 1	93.749 1
2	1	3.202 1	93.505 1
2	1	3.156 1	93.887 1
2	1	3.289 1	93.779 1
2	1	3.181 1	93.830 1
2	1	3.72 1	93.94 1
2	1	3.311 1	93.30 1
2	1	3.117 1	93.169 1
2	1	3.479 1	93.576 1
2	1	3.268 1	93.87 1
2	1	3.100 1	93.683 1
2	1	3.219 1	93.554 1
2	1	3.350 1	93.949 1
2	1	3.582 1	93.132 1
2	1	3.445 1	93.97 1
2	1	3.36 1	93.843 1
2	1	3.142 1	93.868 1
2	1	3.297 1	93.802 1
2	1	3.621 1	93.371 1
2	1	3.155 1	93.204 1
2	1	3.229 1	93.587 1
2	1	3.609 1	93.122 1
2	1	3.616 1	93.546 1
2	1	3.352 1	93.665 1
2	1	3.33 1	93.846 1
2	1	3.41 1	93.607 1
2	1	3.622 1	93.372 1
2	1	3.47 1	93.120 1
2	1	3.277 1	93.611 1
2	1	3.476 1	93.568 1
2	1	3.458 1	93.144 1
2	1	3.351 1	93.666 1
2	1	3.638 1	93.225 1
2	1	3.308 1	93.811 1
2	1	3.185 1	93.39 1
2	1	3.597 1	93.332 1
2	1	3.306 1	93.389 1
2	1	3.377 1	93.289 1
2	1	3.318 1	93.140 1
2	1	3.595 1	93.883 1
2	1	3.418 1	93.564 1
2	1	3.158 1	93.888 1
2	1	3.21 1	93.897 1
2	1	3.630 1	93.404 1
2	1	3.596 1	93.882 1
2	1	3.417 1	93.879 1
2	1	3.95 1	93.209 1
2	1	3.544 1	93.266 1
2	1	3.230 1	93.586 1
2	1	3.249 1	93.952 1
2	1	3.77 1	93.926 1
2	1	3.128 1	93.649 1
2	1	3.606 1	93.909 1
2	1	3.225 1	93.238 1
2	1	3.207 1	93.500 1
2	1	3.510 1	93.995 1
2	1	3.65 1	93.822 1
2	1	3.224 1	93.237 1
2	1	3.507 1	93.992 1
2	1	3.467 1	93.695 1
2	1	3.276 1	93.612 1
2	1	3.547 1	93.381 1
2	1	3.578 1	93.136 1
2	1	3.138 1	93.90 1
2	1	3.216 1	93.487 1
2	1	3.43 1	93.605 1
2	1	3.537 1	93.413 1
2	1	3.146 1	93.70 1
2	1	3.432 1	93.113 1
2	1	3.370 1	93.575 1
2	1	3.416 1	93.878 1
2	1	3.346 1	93.17 1
2	1	3.310 1	93.31 1
2	1	3.369 1	93.358 1
2	1	3.183 1	93.872 1
2	1	3.626 1	93.835 1
2	1	3.25 1	93.901 1
2	1	3.456 1	93.142 1
2	1	3.15 1	93.162 1
2	1	3.18 1	93.748 1
2	1	3.238 1	93.885 1
2	1	3.196 1	93.185 1
2	1	3.206 1	93.501 1
2	1	3.465 1	93.693 1
2	1	3.629 1	93.405 1
2	1	3.409 1	93.918 1
2	1	3.444 1	93.98 1
2	1	3.319 1	93.377 1
2	1	3.320 1	93.378 1
2	1	3.473 1	93.784 1
2	1	3.610 1	93.482 1
2	1	3.67 1	93.841 1
2	1	3.228 1	93.263 1
2	1	3.86 1	93.124 1
2	1	3.218 1	93.555 1
2	1	3.69 1	93.299 1
2	1	3.208 1	93.499 1
3	2	3.364 1	93.470 1 93.529 1
2	1	3.554 1	93.10 1
2	1	3.457 1	93.143 1
2	1	3.205 1	93.502 1
3	2	3.619 1	93.551 1 93.667 0.942
2	1	3.57 1	93.316 1
2	1	3.599 1	93.29 1
2	1	3.166 1	93.942 1
2	1	3.217 1	93.556 1
2	1	3.22 1	93.898 1
2	1	3.23 1	93.899 1
2	1	3.607 1	93.910 1
2	1	3.342 1	93.153 1
2	1	3.148 1	93.25 1
2	1	3.535 1	93.415 1
2	1	3.425 1	93.277 1
2	1	3.321 1	93.379 1
2	1	3.227 1	93.262 1
2	1	3.150 1	93.23 1
2	1	3.424 1	93.278 1
2	1	3.591 1	93.741 1
2	1	3.305 1	93.390 1
4	3	3.62 1	93.655 1 93.15 0.915 93.293 0.744
2	1	3.562 1	93.719 1
2	1	3.56 1	93.315 1
2	1	3.93 1	93.206 1
2	1	3.232 1	93.771 1
2	1	3.534 1	93.416 1
2	1	3.592 1	93.740 1
2	1	3.190 1	93.35 1
2	1	3.348 1	93.762 1
2	1	3.601 1	93.489 1
2	1	3.314 1	93.352 1
2	1	3.40 1	93.608 1
2	1	3.612 1	93.480 1
2	1	3.31 1	93.669 1
2	1	3.275 1	93.613 1
2	1	3.499 1	93.271 1
2	1	3.557 1	93.714 1
2	1	3.141 1	93.341 1
2	1	3.288 1	93.780 1
2	1	3.459 1	93.296 1
3	2	3.160 1	93.891 1 93.787 0.792
2	1	3.226 1	93.261 1
2	1	3.371 1	93.359 1
2	1	3.542 1	93.264 1
2	1	3.55 1	93.314 1
2	1	3.68 1	93.840 1
2	1	3.163 1	93.894 1
2	1	3.569 1	93.433 1
2	1	3.199 1	93.182 1
2	1	3.566 1	93.436 1
2	1	3.368 1	93.357 1
2	1	3.140 1	93.92 1
2	1	3.469 1	93.697 1
2	1	3.585 1	93.279 1
2	1	3.590 1	93.742 1
2	1	3.101 1	93.682 1
2	1	3.46 1	93.121 1
2	1	3.505 1	93.953 1
2	1	3.96 1	93.210 1
2	1	3.103 1	93.680 1
2	1	3.555 1	93.712 1
2	1	3.194 1	93.187 1
2	1	3.35 1	93.844 1
2	1	3.3 1	93.631 1
2	1	3.239 1	93.886 1
2	1	3.127 1	93.648 1
2	1	3.641 1	93.342 1
2	1	3.162 1	93.893 1
2	1	3.343 1	93.56 1
2	1	3.8 1	93.333 1
2	1	3.533 1	93.417 1
2	1	3.188 1	93.37 1
2	1	3.536 1	93.414 1
2	1	3.145 1	93.71 1
2	1	3.147 1	93.26 1
2	1	3.51 1	93.116 1
2	1	3.187 1	93.38 1
2	1	3.309 1	93.32 1
2	1	3.466 1	93.694 1
2	1	3.110 1	93.176 1
2	1	3.124 1	93.652 1
2	1	3.291 1	93.808 1
2	1	3.623 1	93.772 1
2	1	3.159 1	93.329 1
2	1	3.139 1	93.91 1
2	1	3.502 1	93.670 1
2	1	3.298 1	93.242 1
2	1	3.52 1	93.115 1
2	1	3.613 1	93.674 1
2	1	3.470 1	93.698 1
2	1	3.300 1	93.244 1
2	1	3.102 1	93.681 1
2	1	3.389 1	93.227 1
2	1	3.180 1	93.829 1
2	1	3.20 1	93.896 1
2	1	3.431 1	93.112 1
2	1	3.631 1	93.403 1
2	1	3.201 1	93.506 1
2	1	3.315 1	93.353 1
2	1	3.167 1	93.943 1
2	1	3.115 1	93.171 1
2	1	3.264 1	93.131 1
2	1	3.113 1	93.173 1
2	1	3.144 1	93.72 1
2	1	3.98 1	93.685 1
2	1	3.523 1	93.856 1
2	1	3.71 1	93.93 1
2	1	3.637 1	93.573 1
2	1	3.313 1	93.351 1
2	1	3.231 1	93.677 1
2	1	3.532 1	93.418 1
2	1	3.192 1	93.33 1
2	1	3.360 1	93.725 1
2	1	3.553 1	93.9 1
2	1	3.560 1	93.717 1
2	1	3.439 1	93.531 1
2	1	3.440 1	93.542 1
2	1	3.632 1	93.789 1
2	1	3.242 1	93.916 1
2	1	3.451 1	93.382 1
2	1	3.404 1	93.301 1
2	1	3.299 1	93.243 1
2	1	3.323 1	93.349 1
2	1	3.153 1	93.220 1
2	1	3.161 1	93.892 1
2	1	3.426 1	93.276 1
2	1	3.608 1	93.911 1
2	1	3.284 1	93.923 1
2	1	3.256 1	93.409 1
2	1	3.574 1	93.637 1
2	1	3.580 1	93.134 1
2	1	3.497 1	93.147 1
2	1	3.508 1	93.993 1
2	1	3.14 1	93.163 1
2	1	3.581 1	93.133 1
2	1	3.116 1	93.170 1
2	1	3.334 1	93.600 1
2	1	3.396 1	93.79 1
2	1	3.617 1	93.547 1
2	1	3.118 1	93.938 1
2	1	3.108 1	93.178 1
2	1	3.611 1	93.481 1
2	1	3.586 1	93.280 1
2	1	3.112 1	93.174 1
2	1	3.410 1	93.919 1
2	1	3.92 1	93.205 1
2	1	3.179 1	93.827 1
2	1	3.278 1	93.490 1
2	1	3.559 1	93.716 1
2	1	3.570 1	93.432 1
2	1	3.220 1	93.62 1
2	1	3.435 1	93.340 1
2	1	3.292 1	93.807 1
2	1	3.339 1	93.515 1
2	1	3.525 1	93.858 1
2	1	3.538 1	93.380 1
2	1	3.552 1	93.83 1
2	1	3.13 1	93.164 1
2	1	3.267 1	93.88 1
2	1	3.579 1	93.135 1
2	1	3.88 1	93.126 1
2	1	3.618 1	93.548 1
2	1	3.87 1	93.125 1
2	1	3.16 1	93.750 1
2	1	3.165 1	93.940 1
2	1	3.460 1	93.297 1
2	1	3.198 1	93.183 1
2	1	3.296 1	93.803 1
2	1	3.414 1	93.876 1
2	1	3.429 1	93.110 1
2	1	3.293 1	93.806 1
2	1	3.587 1	93.281 1
2	1	3.419 1	93.565 1
2	1	3.114 1	93.172 1
2	1	3.189 1	93.36 1
2	1	3.442 1	93.99 1
2	1	3.481 1	93.51 1
2	1	3.376 1	93.288 1
2	1	3.44 1	93.604 1
2	1	3.94 1	93.207 1
2	1	3.109 1	93.177 1
2	1	3.503 1	93.671 1
2	1	3.477 1	93.567 1
3	2	3.170 1 3.633 0.124	93.249 1
2	1	3.195 1	93.186 1
2	1	3.197 1	93.184 1
2	1	3.341 1	93.46 1
2	1	3.193 1	93.188 1
3	2	3.236 1	93.47 0.051 93.67 1
2	1	3.415 1	93.877 1
2	1	3.463 1	93.691 1
2	1	3.274 1	93.160 1
2	1	3.66 1	93.842 1
2	1	3.32 1	93.848 1
2	1	3.74 1	93.929 1
2	1	3.461 1	93.298 1
2	1	3.365 1	93.471 1
2	1	3.468 1	93.696 1
2	1	3.107 1	93.179 1
2	1	3.567 1	93.435 1
2	1	3.178 1	93.826 1
2	1	3.496 1	93.148 1
2	1	3.568 1	93.434 1
2	1	3.177 1	93.825 1
2	1	3.642 1	93.343 1
2	1	3.204 1	93.503 1
2	1	3.583 1	93.854 1
2	1	3.83 1	93.14 1
2	1	3.76 1	93.927 1
2	1	3.5 1	93.634 1
2	1	3.602 1	93.488 1
2	1	3.24 1	93.900 1
2	1	3.500 1	93.270 1
2	1	3.558 1	93.715 1
2	1	3.573 1	93.638 1
2	1	3.120 1	93.936 1
2	1	3.2 1	93.630 1
2	1	3.131 1	93.537 1
2	1	3.294 1	93.805 1
2	1	3.353 1	93.664 1
2	1	3.483 1	93.49 1
2	1	3.543 1	93.265 1
2	1	3.111 1	93.175 1
2	1	3.471 1	93.699 1
2	1	3.495 1	93.149 1
2	1	3.627 1	93.834 1
2	1	3.280 1	93.610 1
2	1	3.326 1	93.8 1
2	1	3.39 1	93.946 1
3	2	3.455 1	93.956 1 93.955 0.689
2	1	3.151 1	93.22 1
2	1	3.524 1	93.857 1
2	1	3.380 1	93.290 1
2	1	3.546 1	93.384 1
2	1	3.50 1	93.117 1
2	1	3.186 1	93.348 1
2	1	3.11 1	93.166 1
2	1	3.400 1	93.924 1
2	1	3.48 1	93.119 1
2	1	3.565 1	93.437 1
2	1	3.556 1	93.713 1
2	1	3.119 1	93.937 1
2	1	3.106 1	93.180 1
2	1	3.104 1	93.679 1
2	1	3.355 1	93.832 1
2	1	3.152 1	93.221 1
2	1	3.430 1	93.111 1
3	2	3.433 1	93.114 1 93.440 1
2	1	3.4 1	93.633 1
2	1	3.504 1	93.479 1
2	1	3.45 1	93.603 1
2	1	3.10 1	93.167 1
2	1	3.338 1	93.533 1
2	1	3.164 1	93.939 1
2	1	3.478 1	93.997 1
2	1	3.49 1	93.118 1
2	1	3.273 1	93.159 1
2	1	3.265 1	93.130 1
2	1	3.12 1	93.165 1
2	1	3.255 1	93.411 1
2	1	3.571 1	93.52 1
2	1	3.413 1	93.324 1
2	1	3.7 1	93.636 1
2	1	3.325 1	93.988 1
2	1	3.480 1	93.577 1
2	1	3.472 1	93.783 1
2	1	3.529 1	93.233 1
2	1	3.625 1	93.836 1
2	1	3.427 1	93.152 1
2	1	3.85 1	93.123 1
2	1	3.82 1	93.732 1
2	1	3.63 1	93.19 1
3	2	3.272 0.810	93.364 0.809 93.426 0.812
