Size	Relations	OrthoA	OrthoB
2	1	17.108 1	78.81 1
2	1	17.29 1	78.748 1
2	1	17.377 1	78.128 1
2	1	17.315 1	78.728 1
2	1	17.249 1	78.768 1
3	2	17.284 1	78.856 1 78.34 0.641
2	1	17.70 1	78.1158 1
2	1	17.187 1	78.997 1
2	1	17.263 1	78.989 1
2	1	17.433 1	78.93 1
2	1	17.292 1	78.1142 1
2	1	17.109 1	78.984 1
2	1	17.259 1	78.368 1
2	1	17.12 1	78.821 1
3	2	17.354 1	78.935 1 78.739 0.879
2	1	17.367 1	78.589 1
2	1	17.62 1	78.905 1
2	1	17.147 1	78.1113 1
2	1	17.18 1	78.1065 1
2	1	17.516 1	78.137 1
2	1	17.365 1	78.1302 1
2	1	17.162 1	78.576 1
2	1	17.317 1	78.787 1
2	1	17.140 1	78.260 1
2	1	17.55 1	78.1335 1
2	1	17.110 1	78.985 1
2	1	17.299 1	78.1075 1
2	1	17.43 1	78.797 1
2	1	17.191 1	78.598 1
2	1	17.338 1	78.281 1
2	1	17.454 1	78.619 1
2	1	17.184 1	78.813 1
2	1	17.389 1	78.1246 1
2	1	17.160 1	78.292 1
2	1	17.159 1	78.291 1
2	1	17.61 1	78.904 1
2	1	17.203 1	78.238 1
2	1	17.179 1	78.888 1
3	2	17.102 1 17.402 0.097	78.917 1
2	1	17.288 1	78.286 1
2	1	17.205 1	78.240 1
2	1	17.213 1	78.1266 1
2	1	17.97 1	78.136 1
2	1	17.548 1	78.713 1
2	1	17.383 1	78.347 1
2	1	17.302 1	78.509 1
2	1	17.92 1	78.599 1
2	1	17.186 1	78.996 1
2	1	17.98 1	78.176 1
2	1	17.496 1	78.257 1
3	2	17.515 1	78.595 1 78.754 0.263
2	1	17.412 1	78.1392 1
2	1	17.420 1	78.141 1
2	1	17.107 1	78.80 1
2	1	17.69 1	78.1156 1
2	1	17.143 1	78.263 1
2	1	17.347 1	78.62 1
2	1	17.122 1	78.1296 1
2	1	17.440 1	78.228 1
2	1	17.100 1	78.178 1
2	1	17.167 1	78.1208 1
2	1	17.121 1	78.1297 1
2	1	17.11 1	78.822 1
2	1	17.366 1	78.1301 1
2	1	17.224 1	78.1053 1
2	1	17.101 1	78.179 1
2	1	17.176 1	78.1101 1
3	2	17.610 1	78.1014 1 78.1015 0.857
2	1	17.525 1	78.1134 1
3	2	17.337 1	78.259 1 78.669 0.750
2	1	17.341 1	78.1126 1
2	1	17.450 1	78.1313 1
2	1	17.185 1	78.814 1
2	1	17.208 1	78.340 1
2	1	17.78 1	78.570 1
2	1	17.180 1	78.889 1
2	1	17.214 1	78.1265 1
2	1	17.3 1	78.1249 1
2	1	17.60 1	78.903 1
2	1	17.425 1	78.1139 1
2	1	17.520 1	78.937 1
2	1	17.114 1	78.1046 1
2	1	17.183 1	78.812 1
2	1	17.296 1	78.1399 1
2	1	17.384 1	78.348 1
2	1	17.289 1	78.285 1
2	1	17.118 1	78.1299 1
2	1	17.543 1	78.202 1
2	1	17.550 1	78.1378 1
5	4	17.17 1	78.1066 1 78.321 0.711 78.620 0.672 78.625 0.697
2	1	17.569 1	78.767 1
2	1	17.146 1	78.1112 1
2	1	17.264 1	78.992 1
2	1	17.151 1	78.1163 1
2	1	17.353 1	78.1141 1
2	1	17.241 1	78.471 1
2	1	17.458 1	78.941 1
2	1	17.4 1	78.1248 1
2	1	17.217 1	78.1081 1
2	1	17.463 1	78.505 1
2	1	17.390 1	78.24 1
2	1	17.391 1	78.22 1
2	1	17.410 1	78.1205 1
2	1	17.192 1	78.597 1
2	1	17.200 1	78.219 1
2	1	17.235 1	78.1356 1
2	1	17.33 1	78.640 1
2	1	17.256 1	78.553 1
2	1	17.669 1	78.736 1
2	1	17.99 1	78.177 1
2	1	17.171 1	78.1214 1
2	1	17.41 1	78.470 1
2	1	17.503 1	78.1042 1
2	1	17.19 1	78.1064 1
2	1	17.10 1	78.823 1
2	1	17.457 1	78.940 1
2	1	17.28 1	78.749 1
2	1	17.615 1	78.280 1
2	1	17.371 1	78.1235 1
2	1	17.626 1	78.1062 1
3	2	17.475 1	78.371 1 78.359 1
2	1	17.330 1	78.337 1
4	3	17.285 1	78.855 1 78.402 0.788 78.404 0.892
2	1	17.269 1	78.850 1
2	1	17.234 1	78.1357 1
2	1	17.621 1	78.439 1
2	1	17.571 1	78.1286 1
2	1	17.34 1	78.641 1
2	1	17.403 1	78.455 1
3	2	17.476 1	78.370 1 78.1155 0.887
2	1	17.551 1	78.480 1
2	1	17.44 1	78.565 1
2	1	17.527 1	78.972 1
2	1	17.115 1	78.1045 1
2	1	17.6 1	78.778 1
2	1	17.36 1	78.643 1
2	1	17.303 1	78.510 1
2	1	17.372 1	78.1234 1
2	1	17.53 1	78.1333 1
2	1	17.579 1	78.27 1
2	1	17.534 1	78.153 1
3	2	17.65 1 17.66 0.637	78.150 1
2	1	17.603 1	78.1327 1
2	1	17.334 1	78.338 1
2	1	17.281 1	78.655 1
2	1	17.633 1	78.765 1
2	1	17.466 1	78.1032 1
2	1	17.411 1	78.1394 1
2	1	17.274 1	78.1057 1
2	1	17.604 1	78.1314 1
2	1	17.45 1	78.564 1
2	1	17.276 1	78.1055 1
2	1	17.647 1	78.1291 1
2	1	17.161 1	78.293 1
2	1	17.218 1	78.1080 1
2	1	17.204 1	78.239 1
2	1	17.286 1	78.288 1
2	1	17.605 1	78.763 1
2	1	17.706 1	78.651 1
2	1	17.220 1	78.1079 1
2	1	17.131 1	78.221 1
2	1	17.336 1	78.258 1
2	1	17.174 1	78.1100 1
2	1	17.565 1	78.1373 1
2	1	17.145 1	78.1111 1
2	1	17.166 1	78.273 1
2	1	17.182 1	78.811 1
2	1	17.181 1	78.890 1
2	1	17.164 1	78.271 1
2	1	17.141 1	78.261 1
2	1	17.68 1	78.895 1
3	2	17.493 1 17.125 0.866	78.1149 1
2	1	17.46 1	78.563 1
2	1	17.549 1	78.1379 1
2	1	17.394 1	78.518 1
2	1	17.698 1	78.1274 1
2	1	17.169 1	78.1212 1
3	2	17.106 1 17.608 0.738	78.792 1
2	1	17.429 1	78.1159 1
2	1	17.693 1	78.1307 1
2	1	17.73 1	78.590 1
2	1	17.326 1	78.580 1
2	1	17.287 1	78.287 1
2	1	17.634 1	78.1319 1
2	1	17.470 1	78.94 1
2	1	17.589 1	78.782 1
2	1	17.165 1	78.272 1
2	1	17.20 1	78.1063 1
2	1	17.255 1	78.554 1
2	1	17.149 1	78.1117 1
2	1	17.226 1	78.1050 1
2	1	17.32 1	78.639 1
2	1	17.652 1	78.279 1
2	1	17.558 1	78.896 1
2	1	17.536 1	78.500 1
2	1	17.291 1	78.1143 1
2	1	17.188 1	78.998 1
2	1	17.320 1	78.790 1
2	1	17.592 1	78.309 1
2	1	17.505 1	78.1228 1
2	1	17.283 1	78.657 1
3	2	17.339 1	78.282 1 78.538 1
2	1	17.329 1	78.583 1
2	1	17.15 1	78.1068 1
2	1	17.119 1	78.1298 1
2	1	17.30 1	78.747 1
2	1	17.542 1	78.205 1
2	1	17.279 1	78.653 1
2	1	17.54 1	78.1334 1
2	1	17.428 1	78.1160 1
2	1	17.273 1	78.1058 1
2	1	17.424 1	78.1138 1
2	1	17.105 1	78.934 1
2	1	17.491 1	78.443 1
2	1	17.544 1	78.1269 1
2	1	17.21 1	78.762 1
2	1	17.497 1	78.1082 1
2	1	17.189 1	78.999 1
2	1	17.624 1	78.1285 1
2	1	17.421 1	78.142 1
2	1	17.526 1	78.971 1
2	1	17.278 1	78.652 1
2	1	17.427 1	78.1161 1
2	1	17.5 1	78.779 1
2	1	17.275 1	78.1056 1
2	1	17.158 1	78.290 1
2	1	17.349 1	78.479 1
2	1	17.676 1	78.1330 1
2	1	17.93 1	78.600 1
2	1	17.328 1	78.582 1
2	1	17.426 1	78.1140 1
2	1	17.639 1	78.764 1
2	1	17.646 1	78.1052 1
2	1	17.637 1	78.491 1
2	1	17.344 1	78.1128 1
2	1	17.616 1	78.706 1
2	1	17.490 1	78.442 1
2	1	17.523 1	78.862 1
2	1	17.570 1	78.1287 1
2	1	17.252 1	78.556 1
3	2	17.453 1	78.559 1 78.824 0.837
2	1	17.260 1	78.367 1
2	1	17.699 1	78.601 1
2	1	17.327 1	78.581 1
2	1	17.392 1	78.21 1
2	1	17.343 1	78.1127 1
2	1	17.500 1	78.534 1
2	1	17.351 1	78.477 1
2	1	17.211 1	78.344 1
3	2	17.236 1 17.381 0.676	78.891 1
2	1	17.509 1	78.810 1
2	1	17.679 1	78.1060 1
3	2	17.243 1	78.109 1 78.473 0.097
2	1	17.613 1	78.624 1
2	1	17.690 1	78.1407 1
2	1	17.409 1	78.1207 1
2	1	17.489 1	78.441 1
3	2	17.199 0.111 17.86 1	78.220 1
2	1	17.510 1	78.809 1
2	1	17.310 1	78.982 1
2	1	17.297 1	78.1403 1
2	1	17.14 1	78.1069 1
2	1	17.173 1	78.1099 1
2	1	17.318 1	78.788 1
2	1	17.37 1	78.644 1
2	1	17.323 1	78.579 1
2	1	17.522 1	78.861 1
2	1	17.272 1	78.1059 1
2	1	17.717 1	78.1187 1
2	1	17.35 1	78.642 1
2	1	17.567 1	78.87 1
2	1	17.16 1	78.1067 1
2	1	17.170 1	78.1213 1
2	1	17.210 1	78.342 1
2	1	17.345 1	78.1129 1
2	1	17.348 1	78.880 1
2	1	17.539 1	78.868 1
2	1	17.703 1	78.1094 1
2	1	17.251 1	78.557 1
2	1	17.312 1	78.980 1
2	1	17.375 1	78.1232 1
2	1	17.660 1	78.1226 1
2	1	17.356 1	78.751 1
2	1	17.271 1	78.849 1
2	1	17.685 1	78.349 1
2	1	17.406 1	78.458 1
2	1	17.95 1	78.602 1
3	2	17.431 1	78.1030 1 78.1087 0.138
3	2	17.555 1	78.1216 0.135 78.560 1
2	1	17.280 1	78.654 1
2	1	17.486 1	78.549 1
2	1	17.537 1	78.496 1
2	1	17.434 1	78.92 1
2	1	17.148 1	78.1116 1
2	1	17.57 1	78.1336 1
3	2	17.541 1 17.722 0.854	78.866 1
2	1	17.253 1	78.555 1
2	1	17.363 1	78.771 1
2	1	17.404 1	78.456 1
2	1	17.645 1	78.269 1
2	1	17.7 1	78.777 1
2	1	17.498 1	78.535 1
2	1	17.540 1	78.867 1
2	1	17.627 1	78.1061 1
2	1	17.580 1	78.26 1
2	1	17.240 1	78.106 1
2	1	17.212 1	78.345 1
2	1	17.39 1	78.646 1
2	1	17.407 1	78.459 1
3	2	17.401 1	78.1076 1 78.542 0.100
2	1	17.340 1	78.283 1
2	1	17.502 1	78.1041 1
2	1	17.721 1	78.673 1
2	1	17.258 1	78.369 1
2	1	17.157 1	78.289 1
3	2	17.313 1	78.804 0.500 78.908 1
3	2	17.477 0.231 17.547 1	78.1370 1
2	1	17.456 1	78.939 1
2	1	17.512 1	78.807 1
2	1	17.59 1	78.1135 1
2	1	17.388 1	78.1247 1
2	1	17.511 1	78.808 1
2	1	17.64 1	78.897 1
2	1	17.695 1	78.761 1
2	1	17.209 1	78.341 1
2	1	17.657 1	78.483 1
2	1	17.702 1	78.1390 1
2	1	17.144 1	78.562 1
2	1	17.38 1	78.645 1
4	3	17.232 0.190 17.581 1 17.607 0.155	78.482 1
2	1	17.168 1	78.1211 1
3	2	17.193 1	78.596 1 78.755 0.529
2	1	17.545 1	78.1270 1
2	1	17.206 1	78.241 1
2	1	17.58 1	78.774 1
2	1	17.308 1	78.865 1
2	1	17.177 1	78.1102 1
2	1	17.419 1	78.140 1
2	1	17.82 1	78.1371 1
2	1	17.530 1	78.772 1
2	1	17.142 1	78.262 1
2	1	17.485 1	78.572 1
2	1	17.382 1	78.346 1
2	1	17.395 1	78.533 1
2	1	17.319 1	78.789 1
2	1	17.724 1	78.683 1
2	1	17.74 1	78.569 1
2	1	17.622 1	78.440 1
2	1	17.694 1	78.217 1
2	1	17.374 1	78.1233 1
4	3	17.242 0.227 17.662 1 17.136 0.925	78.472 1
2	1	17.556 1	78.1229 1
2	1	17.689 1	78.1273 1
2	1	17.346 1	78.63 1
2	1	17.422 1	78.143 1
2	1	17.309 1	78.983 1
2	1	17.350 1	78.478 1
3	2	17.672 1	78.110 1 78.7 0.545
2	1	17.239 1	78.105 1
2	1	17.265 1	78.993 1
2	1	17.495 1	78.222 1
2	1	17.126 1	78.1222 1
2	1	17.2 1	78.1250 1
2	1	17.439 1	78.248 1
5	6	17.507 1 17.172 1 17.449 0.289	78.618 1 78.1180 1
2	1	17.629 1	78.1083 1
2	1	17.441 1	78.229 1
6	9	17.13 1 17.133 0.893 17.314 1	78.803 1 78.907 1 78.115 0.964
2	1	17.8 1	78.773 1
6	8	17.202 1 17.83 1 17.413 0.600 17.582 0.400	78.1372 1 78.211 1
2	1	17.670 1	78.453 1
3	2	17.576 1 17.650 0.265	78.183 1
2	1	17.518 1	78.752 1
2	1	17.583 1	78.210 1
2	1	17.42 1	78.593 1
2	1	17.376 1	78.127 1
3	2	17.128 1	78.1210 0.683 78.1364 1
2	1	17.462 1	78.1168 1
3	2	17.245 1	78.802 0.739 78.906 1
2	1	17.443 1	78.1144 1
2	1	17.223 1	78.1317 1
5	4	17.198 0.786 17.557 1 17.572 0.306 17.87 0.700	78.1230 1
2	1	17.369 1	78.925 1
3	2	17.415 0.597 17.584 1	78.208 1
2	1	17.135 1	78.108 1
3	2	17.298 1	78.543 0.872 78.916 1
3	2	17.129 0.315 17.692 1	78.1223 1
2	1	17.48 1	78.663 1
2	1	17.638 1	78.490 1
