Size	Relations	OrthoA	OrthoB
2	1	17.29 1	79.776 1
2	1	17.108 1	79.663 1
2	1	17.109 1	79.470 1
3	2	17.284 1	79.1028 1 79.488 0.699
2	1	17.377 1	79.590 1
2	1	17.315 1	79.933 1
2	1	17.249 1	79.349 1
2	1	17.70 1	79.774 1
2	1	17.151 1	79.102 1
2	1	17.12 1	79.778 1
2	1	17.187 1	79.544 1
2	1	17.454 1	79.191 1
2	1	17.263 1	79.467 1
2	1	17.259 1	79.276 1
2	1	17.438 1	79.378 1
2	1	17.354 1	79.11 1
2	1	17.433 1	79.972 1
2	1	17.62 1	79.433 1
2	1	17.147 1	79.366 1
2	1	17.299 1	79.541 1
2	1	17.410 1	79.451 1
2	1	17.18 1	79.77 1
2	1	17.516 1	79.307 1
2	1	17.213 1	79.644 1
2	1	17.140 1	79.895 1
2	1	17.317 1	79.164 1
2	1	17.367 1	79.409 1
2	1	17.292 1	79.892 1
2	1	17.440 1	79.344 1
2	1	17.10 1	79.780 1
2	1	17.162 1	79.460 1
2	1	17.114 1	79.854 1
2	1	17.110 1	79.469 1
2	1	17.338 1	79.13 1
2	1	17.296 1	79.149 1
2	1	17.55 1	79.792 1
2	1	17.159 1	79.22 1
2	1	17.365 1	79.54 1
2	1	17.65 1	79.863 1
3	2	17.184 1	79.749 1 79.45 0.754
2	1	17.203 1	79.334 1
2	1	17.389 1	79.1047 1
2	1	17.347 1	79.37 1
2	1	17.167 1	79.449 1
2	1	17.160 1	79.23 1
2	1	17.115 1	79.855 1
2	1	17.205 1	79.332 1
2	1	17.470 1	79.973 1
2	1	17.191 1	79.694 1
2	1	17.61 1	79.434 1
2	1	17.383 1	79.867 1
2	1	17.107 1	79.662 1
2	1	17.122 1	79.80 1
2	1	17.281 1	79.744 1
2	1	17.179 1	79.703 1
2	1	17.352 1	79.852 1
2	1	17.548 1	79.975 1
2	1	17.102 1	79.767 1
2	1	17.496 1	79.257 1
2	1	17.97 1	79.308 1
2	1	17.288 1	79.17 1
2	1	17.412 1	79.147 1
2	1	17.163 1	79.461 1
2	1	17.98 1	79.313 1
2	1	17.525 1	79.923 1
2	1	17.69 1	79.773 1
2	1	17.420 1	79.928 1
2	1	17.366 1	79.53 1
2	1	17.143 1	79.898 1
2	1	17.302 1	79.57 1
2	1	17.186 1	79.543 1
2	1	17.341 1	79.126 1
2	1	17.92 1	79.695 1
2	1	17.11 1	79.779 1
2	1	17.393 1	79.914 1
2	1	17.378 1	79.1038 1
2	1	17.330 1	79.239 1
2	1	17.234 1	79.221 1
2	1	17.425 1	79.8 1
2	1	17.520 1	79.12 1
2	1	17.121 1	79.996 1
2	1	17.78 1	79.843 1
3	2	17.337 1	79.61 1 79.625 0.750
2	1	17.336 1	79.60 1
2	1	17.217 1	79.259 1
2	1	17.390 1	79.439 1
2	1	17.616 1	79.473 1
2	1	17.100 1	79.311 1
2	1	17.536 1	79.846 1
2	1	17.208 1	79.87 1
2	1	17.610 1	79.650 1
2	1	17.224 1	79.84 1
3	2	17.101 1	79.310 1 79.649 0.885
2	1	17.180 1	79.702 1
2	1	17.185 1	79.748 1
2	1	17.353 1	79.10 1
4	3	17.17 1	79.76 1 79.28 0.697 79.728 0.730
2	1	17.235 1	79.222 1
2	1	17.146 1	79.365 1
2	1	17.214 1	79.643 1
2	1	17.289 1	79.16 1
2	1	17.463 1	79.847 1
2	1	17.60 1	79.435 1
2	1	17.615 1	79.1053 1
2	1	17.118 1	79.994 1
2	1	17.3 1	79.242 1
2	1	17.28 1	79.777 1
2	1	17.384 1	79.866 1
2	1	17.577 1	79.186 1
2	1	17.19 1	79.78 1
2	1	17.264 1	79.466 1
2	1	17.646 1	79.39 1
2	1	17.458 1	79.192 1
2	1	17.33 1	79.906 1
2	1	17.181 1	79.701 1
2	1	17.362 1	79.351 1
2	1	17.4 1	79.985 1
2	1	17.626 1	79.900 1
2	1	17.543 1	79.190 1
2	1	17.515 1	79.415 1
2	1	17.579 1	79.442 1
2	1	17.457 1	79.193 1
2	1	17.550 1	79.883 1
2	1	17.391 1	79.438 1
2	1	17.144 1	79.899 1
3	2	17.476 1	79.278 1 79.173 0.887
2	1	17.34 1	79.907 1
2	1	17.394 1	79.224 1
3	2	17.475 1	79.279 1 79.426 1
2	1	17.80 1	79.455 1
2	1	17.339 1	79.14 1
2	1	17.604 1	79.1029 1
2	1	17.6 1	79.983 1
2	1	17.371 1	79.132 1
2	1	17.36 1	79.909 1
2	1	17.571 1	79.92 1
2	1	17.621 1	79.531 1
2	1	17.99 1	79.312 1
2	1	17.381 1	79.1040 1
2	1	17.669 1	79.506 1
3	2	17.322 1 17.484 0.340	79.576 1
2	1	17.453 1	79.904 1
2	1	17.303 1	79.58 1
2	1	17.450 1	79.1030 1
2	1	17.68 1	79.772 1
2	1	17.22 1	79.43 1
2	1	17.45 1	79.836 1
2	1	17.486 1	79.999 1
2	1	17.534 1	79.707 1
2	1	17.503 1	79.1006 1
2	1	17.551 1	79.849 1
2	1	17.192 1	79.227 1
2	1	17.44 1	79.837 1
2	1	17.379 1	79.1039 1
2	1	17.53 1	79.794 1
2	1	17.403 1	79.98 1
2	1	17.274 1	79.939 1
2	1	17.271 1	79.109 1
2	1	17.276 1	79.941 1
2	1	17.285 1	79.1026 1
2	1	17.651 1	79.272 1
3	2	17.569 1 17.601 0.234	79.348 1
2	1	17.428 1	79.639 1
2	1	17.176 1	79.134 1
2	1	17.30 1	79.775 1
2	1	17.241 1	79.140 1
2	1	17.182 1	79.752 1
2	1	17.210 1	79.89 1
2	1	17.429 1	79.640 1
2	1	17.85 1	79.989 1
2	1	17.204 1	79.333 1
2	1	17.527 1	79.596 1
2	1	17.141 1	79.896 1
2	1	17.706 1	79.747 1
2	1	17.372 1	79.131 1
3	2	17.424 1	79.7 1 79.788 0.657
2	1	17.426 1	79.9 1
2	1	17.169 1	79.447 1
2	1	17.174 1	79.137 1
2	1	17.558 1	79.771 1
2	1	17.286 1	79.19 1
2	1	17.287 1	79.18 1
2	1	17.435 1	79.739 1
2	1	17.149 1	79.368 1
2	1	17.589 1	79.266 1
2	1	17.565 1	79.888 1
2	1	17.161 1	79.24 1
2	1	17.351 1	79.851 1
2	1	17.603 1	79.833 1
2	1	17.647 1	79.188 1
3	2	17.574 1 17.89 0.231	79.111 1
2	1	17.166 1	79.464 1
2	1	17.32 1	79.905 1
2	1	17.542 1	79.385 1
2	1	17.592 1	79.689 1
2	1	17.145 1	79.364 1
2	1	17.344 1	79.124 1
2	1	17.46 1	79.835 1
2	1	17.59 1	79.436 1
2	1	17.340 1	79.15 1
3	2	17.106 1 17.608 0.606	79.659 1
2	1	17.15 1	79.74 1
2	1	17.20 1	79.79 1
2	1	17.409 1	79.450 1
2	1	17.164 1	79.462 1
2	1	17.693 1	79.1055 1
2	1	17.283 1	79.742 1
2	1	17.346 1	79.38 1
2	1	17.165 1	79.463 1
2	1	17.272 1	79.937 1
2	1	17.5 1	79.984 1
2	1	17.310 1	79.763 1
2	1	17.63 1	79.861 1
2	1	17.275 1	79.940 1
2	1	17.255 1	79.251 1
2	1	17.633 1	79.388 1
3	2	17.8 1	79.271 1 79.825 0.751
2	1	17.698 1	79.405 1
2	1	17.73 1	79.828 1
2	1	17.493 1	79.768 1
2	1	17.113 1	79.853 1
2	1	17.218 1	79.260 1
2	1	17.446 1	79.967 1
2	1	17.279 1	79.745 1
2	1	17.444 1	79.968 1
2	1	17.605 1	79.991 1
2	1	17.685 1	79.865 1
2	1	17.624 1	79.91 1
2	1	17.427 1	79.638 1
2	1	17.343 1	79.125 1
2	1	17.466 1	79.372 1
2	1	17.171 1	79.444 1
2	1	17.226 1	79.81 1
2	1	17.320 1	79.1060 1
2	1	17.119 1	79.995 1
2	1	17.158 1	79.21 1
2	1	17.199 1	79.113 1
2	1	17.278 1	79.746 1
2	1	17.634 1	79.219 1
2	1	17.688 1	79.407 1
2	1	17.449 1	79.386 1
2	1	17.497 1	79.258 1
2	1	17.345 1	79.123 1
2	1	17.522 1	79.247 1
2	1	17.392 1	79.437 1
2	1	17.188 1	79.545 1
2	1	17.349 1	79.850 1
2	1	17.37 1	79.910 1
2	1	17.676 1	79.795 1
2	1	17.16 1	79.75 1
2	1	17.570 1	79.93 1
2	1	17.131 1	79.660 1
2	1	17.95 1	79.697 1
2	1	17.168 1	79.448 1
2	1	17.183 1	79.751 1
2	1	17.273 1	79.938 1
2	1	17.491 1	79.302 1
2	1	17.645 1	79.151 1
2	1	17.79 1	79.844 1
2	1	17.544 1	79.269 1
2	1	17.421 1	79.927 1
2	1	17.14 1	79.73 1
2	1	17.510 1	79.754 1
2	1	17.211 1	79.870 1
2	1	17.509 1	79.753 1
2	1	17.105 1	79.381 1
2	1	17.177 1	79.553 1
2	1	17.500 1	79.261 1
2	1	17.690 1	79.267 1
2	1	17.189 1	79.546 1
2	1	17.526 1	79.595 1
2	1	17.252 1	79.249 1
2	1	17.596 1	79.1067 1
2	1	17.21 1	79.152 1
2	1	17.539 1	79.162 1
2	1	17.613 1	79.27 1
2	1	17.679 1	79.936 1
2	1	17.406 1	79.101 1
2	1	17.260 1	79.275 1
2	1	17.172 1	79.481 1
2	1	17.564 1	79.350 1
2	1	17.236 1	79.700 1
2	1	17.638 1	79.413 1
2	1	17.93 1	79.696 1
2	1	17.533 1	79.924 1
2	1	17.170 1	79.446 1
2	1	17.632 1	79.387 1
2	1	17.505 1	79.252 1
2	1	17.251 1	79.248 1
2	1	17.407 1	79.732 1
2	1	17.567 1	79.919 1
2	1	17.549 1	79.881 1
2	1	17.469 1	79.974 1
2	1	17.175 1	79.136 1
2	1	17.375 1	79.129 1
2	1	17.35 1	79.908 1
2	1	17.318 1	79.1058 1
2	1	17.631 1	79.740 1
2	1	17.54 1	79.793 1
2	1	17.580 1	79.441 1
2	1	17.637 1	79.412 1
2	1	17.64 1	79.862 1
2	1	17.498 1	79.262 1
2	1	17.627 1	79.901 1
2	1	17.194 1	79.225 1
2	1	17.39 1	79.912 1
2	1	17.452 1	79.970 1
2	1	17.57 1	79.790 1
2	1	17.7 1	79.299 1
2	1	17.117 1	79.857 1
2	1	17.356 1	79.408 1
2	1	17.312 1	79.761 1
2	1	17.717 1	79.206 1
2	1	17.253 1	79.250 1
2	1	17.404 1	79.99 1
2	1	17.243 1	79.142 1
2	1	17.335 1	79.59 1
2	1	17.363 1	79.51 1
2	1	17.148 1	79.367 1
2	1	17.31 1	79.981 1
2	1	17.540 1	79.161 1
2	1	17.585 1	79.698 1
2	1	17.212 1	79.869 1
2	1	17.261 1	79.274 1
3	2	17.598 1	79.63 0.147 79.85 1
2	1	17.411 1	79.291 1
2	1	17.578 1	79.187 1
3	2	17.541 1 17.722 0.854	79.160 1
2	1	17.206 1	79.331 1
2	1	17.397 1	79.155 1
2	1	17.369 1	79.154 1
2	1	17.702 1	79.874 1
2	1	17.309 1	79.764 1
2	1	17.524 1	79.158 1
2	1	17.225 1	79.83 1
2	1	17.9 1	79.781 1
2	1	17.388 1	79.1048 1
2	1	17.532 1	79.925 1
2	1	17.370 1	79.133 1
2	1	17.400 1	79.371 1
2	1	17.468 1	79.230 1
2	1	17.652 1	79.1050 1
2	1	17.258 1	79.277 1
2	1	17.38 1	79.911 1
2	1	17.157 1	79.20 1
2	1	17.401 1	79.669 1
2	1	17.477 1	79.104 1
3	2	17.215 1	79.122 1 79.236 0.429
2	1	17.295 1	79.148 1
2	1	17.703 1	79.797 1
2	1	17.439 1	79.345 1
2	1	17.419 1	79.929 1
2	1	17.395 1	79.223 1
2	1	17.545 1	79.268 1
2	1	17.721 1	79.621 1
2	1	17.437 1	79.766 1
2	1	17.270 1	79.110 1
2	1	17.209 1	79.88 1
2	1	17.511 1	79.755 1
2	1	17.673 1	79.144 1
2	1	17.485 1	79.457 1
3	2	17.431 1 17.125 0.857	79.673 1
2	1	17.382 1	79.868 1
2	1	17.657 1	79.411 1
2	1	17.150 1	79.369 1
2	1	17.502 1	79.1007 1
2	1	17.313 1	79.935 1
2	1	17.142 1	79.897 1
2	1	17.612 1	79.26 1
3	2	17.416 1 17.609 0.583	79.656 1
2	1	17.474 1	79.41 1
2	1	17.689 1	79.406 1
2	1	17.193 1	79.226 1
2	1	17.58 1	79.270 1
2	1	17.1 1	79.240 1
2	1	17.173 1	79.138 1
2	1	17.47 1	79.834 1
4	3	17.662 1 17.136 0.925 17.242 1	79.141 1
2	1	17.319 1	79.1059 1
2	1	17.265 1	79.465 1
2	1	17.724 1	79.611 1
5	4	17.197 1 17.554 0.111 17.573 0.611 17.88 0.611	79.112 1
3	2	17.201 1 17.84 0.715	79.990 1
5	6	17.198 1 17.557 0.125 17.87 0.250	79.292 0.806 79.987 1
2	1	17.623 1	79.90 1
2	1	17.672 1	79.143 1
2	1	17.316 1	79.163 1
2	1	17.591 1	79.265 1
2	1	17.495 1	79.377 1
2	1	17.282 1	79.743 1
2	1	17.622 1	79.532 1
2	1	17.2 1	79.241 1
5	6	17.314 1 17.13 1 17.133 0.893	79.934 1 79.238 0.964
3	2	17.415 0.167 17.584 1	79.120 1
2	1	17.116 1	79.856 1
2	1	17.154 1	79.637 1
2	1	17.518 1	79.417 1
2	1	17.521 1	79.246 1
2	1	17.124 1	79.314 1
2	1	17.691 1	79.373 1
2	1	17.583 1	79.119 1
6	5	17.232 0.074 17.321 0.083 17.530 1 17.581 0.095 17.607 0.061	79.593 1
2	1	17.531 1	79.661 1
2	1	17.56 1	79.791 1
2	1	17.373 1	79.130 1
2	1	17.40 1	79.913 1
4	3	17.483 0.076 17.659 1 17.668 0.132	79.395 1
2	1	17.67 1	79.316 1
2	1	17.256 1	79.980 1
2	1	17.441 1	79.343 1
2	1	17.111 1	79.468 1
10	9	17.546 1	79.1041 1 79.235 0.615 79.298 0.444 79.396 0.050 79.471 0.183 79.741 0.142 79.796 0.159 79.965 0.058 79.978 0.396
