Size	Relations	OrthoA	OrthoB
2	1	17.187 1	80.1132 1
2	1	17.70 1	80.174 1
3	2	17.284 1	80.771 1 80.531 0.688
2	1	17.433 1	80.448 1
2	1	17.354 1	80.1159 1
5	6	17.102 0.320 17.402 1	80.1991 1 80.2004 0.793 80.251 0.118
2	1	17.259 1	80.1408 1
2	1	17.440 1	80.1109 1
2	1	17.62 1	80.1047 1
3	2	17.184 1	80.854 1 80.1160 0.718
2	1	17.179 1	80.639 1
2	1	17.516 1	80.1031 1
2	1	17.338 1	80.647 1
3	2	17.299 0.507 17.438 1	80.963 1
2	1	17.55 1	80.1493 1
2	1	17.281 1	80.445 1
2	1	17.162 1	80.1107 1
2	1	17.205 1	80.1123 1
2	1	17.302 1	80.1458 1
2	1	17.186 1	80.1131 1
2	1	17.288 1	80.493 1
3	2	17.367 1	80.1627 0.765 80.1941 1
2	1	17.160 1	80.579 1
2	1	17.11 1	80.1788 1
2	1	17.12 1	80.1095 1
2	1	17.548 1	80.483 1
2	1	17.317 1	80.1469 1
2	1	17.525 1	80.1314 1
2	1	17.159 1	80.580 1
2	1	17.420 1	80.892 1
2	1	17.98 1	80.569 1
2	1	17.203 1	80.1121 1
2	1	17.43 1	80.1575 1
5	4	17.100 0.074 17.101 1 17.224 0.738 17.610 0.775	80.571 1
2	1	17.208 1	80.1001 1
2	1	17.412 1	80.1254 1
2	1	17.180 1	80.1045 1
2	1	17.61 1	80.1048 1
3	2	17.131 1	80.1985 1 80.1998 1
2	1	17.543 1	80.428 1
2	1	17.118 1	80.318 1
5	6	17.493 1 17.125 0.756	80.1990 1 80.2003 1 80.962 0.104
2	1	17.60 1	80.638 1
2	1	17.527 1	80.907 1
2	1	17.18 1	80.1341 1
2	1	17.646 1	80.700 1
2	1	17.29 1	80.850 1
2	1	17.295 1	80.637 1
2	1	17.550 1	80.281 1
2	1	17.69 1	80.173 1
2	1	17.296 1	80.335 1
4	4	17.322 1 17.484 0.482	80.182 1 80.712 0.198
2	1	17.425 1	80.1248 1
2	1	17.289 1	80.490 1
2	1	17.390 1	80.314 1
2	1	17.603 1	80.1653 1
5	6	17.292 1 17.447 0.706	80.1622 1 80.1946 0.375 80.386 0.418
2	1	17.99 1	80.570 1
2	1	17.146 1	80.1043 1
2	1	17.214 1	80.1315 1
2	1	17.36 1	80.203 1
2	1	17.188 1	80.1133 1
2	1	17.171 1	80.280 1
2	1	17.97 1	80.1129 1
2	1	17.303 1	80.1459 1
2	1	17.571 1	80.1799 1
2	1	17.391 1	80.313 1
2	1	17.19 1	80.1340 1
2	1	17.283 1	80.886 1
2	1	17.145 1	80.1146 1
2	1	17.693 1	80.868 1
2	1	17.164 1	80.81 1
2	1	17.166 1	80.79 1
2	1	17.213 1	80.1316 1
2	1	17.717 1	80.1106 1
2	1	17.109 1	80.1414 1
2	1	17.698 1	80.1728 1
2	1	17.458 1	80.761 1
7	10	17.178 0.101 17.191 1	80.1034 0.312 80.1613 0.238 80.1955 1 80.375 0.091 80.8 0.812
2	1	17.526 1	80.906 1
3	2	17.321 1	80.1867 1 80.1888 0.173
2	1	17.33 1	80.201 1
2	1	17.46 1	80.769 1
2	1	17.320 1	80.1445 1
2	1	17.189 1	80.1134 1
6	8	17.194 0.076 17.515 1	80.1619 0.098 80.1949 1 80.381 0.080 80.4 0.058
2	1	17.174 1	80.1411 1
2	1	17.144 1	80.1754 1
26	25	17.453 1	80.1172 0.465 80.1274 0.135 80.1331 0.237 80.143 0.657 80.146 0.344 80.1499 1 80.1565 0.673 80.1576 0.398 80.1634 0.471 80.165 0.173 80.1658 0.674 80.1732 0.773 80.1752 0.878 80.1756 0.393 80.176 0.433 80.208 0.363 80.299 0.202 80.401 0.640 80.460 0.115 80.469 0.901 80.53 0.421 80.603 0.121 80.739 0.474 80.801 0.434 80.933 0.233
2	1	17.544 1	80.1480 1
2	1	17.6 1	80.1198 1
2	1	17.318 1	80.1447 1
2	1	17.165 1	80.80 1
2	1	17.457 1	80.760 1
2	1	17.372 1	80.487 1
2	1	17.7 1	80.1196 1
2	1	17.579 1	80.327 1
2	1	17.68 1	80.172 1
2	1	17.669 1	80.725 1
2	1	17.204 1	80.1122 1
2	1	17.287 1	80.497 1
2	1	17.147 1	80.1148 1
2	1	17.721 1	80.1387 1
2	1	17.384 1	80.514 1
2	1	17.211 1	80.1848 1
2	1	17.624 1	80.389 1
2	1	17.353 1	80.1821 1
2	1	17.339 1	80.1577 1
2	1	17.403 1	80.1310 1
2	1	17.491 1	80.278 1
2	1	17.45 1	80.789 1
2	1	17.35 1	80.202 1
2	1	17.703 1	80.1847 1
7	12	17.192 1 17.513 0.082 17.686 0.094	80.1616 0.799 80.1952 0.796 80.377 0.344 80.6 1
3	2	17.541 1 17.722 0.916	80.295 1
2	1	17.260 1	80.1409 1
3	2	17.401 1	80.1992 1 80.2005 1
2	1	17.78 1	80.990 1
2	1	17.255 1	80.998 1
2	1	17.161 1	80.578 1
2	1	17.539 1	80.293 1
2	1	17.119 1	80.1094 1
6	5	17.95 1	80.12 0.978 80.1608 1 80.1686 0.872 80.1959 0.956 80.541 0.961
2	1	17.15 1	80.1005 1
2	1	17.8 1	80.1195 1
2	1	17.39 1	80.206 1
2	1	17.614 1	80.914 1
3	2	17.393 0.176 17.706 1	80.1091 1
2	1	17.375 1	80.485 1
3	2	17.674 1	80.1335 0.149 80.834 1
2	1	17.158 1	80.1448 1
3	2	17.217 1	80.1249 1 80.320 0.907
2	1	17.510 1	80.861 1
2	1	17.77 1	80.273 1
2	1	17.383 1	80.513 1
2	1	17.237 1	80.992 1
2	1	17.657 1	80.1158 1
3	2	17.315 0.123 17.377 1	80.770 1
2	1	17.615 1	80.1339 1
2	1	17.724 1	80.1375 1
2	1	17.431 1	80.255 1
2	1	17.549 1	80.282 1
2	1	17.456 1	80.759 1
2	1	17.509 1	80.860 1
37	102	17.663 1 17.241 1 17.137 0.133	80.878 1 80.1678 1 80.1509 0.785 80.61 0.616 80.693 0.563 80.1646 0.501 80.589 0.444 80.1537 0.411 80.1598 0.411 80.1874 0.411 80.44 0.405 80.1895 0.403 80.1209 0.386 80.1909 0.383 80.549 0.377 80.719 0.296 80.1563 0.287 80.1266 0.285 80.750 0.283 80.133 0.282 80.1763 0.279 80.898 0.278 80.1746 0.276 80.413 0.276 80.945 0.267 80.628 0.264 80.1670 0.263 80.227 0.250 80.1597 0.248 80.106 0.238 80.224 0.217 80.24 0.080 80.1858 0.079 80.216 0.065
2	1	17.319 1	80.1446 1
2	1	17.16 1	80.1042 1
2	1	17.511 1	80.862 1
6	9	17.106 0.055 17.466 1 17.667 0.190	80.1983 0.076 80.1984 0.103 80.1997 1
3	2	17.337 1	80.703 1 80.1384 0.818
2	1	17.378 1	80.1342 1
2	1	17.369 1	80.939 1
2	1	17.110 1	80.1555 1
2	1	17.236 1	80.991 1
2	1	17.404 1	80.1311 1
2	1	17.621 1	80.350 1
2	1	17.400 1	80.976 1
2	1	17.366 1	80.929 1
2	1	17.258 1	80.1407 1
2	1	17.274 1	80.1815 1
2	1	17.580 1	80.1058 1
2	1	17.251 1	80.671 1
2	1	17.627 1	80.1813 1
3	2	17.347 1	80.816 1 80.824 0.075
2	1	17.148 1	80.1149 1
2	1	17.310 1	80.489 1
2	1	17.382 1	80.512 1
2	1	17.424 1	80.1092 1
26	25	17.128 1	80.1013 0.899 80.1023 0.877 80.1116 0.934 80.1443 0.965 80.1464 0.951 80.1651 0.958 80.1656 0.909 80.1738 0.771 80.1810 1 80.200 0.949 80.253 0.939 80.259 0.947 80.263 0.954 80.276 0.790 80.309 0.954 80.322 0.932 80.345 0.840 80.393 0.938 80.427 0.958 80.471 0.936 80.704 0.909 80.709 0.974 80.786 0.894 80.822 0.765 80.911 0.890
2	1	17.58 1	80.1057 1
2	1	17.63 1	80.556 1
2	1	17.312 1	80.488 1
2	1	17.349 1	80.1800 1
14	24	17.243 1 17.671 0.082	80.1040 0.816 80.1604 0.080 80.1689 0.161 80.17 0.080 80.1964 0.822 80.357 0.606 80.369 0.161 80.524 0.761 80.538 0.227 80.727 1 80.828 0.834 80.912 0.231
6	5	17.356 0.395 17.434 1 17.506 0.341 17.555 0.411 17.578 0.604	80.151 1
2	1	17.275 1	80.1822 1
4	4	17.492 1 17.502 0.161	80.1989 1 80.2002 1
5	4	17.459 1	80.1305 1 80.1488 0.748 80.38 0.094 80.39 0.050
2	1	17.170 1	80.1797 1
2	1	17.411 1	80.636 1
5	4	17.17 1	80.1399 1 80.853 0.725 80.913 0.647 80.918 0.672
2	1	17.207 1	80.1770 1
2	1	17.558 1	80.499 1
2	1	17.429 1	80.576 1
6	8	17.699 1 17.94 0.908	80.11 1 80.1609 0.959 80.1958 1 80.542 0.456
2	1	17.57 1	80.1494 1
2	1	17.286 1	80.498 1
2	1	17.309 1	80.1312 1
18	17	17.461 1	80.101 0.222 80.138 0.752 80.1486 0.580 80.1504 0.256 80.1543 0.197 80.1569 0.256 80.1640 0.248 80.1665 0.239 80.1682 0.274 80.1760 0.701 80.247 0.197 80.623 0.863 80.689 0.239 80.715 1 80.746 0.256 80.894 0.274 80.949 0.932
2	1	17.540 1	80.294 1
2	1	17.629 1	80.711 1
2	1	17.173 1	80.1827 1
11	18	17.232 0.053 17.443 1	80.142 1 80.1472 0.195 80.1549 0.145 80.1566 0.139 80.1635 0.231 80.1757 0.963 80.1987 0.106 80.2000 0.106 80.557 0.054
2	1	17.37 1	80.204 1
2	1	17.329 1	80.641 1
2	1	17.589 1	80.1190 1
3	2	17.362 1	80.1290 0.054 80.618 1
2	1	17.38 1	80.205 1
3	2	17.2 1	80.1694 0.929 80.1812 1
2	1	17.122 1	80.870 1
26	25	17.41 1	80.139 0.338 80.1503 0.440 80.1545 0.716 80.1593 1 80.1639 0.259 80.1683 0.358 80.170 0.399 80.1708 0.235 80.1737 0.151 80.1863 0.328 80.1935 0.334 80.198 0.160 80.211 0.265 80.250 0.281 80.260 0.110 80.477 0.696 80.55 0.256 80.553 0.179 80.598 0.256 80.621 0.485 80.714 0.336 80.744 0.489 80.798 0.361 80.951 0.389 80.99 0.839
2	1	17.428 1	80.575 1
2	1	17.489 1	80.279 1
26	25	17.619 1	80.1004 1 80.1011 0.572 80.1044 0.234 80.1277 0.428 80.1318 0.428 80.1711 0.972 80.1731 0.953 80.1787 0.432 80.1819 0.986 80.1831 0.225 80.226 0.439 80.261 0.428 80.303 0.958 80.326 0.432 80.343 0.426 80.347 0.315 80.451 0.274 80.573 0.755 80.581 0.441 80.617 0.436 80.664 0.432 80.674 0.953 80.778 0.232 80.960 0.745 80.987 0.977
2	1	17.140 1	80.916 1
7	6	17.93 1	80.10 0.945 80.1036 0.110 80.1037 0.103 80.1610 1 80.1957 0.945 80.372 0.900
2	1	17.374 1	80.486 1
3	2	17.475 1 17.476 0.770	80.648 0.870
