Size	Relations	OrthoA	OrthoB
2	1	17.187 1	81.602 1
2	1	17.70 1	81.228 1
3	2	17.284 1	81.186 1 81.273 0.662
2	1	17.377 1	81.265 1
2	1	17.61 1	81.171 1
2	1	17.354 1	81.511 1
2	1	17.433 1	81.470 1
2	1	17.296 1	81.590 1
2	1	17.440 1	81.381 1
2	1	17.259 1	81.152 1
2	1	17.516 1	81.88 1
2	1	17.62 1	81.168 1
2	1	17.338 1	81.165 1
2	1	17.315 1	81.598 1
2	1	17.179 1	81.166 1
2	1	17.186 1	81.601 1
3	2	17.184 1	81.28 1 81.512 0.692
2	1	17.281 1	81.279 1
2	1	17.205 1	81.146 1
2	1	17.288 1	81.432 1
2	1	17.317 1	81.452 1
2	1	17.29 1	81.437 1
2	1	17.55 1	81.571 1
2	1	17.11 1	81.495 1
2	1	17.162 1	81.75 1
2	1	17.302 1	81.520 1
2	1	17.97 1	81.87 1
2	1	17.548 1	81.426 1
2	1	17.525 1	81.492 1
2	1	17.98 1	81.670 1
3	2	17.337 1	81.361 1 81.116 0.721
2	1	17.171 1	81.606 1
2	1	17.420 1	81.583 1
2	1	17.208 1	81.665 1
2	1	17.646 1	81.446 1
2	1	17.180 1	81.460 1
2	1	17.543 1	81.78 1
2	1	17.118 1	81.376 1
2	1	17.203 1	81.143 1
2	1	17.412 1	81.375 1
2	1	17.527 1	81.611 1
2	1	17.295 1	81.575 1
2	1	17.69 1	81.226 1
2	1	17.550 1	81.388 1
2	1	17.99 1	81.669 1
2	1	17.371 1	81.422 1
2	1	17.425 1	81.377 1
2	1	17.144 1	81.447 1
2	1	17.444 1	81.249 1
2	1	17.264 1	81.321 1
2	1	17.18 1	81.293 1
2	1	17.634 1	81.131 1
2	1	17.326 1	81.270 1
2	1	17.603 1	81.581 1
2	1	17.60 1	81.167 1
2	1	17.390 1	81.208 1
2	1	17.36 1	81.475 1
3	2	17.115 1	81.537 0.291 81.84 1
2	1	17.303 1	81.519 1
2	1	17.379 1	81.334 1
2	1	17.706 1	81.414 1
3	2	17.647 1	81.4 1 81.359 0.877
2	1	17.146 1	81.32 1
2	1	17.189 1	81.604 1
2	1	17.458 1	81.469 1
2	1	17.19 1	81.292 1
2	1	17.20 1	81.310 1
2	1	17.353 1	81.331 1
2	1	17.166 1	81.353 1
2	1	17.372 1	81.423 1
2	1	17.226 1	81.629 1
2	1	17.188 1	81.603 1
2	1	17.717 1	81.200 1
2	1	17.33 1	81.473 1
2	1	17.263 1	81.89 1
2	1	17.698 1	81.362 1
2	1	17.329 1	81.269 1
2	1	17.145 1	81.33 1
2	1	17.283 1	81.140 1
2	1	17.46 1	81.229 1
3	2	17.453 1	81.251 1 81.625 0.193
2	1	17.53 1	81.160 1
2	1	17.164 1	81.350 1
2	1	17.542 1	81.503 1
2	1	17.391 1	81.209 1
2	1	17.255 1	81.668 1
6	8	17.101 1 17.100 1 17.224 0.835 17.610 0.202	81.398 1 81.399 1
2	1	17.32 1	81.471 1
2	1	17.6 1	81.467 1
2	1	17.579 1	81.411 1
2	1	17.669 1	81.509 1
2	1	17.204 1	81.144 1
2	1	17.287 1	81.433 1
4	4	17.236 1 17.381 0.747	81.599 1 81.231 0.821
2	1	17.676 1	81.161 1
2	1	17.457 1	81.468 1
2	1	17.68 1	81.225 1
2	1	17.318 1	81.176 1
2	1	17.274 1	81.402 1
2	1	17.122 1	81.136 1
2	1	17.323 1	81.272 1
3	2	17.541 1 17.722 0.871	81.523 1
2	1	17.544 1	81.283 1
2	1	17.109 1	81.481 1
2	1	17.78 1	81.342 1
2	1	17.526 1	81.612 1
2	1	17.260 1	81.154 1
2	1	17.77 1	81.340 1
2	1	17.489 1	81.389 1
2	1	17.211 1	81.82 1
2	1	17.15 1	81.316 1
2	1	17.378 1	81.533 1
2	1	17.721 1	81.119 1
2	1	17.539 1	81.525 1
2	1	17.491 1	81.390 1
2	1	17.394 1	81.192 1
4	3	17.403 1 17.339 0.953 17.476 0.919	81.322 1
2	1	17.149 1	81.498 1
2	1	17.614 1	81.218 1
2	1	17.158 1	81.178 1
2	1	17.308 1	81.580 1
2	1	17.475 1	81.332 1
2	1	17.3 1	81.615 1
2	1	17.375 1	81.427 1
2	1	17.165 1	81.351 1
2	1	17.7 1	81.465 1
2	1	17.110 1	81.183 1
2	1	17.366 1	81.357 1
4	4	17.45 1 17.8 0.735	81.180 1 81.631 0.748
2	1	17.320 1	81.174 1
2	1	17.703 1	81.83 1
2	1	17.724 1	81.107 1
2	1	17.148 1	81.30 1
2	1	17.404 1	81.333 1
2	1	17.35 1	81.474 1
2	1	17.39 1	81.478 1
2	1	17.383 1	81.188 1
2	1	17.510 1	81.646 1
2	1	17.615 1	81.291 1
2	1	17.16 1	81.277 1
2	1	17.4 1	81.532 1
2	1	17.411 1	81.574 1
2	1	17.113 1	81.86 1
2	1	17.173 1	81.576 1
4	3	17.125 0.370 17.493 1 17.503 0.455	81.61 1
2	1	17.657 1	81.510 1
2	1	17.382 1	81.189 1
2	1	17.511 1	81.645 1
2	1	17.545 1	81.301 1
2	1	17.170 1	81.364 1
2	1	17.147 1	81.31 1
2	1	17.384 1	81.187 1
3	2	17.334 0.093 17.512 1	81.125 1
2	1	17.58 1	81.413 1
2	1	17.258 1	81.151 1
3	2	17.17 1	81.587 1 81.213 0.737
2	1	17.319 1	81.175 1
3	2	17.309 1	81.607 1 81.431 1
2	1	17.580 1	81.412 1
2	1	17.540 1	81.524 1
2	1	17.347 1	81.52 1
2	1	17.456 1	81.451 1
2	1	17.567 1	81.217 1
2	1	17.5 1	81.534 1
2	1	17.509 1	81.647 1
2	1	17.275 1	81.142 1
2	1	17.558 1	81.222 1
2	1	17.280 1	81.133 1
2	1	17.312 1	81.429 1
2	1	17.223 1	81.173 1
2	1	17.212 1	81.195 1
6	5	17.356 1 17.434 0.444 17.506 0.634 17.555 0.578 17.578 0.468	81.542 1
2	1	17.38 1	81.477 1
2	1	17.566 1	81.595 1
2	1	17.374 1	81.428 1
