Size	Relations	OrthoA	OrthoB
2	1	22.317 1	75.123 1
2	1	22.316 1	75.122 1
2	1	22.336 1	75.285 1
2	1	22.876 1	75.1293 1
2	1	22.211 1	75.126 1
2	1	22.417 1	75.1998 1
3	2	22.628 1	75.2722 1 75.871 1
2	1	22.614 1	75.583 1
2	1	22.334 1	75.273 1
2	1	22.864 1	75.551 1
2	1	22.197 1	75.883 1
2	1	22.15 1	75.1452 1
2	1	22.455 1	75.1511 1
2	1	22.794 1	75.1299 1
2	1	22.792 1	75.1301 1
2	1	22.99 1	75.484 1
2	1	22.274 1	75.4 1
2	1	22.335 1	75.268 1
2	1	22.79 1	75.437 1
2	1	22.273 1	75.3 1
2	1	22.416 1	75.2059 1
2	1	22.601 1	75.2036 1
2	1	22.244 1	75.294 1
2	1	22.50 1	75.2178 1
2	1	22.152 1	75.666 1
2	1	22.325 1	75.183 1
2	1	22.633 1	75.1904 1
2	1	22.378 1	75.2137 1
3	2	22.823 1	75.995 1 75.637 0.780
2	1	22.463 1	75.1833 1
2	1	22.110 1	75.2267 1
2	1	22.503 1	75.352 1
2	1	22.668 1	75.881 1
2	1	22.283 1	75.13 1
2	1	22.327 1	75.185 1
2	1	22.384 1	75.2133 1
2	1	22.111 1	75.1844 1
2	1	22.232 1	75.315 1
2	1	22.432 1	75.468 1
2	1	22.469 1	75.1438 1
2	1	22.448 1	75.1874 1
2	1	22.288 1	75.18 1
2	1	22.210 1	75.127 1
2	1	22.251 1	75.280 1
2	1	22.422 1	75.2187 1
2	1	22.598 1	75.2040 1
2	1	22.173 1	75.384 1
2	1	22.453 1	75.2125 1
2	1	22.199 1	75.2291 1
2	1	22.660 1	75.786 1
3	2	22.262 1 22.544 0.730	75.2274 1
2	1	22.427 1	75.446 1
2	1	22.707 1	75.1349 1
2	1	22.502 1	75.351 1
2	1	22.363 1	75.404 1
2	1	22.207 1	75.2057 1
2	1	22.45 1	75.349 1
2	1	22.356 1	75.68 1
2	1	22.548 1	75.464 1
2	1	22.258 1	75.489 1
2	1	22.558 1	75.515 1
2	1	22.85 1	75.1863 1
2	1	22.474 1	75.1437 1
2	1	22.104 1	75.272 1
3	2	22.588 1	75.2771 1 75.819 1
2	1	22.387 1	75.2130 1
2	1	22.367 1	75.396 1
2	1	22.245 1	75.293 1
3	2	22.201 1 22.564 0.859	75.451 1
2	1	22.504 1	75.1618 1
2	1	22.877 1	75.2193 1
3	2	22.404 0.124 22.569 1	75.1778 1
2	1	22.77 1	75.439 1
2	1	22.247 1	75.317 1
2	1	22.419 1	75.2190 1
2	1	22.24 1	75.768 1
2	1	22.563 1	75.443 1
2	1	22.68 1	75.200 1
2	1	22.426 1	75.1593 1
2	1	22.789 1	75.620 1
2	1	22.203 1	75.449 1
2	1	22.604 1	75.630 1
2	1	22.347 1	75.190 1
2	1	22.413 1	75.203 1
2	1	22.256 1	75.2271 1
2	1	22.264 1	75.2275 1
2	1	22.204 1	75.448 1
2	1	22.248 1	75.316 1
2	1	22.224 1	75.60 1
2	1	22.30 1	75.1456 1
2	1	22.616 1	75.598 1
2	1	22.123 1	75.2094 1
2	1	22.189 1	75.368 1
2	1	22.93 1	75.1873 1
2	1	22.237 1	75.309 1
2	1	22.25 1	75.767 1
2	1	22.208 1	75.2058 1
2	1	22.498 1	75.1834 1
2	1	22.106 1	75.291 1
2	1	22.654 1	75.459 1
2	1	22.389 1	75.2128 1
2	1	22.285 1	75.15 1
2	1	22.37 1	75.1463 1
3	2	22.231 1 22.985 0.906	75.2265 1
2	1	22.653 1	75.536 1
2	1	22.275 1	75.5 1
2	1	22.467 1	75.1439 1
2	1	22.415 1	75.205 1
2	1	22.706 1	75.1350 1
2	1	22.386 1	75.2131 1
2	1	22.2 1	75.567 1
2	1	22.166 1	75.389 1
2	1	22.38 1	75.1464 1
2	1	22.163 1	75.353 1
2	1	22.27 1	75.764 1
2	1	22.295 1	75.360 1
2	1	22.277 1	75.7 1
2	1	22.119 1	75.1115 1
2	1	22.200 1	75.422 1
2	1	22.139 1	75.1841 1
2	1	22.114 1	75.1846 1
2	1	22.613 1	75.582 1
2	1	22.300 1	75.295 1
2	1	22.266 1	75.2277 1
2	1	22.202 1	75.450 1
2	1	22.795 1	75.631 1
2	1	22.250 1	75.248 1
3	2	22.206 1 22.309 0.932	75.2041 1
2	1	22.360 1	75.398 1
2	1	22.630 1	75.1907 1
2	1	22.565 1	75.30 1
2	1	22.95 1	75.488 1
2	1	22.557 1	75.514 1
2	1	22.359 1	75.635 1
2	1	22.382 1	75.1553 1
2	1	22.595 1	75.494 1
2	1	22.162 1	75.354 1
2	1	22.76 1	75.440 1
2	1	22.73 1	75.196 1
2	1	22.518 1	75.1755 1
2	1	22.308 1	75.2143 1
2	1	22.513 1	75.1443 1
2	1	22.81 1	75.2032 1
2	1	22.549 1	75.465 1
6	5	22.681 1	75.109 0.968 75.2418 1 75.2521 1 75.588 0.124 75.82 0.056
2	1	22.599 1	75.2038 1
2	1	22.838 1	75.789 1
3	2	22.194 1	75.1774 0.059 75.2232 1
2	1	22.26 1	75.765 1
2	1	22.642 1	75.1586 1
2	1	22.52 1	75.2180 1
2	1	22.128 1	75.2101 1
2	1	22.271 1	75.1 1
2	1	22.71 1	75.198 1
2	1	22.268 1	75.2288 1
2	1	22.186 1	75.371 1
2	1	22.476 1	75.340 1
2	1	22.234 1	75.313 1
2	1	22.846 1	75.968 1
2	1	22.673 1	75.347 1
2	1	22.351 1	75.2198 1
2	1	22.54 1	75.2182 1
2	1	22.655 1	75.460 1
2	1	22.705 1	75.1902 1
2	1	22.235 1	75.311 1
2	1	22.116 1	75.1848 1
2	1	22.337 1	75.286 1
2	1	22.41 1	75.556 1
2	1	22.192 1	75.365 1
2	1	22.32 1	75.1458 1
2	1	22.240 1	75.307 1
2	1	22.287 1	75.17 1
2	1	22.339 1	75.269 1
2	1	22.341 1	75.271 1
2	1	22.161 1	75.355 1
2	1	22.140 1	75.1842 1
2	1	22.843 1	75.965 1
4	3	22.870 1	75.1206 1 75.1213 1 75.2697 0.465
2	1	22.943 1	75.2140 1
2	1	22.790 1	75.1217 1
2	1	22.137 1	75.134 1
2	1	22.23 1	75.769 1
2	1	22.342 1	75.511 1
2	1	22.430 1	75.277 1
3	2	22.589 1	75.2770 1 75.820 0.991
2	1	22.90 1	75.1870 1
2	1	22.191 1	75.366 1
2	1	22.425 1	75.1594 1
2	1	22.602 1	75.2035 1
2	1	22.807 1	75.1590 1
2	1	22.607 1	75.1545 1
2	1	22.205 1	75.447 1
2	1	22.212 1	75.125 1
2	1	22.646 1	75.2753 1
2	1	22.319 1	75.177 1
2	1	22.584 1	75.413 1
2	1	22.13 1	75.1450 1
2	1	22.343 1	75.274 1
2	1	22.239 1	75.308 1
2	1	22.514 1	75.1442 1
2	1	22.535 1	75.1548 1
2	1	22.606 1	75.1546 1
2	1	22.691 1	75.587 1
2	1	22.109 1	75.2266 1
2	1	22.541 1	75.576 1
3	2	22.848 1	75.1198 1 75.2706 0.121
2	1	22.175 1	75.382 1
2	1	22.284 1	75.14 1
2	1	22.326 1	75.184 1
2	1	22.145 1	75.1565 1
2	1	22.180 1	75.377 1
2	1	22.272 1	75.2 1
3	2	22.519 1	75.519 1 75.341 0.784
2	1	22.279 1	75.9 1
2	1	22.831 1	75.507 1
2	1	22.92 1	75.1872 1
2	1	22.213 1	75.124 1
2	1	22.299 1	75.2194 1
2	1	22.414 1	75.204 1
2	1	22.454 1	75.149 1
3	2	22.171 1	75.391 1 75.969 0.831
3	2	22.242 1 22.243 0.246	75.275 1
2	1	22.185 1	75.372 1
2	1	22.608 1	75.771 1
2	1	22.63 1	75.445 1
2	1	22.914 1	75.1727 1
2	1	22.875 1	75.1430 1
2	1	22.177 1	75.380 1
2	1	22.120 1	75.1114 1
2	1	22.358 1	75.70 1
2	1	22.265 1	75.2276 1
2	1	22.91 1	75.1871 1
2	1	22.407 1	75.430 1
2	1	22.466 1	75.1805 1
3	2	22.529 1	75.636 1 75.574 0.790
2	1	22.935 1	75.504 1
2	1	22.289 1	75.19 1
2	1	22.381 1	75.1554 1
2	1	22.512 1	75.496 1
2	1	22.226 1	75.57 1
2	1	22.83 1	75.1465 1
2	1	22.942 1	75.2139 1
2	1	22.225 1	75.58 1
2	1	22.281 1	75.11 1
3	2	22.130 1 22.131 0.446	75.2104 1
2	1	22.528 1	75.573 1
2	1	22.89 1	75.1869 1
2	1	22.866 1	75.2399 1
2	1	22.571 1	75.1298 1
2	1	22.652 1	75.625 1
3	2	22.698 1	75.1255 1 75.2614 1
2	1	22.418 1	75.512 1
2	1	22.98 1	75.485 1
2	1	22.494 1	75.1637 1
2	1	22.379 1	75.2135 1
2	1	22.182 1	75.375 1
2	1	22.254 1	75.2269 1
2	1	22.172 1	75.385 1
2	1	22.561 1	75.418 1
5	4	22.703 1 22.895 0.846 22.921 0.712 22.982 0.728	75.1901 1
2	1	22.818 1	75.1427 1
2	1	22.96 1	75.487 1
2	1	22.305 1	75.302 1
2	1	22.307 1	75.2144 1
2	1	22.357 1	75.69 1
2	1	22.517 1	75.1756 1
2	1	22.826 1	75.1302 1
2	1	22.708 1	75.1784 1
2	1	22.636 1	75.1800 1
2	1	22.701 1	75.1351 1
2	1	22.423 1	75.2186 1
2	1	22.524 1	75.792 1
2	1	22.282 1	75.12 1
2	1	22.298 1	75.2195 1
2	1	22.388 1	75.2129 1
2	1	22.459 1	75.1506 1
2	1	22.526 1	75.571 1
2	1	22.505 1	75.779 1
2	1	22.594 1	75.493 1
3	2	22.820 1 22.479 0.752	75.156 1
2	1	22.11 1	75.1448 1
2	1	22.520 1	75.520 1
2	1	22.80 1	75.2031 1
2	1	22.819 1	75.1426 1
2	1	22.174 1	75.383 1
2	1	22.165 1	75.390 1
2	1	22.665 1	75.880 1
2	1	22.321 1	75.179 1
2	1	22.115 1	75.1847 1
2	1	22.97 1	75.486 1
2	1	22.527 1	75.572 1
2	1	22.66 1	75.297 1
2	1	22.443 1	75.1552 1
2	1	22.167 1	75.388 1
2	1	22.178 1	75.379 1
2	1	22.331 1	75.342 1
2	1	22.53 1	75.2181 1
2	1	22.547 1	75.463 1
2	1	22.874 1	75.1429 1
3	2	22.318 1 22.155 0.855	75.244 1
2	1	22.132 1	75.2105 1
9	8	22.5 0.573 22.627 0.591 22.745 1 22.923 0.816 22.932 0.829 22.962 0.775 22.965 0.517 22.976 0.548	75.691 1
2	1	22.100 1	75.775 1
2	1	22.572 1	75.296 1
2	1	22.10 1	75.1446 1
2	1	22.555 1	75.1112 1
2	1	22.168 1	75.387 1
2	1	22.249 1	75.318 1
2	1	22.638 1	75.1592 1
2	1	22.383 1	75.2134 1
2	1	22.410 1	75.201 1
3	2	22.623 1	75.2729 1 75.864 1
5	4	22.700 1	75.118 1 75.2175 0.196 75.2426 0.786 75.2531 0.130
2	1	22.187 1	75.370 1
2	1	22.353 1	75.2197 1
2	1	22.57 1	75.2185 1
2	1	22.241 1	75.306 1
2	1	22.160 1	75.356 1
2	1	22.499 1	75.1966 1
2	1	22.301 1	75.299 1
2	1	22.348 1	75.191 1
2	1	22.227 1	75.56 1
2	1	22.107 1	75.289 1
2	1	22.193 1	75.364 1
2	1	22.31 1	75.1457 1
2	1	22.662 1	75.787 1
2	1	22.859 1	75.240 1
2	1	22.867 1	75.1318 1
2	1	22.312 1	75.421 1
2	1	22.506 1	75.319 1
2	1	22.562 1	75.419 1
2	1	22.188 1	75.369 1
2	1	22.452 1	75.2126 1
2	1	22.702 1	75.1903 1
2	1	22.721 1	75.1959 1
2	1	22.510 1	75.547 1
2	1	22.585 1	75.414 1
2	1	22.361 1	75.399 1
2	1	22.493 1	75.711 1
2	1	22.496 1	75.1635 1
2	1	22.75 1	75.441 1
2	1	22.176 1	75.381 1
2	1	22.278 1	75.8 1
3	2	22.355 1	75.491 1 75.67 0.421
2	1	22.508 1	75.545 1
2	1	22.581 1	75.410 1
2	1	22.873 1	75.1428 1
2	1	22.421 1	75.2188 1
2	1	22.236 1	75.310 1
2	1	22.223 1	75.61 1
4	3	22.408 1 22.431 0.930 22.918 0.830	75.2002 1
3	2	22.138 1	75.1447 0.144 75.1751 1
2	1	22.596 1	75.305 1
2	1	22.313 1	75.2248 1
2	1	22.42 1	75.503 1
2	1	22.125 1	75.2096 1
2	1	22.124 1	75.2095 1
2	1	22.1 1	75.568 1
2	1	22.43 1	75.502 1
2	1	22.183 1	75.374 1
2	1	22.314 1	75.2247 1
2	1	22.364 1	75.394 1
2	1	22.445 1	75.1550 1
2	1	22.651 1	75.624 1
2	1	22.150 1	75.2192 1
2	1	22.294 1	75.359 1
4	4	22.969 1 22.311 0.784	75.1836 1 75.2046 0.742
2	1	22.147 1	75.2191 1
2	1	22.539 1	75.2049 1
2	1	22.605 1	75.1547 1
2	1	22.181 1	75.376 1
2	1	22.291 1	75.21 1
2	1	22.51 1	75.2179 1
2	1	22.141 1	75.350 1
2	1	22.228 1	75.55 1
2	1	22.255 1	75.2270 1
7	6	22.372 0.497 22.374 0.436 22.451 1 22.669 0.206 22.738 0.172 22.771 0.181	75.539 1
2	1	22.465 1	75.884 1
2	1	22.650 1	75.623 1
2	1	22.787 1	75.1048 1
2	1	22.917 1	75.132 1
2	1	22.233 1	75.314 1
2	1	22.791 1	75.778 1
2	1	22.18 1	75.1876 1
2	1	22.798 1	75.1796 1
2	1	22.586 1	75.581 1
2	1	22.324 1	75.182 1
2	1	22.428 1	75.1862 1
2	1	22.292 1	75.22 1
2	1	22.380 1	75.469 1
2	1	22.190 1	75.367 1
2	1	22.88 1	75.1868 1
2	1	22.444 1	75.1551 1
2	1	22.600 1	75.2037 1
6	5	22.677 1	75.103 0.857 75.2411 1 75.2515 1 75.592 0.139 75.652 0.938
2	1	22.261 1	75.1617 1
2	1	22.280 1	75.10 1
2	1	22.475 1	75.964 1
2	1	22.14 1	75.1451 1
2	1	22.179 1	75.378 1
2	1	22.664 1	75.879 1
2	1	22.142 1	75.1589 1
2	1	22.293 1	75.23 1
2	1	22.330 1	75.2196 1
2	1	22.796 1	75.1858 1
2	1	22.424 1	75.994 1
2	1	22.858 1	75.241 1
2	1	22.631 1	75.1906 1
2	1	22.634 1	75.1606 1
2	1	22.644 1	75.1584 1
2	1	22.55 1	75.2183 1
2	1	22.269 1	75.2289 1
2	1	22.346 1	75.189 1
2	1	22.643 1	75.1585 1
2	1	22.338 1	75.287 1
6	5	22.46 1	75.105 0.246 75.2414 0.307 75.2517 0.307 75.348 1 75.649 0.299
2	1	22.409 1	75.2001 1
2	1	22.28 1	75.763 1
2	1	22.170 1	75.386 1
2	1	22.290 1	75.20 1
2	1	22.368 1	75.397 1
2	1	22.56 1	75.2184 1
2	1	22.67 1	75.1843 1
2	1	22.824 1	75.1331 1
2	1	22.253 1	75.2268 1
2	1	22.35 1	75.1460 1
2	1	22.560 1	75.362 1
2	1	22.108 1	75.288 1
2	1	22.12 1	75.1449 1
3	2	22.622 1	75.2730 1 75.863 1
2	1	22.852 1	75.1801 1
2	1	22.554 1	75.1113 1
2	1	22.33 1	75.1459 1
2	1	22.133 1	75.2106 1
2	1	22.345 1	75.276 1
2	1	22.78 1	75.438 1
2	1	22.478 1	75.157 1
2	1	22.151 1	75.667 1
2	1	22.276 1	75.6 1
2	1	22.860 1	75.242 1
3	2	22.22 1 22.362 0.084	75.1608 1
2	1	22.568 1	75.420 1
2	1	22.69 1	75.199 1
3	2	22.483 0.130 22.907 1	75.175 1
2	1	22.550 1	75.1783 1
12	20	22.940 1 22.939 1	75.148 1 75.2145 1 75.1588 0.762 75.1638 0.249 75.1639 0.192 75.1587 0.189 75.774 0.122 75.121 0.111 75.773 0.077 75.2146 0.070
2	1	22.906 1	75.1641 1
2	1	22.811 1	75.877 1
2	1	22.218 1	75.128 1
2	1	22.47 1	75.247 1
2	1	22.118 1	75.63 1
2	1	22.944 1	75.790 1
2	1	22.545 1	75.461 1
2	1	22.551 1	75.1782 1
2	1	22.102 1	75.621 1
2	1	22.87 1	75.1867 1
2	1	22.134 1	75.2107 1
4	3	22.755 1	75.1281 1 75.2587 0.167 75.2588 0.139
2	1	22.855 1	75.243 1
2	1	22.8 1	75.1445 1
4	3	22.666 1	75.1091 1 75.1155 0.994 75.1948 0.275
2	1	22.495 1	75.1636 1
2	1	22.36 1	75.1461 1
2	1	22.645 1	75.1570 1
2	1	22.184 1	75.373 1
2	1	22.553 1	75.1780 1
2	1	22.903 1	75.1645 1
2	1	22.72 1	75.197 1
2	1	22.82 1	75.648 1
2	1	22.385 1	75.2132 1
2	1	22.129 1	75.2102 1
2	1	22.365 1	75.395 1
2	1	22.841 1	75.916 1
2	1	22.546 1	75.462 1
2	1	22.825 1	75.1753 1
2	1	22.322 1	75.180 1
2	1	22.270 1	75.2290 1
3	2	22.522 1	75.246 0.051 75.490 1
2	1	22.402 1	75.2263 1
2	1	22.501 1	75.2034 1
9	8	22.6 0.684 22.626 0.191 22.744 0.221 22.924 0.174 22.933 0.203 22.963 0.228 22.966 0.253 22.977 1	75.690 1
2	1	22.323 1	75.181 1
2	1	22.579 1	75.542 1
2	1	22.222 1	75.62 1
2	1	22.509 1	75.546 1
2	1	22.632 1	75.1905 1
2	1	22.808 1	75.619 1
2	1	22.86 1	75.1865 1
3	2	22.919 1	75.1999 0.202 75.54 1
2	1	22.304 1	75.301 1
2	1	22.420 1	75.2189 1
2	1	22.543 1	75.1779 1
2	1	22.663 1	75.878 1
3	2	22.429 1 22.845 0.080	75.1860 1
10	9	22.105 1	75.1077 0.080 75.1089 1 75.1168 0.080 75.1945 0.993 75.2344 0.993 75.2356 0.080 75.2643 0.993 75.724 0.993 75.736 0.080
3	2	22.219 1	75.2080 0.982 75.476 1
2	1	22.540 1	75.1035 1
4	3	22.58 0.064 22.881 0.079 22.887 1	75.150 1
2	1	22.328 1	75.186 1
15	50	22.716 1 22.724 1 22.712 0.446 22.714 0.306 22.713 0.217	75.2014 1 75.2534 1 75.2330 0.556 75.2552 0.551 75.2548 0.462 75.2317 0.348 75.2332 0.279 75.2538 0.266 75.2433 0.245 75.2444 0.245
2	1	22.857 1	75.1960 1
2	1	22.303 1	75.1296 1
2	1	22.567 1	75.626 1
2	1	22.583 1	75.412 1
2	1	22.971 1	75.678 1
2	1	22.17 1	75.1453 1
2	1	22.515 1	75.1441 1
2	1	22.750 0.896	75.188 0.896
3	2	22.257 0.788	75.597 0.746 75.2272 0.831
