Size	Relations	OrthoA	OrthoB
2	1	22.317 1	76.669 1
2	1	22.316 1	76.668 1
2	1	22.336 1	76.507 1
2	1	22.371 1	76.332 1
2	1	22.211 1	76.342 1
2	1	22.417 1	76.68 1
2	1	22.628 1	76.647 1
2	1	22.864 1	76.600 1
2	1	22.197 1	76.3 1
2	1	22.614 1	76.642 1
2	1	22.455 1	76.614 1
2	1	22.334 1	76.469 1
2	1	22.15 1	76.13 1
2	1	22.199 1	76.355 1
2	1	22.200 1	76.354 1
2	1	22.335 1	76.500 1
2	1	22.598 1	76.228 1
2	1	22.792 1	76.246 1
2	1	22.274 1	76.423 1
2	1	22.601 1	76.225 1
2	1	22.99 1	76.94 1
2	1	22.273 1	76.422 1
2	1	22.327 1	76.464 1
2	1	22.325 1	76.462 1
2	1	22.384 1	76.35 1
2	1	22.794 1	76.245 1
2	1	22.633 1	76.86 1
2	1	22.283 1	76.434 1
4	3	22.244 1 22.66 0.771 22.572 0.737	76.470 1
2	1	22.571 1	76.346 1
2	1	22.378 1	76.121 1
2	1	22.79 1	76.175 1
2	1	22.823 1	76.251 1
2	1	22.232 1	76.492 1
2	1	22.668 1	76.254 1
3	2	22.468 0.156 22.469 1	76.586 1
2	1	22.110 1	76.302 1
2	1	22.416 1	76.5 1
2	1	22.111 1	76.45 1
2	1	22.369 1	76.331 1
2	1	22.876 1	76.338 1
2	1	22.563 1	76.291 1
2	1	22.356 1	76.552 1
2	1	22.210 1	76.341 1
2	1	22.207 1	76.503 1
2	1	22.463 1	76.581 1
2	1	22.432 1	76.580 1
2	1	22.173 1	76.529 1
2	1	22.41 1	76.621 1
2	1	22.504 1	76.192 1
2	1	22.288 1	76.443 1
2	1	22.474 1	76.583 1
2	1	22.311 1	76.645 1
2	1	22.363 1	76.19 1
2	1	22.367 1	76.52 1
2	1	22.245 1	76.401 1
2	1	22.413 1	76.64 1
2	1	22.104 1	76.307 1
2	1	22.548 1	76.172 1
2	1	22.235 1	76.487 1
2	1	22.45 1	76.281 1
3	2	22.404 0.177 22.569 1	76.118 1
2	1	22.347 1	76.567 1
2	1	22.453 1	76.561 1
2	1	22.502 1	76.194 1
2	1	22.251 1	76.420 1
2	1	22.877 1	76.498 1
2	1	22.85 1	76.311 1
2	1	22.427 1	76.630 1
3	2	22.942 1	76.220 0.076 76.605 1
2	1	22.247 1	76.402 1
2	1	22.248 1	76.403 1
2	1	22.604 1	76.235 1
3	2	22.158 1 22.390 0.102	76.177 1
2	1	22.77 1	76.29 1
2	1	22.30 1	76.181 1
2	1	22.558 1	76.164 1
2	1	22.707 1	76.252 1
2	1	22.258 1	76.490 1
2	1	22.275 1	76.424 1
2	1	22.106 1	76.306 1
2	1	22.387 1	76.38 1
3	2	22.201 1 22.443 0.745	76.627 1
2	1	22.224 1	76.449 1
2	1	22.616 1	76.369 1
2	1	22.68 1	76.294 1
2	1	22.943 1	76.604 1
2	1	22.189 1	76.513 1
2	1	22.2 1	76.108 1
2	1	22.139 1	76.628 1
2	1	22.588 1	76.260 1
2	1	22.208 1	76.502 1
2	1	22.498 1	76.200 1
2	1	22.237 1	76.482 1
2	1	22.386 1	76.37 1
2	1	22.285 1	76.437 1
2	1	22.555 1	76.167 1
2	1	22.163 1	76.542 1
2	1	22.295 1	76.379 1
3	2	22.476 1	76.149 1 76.240 0.652
2	1	22.76 1	76.28 1
2	1	22.557 1	76.166 1
2	1	22.38 1	76.595 1
2	1	22.539 1	76.74 1
2	1	22.123 1	76.323 1
2	1	22.203 1	76.222 1
2	1	22.653 1	76.115 1
2	1	22.512 1	76.80 1
2	1	22.360 1	76.556 1
2	1	22.250 1	76.405 1
2	1	22.300 1	76.372 1
2	1	22.415 1	76.66 1
2	1	22.565 1	76.337 1
2	1	22.114 1	76.46 1
3	2	22.231 1 22.985 0.954	76.493 1
2	1	22.100 1	76.239 1
2	1	22.271 1	76.416 1
2	1	22.389 1	76.79 1
2	1	22.162 1	76.543 1
2	1	22.705 1	76.504 1
2	1	22.599 1	76.227 1
2	1	22.204 1	76.223 1
2	1	22.838 1	76.116 1
3	2	22.206 1 22.309 0.844	76.201 1
2	1	22.37 1	76.596 1
2	1	22.681 1	76.662 1
2	1	22.266 1	76.410 1
2	1	22.630 1	76.88 1
2	1	22.969 1	76.339 1
2	1	22.673 1	76.210 1
2	1	22.32 1	76.183 1
2	1	22.308 1	76.351 1
2	1	22.277 1	76.428 1
2	1	22.119 1	76.162 1
2	1	22.205 1	76.632 1
2	1	22.796 1	76.575 1
2	1	22.143 1	76.570 1
2	1	22.161 1	76.544 1
2	1	22.467 1	76.582 1
2	1	22.13 1	76.15 1
2	1	22.341 1	76.327 1
2	1	22.52 1	76.285 1
2	1	22.342 1	76.617 1
2	1	22.81 1	76.6 1
2	1	22.902 1	76.495 1
2	1	22.268 1	76.412 1
2	1	22.71 1	76.296 1
2	1	22.73 1	76.298 1
2	1	22.706 1	76.253 1
2	1	22.534 1	76.392 1
2	1	22.202 1	76.221 1
2	1	22.116 1	76.321 1
2	1	22.564 1	76.336 1
2	1	22.359 1	76.555 1
2	1	22.589 1	76.259 1
2	1	22.240 1	76.476 1
2	1	22.166 1	76.536 1
3	2	22.171 1	76.531 1 76.101 0.777
3	2	22.639 0.750 22.640 1	76.89 1
2	1	22.192 1	76.510 1
2	1	22.606 1	76.611 1
2	1	22.613 1	76.640 1
2	1	22.140 1	76.626 1
2	1	22.607 1	76.612 1
2	1	22.186 1	76.516 1
3	2	22.429 1 22.845 0.667	76.576 1
2	1	22.145 1	76.186 1
2	1	22.109 1	76.303 1
2	1	22.807 1	76.261 1
3	2	22.519 1	76.625 1 76.148 0.784
2	1	22.180 1	76.522 1
2	1	22.425 1	76.78 1
2	1	22.513 1	76.622 1
2	1	22.319 1	76.456 1
2	1	22.917 1	76.61 1
2	1	22.430 1	76.578 1
2	1	22.191 1	76.511 1
2	1	22.584 1	76.215 1
2	1	22.63 1	76.290 1
2	1	22.326 1	76.463 1
2	1	22.414 1	76.65 1
2	1	22.239 1	76.477 1
3	2	22.790 1	76.419 1 76.99 0.819
2	1	22.901 1	76.496 1
2	1	22.234 1	76.488 1
2	1	22.358 1	76.554 1
2	1	22.491 1	76.467 1
2	1	22.698 1	76.659 1
2	1	22.531 1	76.394 1
2	1	22.541 1	76.635 1
2	1	22.177 1	76.525 1
2	1	22.213 1	76.344 1
2	1	22.900 1	76.644 1
2	1	22.299 1	76.375 1
2	1	22.642 1	76.209 1
5	4	22.703 1 22.895 0.829 22.921 0.856 22.982 0.842	76.505 1
2	1	22.340 1	76.328 1
2	1	22.473 1	76.447 1
2	1	22.935 1	76.643 1
3	2	22.700 1	76.365 0.178 76.665 1
2	1	22.331 1	76.244 1
2	1	22.265 1	76.409 1
2	1	22.89 1	76.133 1
2	1	22.321 1	76.458 1
2	1	22.339 1	76.329 1
2	1	22.791 1	76.41 1
2	1	22.212 1	76.343 1
2	1	22.382 1	76.33 1
3	2	22.466 1 22.312 0.772	76.435 1
2	1	22.528 1	76.143 1
2	1	22.561 1	76.213 1
2	1	22.98 1	76.93 1
2	1	22.120 1	76.163 1
2	1	22.281 1	76.432 1
2	1	22.225 1	76.448 1
2	1	22.279 1	76.430 1
2	1	22.305 1	76.366 1
2	1	22.691 1	76.663 1
2	1	22.185 1	76.517 1
2	1	22.91 1	76.135 1
2	1	22.343 1	76.326 1
2	1	22.529 1	76.396 1
2	1	22.90 1	76.134 1
2	1	22.172 1	76.530 1
7	10	22.256 0.411 22.262 1 22.264 0.376 22.544 0.715 22.257 0.686	76.138 1 76.139 0.726
2	1	22.357 1	76.553 1
4	4	22.130 0.516 22.131 1	76.565 1 76.26 0.840
2	1	22.80 1	76.7 1
2	1	22.92 1	76.137 1
2	1	22.194 1	76.299 1
2	1	22.96 1	76.90 1
2	1	22.499 1	76.198 1
2	1	22.282 1	76.433 1
2	1	22.608 1	76.102 1
2	1	22.602 1	76.224 1
2	1	22.298 1	76.376 1
2	1	22.241 1	76.475 1
2	1	22.832 1	76.278 1
2	1	22.892 1	76.11 1
2	1	22.249 1	76.404 1
3	2	22.318 1 22.155 0.738	76.497 1
2	1	22.381 1	76.32 1
2	1	22.514 1	76.623 1
2	1	22.182 1	76.520 1
2	1	22.254 1	76.406 1
2	1	22.188 1	76.514 1
2	1	22.10 1	76.151 1
2	1	22.175 1	76.527 1
2	1	22.337 1	76.374 1
2	1	22.867 1	76.320 1
2	1	22.379 1	76.120 1
2	1	22.623 1	76.408 1
2	1	22.562 1	76.211 1
2	1	22.826 1	76.249 1
2	1	22.187 1	76.515 1
4	3	22.451 0.125 22.738 0.140 22.771 1	76.315 1
2	1	22.510 1	76.263 1
2	1	22.167 1	76.535 1
3	2	22.301 1 22.652 0.816	76.371 1
2	1	22.665 1	76.255 1
2	1	22.168 1	76.534 1
2	1	22.526 1	76.145 1
2	1	22.527 1	76.144 1
2	1	22.636 1	76.142 1
2	1	22.174 1	76.528 1
2	1	22.496 1	76.590 1
2	1	22.452 1	76.559 1
2	1	22.97 1	76.91 1
2	1	22.160 1	76.545 1
2	1	22.223 1	76.451 1
2	1	22.1 1	76.109 1
3	2	22.658 0.079 22.874 1	76.587 1
2	1	22.31 1	76.182 1
2	1	22.348 1	76.569 1
2	1	22.505 1	76.23 1
2	1	22.586 1	76.639 1
2	1	22.595 1	76.82 1
2	1	22.310 1	76.646 1
3	2	22.410 1 22.750 0.885	76.72 1
3	2	22.138 1	76.154 1 76.395 0.084
2	1	22.459 1	76.593 1
2	1	22.494 1	76.588 1
2	1	22.508 1	76.265 1
2	1	22.651 1	76.205 1
4	3	22.897 1 22.899 0.057 22.983 0.055	76.10 1
2	1	22.307 1	76.352 1
2	1	22.465 1	76.40 1
2	1	22.547 1	76.173 1
2	1	22.650 1	76.207 1
2	1	22.176 1	76.526 1
2	1	22.42 1	76.594 1
2	1	22.905 1	76.9 1
2	1	22.178 1	76.524 1
2	1	22.520 1	76.158 1
2	1	22.445 1	76.56 1
2	1	22.594 1	76.619 1
2	1	22.150 1	76.318 1
2	1	22.313 1	76.666 1
2	1	22.364 1	76.54 1
2	1	22.388 1	76.2 1
3	2	22.69 1	76.119 0.123 76.295 1
2	1	22.535 1	76.258 1
2	1	22.75 1	76.27 1
2	1	22.228 1	76.445 1
2	1	22.108 1	76.304 1
2	1	22.165 1	76.537 1
2	1	22.272 1	76.417 1
2	1	22.560 1	76.377 1
2	1	22.107 1	76.305 1
2	1	22.147 1	76.317 1
2	1	22.181 1	76.521 1
2	1	22.779 1	76.165 1
2	1	22.355 1	76.551 1
2	1	22.51 1	76.284 1
2	1	22.662 1	76.97 1
2	1	22.190 1	76.512 1
2	1	22.585 1	76.214 1
3	2	22.22 1 22.362 0.066	76.631 1
2	1	22.179 1	76.523 1
2	1	22.324 1	76.461 1
4	3	22.408 1 22.431 0.930 22.918 0.830	76.62 1
2	1	22.44 1	76.592 1
2	1	22.475 1	76.187 1
2	1	22.554 1	76.168 1
2	1	22.581 1	76.218 1
2	1	22.677 1	76.655 1
2	1	22.824 1	76.250 1
2	1	22.33 1	76.184 1
2	1	22.631 1	76.87 1
2	1	22.183 1	76.519 1
2	1	22.605 1	76.610 1
2	1	22.742 1	76.382 1
2	1	22.859 1	76.601 1
2	1	22.330 1	76.316 1
2	1	22.193 1	76.509 1
2	1	22.57 1	76.288 1
2	1	22.294 1	76.380 1
2	1	22.409 1	76.73 1
2	1	22.164 1	76.649 1
3	2	22.894 1 22.449 0.707	76.574 1
2	1	22.14 1	76.14 1
2	1	22.292 1	76.386 1
2	1	22.293 1	76.385 1
2	1	22.444 1	76.17 1
2	1	22.456 1	76.673 1
2	1	22.860 1	76.603 1
2	1	22.83 1	76.436 1
2	1	22.133 1	76.564 1
2	1	22.365 1	76.53 1
2	1	22.142 1	76.48 1
2	1	22.170 1	76.532 1
2	1	22.543 1	76.637 1
2	1	22.102 1	76.272 1
2	1	22.664 1	76.256 1
2	1	22.643 1	76.208 1
2	1	22.276 1	76.427 1
2	1	22.858 1	76.602 1
2	1	22.87 1	76.25 1
2	1	22.88 1	76.132 1
2	1	22.346 1	76.566 1
2	1	22.600 1	76.226 1
2	1	22.322 1	76.459 1
2	1	22.280 1	76.431 1
2	1	22.35 1	76.648 1
2	1	22.115 1	76.47 1
2	1	22.509 1	76.264 1
2	1	22.8 1	76.152 1
2	1	22.852 1	76.557 1
2	1	22.495 1	76.589 1
2	1	22.855 1	76.609 1
2	1	22.919 1	76.238 1
2	1	22.269 1	76.413 1
2	1	22.291 1	76.387 1
2	1	22.361 1	76.57 1
2	1	22.552 1	76.170 1
2	1	22.314 1	76.667 1
2	1	22.553 1	76.169 1
2	1	22.624 1	76.319 1
2	1	22.169 1	76.533 1
2	1	22.644 1	76.191 1
2	1	22.72 1	76.297 1
2	1	22.328 1	76.465 1
2	1	22.567 1	76.153 1
2	1	22.579 1	76.606 1
2	1	22.857 1	76.501 1
2	1	22.344 1	76.325 1
2	1	22.118 1	76.453 1
2	1	22.233 1	76.491 1
2	1	22.78 1	76.30 1
3	2	22.550 1	76.347 1 76.171 1
2	1	22.270 1	76.414 1
3	2	22.46 0.071 22.947 1	76.282 1
2	1	22.263 1	76.233 1
2	1	22.227 1	76.446 1
2	1	22.380 1	76.31 1
2	1	22.634 1	76.85 1
2	1	22.841 1	76.104 1
2	1	22.105 1	76.241 1
2	1	22.323 1	76.460 1
2	1	22.385 1	76.36 1
2	1	22.501 1	76.196 1
2	1	22.645 1	76.83 1
2	1	22.304 1	76.367 1
2	1	22.368 0.907	76.24 0.907
2	1	22.303 0.928	76.100 0.928
