Size	Relations	OrthoA	OrthoB
2	1	22.317 1	74.96 1
2	1	22.316 1	74.95 1
2	1	22.336 1	74.258 1
2	1	22.876 1	74.955 1
2	1	22.211 1	74.99 1
2	1	22.417 1	74.1788 1
2	1	22.628 1	74.2219 1
2	1	22.614 1	74.585 1
2	1	22.334 1	74.246 1
2	1	22.864 1	74.554 1
2	1	22.197 1	74.2231 1
2	1	22.15 1	74.1166 1
2	1	22.455 1	74.1226 1
2	1	22.598 1	74.1829 1
2	1	22.794 1	74.961 1
2	1	22.792 1	74.963 1
2	1	22.99 1	74.487 1
2	1	22.274 1	74.4 1
2	1	22.335 1	74.241 1
2	1	22.79 1	74.440 1
2	1	22.273 1	74.3 1
2	1	22.416 1	74.1848 1
2	1	22.601 1	74.1826 1
2	1	22.244 1	74.267 1
2	1	22.50 1	74.1970 1
2	1	22.660 1	74.2149 1
2	1	22.152 1	74.667 1
2	1	22.325 1	74.156 1
2	1	22.633 1	74.1722 1
2	1	22.378 1	74.1929 1
3	2	22.823 1	74.2499 1 74.639 0.780
2	1	22.463 1	74.1651 1
2	1	22.110 1	74.2061 1
2	1	22.503 1	74.357 1
2	1	22.668 1	74.2229 1
2	1	22.283 1	74.13 1
2	1	22.327 1	74.158 1
2	1	22.384 1	74.1925 1
2	1	22.111 1	74.1662 1
2	1	22.232 1	74.319 1
2	1	22.432 1	74.471 1
2	1	22.469 1	74.1152 1
2	1	22.448 1	74.1692 1
2	1	22.288 1	74.18 1
2	1	22.210 1	74.100 1
2	1	22.251 1	74.253 1
2	1	22.422 1	74.1979 1
2	1	22.173 1	74.389 1
2	1	22.199 1	74.2085 1
2	1	22.200 1	74.427 1
3	2	22.262 1 22.544 0.730	74.2068 1
2	1	22.427 1	74.449 1
2	1	22.502 1	74.356 1
2	1	22.363 1	74.409 1
2	1	22.207 1	74.1846 1
2	1	22.41 1	74.559 1
2	1	22.45 1	74.354 1
2	1	22.356 1	74.68 1
2	1	22.548 1	74.467 1
2	1	22.258 1	74.492 1
2	1	22.558 1	74.518 1
2	1	22.85 1	74.1681 1
2	1	22.474 1	74.1151 1
2	1	22.25 1	74.2132 1
2	1	22.707 1	74.1012 1
2	1	22.104 1	74.245 1
2	1	22.387 1	74.1922 1
2	1	22.588 1	74.2172 1
2	1	22.367 1	74.401 1
2	1	22.245 1	74.266 1
3	2	22.201 1 22.564 0.859	74.454 1
2	1	22.504 1	74.1364 1
2	1	22.877 1	74.1985 1
3	2	22.404 0.124 22.569 1	74.1595 1
2	1	22.77 1	74.442 1
2	1	22.524 1	74.2154 1
2	1	22.247 1	74.321 1
2	1	22.419 1	74.1982 1
2	1	22.24 1	74.2133 1
2	1	22.68 1	74.173 1
2	1	22.426 1	74.1337 1
2	1	22.563 1	74.446 1
2	1	22.789 1	74.622 1
2	1	22.203 1	74.452 1
2	1	22.604 1	74.632 1
2	1	22.347 1	74.163 1
2	1	22.413 1	74.176 1
2	1	22.256 1	74.2065 1
2	1	22.264 1	74.2069 1
2	1	22.204 1	74.451 1
2	1	22.248 1	74.320 1
2	1	22.224 1	74.60 1
2	1	22.30 1	74.1170 1
2	1	22.616 1	74.600 1
2	1	22.189 1	74.373 1
2	1	22.123 1	74.1884 1
2	1	22.93 1	74.1691 1
2	1	22.237 1	74.282 1
2	1	22.208 1	74.1847 1
2	1	22.498 1	74.1652 1
2	1	22.106 1	74.264 1
2	1	22.654 1	74.462 1
2	1	22.285 1	74.15 1
2	1	22.37 1	74.1177 1
3	2	22.231 1 22.985 0.906	74.2059 1
2	1	22.653 1	74.539 1
2	1	22.453 1	74.1916 1
2	1	22.275 1	74.5 1
2	1	22.467 1	74.1153 1
2	1	22.415 1	74.178 1
2	1	22.706 1	74.1014 1
2	1	22.386 1	74.1923 1
2	1	22.2 1	74.569 1
2	1	22.163 1	74.358 1
2	1	22.166 1	74.394 1
2	1	22.38 1	74.1178 1
2	1	22.27 1	74.2130 1
2	1	22.295 1	74.365 1
2	1	22.277 1	74.7 1
2	1	22.119 1	74.844 1
2	1	22.139 1	74.1659 1
2	1	22.114 1	74.1664 1
2	1	22.613 1	74.584 1
2	1	22.300 1	74.268 1
2	1	22.266 1	74.2071 1
2	1	22.202 1	74.453 1
2	1	22.795 1	74.633 1
2	1	22.250 1	74.221 1
3	2	22.206 1 22.309 0.932	74.1830 1
2	1	22.866 1	74.2296 1
2	1	22.360 1	74.403 1
2	1	22.630 1	74.1725 1
2	1	22.565 1	74.30 1
2	1	22.95 1	74.491 1
2	1	22.557 1	74.517 1
2	1	22.359 1	74.637 1
2	1	22.382 1	74.1267 1
2	1	22.595 1	74.497 1
2	1	22.162 1	74.359 1
2	1	22.76 1	74.443 1
2	1	22.73 1	74.169 1
2	1	22.518 1	74.1572 1
2	1	22.513 1	74.1157 1
2	1	22.308 1	74.1935 1
2	1	22.81 1	74.1822 1
2	1	22.549 1	74.468 1
2	1	22.389 1	74.1920 1
2	1	22.599 1	74.1828 1
3	2	22.681 1	74.1448 0.129 74.590 1
2	1	22.838 1	74.2152 1
3	2	22.194 1	74.1591 0.059 74.2025 1
2	1	22.26 1	74.2131 1
2	1	22.642 1	74.1331 1
2	1	22.52 1	74.1972 1
2	1	22.128 1	74.1891 1
2	1	22.271 1	74.1 1
2	1	22.71 1	74.171 1
2	1	22.268 1	74.2082 1
2	1	22.476 1	74.345 1
2	1	22.186 1	74.376 1
2	1	22.846 1	74.2471 1
2	1	22.673 1	74.352 1
2	1	22.234 1	74.286 1
2	1	22.235 1	74.284 1
2	1	22.351 1	74.1990 1
2	1	22.54 1	74.1974 1
2	1	22.655 1	74.463 1
2	1	22.705 1	74.1720 1
2	1	22.116 1	74.1666 1
2	1	22.337 1	74.259 1
2	1	22.192 1	74.370 1
2	1	22.32 1	74.1172 1
2	1	22.240 1	74.280 1
2	1	22.287 1	74.17 1
2	1	22.341 1	74.244 1
2	1	22.161 1	74.360 1
2	1	22.339 1	74.242 1
2	1	22.140 1	74.1660 1
2	1	22.843 1	74.2468 1
3	2	22.870 1	74.887 1 74.894 1
2	1	22.943 1	74.1932 1
2	1	22.790 1	74.898 1
2	1	22.137 1	74.107 1
2	1	22.23 1	74.2134 1
2	1	22.430 1	74.250 1
2	1	22.589 1	74.2173 1
2	1	22.90 1	74.1688 1
2	1	22.191 1	74.371 1
2	1	22.342 1	74.514 1
2	1	22.425 1	74.1338 1
2	1	22.602 1	74.1825 1
2	1	22.607 1	74.1259 1
2	1	22.807 1	74.1334 1
2	1	22.205 1	74.450 1
2	1	22.212 1	74.98 1
2	1	22.100 1	74.2140 1
2	1	22.646 1	74.2189 1
2	1	22.319 1	74.150 1
2	1	22.584 1	74.418 1
2	1	22.13 1	74.1164 1
2	1	22.343 1	74.247 1
2	1	22.239 1	74.281 1
2	1	22.514 1	74.1156 1
2	1	22.535 1	74.1262 1
2	1	22.606 1	74.1260 1
2	1	22.691 1	74.589 1
2	1	22.541 1	74.578 1
2	1	22.109 1	74.2060 1
2	1	22.848 1	74.879 1
2	1	22.175 1	74.387 1
2	1	22.284 1	74.14 1
2	1	22.326 1	74.157 1
2	1	22.145 1	74.1279 1
2	1	22.180 1	74.382 1
2	1	22.272 1	74.2 1
3	2	22.519 1	74.522 1 74.346 0.784
2	1	22.279 1	74.9 1
2	1	22.831 1	74.510 1
2	1	22.92 1	74.1690 1
2	1	22.213 1	74.97 1
2	1	22.414 1	74.177 1
2	1	22.454 1	74.122 1
2	1	22.299 1	74.1986 1
3	2	22.171 1	74.396 1 74.2472 0.831
3	2	22.242 1 22.243 0.246	74.248 1
2	1	22.185 1	74.377 1
2	1	22.608 1	74.2136 1
2	1	22.63 1	74.448 1
2	1	22.914 1	74.1515 1
2	1	22.875 1	74.1094 1
2	1	22.177 1	74.385 1
2	1	22.120 1	74.843 1
2	1	22.358 1	74.70 1
2	1	22.265 1	74.2070 1
2	1	22.91 1	74.1689 1
2	1	22.407 1	74.433 1
2	1	22.935 1	74.507 1
3	2	22.529 1	74.638 1 74.576 0.790
2	1	22.466 1	74.1623 1
2	1	22.289 1	74.19 1
2	1	22.381 1	74.1268 1
2	1	22.512 1	74.499 1
2	1	22.226 1	74.57 1
2	1	22.83 1	74.1179 1
2	1	22.942 1	74.1931 1
2	1	22.225 1	74.58 1
2	1	22.281 1	74.11 1
3	2	22.130 1 22.131 0.446	74.1894 1
2	1	22.528 1	74.575 1
2	1	22.89 1	74.1687 1
2	1	22.571 1	74.960 1
2	1	22.652 1	74.627 1
2	1	22.698 1	74.917 1
2	1	22.418 1	74.515 1
2	1	22.494 1	74.1383 1
2	1	22.98 1	74.488 1
2	1	22.182 1	74.380 1
2	1	22.379 1	74.1927 1
2	1	22.254 1	74.2063 1
2	1	22.172 1	74.390 1
2	1	22.561 1	74.423 1
5	4	22.703 1 22.895 0.846 22.921 0.712 22.982 0.728	74.1719 1
2	1	22.818 1	74.1091 1
2	1	22.305 1	74.275 1
2	1	22.96 1	74.490 1
2	1	22.307 1	74.1936 1
2	1	22.357 1	74.69 1
2	1	22.517 1	74.1573 1
2	1	22.826 1	74.964 1
2	1	22.708 1	74.1601 1
2	1	22.701 1	74.1015 1
2	1	22.423 1	74.1978 1
2	1	22.636 1	74.1618 1
2	1	22.282 1	74.12 1
2	1	22.298 1	74.1987 1
2	1	22.388 1	74.1921 1
2	1	22.459 1	74.1221 1
2	1	22.526 1	74.573 1
2	1	22.505 1	74.2143 1
2	1	22.594 1	74.496 1
3	2	22.820 1 22.479 0.752	74.129 1
2	1	22.11 1	74.1162 1
2	1	22.520 1	74.523 1
2	1	22.80 1	74.1821 1
2	1	22.819 1	74.1090 1
2	1	22.174 1	74.388 1
2	1	22.165 1	74.395 1
2	1	22.665 1	74.2228 1
2	1	22.321 1	74.152 1
2	1	22.115 1	74.1665 1
2	1	22.97 1	74.489 1
2	1	22.527 1	74.574 1
2	1	22.66 1	74.270 1
2	1	22.443 1	74.1266 1
2	1	22.167 1	74.393 1
2	1	22.178 1	74.384 1
2	1	22.331 1	74.347 1
2	1	22.53 1	74.1973 1
2	1	22.547 1	74.466 1
2	1	22.874 1	74.1093 1
3	2	22.318 1 22.155 0.855	74.217 1
2	1	22.132 1	74.1895 1
9	8	22.5 0.573 22.627 0.591 22.745 1 22.923 0.816 22.932 0.829 22.962 0.775 22.965 0.517 22.976 0.548	74.692 1
2	1	22.572 1	74.269 1
2	1	22.10 1	74.1160 1
2	1	22.555 1	74.841 1
2	1	22.168 1	74.392 1
2	1	22.249 1	74.322 1
2	1	22.638 1	74.1336 1
2	1	22.383 1	74.1926 1
2	1	22.410 1	74.174 1
5	4	22.700 1	74.1441 1 74.1966 0.053 74.1967 0.163 74.92 0.074
2	1	22.623 1	74.2212 1
2	1	22.187 1	74.375 1
2	1	22.353 1	74.1989 1
2	1	22.57 1	74.1977 1
2	1	22.241 1	74.279 1
2	1	22.160 1	74.361 1
2	1	22.499 1	74.1786 1
2	1	22.301 1	74.272 1
2	1	22.348 1	74.164 1
2	1	22.227 1	74.56 1
2	1	22.107 1	74.262 1
2	1	22.193 1	74.369 1
2	1	22.31 1	74.1171 1
2	1	22.662 1	74.2150 1
2	1	22.859 1	74.213 1
2	1	22.867 1	74.980 1
2	1	22.312 1	74.426 1
2	1	22.506 1	74.323 1
2	1	22.944 1	74.2153 1
2	1	22.562 1	74.424 1
2	1	22.188 1	74.374 1
2	1	22.452 1	74.1917 1
2	1	22.702 1	74.1721 1
2	1	22.721 1	74.1779 1
2	1	22.510 1	74.550 1
2	1	22.585 1	74.419 1
2	1	22.361 1	74.404 1
2	1	22.493 1	74.712 1
2	1	22.496 1	74.1381 1
2	1	22.75 1	74.444 1
2	1	22.176 1	74.386 1
2	1	22.278 1	74.8 1
4	3	22.355 1	74.2158 0.397 74.494 1 74.67 0.421
2	1	22.873 1	74.1092 1
2	1	22.581 1	74.415 1
2	1	22.508 1	74.548 1
2	1	22.421 1	74.1980 1
2	1	22.236 1	74.283 1
2	1	22.223 1	74.61 1
4	3	22.408 1 22.431 0.930 22.918 0.830	74.1792 1
3	2	22.138 1	74.1161 0.144 74.1568 1
2	1	22.596 1	74.278 1
2	1	22.313 1	74.2042 1
2	1	22.42 1	74.506 1
2	1	22.124 1	74.1885 1
2	1	22.125 1	74.1886 1
2	1	22.1 1	74.570 1
2	1	22.43 1	74.505 1
2	1	22.183 1	74.379 1
2	1	22.314 1	74.2041 1
2	1	22.445 1	74.1264 1
2	1	22.364 1	74.399 1
2	1	22.150 1	74.1984 1
2	1	22.294 1	74.364 1
2	1	22.651 1	74.626 1
4	4	22.969 1 22.311 0.784	74.1654 1 74.1835 0.742
2	1	22.147 1	74.1983 1
2	1	22.539 1	74.1838 1
2	1	22.605 1	74.1261 1
2	1	22.181 1	74.381 1
2	1	22.291 1	74.21 1
2	1	22.51 1	74.1971 1
7	6	22.372 0.497 22.374 0.436 22.451 1 22.669 0.206 22.738 0.172 22.771 0.181	74.542 1
2	1	22.650 1	74.625 1
2	1	22.465 1	74.2232 1
2	1	22.787 1	74.768 1
2	1	22.255 1	74.2064 1
2	1	22.141 1	74.355 1
2	1	22.228 1	74.55 1
2	1	22.917 1	74.105 1
2	1	22.233 1	74.318 1
2	1	22.791 1	74.2142 1
2	1	22.586 1	74.583 1
2	1	22.798 1	74.1614 1
2	1	22.18 1	74.1694 1
2	1	22.324 1	74.155 1
2	1	22.428 1	74.1680 1
2	1	22.292 1	74.22 1
2	1	22.380 1	74.472 1
2	1	22.190 1	74.372 1
2	1	22.88 1	74.1686 1
2	1	22.444 1	74.1265 1
2	1	22.600 1	74.1827 1
2	1	22.475 1	74.2467 1
4	3	22.677 1	74.1458 0.909 74.594 0.133 74.653 1
2	1	22.179 1	74.383 1
2	1	22.280 1	74.10 1
2	1	22.14 1	74.1165 1
2	1	22.664 1	74.2227 1
2	1	22.142 1	74.1333 1
2	1	22.293 1	74.23 1
2	1	22.330 1	74.1988 1
2	1	22.796 1	74.1676 1
2	1	22.424 1	74.2498 1
2	1	22.634 1	74.1351 1
2	1	22.858 1	74.214 1
2	1	22.644 1	74.1329 1
2	1	22.643 1	74.1330 1
2	1	22.55 1	74.1975 1
2	1	22.631 1	74.1724 1
2	1	22.269 1	74.2083 1
2	1	22.346 1	74.162 1
2	1	22.338 1	74.260 1
2	1	22.409 1	74.1791 1
4	3	22.46 1	74.1455 0.325 74.353 1 74.651 0.299
2	1	22.28 1	74.2129 1
2	1	22.170 1	74.391 1
2	1	22.290 1	74.20 1
2	1	22.368 1	74.402 1
2	1	22.56 1	74.1976 1
2	1	22.67 1	74.1661 1
2	1	22.824 1	74.993 1
2	1	22.253 1	74.2062 1
2	1	22.35 1	74.1174 1
2	1	22.560 1	74.367 1
2	1	22.108 1	74.261 1
2	1	22.12 1	74.1163 1
2	1	22.622 1	74.2211 1
2	1	22.852 1	74.1619 1
2	1	22.554 1	74.842 1
2	1	22.33 1	74.1173 1
2	1	22.133 1	74.1896 1
2	1	22.345 1	74.249 1
2	1	22.78 1	74.441 1
2	1	22.478 1	74.130 1
8	12	22.940 1 22.939 1	74.121 1 74.1332 1 74.1385 0.192 74.2139 0.122 74.2138 0.077 74.1938 0.070
2	1	22.261 1	74.1362 1
2	1	22.151 1	74.668 1
2	1	22.860 1	74.215 1
2	1	22.276 1	74.6 1
2	1	22.568 1	74.425 1
3	2	22.22 1 22.362 0.084	74.1353 1
2	1	22.550 1	74.1600 1
2	1	22.69 1	74.172 1
3	2	22.483 0.130 22.907 1	74.148 1
2	1	22.811 1	74.2225 1
2	1	22.906 1	74.1387 1
2	1	22.218 1	74.101 1
2	1	22.118 1	74.63 1
2	1	22.47 1	74.220 1
2	1	22.545 1	74.464 1
2	1	22.551 1	74.1599 1
2	1	22.102 1	74.623 1
7	6	22.666 1	74.1109 0.979 74.1767 0.275 74.2415 0.682 74.2559 1 74.723 0.050 74.819 0.105
2	1	22.87 1	74.1685 1
2	1	22.855 1	74.216 1
2	1	22.755 1	74.943 1
2	1	22.134 1	74.1897 1
2	1	22.495 1	74.1382 1
2	1	22.8 1	74.1159 1
2	1	22.184 1	74.378 1
2	1	22.36 1	74.1175 1
2	1	22.645 1	74.1315 1
2	1	22.553 1	74.1597 1
3	2	22.82 1	74.1454 1 74.650 0.848
2	1	22.903 1	74.1391 1
2	1	22.72 1	74.170 1
2	1	22.385 1	74.1924 1
2	1	22.129 1	74.1892 1
2	1	22.365 1	74.400 1
2	1	22.546 1	74.465 1
2	1	22.825 1	74.1570 1
3	2	22.522 1	74.219 0.051 74.493 1
2	1	22.322 1	74.153 1
2	1	22.270 1	74.2084 1
2	1	22.402 1	74.2057 1
2	1	22.501 1	74.1824 1
9	8	22.6 0.684 22.626 0.191 22.744 0.221 22.924 0.174 22.933 0.203 22.963 0.228 22.966 0.253 22.977 1	74.691 1
2	1	22.323 1	74.154 1
2	1	22.579 1	74.545 1
2	1	22.222 1	74.62 1
2	1	22.509 1	74.549 1
2	1	22.632 1	74.1723 1
2	1	22.808 1	74.621 1
2	1	22.86 1	74.1683 1
3	2	22.919 1	74.1789 0.202 74.54 1
2	1	22.304 1	74.274 1
2	1	22.420 1	74.1981 1
2	1	22.543 1	74.1596 1
2	1	22.663 1	74.2226 1
3	2	22.429 1 22.845 0.080	74.1678 1
8	7	22.105 1	74.1122 0.074 74.1764 1 74.2089 0.449 74.2102 0.074 74.725 1 74.739 0.074 74.817 0.993
3	2	22.219 1	74.1870 0.533 74.479 1
2	1	22.540 1	74.2540 1
4	3	22.58 0.064 22.881 0.079 22.887 1	74.123 1
2	1	22.328 1	74.159 1
14	45	22.716 1 22.724 1 22.712 0.446 22.714 0.306 22.713 0.217	74.1804 1 74.2350 1 74.2375 0.556 74.2332 0.551 74.2336 0.462 74.2373 0.279 74.2594 0.273 74.2346 0.266 74.2290 0.245
2	1	22.857 1	74.1780 1
2	1	22.303 1	74.958 1
2	1	22.567 1	74.628 1
2	1	22.583 1	74.417 1
2	1	22.971 1	74.679 1
2	1	22.17 1	74.1167 1
2	1	22.515 1	74.1155 1
2	1	22.750 0.896	74.161 0.896
3	2	22.257 0.788	74.599 0.746 74.2066 0.831
