Size	Relations	OrthoA	OrthoB
2	1	22.317 1	72.97 1
2	1	22.316 1	72.96 1
2	1	22.336 1	72.263 1
2	1	22.876 1	72.1228 1
2	1	22.211 1	72.100 1
2	1	22.417 1	72.1990 1
2	1	22.628 1	72.905 1
2	1	22.614 1	72.563 1
2	1	22.334 1	72.250 1
2	1	22.864 1	72.532 1
2	1	22.197 1	72.917 1
2	1	22.15 1	72.1420 1
2	1	22.455 1	72.1511 1
2	1	22.794 1	72.1234 1
2	1	22.792 1	72.1237 1
2	1	22.99 1	72.463 1
2	1	22.274 1	72.4 1
2	1	22.335 1	72.245 1
2	1	22.273 1	72.3 1
2	1	22.416 1	72.2073 1
2	1	22.601 1	72.2049 1
2	1	22.244 1	72.272 1
2	1	22.50 1	72.2191 1
2	1	22.660 1	72.782 1
2	1	22.152 1	72.662 1
2	1	22.325 1	72.158 1
2	1	22.378 1	72.2151 1
3	2	22.823 1	72.1030 1 72.632 0.780
2	1	22.463 1	72.1853 1
2	1	22.110 1	72.2283 1
2	1	22.503 1	72.332 1
2	1	22.668 1	72.915 1
2	1	22.283 1	72.13 1
2	1	22.327 1	72.160 1
2	1	22.384 1	72.2147 1
2	1	22.111 1	72.1865 1
2	1	22.232 1	72.295 1
2	1	22.633 1	72.1925 1
2	1	22.432 1	72.447 1
2	1	22.469 1	72.1406 1
2	1	22.448 1	72.1896 1
2	1	22.288 1	72.18 1
2	1	22.210 1	72.101 1
2	1	22.251 1	72.258 1
2	1	22.422 1	72.2201 1
2	1	22.598 1	72.2053 1
2	1	22.173 1	72.364 1
2	1	22.453 1	72.2139 1
2	1	22.199 1	72.2307 1
2	1	22.200 1	72.402 1
3	2	22.262 1 22.544 0.730	72.2290 1
2	1	22.427 1	72.425 1
2	1	22.707 1	72.1286 1
2	1	22.502 1	72.331 1
2	1	22.363 1	72.384 1
2	1	22.41 1	72.537 1
2	1	22.45 1	72.329 1
2	1	22.356 1	72.68 1
2	1	22.548 1	72.443 1
2	1	22.258 1	72.468 1
2	1	22.558 1	72.495 1
2	1	22.85 1	72.1884 1
2	1	22.474 1	72.1405 1
2	1	22.25 1	72.765 1
2	1	22.104 1	72.249 1
2	1	22.588 1	72.807 1
2	1	22.387 1	72.2144 1
2	1	22.367 1	72.376 1
2	1	22.245 1	72.271 1
3	2	22.201 1 22.564 0.859	72.430 1
2	1	22.504 1	72.1619 1
2	1	22.877 1	72.2207 1
3	2	22.404 0.124 22.569 1	72.1797 1
2	1	22.77 1	72.418 1
2	1	22.207 1	72.2070 1
2	1	22.524 1	72.788 1
2	1	22.247 1	72.297 1
2	1	22.419 1	72.2204 1
2	1	22.24 1	72.766 1
2	1	22.68 1	72.176 1
2	1	22.426 1	72.1593 1
2	1	22.563 1	72.422 1
2	1	22.789 1	72.600 1
2	1	22.203 1	72.428 1
2	1	22.604 1	72.625 1
2	1	22.347 1	72.165 1
2	1	22.413 1	72.179 1
2	1	22.256 1	72.2287 1
2	1	22.264 1	72.2291 1
2	1	22.204 1	72.427 1
2	1	22.248 1	72.296 1
2	1	22.224 1	72.60 1
2	1	22.30 1	72.1424 1
2	1	22.616 1	72.578 1
2	1	22.189 1	72.348 1
2	1	22.123 1	72.2108 1
2	1	22.93 1	72.1895 1
2	1	22.237 1	72.288 1
2	1	22.208 1	72.2072 1
2	1	22.79 1	72.415 1
2	1	22.106 1	72.269 1
2	1	22.654 1	72.438 1
2	1	22.389 1	72.2142 1
2	1	22.285 1	72.15 1
2	1	22.37 1	72.1431 1
3	2	22.231 1 22.985 0.906	72.2281 1
2	1	22.653 1	72.517 1
2	1	22.275 1	72.5 1
2	1	22.467 1	72.1407 1
2	1	22.706 1	72.1287 1
2	1	22.386 1	72.2145 1
2	1	22.2 1	72.547 1
2	1	22.166 1	72.369 1
2	1	22.38 1	72.1432 1
3	2	22.27 1	72.2418 0.085 72.763 1
2	1	22.295 1	72.340 1
2	1	22.277 1	72.7 1
2	1	22.119 1	72.1110 1
2	1	22.139 1	72.1862 1
2	1	22.114 1	72.1867 1
2	1	22.613 1	72.562 1
2	1	22.266 1	72.2293 1
2	1	22.202 1	72.429 1
2	1	22.250 1	72.225 1
2	1	22.795 1	72.626 1
3	2	22.206 1 22.309 0.932	72.2054 1
2	1	22.360 1	72.378 1
2	1	22.630 1	72.1929 1
2	1	22.565 1	72.30 1
2	1	22.95 1	72.467 1
2	1	22.557 1	72.494 1
2	1	22.359 1	72.630 1
2	1	22.382 1	72.1553 1
2	1	22.595 1	72.473 1
2	1	22.162 1	72.334 1
2	1	22.76 1	72.419 1
2	1	22.73 1	72.171 1
2	1	22.518 1	72.1774 1
2	1	22.308 1	72.2157 1
2	1	22.513 1	72.1411 1
2	1	22.81 1	72.2045 1
2	1	22.549 1	72.444 1
2	1	22.838 1	72.786 1
3	2	22.681 1	72.2004 0.129 72.568 1
2	1	22.599 1	72.2051 1
3	2	22.194 1	72.1793 0.059 72.2248 1
3	2	22.26 1	72.2420 0.595 72.764 1
2	1	22.642 1	72.1587 1
2	1	22.128 1	72.2115 1
2	1	22.271 1	72.1 1
2	1	22.268 1	72.2304 1
2	1	22.186 1	72.351 1
2	1	22.476 1	72.320 1
2	1	22.673 1	72.327 1
2	1	22.846 1	72.1003 1
2	1	22.54 1	72.2196 1
2	1	22.705 1	72.1923 1
2	1	22.655 1	72.439 1
2	1	22.351 1	72.2213 1
2	1	22.235 1	72.290 1
2	1	22.234 1	72.292 1
2	1	22.116 1	72.1869 1
2	1	22.337 1	72.264 1
2	1	22.192 1	72.345 1
2	1	22.32 1	72.1426 1
2	1	22.240 1	72.286 1
2	1	22.287 1	72.17 1
2	1	22.161 1	72.335 1
2	1	22.339 1	72.246 1
2	1	22.341 1	72.248 1
2	1	22.498 1	72.1854 1
2	1	22.140 1	72.1863 1
2	1	22.843 1	72.1000 1
2	1	22.943 1	72.2154 1
2	1	22.790 1	72.1171 1
2	1	22.137 1	72.108 1
2	1	22.23 1	72.767 1
2	1	22.163 1	72.333 1
2	1	22.430 1	72.255 1
2	1	22.589 1	72.808 1
2	1	22.90 1	72.1892 1
2	1	22.191 1	72.346 1
2	1	22.342 1	72.491 1
2	1	22.425 1	72.1594 1
2	1	22.415 1	72.181 1
2	1	22.602 1	72.2048 1
2	1	22.607 1	72.1545 1
2	1	22.807 1	72.1590 1
2	1	22.205 1	72.426 1
2	1	22.212 1	72.99 1
2	1	22.646 1	72.875 1
2	1	22.100 1	72.773 1
2	1	22.319 1	72.152 1
2	1	22.584 1	72.393 1
2	1	22.13 1	72.1418 1
2	1	22.239 1	72.287 1
2	1	22.514 1	72.1410 1
2	1	22.535 1	72.1548 1
2	1	22.691 1	72.567 1
2	1	22.109 1	72.2282 1
2	1	22.541 1	72.556 1
2	1	22.848 1	72.1127 1
2	1	22.175 1	72.362 1
2	1	22.284 1	72.14 1
2	1	22.326 1	72.159 1
2	1	22.272 1	72.2 1
3	2	22.519 1	72.499 1 72.321 0.784
2	1	22.180 1	72.357 1
2	1	22.145 1	72.1566 1
2	1	22.279 1	72.9 1
2	1	22.92 1	72.1894 1
2	1	22.213 1	72.98 1
2	1	22.299 1	72.2208 1
2	1	22.414 1	72.180 1
2	1	22.454 1	72.123 1
3	2	22.171 1	72.371 1 72.1004 0.831
3	2	22.242 1 22.243 0.246	72.253 1
2	1	22.185 1	72.352 1
2	1	22.608 1	72.769 1
2	1	22.63 1	72.424 1
2	1	22.914 1	72.1732 1
2	1	22.875 1	72.1398 1
2	1	22.177 1	72.360 1
2	1	22.120 1	72.1109 1
2	1	22.358 1	72.71 1
2	1	22.265 1	72.2292 1
2	1	22.91 1	72.1893 1
2	1	22.407 1	72.408 1
2	1	22.466 1	72.1825 1
3	2	22.529 1	72.631 1 72.554 0.790
2	1	22.935 1	72.483 1
2	1	22.289 1	72.19 1
2	1	22.381 1	72.1554 1
2	1	22.512 1	72.475 1
2	1	22.226 1	72.57 1
2	1	22.83 1	72.1433 1
2	1	22.942 1	72.2153 1
2	1	22.281 1	72.11 1
2	1	22.225 1	72.58 1
3	2	22.130 1 22.131 0.446	72.2118 1
2	1	22.528 1	72.553 1
2	1	22.866 1	72.2339 1
2	1	22.89 1	72.1891 1
2	1	22.571 1	72.1233 1
2	1	22.652 1	72.605 1
2	1	22.698 1	72.1190 1
2	1	22.418 1	72.492 1
2	1	22.494 1	72.1638 1
2	1	22.182 1	72.355 1
2	1	22.379 1	72.2149 1
2	1	22.870 1	72.1167 1
2	1	22.254 1	72.2285 1
5	4	22.703 1 22.895 0.846 22.921 0.712 22.982 0.728	72.1922 1
2	1	22.818 1	72.1394 1
2	1	22.172 1	72.365 1
2	1	22.561 1	72.398 1
2	1	22.96 1	72.466 1
2	1	22.307 1	72.2158 1
2	1	22.98 1	72.464 1
2	1	22.357 1	72.69 1
2	1	22.517 1	72.1775 1
2	1	22.826 1	72.1238 1
2	1	22.708 1	72.1803 1
2	1	22.423 1	72.2200 1
2	1	22.636 1	72.1820 1
2	1	22.701 1	72.1288 1
2	1	22.388 1	72.2143 1
2	1	22.459 1	72.1506 1
2	1	22.526 1	72.551 1
2	1	22.298 1	72.2209 1
2	1	22.282 1	72.12 1
2	1	22.505 1	72.776 1
2	1	22.594 1	72.472 1
3	2	22.820 1 22.479 0.752	72.130 1
2	1	22.520 1	72.500 1
2	1	22.80 1	72.2044 1
2	1	22.174 1	72.363 1
2	1	22.71 1	72.174 1
2	1	22.819 1	72.1393 1
2	1	22.165 1	72.370 1
2	1	22.665 1	72.914 1
2	1	22.321 1	72.154 1
2	1	22.115 1	72.1868 1
2	1	22.606 1	72.1546 1
2	1	22.97 1	72.465 1
2	1	22.66 1	72.276 1
2	1	22.527 1	72.552 1
2	1	22.52 1	72.2194 1
2	1	22.443 1	72.1552 1
2	1	22.167 1	72.368 1
2	1	22.178 1	72.359 1
2	1	22.831 1	72.487 1
2	1	22.331 1	72.322 1
2	1	22.53 1	72.2195 1
2	1	22.547 1	72.442 1
3	2	22.318 1 22.155 0.855	72.221 1
2	1	22.132 1	72.2119 1
9	8	22.5 0.573 22.627 0.591 22.745 1 22.923 0.816 22.932 0.829 22.962 0.775 22.965 0.517 22.976 0.548	72.687 1
2	1	22.572 1	72.275 1
2	1	22.10 1	72.1414 1
2	1	22.555 1	72.1107 1
2	1	22.249 1	72.298 1
2	1	22.168 1	72.367 1
2	1	22.383 1	72.2148 1
2	1	22.638 1	72.1592 1
2	1	22.410 1	72.177 1
5	4	22.700 1	72.1997 1 72.2187 0.053 72.2188 0.203 72.93 0.074
2	1	22.623 1	72.898 1
2	1	22.187 1	72.350 1
2	1	22.241 1	72.285 1
2	1	22.57 1	72.2199 1
2	1	22.160 1	72.336 1
2	1	22.499 1	72.1988 1
2	1	22.301 1	72.278 1
2	1	22.348 1	72.166 1
2	1	22.227 1	72.56 1
2	1	22.31 1	72.1425 1
2	1	22.193 1	72.344 1
2	1	22.107 1	72.267 1
2	1	22.867 1	72.1254 1
2	1	22.11 1	72.1416 1
2	1	22.305 1	72.281 1
2	1	22.312 1	72.401 1
2	1	22.506 1	72.299 1
2	1	22.944 1	72.787 1
2	1	22.188 1	72.349 1
2	1	22.562 1	72.399 1
2	1	22.452 1	72.2140 1
2	1	22.702 1	72.1924 1
2	1	22.721 1	72.1981 1
2	1	22.510 1	72.528 1
2	1	22.585 1	72.394 1
2	1	22.353 1	72.2211 1
2	1	22.361 1	72.379 1
2	1	22.493 1	72.707 1
2	1	22.75 1	72.420 1
2	1	22.496 1	72.1636 1
2	1	22.176 1	72.361 1
2	1	22.278 1	72.8 1
4	3	22.355 1	72.470 1 72.67 0.421 72.792 0.397
2	1	22.859 1	72.217 1
2	1	22.421 1	72.2202 1
2	1	22.581 1	72.390 1
2	1	22.873 1	72.1395 1
2	1	22.223 1	72.61 1
4	3	22.408 1 22.431 0.930 22.918 0.830	72.1994 1
3	2	22.138 1	72.1415 0.144 72.1770 1
2	1	22.596 1	72.284 1
2	1	22.42 1	72.482 1
2	1	22.313 1	72.2264 1
2	1	22.124 1	72.2109 1
2	1	22.125 1	72.2110 1
2	1	22.1 1	72.548 1
2	1	22.43 1	72.481 1
2	1	22.183 1	72.354 1
2	1	22.314 1	72.2263 1
2	1	22.364 1	72.374 1
2	1	22.445 1	72.1550 1
2	1	22.150 1	72.2206 1
2	1	22.294 1	72.339 1
2	1	22.651 1	72.604 1
4	4	22.969 1 22.311 0.784	72.1857 1 72.2059 0.742
2	1	22.147 1	72.2205 1
2	1	22.605 1	72.1547 1
2	1	22.539 1	72.2062 1
2	1	22.181 1	72.356 1
2	1	22.291 1	72.21 1
2	1	22.51 1	72.2192 1
2	1	22.141 1	72.330 1
2	1	22.228 1	72.55 1
2	1	22.255 1	72.2286 1
2	1	22.343 1	72.252 1
7	6	22.372 0.497 22.374 0.436 22.451 1 22.669 0.206 22.738 0.172 22.771 0.181	72.520 1
2	1	22.465 1	72.918 1
2	1	22.650 1	72.603 1
2	1	22.662 1	72.783 1
2	1	22.787 1	72.1099 1
2	1	22.917 1	72.106 1
2	1	22.233 1	72.294 1
3	2	22.658 0.092 22.874 1	72.1396 1
2	1	22.791 1	72.775 1
2	1	22.586 1	72.561 1
2	1	22.798 1	72.1816 1
2	1	22.18 1	72.1898 1
2	1	22.324 1	72.157 1
2	1	22.428 1	72.1883 1
2	1	22.292 1	72.22 1
2	1	22.380 1	72.448 1
2	1	22.190 1	72.347 1
2	1	22.88 1	72.1890 1
2	1	22.444 1	72.1551 1
2	1	22.600 1	72.2050 1
2	1	22.261 1	72.1618 1
2	1	22.300 1	72.274 1
4	3	22.677 1	72.2014 0.909 72.572 0.133 72.647 1
2	1	22.475 1	72.999 1
2	1	22.280 1	72.10 1
2	1	22.179 1	72.358 1
2	1	22.14 1	72.1419 1
2	1	22.664 1	72.913 1
2	1	22.142 1	72.1589 1
2	1	22.293 1	72.23 1
2	1	22.330 1	72.2210 1
2	1	22.796 1	72.1879 1
2	1	22.424 1	72.1029 1
2	1	22.631 1	72.1928 1
2	1	22.858 1	72.218 1
2	1	22.644 1	72.1585 1
2	1	22.643 1	72.1586 1
2	1	22.634 1	72.1607 1
2	1	22.508 1	72.526 1
2	1	22.55 1	72.2197 1
2	1	22.346 1	72.164 1
2	1	22.338 1	72.265 1
2	1	22.269 1	72.2305 1
2	1	22.409 1	72.1993 1
4	3	22.46 1	72.2011 0.325 72.328 1 72.644 0.299
2	1	22.28 1	72.762 1
2	1	22.170 1	72.366 1
2	1	22.290 1	72.20 1
2	1	22.368 1	72.377 1
2	1	22.824 1	72.1268 1
2	1	22.67 1	72.1864 1
2	1	22.56 1	72.2198 1
2	1	22.236 1	72.289 1
2	1	22.253 1	72.2284 1
2	1	22.35 1	72.1428 1
2	1	22.108 1	72.266 1
2	1	22.12 1	72.1417 1
2	1	22.622 1	72.897 1
2	1	22.852 1	72.1821 1
2	1	22.554 1	72.1108 1
2	1	22.33 1	72.1427 1
2	1	22.133 1	72.2120 1
2	1	22.345 1	72.254 1
2	1	22.78 1	72.417 1
8	12	22.940 1 22.939 1	72.122 1 72.1588 1 72.1640 0.192 72.772 0.122 72.771 0.077 72.2160 0.070
2	1	22.478 1	72.131 1
2	1	22.151 1	72.663 1
2	1	22.276 1	72.6 1
2	1	22.860 1	72.219 1
3	2	22.22 1 22.362 0.084	72.1609 1
2	1	22.568 1	72.400 1
2	1	22.550 1	72.1802 1
3	2	22.483 0.130 22.907 1	72.150 1
2	1	22.811 1	72.911 1
2	1	22.69 1	72.175 1
2	1	22.906 1	72.1642 1
2	1	22.218 1	72.102 1
2	1	22.47 1	72.224 1
2	1	22.118 1	72.63 1
2	1	22.545 1	72.440 1
2	1	22.551 1	72.1801 1
2	1	22.102 1	72.601 1
2	1	22.87 1	72.1889 1
2	1	22.134 1	72.2121 1
2	1	22.755 1	72.1216 1
2	1	22.855 1	72.220 1
2	1	22.8 1	72.1413 1
2	1	22.495 1	72.1637 1
3	2	22.666 1	72.1970 0.275 72.851 1
2	1	22.184 1	72.353 1
2	1	22.36 1	72.1429 1
2	1	22.645 1	72.1571 1
2	1	22.553 1	72.1799 1
3	2	22.82 1	72.2010 1 72.643 0.848
2	1	22.903 1	72.1646 1
2	1	22.72 1	72.172 1
2	1	22.385 1	72.2146 1
2	1	22.129 1	72.2116 1
2	1	22.365 1	72.375 1
2	1	22.841 1	72.949 1
2	1	22.546 1	72.441 1
2	1	22.322 1	72.155 1
2	1	22.270 1	72.2306 1
3	2	22.522 1	72.223 0.051 72.469 1
2	1	22.825 1	72.1772 1
2	1	22.402 1	72.2279 1
2	1	22.501 1	72.2047 1
9	8	22.6 0.684 22.626 0.191 22.744 0.221 22.924 0.174 22.933 0.203 22.963 0.228 22.966 0.253 22.977 1	72.686 1
2	1	22.579 1	72.523 1
2	1	22.222 1	72.62 1
2	1	22.509 1	72.527 1
2	1	22.632 1	72.1927 1
2	1	22.808 1	72.599 1
2	1	22.86 1	72.1886 1
3	2	22.919 1	72.1991 0.202 72.54 1
2	1	22.304 1	72.280 1
2	1	22.420 1	72.2203 1
2	1	22.543 1	72.1798 1
3	2	22.429 1 22.845 0.080	72.1881 1
3	2	22.219 1	72.2094 0.982 72.455 1
2	1	22.540 1	72.1083 1
4	3	22.58 0.064 22.881 0.079 22.887 1	72.124 1
8	7	22.105 1	72.1967 1 72.2372 1 72.2385 0.074 72.720 1 72.736 0.074 72.836 0.074 72.849 0.993
2	1	22.323 1	72.156 1
2	1	22.328 1	72.161 1
2	1	22.857 1	72.1982 1
2	1	22.303 1	72.1231 1
2	1	22.567 1	72.606 1
2	1	22.583 1	72.392 1
6	5	22.712 0.446 22.713 0.217 22.714 0.306 22.716 1 22.724 0.102	72.2027 1
2	1	22.971 1	72.674 1
2	1	22.17 1	72.1421 1
2	1	22.515 1	72.1409 1
2	1	22.750 0.896	72.163 0.896
3	2	22.257 0.788	72.577 0.746 72.2288 0.831
