Size	Relations	OrthoA	OrthoB
2	1	22.317 1	73.100 1
2	1	22.316 1	73.99 1
2	1	22.336 1	73.263 1
2	1	22.876 1	73.1080 1
2	1	22.417 1	73.1799 1
2	1	22.628 1	73.821 1
2	1	22.614 1	73.565 1
2	1	22.334 1	73.251 1
2	1	22.864 1	73.534 1
2	1	22.197 1	73.833 1
2	1	22.15 1	73.1240 1
2	1	22.455 1	73.1353 1
2	1	22.794 1	73.1086 1
2	1	22.792 1	73.1088 1
2	1	22.99 1	73.466 1
2	1	22.274 1	73.5 1
2	1	22.335 1	73.246 1
2	1	22.79 1	73.419 1
2	1	22.416 1	73.1863 1
2	1	22.273 1	73.4 1
2	1	22.601 1	73.1840 1
2	1	22.50 1	73.1986 1
2	1	22.660 1	73.750 1
2	1	22.152 1	73.647 1
2	1	22.325 1	73.163 1
2	1	22.633 1	73.1734 1
2	1	22.378 1	73.1945 1
3	2	22.823 1	73.927 1 73.620 0.780
2	1	22.463 1	73.1661 1
2	1	22.503 1	73.334 1
2	1	22.668 1	73.831 1
2	1	22.283 1	73.14 1
2	1	22.327 1	73.165 1
2	1	22.384 1	73.1941 1
2	1	22.232 1	73.297 1
2	1	22.432 1	73.450 1
2	1	22.469 1	73.1226 1
2	1	22.244 1	73.273 1
2	1	22.111 1	73.1672 1
2	1	22.288 1	73.19 1
2	1	22.251 1	73.258 1
2	1	22.598 1	73.1844 1
2	1	22.199 1	73.2103 1
2	1	22.200 1	73.406 1
3	2	22.262 1 22.544 0.730	73.2087 1
2	1	22.427 1	73.428 1
2	1	22.422 1	73.1996 1
2	1	22.502 1	73.333 1
2	1	22.363 1	73.388 1
2	1	22.207 1	73.1861 1
2	1	22.41 1	73.539 1
2	1	22.45 1	73.331 1
2	1	22.211 1	73.104 1
2	1	22.356 1	73.71 1
2	1	22.548 1	73.446 1
2	1	22.258 1	73.471 1
2	1	22.558 1	73.498 1
2	1	22.85 1	73.1692 1
2	1	22.474 1	73.1225 1
2	1	22.25 1	73.732 1
2	1	22.707 1	73.1136 1
2	1	22.104 1	73.250 1
2	1	22.588 1	73.773 1
2	1	22.387 1	73.1938 1
2	1	22.367 1	73.380 1
2	1	22.245 1	73.272 1
3	2	22.201 1 22.564 0.859	73.433 1
2	1	22.504 1	73.1457 1
2	1	22.173 1	73.367 1
2	1	22.877 1	73.2002 1
3	2	22.404 0.124 22.569 1	73.1603 1
2	1	22.77 1	73.421 1
2	1	22.524 1	73.755 1
2	1	22.247 1	73.299 1
2	1	22.419 1	73.1999 1
2	1	22.24 1	73.733 1
2	1	22.563 1	73.425 1
2	1	22.68 1	73.180 1
2	1	22.426 1	73.1432 1
2	1	22.789 1	73.603 1
2	1	22.203 1	73.431 1
2	1	22.604 1	73.613 1
2	1	22.347 1	73.170 1
2	1	22.413 1	73.183 1
2	1	22.256 1	73.2084 1
2	1	22.264 1	73.2088 1
2	1	22.204 1	73.430 1
2	1	22.248 1	73.298 1
2	1	22.30 1	73.1244 1
2	1	22.616 1	73.581 1
2	1	22.123 1	73.1898 1
2	1	22.189 1	73.350 1
2	1	22.93 1	73.1702 1
2	1	22.237 1	73.290 1
2	1	22.210 1	73.105 1
2	1	22.208 1	73.1862 1
2	1	22.448 1	73.1703 1
2	1	22.498 1	73.1662 1
2	1	22.654 1	73.441 1
2	1	22.106 1	73.270 1
2	1	22.285 1	73.16 1
2	1	22.37 1	73.1252 1
3	2	22.231 1 22.985 0.906	73.2075 1
2	1	22.653 1	73.519 1
2	1	22.453 1	73.1932 1
2	1	22.275 1	73.6 1
2	1	22.467 1	73.1227 1
2	1	22.415 1	73.185 1
2	1	22.706 1	73.1138 1
2	1	22.386 1	73.1939 1
2	1	22.2 1	73.549 1
2	1	22.38 1	73.1253 1
2	1	22.27 1	73.730 1
2	1	22.295 1	73.342 1
2	1	22.277 1	73.8 1
2	1	22.163 1	73.335 1
2	1	22.119 1	73.995 1
2	1	22.139 1	73.1669 1
2	1	22.114 1	73.1675 1
2	1	22.613 1	73.564 1
2	1	22.266 1	73.2090 1
2	1	22.202 1	73.432 1
2	1	22.250 1	73.227 1
2	1	22.795 1	73.614 1
3	2	22.206 1 22.309 0.932	73.1845 1
2	1	22.360 1	73.382 1
2	1	22.630 1	73.1737 1
2	1	22.95 1	73.470 1
2	1	22.565 1	73.31 1
2	1	22.557 1	73.497 1
2	1	22.359 1	73.618 1
2	1	22.382 1	73.1393 1
2	1	22.595 1	73.476 1
2	1	22.162 1	73.336 1
2	1	22.76 1	73.422 1
2	1	22.73 1	73.176 1
2	1	22.518 1	73.1580 1
2	1	22.308 1	73.1951 1
2	1	22.513 1	73.1231 1
2	1	22.81 1	73.1835 1
2	1	22.549 1	73.447 1
2	1	22.389 1	73.1936 1
2	1	22.838 1	73.753 1
2	1	22.599 1	73.1842 1
2	1	22.681 1	73.570 1
3	2	22.194 1	73.1599 0.059 73.2042 1
2	1	22.26 1	73.731 1
2	1	22.642 1	73.1426 1
2	1	22.128 1	73.1905 1
2	1	22.71 1	73.178 1
2	1	22.268 1	73.2101 1
2	1	22.186 1	73.353 1
2	1	22.476 1	73.322 1
2	1	22.655 1	73.442 1
2	1	22.673 1	73.329 1
2	1	22.846 1	73.900 1
2	1	22.54 1	73.1991 1
2	1	22.705 1	73.1732 1
2	1	22.234 1	73.294 1
2	1	22.351 1	73.2007 1
2	1	22.235 1	73.292 1
2	1	22.116 1	73.1677 1
2	1	22.337 1	73.264 1
2	1	22.192 1	73.347 1
2	1	22.224 1	73.61 1
2	1	22.32 1	73.1246 1
2	1	22.240 1	73.288 1
2	1	22.287 1	73.18 1
2	1	22.161 1	73.337 1
2	1	22.339 1	73.247 1
2	1	22.341 1	73.249 1
2	1	22.943 1	73.1948 1
2	1	22.870 1	73.1020 1
2	1	22.843 1	73.897 1
2	1	22.140 1	73.1670 1
2	1	22.790 1	73.1024 1
2	1	22.137 1	73.113 1
2	1	22.23 1	73.734 1
2	1	22.430 1	73.255 1
2	1	22.589 1	73.774 1
2	1	22.90 1	73.1699 1
2	1	22.191 1	73.348 1
2	1	22.342 1	73.494 1
2	1	22.425 1	73.1433 1
2	1	22.602 1	73.1839 1
2	1	22.607 1	73.1385 1
2	1	22.807 1	73.1429 1
2	1	22.212 1	73.102 1
2	1	22.205 1	73.429 1
2	1	22.100 1	73.741 1
2	1	22.110 1	73.2078 1
2	1	22.646 1	73.790 1
2	1	22.319 1	73.157 1
2	1	22.584 1	73.397 1
2	1	22.13 1	73.1238 1
2	1	22.343 1	73.252 1
2	1	22.239 1	73.289 1
2	1	22.514 1	73.1230 1
2	1	22.535 1	73.1388 1
2	1	22.606 1	73.1386 1
2	1	22.691 1	73.569 1
2	1	22.52 1	73.1988 1
2	1	22.541 1	73.558 1
2	1	22.848 1	73.1011 1
2	1	22.175 1	73.364 1
2	1	22.284 1	73.15 1
2	1	22.326 1	73.164 1
2	1	22.145 1	73.1405 1
2	1	22.180 1	73.359 1
2	1	22.272 1	73.3 1
3	2	22.519 1	73.502 1 73.323 0.784
2	1	22.279 1	73.10 1
2	1	22.831 1	73.490 1
2	1	22.92 1	73.1701 1
2	1	22.213 1	73.101 1
2	1	22.271 1	73.1 1
2	1	22.299 1	73.2003 1
2	1	22.414 1	73.184 1
2	1	22.454 1	73.128 1
3	2	22.171 1	73.375 1 73.901 0.831
3	2	22.242 1 22.243 0.246	73.253 1
2	1	22.185 1	73.354 1
2	1	22.608 1	73.737 1
2	1	22.63 1	73.427 1
2	1	22.914 1	73.1532 1
2	1	22.875 1	73.1218 1
2	1	22.177 1	73.362 1
2	1	22.120 1	73.994 1
2	1	22.358 1	73.73 1
2	1	22.265 1	73.2089 1
2	1	22.91 1	73.1700 1
2	1	22.407 1	73.412 1
2	1	22.466 1	73.1632 1
3	2	22.529 1	73.619 1 73.556 0.790
2	1	22.935 1	73.486 1
2	1	22.289 1	73.20 1
2	1	22.109 1	73.2076 1
2	1	22.381 1	73.1394 1
2	1	22.512 1	73.478 1
2	1	22.226 1	73.58 1
2	1	22.942 1	73.1947 1
2	1	22.225 1	73.59 1
2	1	22.281 1	73.12 1
2	1	22.83 1	73.1254 1
3	2	22.130 1 22.131 0.446	73.1908 1
2	1	22.528 1	73.555 1
2	1	22.89 1	73.1698 1
2	1	22.662 1	73.751 1
2	1	22.571 1	73.1085 1
2	1	22.652 1	73.608 1
2	1	22.698 1	73.1043 1
2	1	22.418 1	73.495 1
2	1	22.166 1	73.372 1
2	1	22.98 1	73.467 1
2	1	22.494 1	73.1477 1
2	1	22.182 1	73.357 1
2	1	22.379 1	73.1943 1
2	1	22.172 1	73.368 1
2	1	22.561 1	73.402 1
5	4	22.703 1 22.895 0.846 22.921 0.712 22.982 0.728	73.1731 1
2	1	22.818 1	73.1215 1
2	1	22.305 1	73.283 1
2	1	22.96 1	73.469 1
2	1	22.307 1	73.1952 1
2	1	22.517 1	73.1581 1
2	1	22.826 1	73.1089 1
2	1	22.357 1	73.72 1
2	1	22.708 1	73.1609 1
2	1	22.423 1	73.1995 1
2	1	22.636 1	73.1626 1
2	1	22.701 1	73.1139 1
2	1	22.282 1	73.13 1
2	1	22.388 1	73.1937 1
2	1	22.459 1	73.1348 1
2	1	22.526 1	73.553 1
3	2	22.820 1 22.479 0.752	73.135 1
2	1	22.505 1	73.744 1
2	1	22.594 1	73.475 1
2	1	22.11 1	73.1236 1
2	1	22.520 1	73.503 1
2	1	22.80 1	73.1834 1
2	1	22.819 1	73.1214 1
2	1	22.174 1	73.365 1
2	1	22.165 1	73.374 1
2	1	22.665 1	73.830 1
2	1	22.321 1	73.159 1
2	1	22.115 1	73.1676 1
2	1	22.97 1	73.468 1
2	1	22.527 1	73.554 1
2	1	22.66 1	73.278 1
2	1	22.443 1	73.1392 1
2	1	22.167 1	73.371 1
2	1	22.178 1	73.361 1
2	1	22.331 1	73.324 1
2	1	22.53 1	73.1990 1
2	1	22.547 1	73.445 1
2	1	22.874 1	73.1217 1
3	2	22.318 1 22.155 0.855	73.223 1
2	1	22.132 1	73.1909 1
9	8	22.5 0.573 22.627 0.591 22.745 1 22.923 0.816 22.932 0.829 22.962 0.775 22.965 0.517 22.976 0.548	73.671 1
3	2	22.259 0.334 22.485 1	73.1005 1
2	1	22.572 1	73.277 1
2	1	22.10 1	73.1234 1
2	1	22.555 1	73.992 1
2	1	22.168 1	73.370 1
2	1	22.249 1	73.300 1
2	1	22.638 1	73.1431 1
2	1	22.383 1	73.1942 1
2	1	22.410 1	73.181 1
2	1	22.623 1	73.814 1
2	1	22.187 1	73.352 1
2	1	22.353 1	73.2006 1
2	1	22.57 1	73.1994 1
2	1	22.241 1	73.287 1
2	1	22.160 1	73.338 1
2	1	22.499 1	73.1797 1
2	1	22.301 1	73.280 1
2	1	22.348 1	73.171 1
2	1	22.227 1	73.57 1
2	1	22.107 1	73.268 1
2	1	22.193 1	73.346 1
2	1	22.31 1	73.1245 1
2	1	22.859 1	73.219 1
2	1	22.867 1	73.1105 1
2	1	22.312 1	73.405 1
2	1	22.506 1	73.301 1
2	1	22.944 1	73.754 1
2	1	22.562 1	73.403 1
2	1	22.188 1	73.351 1
2	1	22.452 1	73.1933 1
2	1	22.702 1	73.1733 1
2	1	22.721 1	73.1790 1
2	1	22.510 1	73.530 1
2	1	22.585 1	73.398 1
2	1	22.361 1	73.383 1
2	1	22.493 1	73.674 1
2	1	22.496 1	73.1475 1
2	1	22.75 1	73.423 1
2	1	22.176 1	73.363 1
2	1	22.278 1	73.9 1
4	3	22.355 1	73.473 1 73.70 0.421 73.759 0.397
2	1	22.873 1	73.1216 1
3	2	22.700 1	73.789 0.094 73.980 1
2	1	22.581 1	73.394 1
2	1	22.508 1	73.528 1
2	1	22.421 1	73.1997 1
2	1	22.223 1	73.63 1
4	3	22.408 1 22.431 0.930 22.918 0.830	73.1803 1
3	2	22.138 1	73.1235 0.144 73.1575 1
2	1	22.596 1	73.286 1
2	1	22.313 1	73.2059 1
2	1	22.42 1	73.485 1
2	1	22.124 1	73.1899 1
2	1	22.125 1	73.1900 1
2	1	22.1 1	73.550 1
2	1	22.43 1	73.484 1
2	1	22.183 1	73.356 1
2	1	22.314 1	73.2058 1
2	1	22.445 1	73.1390 1
2	1	22.364 1	73.378 1
2	1	22.150 1	73.2001 1
2	1	22.294 1	73.341 1
2	1	22.651 1	73.607 1
4	4	22.969 1 22.311 0.784	73.1664 1 73.1850 0.742
2	1	22.147 1	73.2000 1
2	1	22.298 1	73.2004 1
2	1	22.539 1	73.1853 1
2	1	22.605 1	73.1387 1
2	1	22.181 1	73.358 1
2	1	22.291 1	73.22 1
2	1	22.51 1	73.1987 1
2	1	22.650 1	73.606 1
7	6	22.372 0.497 22.374 0.436 22.451 1 22.669 0.206 22.738 0.172 22.771 0.181	73.522 1
2	1	22.465 1	73.834 1
2	1	22.787 1	73.979 1
2	1	22.255 1	73.2083 1
2	1	22.141 1	73.332 1
2	1	22.228 1	73.56 1
2	1	22.917 1	73.111 1
2	1	22.233 1	73.296 1
2	1	22.791 1	73.743 1
2	1	22.18 1	73.1706 1
2	1	22.586 1	73.563 1
2	1	22.798 1	73.1622 1
2	1	22.324 1	73.162 1
2	1	22.428 1	73.1691 1
2	1	22.380 1	73.451 1
2	1	22.292 1	73.23 1
2	1	22.190 1	73.349 1
2	1	22.88 1	73.1697 1
2	1	22.444 1	73.1391 1
2	1	22.600 1	73.1841 1
2	1	22.261 1	73.1456 1
2	1	22.475 1	73.896 1
2	1	22.796 1	73.1687 1
3	2	22.677 1	73.574 0.135 73.633 1
2	1	22.14 1	73.1239 1
2	1	22.300 1	73.276 1
2	1	22.280 1	73.11 1
2	1	22.179 1	73.360 1
2	1	22.664 1	73.829 1
2	1	22.142 1	73.1428 1
2	1	22.293 1	73.24 1
2	1	22.330 1	73.2005 1
2	1	22.424 1	73.926 1
2	1	22.858 1	73.220 1
2	1	22.643 1	73.1425 1
2	1	22.644 1	73.1424 1
2	1	22.55 1	73.1992 1
2	1	22.634 1	73.1445 1
2	1	22.631 1	73.1736 1
2	1	22.346 1	73.169 1
2	1	22.409 1	73.1802 1
3	2	22.46 1	73.330 1 73.631 0.299
2	1	22.28 1	73.729 1
2	1	22.170 1	73.369 1
2	1	22.290 1	73.21 1
2	1	22.368 1	73.381 1
2	1	22.56 1	73.1993 1
2	1	22.67 1	73.1671 1
2	1	22.824 1	73.1118 1
2	1	22.338 1	73.266 1
2	1	22.236 1	73.291 1
2	1	22.35 1	73.1248 1
2	1	22.108 1	73.267 1
2	1	22.560 1	73.344 1
2	1	22.12 1	73.1237 1
2	1	22.622 1	73.813 1
2	1	22.852 1	73.1627 1
2	1	22.554 1	73.993 1
2	1	22.33 1	73.1247 1
2	1	22.133 1	73.1910 1
2	1	22.345 1	73.254 1
2	1	22.78 1	73.420 1
2	1	22.906 1	73.1480 1
8	12	22.940 1 22.939 1	73.127 1 73.1427 1 73.1479 0.192 73.740 0.122 73.739 0.077 73.1954 0.070
2	1	22.478 1	73.136 1
2	1	22.151 1	73.648 1
2	1	22.276 1	73.7 1
2	1	22.860 1	73.221 1
2	1	22.329 1	73.2079 1
3	2	22.22 1 22.362 0.084	73.1447 1
2	1	22.568 1	73.404 1
2	1	22.550 1	73.1608 1
3	2	22.483 0.130 22.907 1	73.155 1
2	1	22.254 1	73.2082 1
2	1	22.69 1	73.179 1
2	1	22.811 1	73.827 1
2	1	22.218 1	73.107 1
2	1	22.118 1	73.66 1
2	1	22.47 1	73.226 1
2	1	22.545 1	73.443 1
2	1	22.551 1	73.1607 1
2	1	22.102 1	73.604 1
2	1	22.87 1	73.1696 1
2	1	22.855 1	73.222 1
2	1	22.755 1	73.1068 1
2	1	22.134 1	73.1911 1
2	1	22.495 1	73.1476 1
4	3	22.666 1	73.1263 1 73.1779 0.275 73.661 0.081
2	1	22.8 1	73.1233 1
2	1	22.184 1	73.355 1
2	1	22.645 1	73.1410 1
2	1	22.553 1	73.1605 1
2	1	22.903 1	73.1484 1
2	1	22.72 1	73.177 1
2	1	22.82 1	73.630 1
2	1	22.385 1	73.1940 1
2	1	22.841 1	73.865 1
2	1	22.365 1	73.379 1
2	1	22.129 1	73.1906 1
2	1	22.546 1	73.444 1
2	1	22.825 1	73.1578 1
2	1	22.270 1	73.2102 1
3	2	22.522 1	73.225 0.051 73.472 1
2	1	22.322 1	73.160 1
9	8	22.6 1 22.626 0.166 22.744 0.207 22.924 0.171 22.933 0.169 22.963 0.224 22.966 0.240 22.977 0.713	73.670 1
2	1	22.323 1	73.161 1
2	1	22.402 1	73.2073 1
2	1	22.501 1	73.1838 1
2	1	22.579 1	73.525 1
2	1	22.509 1	73.529 1
2	1	22.632 1	73.1735 1
2	1	22.808 1	73.602 1
2	1	22.86 1	73.1694 1
3	2	22.919 1	73.1800 0.202 73.55 1
2	1	22.420 1	73.1998 1
2	1	22.304 1	73.282 1
3	2	22.429 1 22.845 0.080	73.1689 1
2	1	22.663 1	73.828 1
6	5	22.105 1	73.1265 1 73.1278 0.080 73.1776 0.993 73.687 0.993 73.702 0.080
3	2	22.219 1	73.1884 0.982 73.458 1
2	1	22.540 1	73.965 1
4	3	22.58 0.064 22.881 0.079 22.887 1	73.129 1
2	1	22.36 1	73.1249 1
2	1	22.328 1	73.166 1
2	1	22.857 1	73.1791 1
2	1	22.303 1	73.1083 1
2	1	22.567 1	73.609 1
2	1	22.583 1	73.396 1
2	1	22.971 1	73.659 1
2	1	22.17 1	73.1241 1
2	1	22.515 1	73.1229 1
2	1	22.750 0.896	73.168 0.896
3	2	22.257 0.788	73.580 0.746 73.2085 0.831
