Size	Relations	OrthoA	OrthoB
2	1	36.42 1	61.63 1
2	1	36.41 1	61.62 1
2	1	36.573 1	61.231 1
2	1	36.61 1	61.984 1
2	1	36.175 1	61.66 1
2	1	36.472 1	61.1269 1
2	1	36.710 1	61.948 1
2	1	36.305 1	61.1137 1
2	1	36.473 1	61.1144 1
2	1	36.59 1	61.1124 1
2	1	36.138 1	61.341 1
2	1	36.456 1	61.800 1
2	1	36.24 1	61.148 1
2	1	36.204 1	61.1305 1
2	1	36.592 1	61.408 1
2	1	36.533 1	61.1180 1
2	1	36.663 1	61.153 1
2	1	36.646 1	61.192 1
2	1	36.531 1	61.1178 1
2	1	36.60 1	61.1119 1
2	1	36.206 1	61.346 1
2	1	36.340 1	61.1303 1
2	1	36.3 1	61.473 1
2	1	36.4 1	61.472 1
2	1	36.290 1	61.547 1
2	1	36.94 1	61.652 1
2	1	36.681 1	61.122 1
3	2	36.828 1 36.278 0.780	61.994 1
2	1	36.682 1	61.721 1
2	1	36.568 1	61.904 1
2	1	36.107 1	61.648 1
2	1	36.52 1	61.1232 1
2	1	36.817 1	61.1369 1
2	1	36.773 1	61.52 1
2	1	36.145 1	61.98 1
3	2	36.503 1	61.774 1 61.1248 0.699
2	1	36.127 1	61.378 1
2	1	36.624 1	61.515 1
2	1	36.13 1	61.463 1
2	1	36.54 1	61.1230 1
3	2	36.150 0.434 36.153 1	61.703 1
2	1	36.154 1	61.704 1
2	1	36.176 1	61.67 1
2	1	36.18 1	61.458 1
2	1	36.836 1	61.980 1
2	1	36.232 1	61.894 1
2	1	36.79 1	61.859 1
2	1	36.321 1	61.821 1
2	1	36.733 1	61.20 1
2	1	36.197 1	61.881 1
2	1	36.241 1	61.873 1
2	1	36.225 1	61.1149 1
2	1	36.231 1	61.189 1
2	1	36.777 1	61.269 1
2	1	36.714 1	61.690 1
2	1	36.451 1	61.143 1
2	1	36.323 1	61.823 1
2	1	36.615 1	61.1140 1
4	4	36.900 1 36.895 0.689	61.1287 0.083 61.129 1
2	1	36.134 1	61.1057 1
2	1	36.253 1	61.374 1
2	1	36.89 1	61.172 1
2	1	36.246 1	61.868 1
2	1	36.262 1	61.222 1
2	1	36.781 1	61.53 1
2	1	36.668 1	61.902 1
2	1	36.676 1	61.1123 1
2	1	36.92 1	61.1069 1
2	1	36.649 1	61.733 1
2	1	36.110 1	61.645 1
4	3	36.899 1 36.898 0.841 36.909 0.893	61.130 1
2	1	36.776 1	61.270 1
2	1	36.620 1	61.55 1
2	1	36.820 1	61.1372 1
2	1	36.644 1	61.879 1
2	1	36.244 1	61.870 1
2	1	36.45 1	61.928 1
2	1	36.281 1	61.1257 1
2	1	36.775 1	61.271 1
2	1	36.829 1	61.993 1
2	1	36.779 1	61.267 1
2	1	36.333 1	61.804 1
2	1	36.123 1	61.1051 1
2	1	36.831 1	61.1367 1
2	1	36.243 1	61.871 1
2	1	36.758 1	61.677 1
2	1	36.273 1	61.876 1
2	1	36.121 1	61.1049 1
2	1	36.636 1	61.1046 1
2	1	36.229 1	61.810 1
2	1	36.717 1	61.687 1
2	1	36.71 1	61.1225 1
2	1	36.910 1	61.126 1
2	1	36.194 1	61.882 1
2	1	36.293 1	61.1323 1
2	1	36.688 1	61.246 1
2	1	36.832 1	61.1368 1
2	1	36.599 1	61.404 1
2	1	36.749 1	61.36 1
2	1	36.822 1	61.1374 1
2	1	36.811 1	61.1341 1
2	1	36.581 1	61.1038 1
2	1	36.15 1	61.461 1
2	1	36.657 1	61.743 1
2	1	36.112 1	61.1054 1
2	1	36.634 1	61.996 1
2	1	36.109 1	61.646 1
3	2	36.816 1 36.353 0.906	61.120 1
2	1	36.171 1	61.162 1
2	1	36.329 1	61.504 1
2	1	36.287 1	61.550 1
2	1	36.330 1	61.368 1
2	1	36.152 1	61.116 1
2	1	36.584 1	61.1035 1
2	1	36.26 1	61.44 1
2	1	36.529 1	61.1324 1
2	1	36.605 1	61.432 1
2	1	36.786 1	61.97 1
2	1	36.684 1	61.723 1
2	1	36.149 1	61.702 1
2	1	36.929 1	61.132 1
2	1	36.7 1	61.469 1
2	1	36.5 1	61.471 1
2	1	36.201 1	61.382 1
3	2	36.926 0.711 36.927 1	61.552 1
2	1	36.261 1	61.448 1
2	1	36.726 1	61.15 1
2	1	36.834 1	61.1334 1
2	1	36.31 1	61.995 1
2	1	36.778 1	61.268 1
2	1	36.677 1	61.990 1
2	1	36.723 1	61.51 1
5	4	36.116 1 36.168 0.794 36.381 0.890 36.401 0.809	61.210 1
2	1	36.1 1	61.475 1
2	1	36.659 1	61.1150 1
2	1	36.450 1	61.144 1
2	1	36.606 1	61.433 1
2	1	36.245 1	61.869 1
2	1	36.571 1	61.907 1
2	1	36.322 1	61.822 1
2	1	36.288 1	61.549 1
2	1	36.38 1	61.1263 1
2	1	36.86 1	61.239 1
2	1	36.643 1	61.878 1
2	1	36.286 1	61.1394 1
2	1	36.319 1	61.232 1
2	1	36.722 1	61.50 1
2	1	36.304 1	61.1136 1
2	1	36.641 1	61.1218 1
2	1	36.626 1	61.517 1
2	1	36.218 1	61.698 1
2	1	36.99 1	61.936 1
2	1	36.648 1	61.543 1
2	1	36.254 1	61.375 1
2	1	36.578 1	61.973 1
2	1	36.692 1	61.333 1
2	1	36.819 1	61.1371 1
2	1	36.562 1	61.1322 1
2	1	36.128 1	61.1122 1
2	1	36.491 1	61.969 1
2	1	36.858 1	61.1265 1
2	1	36.549 1	61.778 1
2	1	36.85 1	61.1246 1
2	1	36.495 1	61.807 1
2	1	36.746 1	61.33 1
2	1	36.825 1	61.1376 1
2	1	36.639 1	61.1216 1
2	1	36.931 1	61.897 1
2	1	36.673 1	61.422 1
2	1	36.525 1	61.619 1
2	1	36.575 1	61.229 1
2	1	36.125 1	61.108 1
2	1	36.64 1	61.1120 1
2	1	36.628 1	61.519 1
2	1	36.88 1	61.72 1
2	1	36.686 1	61.725 1
2	1	36.752 1	61.39 1
2	1	36.701 1	61.1312 1
2	1	36.721 1	61.49 1
2	1	36.326 1	61.826 1
2	1	36.654 1	61.740 1
2	1	36.489 1	61.972 1
2	1	36.46 1	61.1238 1
2	1	36.53 1	61.1231 1
2	1	36.601 1	61.402 1
2	1	36.751 1	61.38 1
2	1	36.824 1	61.1375 1
2	1	36.331 1	61.369 1
3	2	36.827 1	61.106 1 61.887 0.646
2	1	36.2 1	61.474 1
2	1	36.291 1	61.546 1
2	1	36.517 1	61.582 1
2	1	36.590 1	61.410 1
2	1	36.81 1	61.712 1
2	1	36.306 1	61.1288 1
2	1	36.242 1	61.872 1
2	1	36.674 1	61.423 1
2	1	36.555 1	61.1258 1
2	1	36.62 1	61.985 1
2	1	36.67 1	61.105 1
2	1	36.174 1	61.65 1
2	1	36.247 1	61.1043 1
2	1	36.295 1	61.1272 1
2	1	36.9 1	61.467 1
2	1	36.524 1	61.618 1
2	1	36.680 1	61.121 1
2	1	36.219 1	61.699 1
4	3	36.608 0.070 36.609 0.051 36.610 1	61.434 1
2	1	36.269 1	61.181 1
2	1	36.298 1	61.273 1
2	1	36.574 1	61.230 1
2	1	36.282 1	61.1256 1
2	1	36.769 1	61.557 1
2	1	36.66 1	61.481 1
2	1	36.740 1	61.27 1
2	1	36.564 1	61.1132 1
2	1	36.737 1	61.24 1
2	1	36.173 1	61.64 1
3	2	36.222 1 36.514 0.805	61.225 1
2	1	36.745 1	61.32 1
2	1	36.471 1	61.489 1
2	1	36.80 1	61.860 1
2	1	36.577 1	61.227 1
2	1	36.656 1	61.742 1
2	1	36.98 1	61.937 1
2	1	36.122 1	61.1050 1
2	1	36.582 1	61.1037 1
2	1	36.14 1	61.462 1
2	1	36.137 1	61.209 1
2	1	36.731 1	61.13 1
2	1	36.296 1	61.1271 1
2	1	36.655 1	61.741 1
2	1	36.535 1	61.138 1
2	1	36.735 1	61.22 1
2	1	36.669 1	61.901 1
2	1	36.632 1	61.874 1
2	1	36.73 1	61.923 1
2	1	36.501 1	61.1181 1
2	1	36.100 1	61.1397 1
2	1	36.113 1	61.1129 1
2	1	36.236 1	61.1041 1
2	1	36.694 1	61.290 1
2	1	36.141 1	61.436 1
2	1	36.118 1	61.747 1
2	1	36.179 1	61.1204 1
2	1	36.507 1	61.1102 1
2	1	36.928 1	61.131 1
2	1	36.29 1	61.926 1
2	1	36.11 1	61.465 1
2	1	36.653 1	61.739 1
2	1	36.506 1	61.1101 1
2	1	36.790 1	61.744 1
2	1	36.919 1	61.940 1
2	1	36.711 1	61.1311 1
2	1	36.111 1	61.1053 1
2	1	36.813 1	61.1171 1
3	2	36.213 1 36.671 0.170	61.1392 1
2	1	36.713 1	61.691 1
2	1	36.812 1	61.1170 1
2	1	36.17 1	61.459 1
2	1	36.37 1	61.1262 1
2	1	36.647 1	61.542 1
2	1	36.742 1	61.29 1
2	1	36.518 1	61.1299 1
2	1	36.550 1	61.943 1
2	1	36.660 1	61.1151 1
2	1	36.718 1	61.930 1
2	1	36.727 1	61.16 1
2	1	36.35 1	61.1382 1
2	1	36.30 1	61.927 1
2	1	36.95 1	61.650 1
2	1	36.271 1	61.184 1
2	1	36.794 1	61.674 1
2	1	36.148 1	61.628 1
3	2	36.237 1 36.547 0.808	61.1247 1
2	1	36.252 1	61.373 1
2	1	36.732 1	61.19 1
2	1	36.785 1	61.1196 1
2	1	36.234 1	61.1039 1
2	1	36.516 1	61.535 1
2	1	36.695 1	61.291 1
2	1	36.725 1	61.14 1
2	1	36.19 1	61.457 1
2	1	36.190 1	61.1047 1
2	1	36.324 1	61.824 1
2	1	36.685 1	61.724 1
2	1	36.75 1	61.924 1
2	1	36.757 1	61.139 1
2	1	36.285 1	61.1355 1
2	1	36.527 1	61.731 1
2	1	36.720 1	61.48 1
2	1	36.272 1	61.185 1
2	1	36.576 1	61.228 1
2	1	36.588 1	61.412 1
2	1	36.661 1	61.1152 1
2	1	36.734 1	61.21 1
2	1	36.263 1	61.117 1
2	1	36.12 1	61.464 1
2	1	36.738 1	61.25 1
2	1	36.223 1	61.226 1
2	1	36.523 1	61.1266 1
3	2	36.662 1	61.1153 1 61.154 0.492
2	1	36.814 1	61.1172 1
2	1	36.339 1	61.1302 1
2	1	36.48 1	61.1236 1
2	1	36.587 1	61.1402 1
2	1	36.704 1	61.136 1
2	1	36.670 1	61.903 1
2	1	36.130 1	61.935 1
2	1	36.44 1	61.1330 1
2	1	36.719 1	61.929 1
2	1	36.32 1	61.997 1
2	1	36.513 1	61.1378 1
2	1	36.728 1	61.17 1
2	1	36.151 1	61.1175 1
4	4	36.77 1 36.78 0.195	61.1353 0.269 61.811 1
2	1	36.912 1	61.124 1
2	1	36.515 1	61.533 1
2	1	36.235 1	61.1040 1
2	1	36.311 1	61.1414 1
2	1	36.338 1	61.1301 1
2	1	36.72 1	61.1224 1
2	1	36.821 1	61.1373 1
2	1	36.188 1	61.953 1
2	1	36.336 1	61.805 1
2	1	36.344 1	61.762 1
2	1	36.180 1	61.808 1
2	1	36.475 1	61.1279 1
2	1	36.867 1	61.642 1
2	1	36.90 1	61.1071 1
2	1	36.600 1	61.403 1
2	1	36.826 1	61.1377 1
2	1	36.358 1	61.570 1
2	1	36.617 1	61.491 1
2	1	36.106 1	61.649 1
2	1	36.227 1	61.617 1
2	1	36.270 1	61.182 1
2	1	36.616 1	61.490 1
2	1	36.627 1	61.518 1
2	1	36.678 1	61.988 1
2	1	36.747 1	61.34 1
2	1	36.748 1	61.35 1
2	1	36.753 1	61.40 1
2	1	36.63 1	61.986 1
2	1	36.810 1	61.1340 1
2	1	36.552 1	61.944 1
2	1	36.539 1	61.773 1
2	1	36.792 1	61.676 1
2	1	36.238 1	61.1274 1
2	1	36.457 1	61.801 1
2	1	36.642 1	61.877 1
2	1	36.126 1	61.377 1
2	1	36.833 1	61.1366 1
2	1	36.756 1	61.1365 1
2	1	36.629 1	61.520 1
2	1	36.87 1	61.240 1
2	1	36.521 1	61.348 1
2	1	36.618 1	61.370 1
2	1	36.736 1	61.23 1
2	1	36.132 1	61.933 1
4	3	36.376 0.199 36.379 1 36.905 0.225	61.1078 1
2	1	36.715 1	61.689 1
2	1	36.133 1	61.1056 1
2	1	36.266 1	61.178 1
2	1	36.631 1	61.522 1
2	1	36.124 1	61.732 1
2	1	36.289 1	61.548 1
2	1	36.553 1	61.945 1
2	1	36.589 1	61.411 1
2	1	36.689 1	61.245 1
2	1	36.147 1	61.1306 1
2	1	36.477 1	61.1280 1
2	1	36.708 1	61.54 1
2	1	36.815 1	61.1173 1
2	1	36.741 1	61.28 1
2	1	36.743 1	61.30 1
2	1	36.257 1	61.1207 1
2	1	36.294 1	61.1273 1
2	1	36.750 1	61.37 1
2	1	36.754 1	61.728 1
2	1	36.917 1	61.11 1
2	1	36.21 1	61.455 1
2	1	36.316 1	61.1125 1
2	1	36.583 1	61.1036 1
2	1	36.625 1	61.516 1
2	1	36.911 1	61.125 1
2	1	36.864 1	61.1250 1
2	1	36.690 1	61.244 1
2	1	36.25 1	61.45 1
2	1	36.22 1	61.454 1
2	1	36.308 1	61.249 1
2	1	36.8 1	61.468 1
2	1	36.51 1	61.1233 1
3	2	36.548 1	61.779 1 61.171 0.933
2	1	36.602 1	61.401 1
2	1	36.560 1	61.1320 1
2	1	36.561 1	61.1321 1
2	1	36.57 1	61.925 1
2	1	36.645 1	61.880 1
3	2	36.359 0.599 36.874 1	61.440 1
2	1	36.10 1	61.466 1
2	1	36.630 1	61.521 1
2	1	36.591 1	61.409 1
2	1	36.818 1	61.1370 1
2	1	36.830 1	61.188 1
2	1	36.20 1	61.456 1
2	1	36.652 1	61.738 1
2	1	36.212 1	61.1399 1
2	1	36.23 1	61.453 1
2	1	36.709 1	61.349 1
2	1	36.739 1	61.26 1
2	1	36.345 1	61.1228 1
2	1	36.730 1	61.18 1
2	1	36.131 1	61.934 1
2	1	36.70 1	61.1226 1
2	1	36.97 1	61.379 1
2	1	36.478 1	61.1281 1
3	2	36.597 1 36.614 0.053	61.587 1
3	2	36.155 1 36.156 0.237	61.968 1
2	1	36.464 1	61.830 1
2	1	36.567 1	61.1128 1
3	2	36.621 1	61.296 0.193 61.56 1
2	1	36.69 1	61.107 1
2	1	36.913 1	61.123 1
2	1	36.189 1	61.952 1
2	1	36.221 1	61.775 1
2	1	36.470 1	61.326 1
2	1	36.279 1	61.1135 1
2	1	36.93 1	61.1068 1
2	1	36.249 1	61.398 1
2	1	36.274 1	61.942 1
2	1	36.91 1	61.1070 1
2	1	36.679 1	61.987 1
2	1	36.807 1	61.855 1
2	1	36.135 1	61.323 1
2	1	36.256 1	61.1206 1
2	1	36.502 1	61.360 1
2	1	36.603 1	61.400 1
3	2	36.838 1 36.852 0.876	61.68 1
2	1	36.230 1	61.1080 1
2	1	36.476 1	61.1328 1
2	1	36.255 1	61.1205 1
2	1	36.310 1	61.1413 1
2	1	36.481 1	61.625 1
2	1	36.780 1	61.266 1
2	1	36.265 1	61.42 1
2	1	36.570 1	61.906 1
2	1	36.664 1	61.910 1
2	1	36.169 1	61.211 1
2	1	36.566 1	61.623 1
3	2	36.260 1	61.1174 1 61.949 0.183
2	1	36.623 1	61.514 1
2	1	36.297 1	61.1270 1
2	1	36.808 1	61.1338 1
2	1	36.932 1	61.896 1
2	1	36.782 1	61.545 1
2	1	36.181 1	61.250 1
2	1	36.192 1	61.61 1
2	1	36.50 1	61.1234 1
2	1	36.585 1	61.1403 1
2	1	36.651 1	61.737 1
2	1	36.793 1	61.675 1
2	1	36.622 1	61.1333 1
2	1	36.693 1	61.332 1
2	1	36.465 1	61.832 1
2	1	36.250 1	61.371 1
2	1	36.593 1	61.407 1
2	1	36.640 1	61.1217 1
2	1	36.809 1	61.1339 1
4	4	36.868 0.300 36.869 1	61.195 1 61.427 0.738
2	1	36.239 1	61.837 1
2	1	36.6 1	61.470 1
2	1	36.49 1	61.1235 1
2	1	36.226 1	61.1332 1
2	1	36.34 1	61.1383 1
2	1	36.484 1	61.1329 1
2	1	36.604 1	61.399 1
2	1	36.337 1	61.1300 1
2	1	36.933 1	61.895 1
2	1	36.108 1	61.647 1
2	1	36.382 1	61.485 1
2	1	36.650 1	61.735 1
2	1	36.665 1	61.300 1
2	1	36.55 1	61.1229 1
2	1	36.837 1	61.317 1
5	4	36.897 1	61.352 0.088 61.788 0.098 61.80 1 61.916 0.090
3	2	36.399 1	61.431 0.081 61.746 1
2	1	36.520 1	61.298 1
2	1	36.493 1	61.630 1
2	1	36.580 1	61.1292 1
2	1	36.598 1	61.405 1
2	1	36.572 1	61.908 1
2	1	36.387 1	61.451 1
2	1	36.569 1	61.905 1
2	1	36.896 1	61.425 1
2	1	36.519 1	61.1298 1
2	1	36.248 1	61.1134 1
2	1	36.325 1	61.825 1
2	1	36.251 1	61.372 1
2	1	36.275 1	61.186 1
3	2	36.458 1 36.459 0.222	61.303 1
2	1	36.490 1	61.970 1
2	1	36.918 1	61.1162 1
2	1	36.320 1	61.233 1
2	1	36.268 1	61.180 1
2	1	36.299 1	61.274 1
2	1	36.528 1	61.1304 1
2	1	36.579 0.928	61.1384 0.928
