Size	Relations	OrthoA	OrthoB
2	1	36.42 1	59.1267 1
2	1	36.41 1	59.1268 1
2	1	36.573 1	59.643 1
2	1	36.61 1	59.1011 1
2	1	36.175 1	59.1264 1
2	1	36.472 1	59.1585 1
2	1	36.710 1	59.2031 1
2	1	36.305 1	59.460 1
2	1	36.473 1	59.612 1
2	1	36.59 1	59.1042 1
2	1	36.138 1	59.1846 1
2	1	36.24 1	59.2162 1
2	1	36.456 1	59.342 1
2	1	36.204 1	59.1662 1
2	1	36.592 1	59.1822 1
2	1	36.287 1	59.2129 1
2	1	36.533 1	59.1593 1
2	1	36.663 1	59.753 1
2	1	36.531 1	59.1591 1
2	1	36.646 1	59.808 1
2	1	36.206 1	59.1942 1
2	1	36.60 1	59.1047 1
2	1	36.340 1	59.1664 1
2	1	36.3 1	59.3 1
2	1	36.290 1	59.2126 1
2	1	36.4 1	59.4 1
2	1	36.681 1	59.2422 1
2	1	36.828 1	59.1001 1
2	1	36.94 1	59.2234 1
2	1	36.568 1	59.2012 1
2	1	36.773 1	59.952 1
2	1	36.107 1	59.2230 1
2	1	36.52 1	59.1206 1
2	1	36.817 1	59.981 1
2	1	36.145 1	59.1966 1
2	1	36.127 1	59.758 1
2	1	36.624 1	59.2359 1
2	1	36.503 1	59.1602 1
2	1	36.13 1	59.14 1
3	2	36.150 0.425 36.153 1	59.1808 1
2	1	36.154 1	59.1807 1
2	1	36.836 1	59.1015 1
2	1	36.176 1	59.1263 1
2	1	36.682 1	59.1977 1
2	1	36.18 1	59.1300 1
2	1	36.232 1	59.2449 1
2	1	36.79 1	59.1271 1
2	1	36.733 1	59.920 1
2	1	36.197 1	59.2160 1
2	1	36.321 1	59.640 1
2	1	36.225 1	59.747 1
3	2	36.241 1 36.246 0.687	59.800 1
2	1	36.231 1	59.810 1
2	1	36.714 1	59.2368 1
2	1	36.777 1	59.1486 1
2	1	36.451 1	59.298 1
2	1	36.668 1	59.2010 1
2	1	36.323 1	59.638 1
2	1	36.900 1	59.2429 1
2	1	36.615 1	59.610 1
2	1	36.253 1	59.763 1
2	1	36.89 1	59.901 1
3	2	36.134 1	59.2198 0.223 59.2204 1
2	1	36.262 1	59.652 1
2	1	36.781 1	59.953 1
2	1	36.649 1	59.1995 1
2	1	36.676 1	59.1043 1
2	1	36.92 1	59.908 1
4	3	36.899 1 36.898 0.841 36.909 0.893	59.2430 1
2	1	36.820 1	59.984 1
2	1	36.776 1	59.1485 1
2	1	36.775 1	59.1484 1
2	1	36.110 1	59.2227 1
2	1	36.620 1	59.955 1
2	1	36.644 1	59.806 1
2	1	36.829 1	59.1002 1
2	1	36.45 1	59.2374 1
2	1	36.333 1	59.1465 1
2	1	36.54 1	59.1203 1
2	1	36.123 1	59.1062 1
2	1	36.281 1	59.1690 1
2	1	36.831 1	59.979 1
2	1	36.779 1	59.1488 1
2	1	36.758 1	59.1770 1
2	1	36.273 1	59.803 1
2	1	36.121 1	59.1064 1
2	1	36.636 1	59.1117 1
3	2	36.278 1 36.634 0.832	59.611 1
2	1	36.717 1	59.2371 1
2	1	36.194 1	59.2161 1
2	1	36.71 1	59.1198 1
2	1	36.229 1	59.1460 1
2	1	36.306 1	59.437 1
2	1	36.910 1	59.2426 1
2	1	36.688 1	59.1111 1
2	1	36.832 1	59.980 1
2	1	36.517 1	59.974 1
2	1	36.293 1	59.1521 1
2	1	36.599 1	59.1827 1
2	1	36.749 1	59.936 1
2	1	36.822 1	59.986 1
2	1	36.581 1	59.594 1
2	1	36.811 1	59.1280 1
2	1	36.15 1	59.16 1
2	1	36.112 1	59.2225 1
2	1	36.657 1	59.2003 1
2	1	36.919 1	59.1680 1
2	1	36.109 1	59.2228 1
2	1	36.516 1	59.973 1
3	2	36.816 1 36.353 0.906	59.2420 1
2	1	36.171 1	59.1694 1
2	1	36.330 1	59.769 1
2	1	36.329 1	59.630 1
2	1	36.515 1	59.972 1
2	1	36.584 1	59.597 1
2	1	36.149 1	59.1809 1
2	1	36.26 1	59.944 1
2	1	36.430 1	59.1568 1
2	1	36.529 1	59.1520 1
2	1	36.605 1	59.1834 1
2	1	36.684 1	59.1980 1
2	1	36.786 1	59.1967 1
2	1	36.5 1	59.5 1
2	1	36.778 1	59.1487 1
2	1	36.152 1	59.1290 1
2	1	36.7 1	59.7 1
2	1	36.929 1	59.2432 1
2	1	36.726 1	59.915 1
2	1	36.261 1	59.653 1
2	1	36.201 1	59.2130 1
2	1	36.706 1	59.1974 1
2	1	36.834 1	59.1050 1
3	2	36.926 0.718 36.927 1	59.1905 1
2	1	36.571 1	59.2015 1
2	1	36.450 1	59.299 1
2	1	36.659 1	59.748 1
2	1	36.677 1	59.1005 1
2	1	36.31 1	59.1000 1
2	1	36.1 1	59.1 1
2	1	36.723 1	59.951 1
2	1	36.606 1	59.1835 1
2	1	36.514 1	59.971 1
2	1	36.322 1	59.639 1
2	1	36.288 1	59.2128 1
2	1	36.86 1	59.906 1
2	1	36.286 1	59.720 1
2	1	36.38 1	59.2240 1
2	1	36.523 1	59.2235 1
2	1	36.643 1	59.805 1
2	1	36.99 1	59.1857 1
2	1	36.722 1	59.950 1
2	1	36.319 1	59.642 1
2	1	36.304 1	59.474 1
2	1	36.641 1	59.1121 1
2	1	36.648 1	59.2122 1
2	1	36.218 1	59.1813 1
2	1	36.626 1	59.2361 1
2	1	36.254 1	59.762 1
2	1	36.692 1	59.2189 1
2	1	36.819 1	59.983 1
2	1	36.491 1	59.1614 1
2	1	36.562 1	59.1742 1
2	1	36.578 1	59.1610 1
2	1	36.128 1	59.1044 1
2	1	36.135 1	59.1941 1
2	1	36.549 1	59.1599 1
2	1	36.243 1	59.798 1
2	1	36.639 1	59.1119 1
2	1	36.825 1	59.988 1
2	1	36.495 1	59.1462 1
2	1	36.746 1	59.933 1
2	1	36.85 1	59.1513 1
2	1	36.673 1	59.164 1
2	1	36.931 1	59.2446 1
2	1	36.575 1	59.645 1
2	1	36.628 1	59.2363 1
2	1	36.125 1	59.1016 1
2	1	36.64 1	59.1046 1
2	1	36.701 1	59.1231 1
2	1	36.686 1	59.1982 1
2	1	36.242 1	59.799 1
2	1	36.721 1	59.949 1
2	1	36.752 1	59.939 1
2	1	36.326 1	59.635 1
2	1	36.46 1	59.1212 1
2	1	36.527 1	59.1993 1
2	1	36.489 1	59.1611 1
2	1	36.53 1	59.1205 1
2	1	36.654 1	59.2000 1
2	1	36.824 1	59.987 1
2	1	36.291 1	59.2125 1
2	1	36.601 1	59.1829 1
2	1	36.751 1	59.938 1
3	2	36.608 0.059 36.610 1	59.1836 1
4	3	36.827 1	59.1040 1 59.1918 0.648 59.2173 0.646
2	1	36.331 1	59.768 1
2	1	36.590 1	59.1820 1
2	1	36.555 1	59.1691 1
2	1	36.2 1	59.2 1
2	1	36.81 1	59.1269 1
3	2	36.674 1	59.163 1 59.1739 0.734
2	1	36.67 1	59.1041 1
2	1	36.295 1	59.1850 1
2	1	36.62 1	59.1010 1
2	1	36.247 1	59.578 1
2	1	36.174 1	59.1265 1
2	1	36.740 1	59.927 1
2	1	36.860 1	59.322 1
2	1	36.9 1	59.10 1
2	1	36.680 1	59.2421 1
2	1	36.219 1	59.1812 1
2	1	36.269 1	59.819 1
2	1	36.487 1	59.364 1
2	1	36.574 1	59.644 1
2	1	36.382 1	59.689 1
2	1	36.769 1	59.381 1
2	1	36.282 1	59.1689 1
2	1	36.298 1	59.1482 1
2	1	36.66 1	59.657 1
2	1	36.745 1	59.932 1
2	1	36.80 1	59.1270 1
2	1	36.137 1	59.1230 1
2	1	36.173 1	59.1266 1
2	1	36.564 1	59.1747 1
2	1	36.222 1	59.649 1
2	1	36.471 1	59.693 1
2	1	36.707 1	59.1975 1
2	1	36.98 1	59.1858 1
2	1	36.238 1	59.1852 1
2	1	36.577 1	59.647 1
2	1	36.582 1	59.595 1
2	1	36.656 1	59.2002 1
2	1	36.122 1	59.1063 1
2	1	36.212 1	59.1969 1
2	1	36.296 1	59.1849 1
2	1	36.737 1	59.924 1
2	1	36.14 1	59.15 1
3	2	36.100 1	59.2138 1 59.2180 0.315
4	4	36.342 1 36.907 0.509	59.278 1 59.280 0.992
2	1	36.632 1	59.801 1
2	1	36.202 1	59.1590 1
2	1	36.655 1	59.2001 1
2	1	36.735 1	59.922 1
2	1	36.731 1	59.913 1
2	1	36.141 1	59.1842 1
2	1	36.669 1	59.2009 1
2	1	36.113 1	59.1749 1
2	1	36.168 1	59.1224 1
2	1	36.694 1	59.2193 1
2	1	36.501 1	59.1594 1
2	1	36.73 1	59.2378 1
2	1	36.179 1	59.1949 1
2	1	36.29 1	59.2376 1
3	2	36.505 1 36.854 0.723	59.1219 1
2	1	36.507 1	59.307 1
2	1	36.11 1	59.12 1
2	1	36.928 1	59.2431 1
2	1	36.653 1	59.1999 1
2	1	36.861 1	59.321 1
2	1	36.506 1	59.306 1
2	1	36.790 1	59.2004 1
2	1	36.111 1	59.2226 1
2	1	36.550 1	59.388 1
2	1	36.713 1	59.2367 1
2	1	36.813 1	59.1283 1
2	1	36.647 1	59.2121 1
2	1	36.727 1	59.916 1
2	1	36.742 1	59.929 1
2	1	36.37 1	59.2241 1
2	1	36.30 1	59.2375 1
2	1	36.35 1	59.993 1
2	1	36.17 1	59.1301 1
2	1	36.718 1	59.2372 1
2	1	36.812 1	59.1282 1
2	1	36.252 1	59.764 1
2	1	36.524 1	59.1954 1
2	1	36.660 1	59.749 1
2	1	36.271 1	59.816 1
2	1	36.725 1	59.914 1
3	2	36.838 1 36.852 0.814	59.1262 1
2	1	36.95 1	59.2232 1
2	1	36.785 1	59.2029 1
2	1	36.794 1	59.1773 1
2	1	36.19 1	59.1299 1
3	2	36.237 1 36.547 0.808	59.1512 1
2	1	36.525 1	59.1955 1
5	6	36.77 1 36.78 0.164	59.1272 1 59.1459 0.526 59.744 0.061
2	1	36.190 1	59.1116 1
2	1	36.324 1	59.637 1
2	1	36.757 1	59.1469 1
2	1	36.75 1	59.2377 1
2	1	36.685 1	59.1981 1
2	1	36.695 1	59.2194 1
2	1	36.720 1	59.948 1
2	1	36.732 1	59.919 1
2	1	36.234 1	59.582 1
2	1	36.588 1	59.1818 1
3	2	36.662 1	59.751 1 59.752 0.053
2	1	36.285 1	59.742 1
2	1	36.661 1	59.750 1
2	1	36.148 1	59.1965 1
2	1	36.521 1	59.1744 1
2	1	36.711 1	59.1234 1
2	1	36.734 1	59.921 1
2	1	36.738 1	59.925 1
2	1	36.576 1	59.646 1
2	1	36.223 1	59.648 1
2	1	36.12 1	59.13 1
2	1	36.339 1	59.1665 1
2	1	36.44 1	59.1055 1
2	1	36.48 1	59.1210 1
2	1	36.513 1	59.990 1
2	1	36.814 1	59.1284 1
2	1	36.704 1	59.1507 1
2	1	36.728 1	59.917 1
2	1	36.130 1	59.1856 1
3	2	36.188 1 36.839 0.782	59.2036 1
2	1	36.518 1	59.1669 1
2	1	36.719 1	59.2373 1
2	1	36.311 1	59.1684 1
2	1	36.587 1	59.1816 1
2	1	36.235 1	59.581 1
2	1	36.32 1	59.996 1
2	1	36.344 1	59.300 1
2	1	36.72 1	59.1197 1
2	1	36.858 1	59.2236 1
2	1	36.336 1	59.1464 1
2	1	36.912 1	59.2424 1
2	1	36.627 1	59.2362 1
2	1	36.821 1	59.985 1
2	1	36.867 1	59.382 1
2	1	36.106 1	59.2231 1
2	1	36.600 1	59.1828 1
2	1	36.180 1	59.1461 1
2	1	36.338 1	59.1666 1
2	1	36.90 1	59.910 1
2	1	36.214 1	59.2384 1
2	1	36.617 1	59.695 1
2	1	36.63 1	59.1009 1
2	1	36.747 1	59.934 1
2	1	36.748 1	59.935 1
2	1	36.826 1	59.989 1
2	1	36.270 1	59.818 1
2	1	36.616 1	59.694 1
2	1	36.678 1	59.1007 1
2	1	36.753 1	59.940 1
2	1	36.227 1	59.1952 1
2	1	36.539 1	59.1603 1
4	3	36.116 1 36.381 0.260 36.401 0.291	59.1229 1
2	1	36.792 1	59.1771 1
2	1	36.475 1	59.1060 1
2	1	36.642 1	59.804 1
2	1	36.810 1	59.1279 1
2	1	36.833 1	59.978 1
2	1	36.316 1	59.1753 1
2	1	36.457 1	59.341 1
2	1	36.862 1	59.320 1
2	1	36.618 1	59.767 1
2	1	36.756 1	59.977 1
2	1	36.210 1	59.616 1
2	1	36.315 1	59.1754 1
2	1	36.696 1	59.2195 1
2	1	36.87 1	59.905 1
2	1	36.132 1	59.1854 1
2	1	36.208 1	59.618 1
2	1	36.629 1	59.2364 1
2	1	36.736 1	59.923 1
2	1	36.266 1	59.822 1
2	1	36.133 1	59.2205 1
2	1	36.689 1	59.1112 1
2	1	36.715 1	59.2369 1
2	1	36.743 1	59.930 1
2	1	36.631 1	59.2366 1
2	1	36.124 1	59.1994 1
2	1	36.147 1	59.1661 1
2	1	36.289 1	59.2127 1
2	1	36.462 1	59.2568 1
2	1	36.553 1	59.390 1
2	1	36.477 1	59.1059 1
2	1	36.589 1	59.1819 1
2	1	36.708 1	59.954 1
2	1	36.741 1	59.928 1
2	1	36.215 1	59.2383 1
2	1	36.543 1	59.436 1
2	1	36.625 1	59.2360 1
2	1	36.583 1	59.596 1
2	1	36.815 1	59.1285 1
2	1	36.21 1	59.1297 1
2	1	36.294 1	59.1851 1
2	1	36.308 1	59.2025 1
2	1	36.552 1	59.389 1
2	1	36.750 1	59.937 1
2	1	36.911 1	59.2425 1
2	1	36.864 1	59.1509 1
2	1	36.690 1	59.1113 1
2	1	36.25 1	59.945 1
2	1	36.22 1	59.1296 1
2	1	36.272 1	59.814 1
2	1	36.645 1	59.807 1
2	1	36.314 1	59.1755 1
3	2	36.359 0.596 36.874 1	59.1973 1
2	1	36.10 1	59.11 1
2	1	36.191 1	59.754 1
2	1	36.51 1	59.1207 1
2	1	36.560 1	59.1740 1
2	1	36.561 1	59.1741 1
2	1	36.97 1	59.757 1
2	1	36.320 1	59.641 1
2	1	36.548 1	59.1598 1
2	1	36.464 1	59.171 1
2	1	36.591 1	59.1821 1
2	1	36.602 1	59.1830 1
2	1	36.630 1	59.2365 1
2	1	36.830 1	59.811 1
3	2	36.486 1	59.183 0.060 59.188 1
2	1	36.652 1	59.1998 1
2	1	36.739 1	59.926 1
3	2	36.345 1	59.1201 1 59.1200 0.903
2	1	36.621 1	59.956 1
2	1	36.709 1	59.1743 1
2	1	36.23 1	59.1295 1
2	1	36.20 1	59.1298 1
2	1	36.638 1	59.1118 1
2	1	36.70 1	59.1199 1
4	3	36.199 1 36.875 0.246 36.916 0.193	59.607 1
2	1	36.567 1	59.1750 1
2	1	36.730 1	59.918 1
2	1	36.913 1	59.2423 1
2	1	36.131 1	59.1855 1
2	1	36.265 1	59.942 1
2	1	36.818 1	59.982 1
2	1	36.189 1	59.2035 1
2	1	36.69 1	59.1039 1
2	1	36.256 1	59.1947 1
3	2	36.43 1	59.1817 0.210 59.1913 1
2	1	36.279 1	59.564 1
2	1	36.470 1	59.1938 1
2	1	36.478 1	59.1058 1
2	1	36.91 1	59.909 1
3	2	36.155 1 36.156 0.241	59.1615 1
3	2	36.597 1 36.614 0.060	59.1919 1
2	1	36.93 1	59.907 1
2	1	36.670 1	59.2011 1
2	1	36.221 1	59.1601 1
2	1	36.255 1	59.1948 1
2	1	36.310 1	59.1685 1
2	1	36.502 1	59.293 1
2	1	36.476 1	59.1057 1
2	1	36.259 1	59.168 1
2	1	36.603 1	59.1831 1
2	1	36.807 1	59.1274 1
2	1	36.126 1	59.1920 1
2	1	36.481 1	59.1961 1
2	1	36.572 1	59.2016 1
2	1	36.297 1	59.1848 1
2	1	36.623 1	59.2358 1
2	1	36.679 1	59.1008 1
2	1	36.559 1	59.1693 1
2	1	36.181 1	59.2026 1
3	2	36.260 1	59.1286 1 59.2032 0.201
2	1	36.570 1	59.2014 1
2	1	36.83 1	59.2158 1
2	1	36.806 1	59.1273 1
2	1	36.917 1	59.911 1
2	1	36.932 1	59.2447 1
2	1	36.257 1	59.1946 1
2	1	36.808 1	59.1277 1
2	1	36.754 1	59.1984 1
2	1	36.50 1	59.1208 1
2	1	36.651 1	59.1997 1
2	1	36.693 1	59.2190 1
2	1	36.782 1	59.2124 1
2	1	36.793 1	59.1772 1
2	1	36.809 1	59.1278 1
2	1	36.230 1	59.1555 1
2	1	36.585 1	59.1815 1
2	1	36.697 1	59.2196 1
2	1	36.209 1	59.617 1
3	2	36.239 1	59.186 1 59.189 1
2	1	36.622 1	59.1051 1
2	1	36.780 1	59.1489 1
2	1	36.250 1	59.766 1
2	1	36.593 1	59.1823 1
2	1	36.640 1	59.1120 1
2	1	36.249 1	59.1943 1
4	4	36.458 0.201 36.459 1	59.1844 0.345 59.1971 1
2	1	36.465 1	59.173 1
2	1	36.579 1	59.1588 1
2	1	36.6 1	59.6 1
2	1	36.650 1	59.1996 1
2	1	36.665 1	59.392 1
2	1	36.49 1	59.1209 1
2	1	36.484 1	59.1056 1
2	1	36.34 1	59.994 1
2	1	36.337 1	59.1667 1
2	1	36.604 1	59.1832 1
2	1	36.933 1	59.2448 1
2	1	36.108 1	59.2229 1
3	2	36.411 1	59.110 0.468 59.1124 1
2	1	36.493 1	59.1654 1
2	1	36.55 1	59.1202 1
2	1	36.566 1	59.1959 1
3	2	36.399 1	59.1833 0.093 59.2006 1
3	2	36.801 1 36.890 0.115	59.1218 1
2	1	36.520 1	59.416 1
2	1	36.8 1	59.9 1
6	5	36.918 1	59.1088 0.284 59.2270 1 59.2300 1 59.2336 1 59.859 1
2	1	36.580 1	59.1767 1
2	1	36.236 1	59.580 1
2	1	36.248 1	59.565 1
2	1	36.258 1	59.1945 1
2	1	36.569 1	59.2013 1
2	1	36.598 1	59.1826 1
2	1	36.251 1	59.765 1
2	1	36.226 1	59.1054 1
2	1	36.325 1	59.636 1
2	1	36.554 1	59.391 1
2	1	36.700 1	59.1937 1
2	1	36.490 1	59.1613 1
2	1	36.528 1	59.1663 1
2	1	36.853 1	59.1261 1
2	1	36.268 1	59.820 1
2	1	36.299 1	59.1481 1
2	1	36.895 0.689	59.438 0.689
