Size	Relations	OrthoA	OrthoB
2	1	36.41 1	60.47 1
2	1	36.42 1	60.48 1
2	1	36.573 1	60.594 1
2	1	36.456 1	60.458 1
2	1	36.470 1	60.478 1
2	1	36.61 1	60.69 1
2	1	36.610 1	60.631 1
2	1	36.851 1	60.302 1
2	1	36.59 1	60.67 1
2	1	36.123 1	60.151 1
2	1	36.58 1	60.65 1
2	1	36.430 1	60.950 1
2	1	36.608 1	60.629 1
2	1	36.842 1	60.311 1
2	1	36.472 1	60.480 1
2	1	36.592 1	60.613 1
2	1	36.177 1	60.265 1
2	1	36.773 1	60.809 1
2	1	36.82 1	60.92 1
2	1	36.338 1	60.448 1
2	1	36.531 1	60.546 1
2	1	36.24 1	60.24 1
2	1	36.646 1	60.666 1
2	1	36.305 1	60.418 1
2	1	36.204 1	60.328 1
2	1	36.175 1	60.263 1
2	1	36.340 1	60.450 1
2	1	36.843 1	60.310 1
2	1	36.609 1	60.630 1
2	1	36.710 1	60.377 1
2	1	36.717 1	60.370 1
2	1	36.682 1	60.706 1
2	1	36.4 1	60.4 1
2	1	36.164 1	60.294 1
2	1	36.473 1	60.481 1
2	1	36.848 1	60.305 1
2	1	36.605 1	60.626 1
2	1	36.668 1	60.691 1
2	1	36.287 1	60.400 1
2	1	36.701 1	60.725 1
2	1	36.355 1	60.1039 1
2	1	36.533 1	60.548 1
2	1	36.681 1	60.705 1
2	1	36.361 1	60.253 1
2	1	36.60 1	60.68 1
2	1	36.3 1	60.3 1
2	1	36.144 1	60.173 1
2	1	36.138 1	60.167 1
2	1	36.887 1	60.855 1
2	1	36.612 1	60.633 1
2	1	36.568 1	60.589 1
2	1	36.850 1	60.303 1
2	1	36.71 1	60.78 1
2	1	36.154 1	60.186 1
2	1	36.663 1	60.686 1
2	1	36.805 1	60.246 1
2	1	36.872 1	60.1072 1
2	1	36.503 1	60.511 1
2	1	36.276 1	60.389 1
2	1	36.775 1	60.811 1
2	1	36.841 1	60.312 1
2	1	36.157 1	60.206 1
2	1	36.206 1	60.330 1
2	1	36.165 1	60.295 1
2	1	36.790 1	60.826 1
2	1	36.92 1	60.102 1
2	1	36.460 1	60.462 1
2	1	36.542 1	60.561 1
2	1	36.644 1	60.664 1
2	1	36.290 1	60.403 1
2	1	36.94 1	60.104 1
2	1	36.781 1	60.817 1
2	1	36.776 1	60.812 1
2	1	36.273 1	60.386 1
2	1	36.879 1	60.850 1
2	1	36.529 1	60.544 1
2	1	36.629 1	60.649 1
2	1	36.828 1	60.224 1
2	1	36.13 1	60.13 1
2	1	36.52 1	60.59 1
2	1	36.382 1	60.301 1
2	1	36.649 1	60.669 1
2	1	36.99 1	60.110 1
2	1	36.197 1	60.320 1
2	1	36.102 1	60.284 1
2	1	36.80 1	60.87 1
2	1	36.714 1	60.373 1
2	1	36.107 1	60.117 1
2	1	36.537 1	60.552 1
2	1	36.168 1	60.207 1
2	1	36.153 1	60.185 1
2	1	36.152 1	60.181 1
2	1	36.711 1	60.376 1
2	1	36.127 1	60.156 1
2	1	36.150 1	60.179 1
2	1	36.836 1	60.216 1
2	1	36.79 1	60.86 1
2	1	36.18 1	60.18 1
2	1	36.817 1	60.234 1
2	1	36.847 1	60.306 1
2	1	36.295 1	60.408 1
2	1	36.624 1	60.644 1
2	1	36.857 1	60.268 1
2	1	36.231 1	60.770 1
2	1	36.451 1	60.453 1
2	1	36.225 1	60.776 1
2	1	36.232 1	60.769 1
2	1	36.664 1	60.687 1
2	1	36.733 1	60.353 1
2	1	36.116 1	60.140 1
2	1	36.112 1	60.130 1
2	1	36.330 1	60.441 1
2	1	36.145 1	60.174 1
2	1	36.856 1	60.269 1
2	1	36.777 1	60.813 1
2	1	36.685 1	60.709 1
3	2	36.444 1	60.536 0.920 60.538 1
2	1	36.758 1	60.794 1
2	1	36.336 1	60.446 1
2	1	36.844 1	60.309 1
2	1	36.515 1	60.520 1
2	1	36.449 1	60.869 1
2	1	36.54 1	60.61 1
2	1	36.1 1	60.1 1
2	1	36.246 1	60.752 1
2	1	36.323 1	60.434 1
2	1	36.381 1	60.300 1
2	1	36.253 1	60.745 1
2	1	36.241 1	60.757 1
2	1	36.829 1	60.223 1
2	1	36.176 1	60.264 1
2	1	36.262 1	60.735 1
2	1	36.321 1	60.432 1
2	1	36.281 1	60.394 1
2	1	36.543 1	60.563 1
2	1	36.759 1	60.795 1
2	1	36.331 1	60.442 1
2	1	36.539 1	60.555 1
2	1	36.73 1	60.80 1
2	1	36.820 1	60.231 1
2	1	36.814 1	60.237 1
2	1	36.134 1	60.164 1
2	1	36.571 1	60.592 1
2	1	36.676 1	60.700 1
2	1	36.452 1	60.454 1
2	1	36.26 1	60.26 1
2	1	36.329 1	60.440 1
2	1	36.832 1	60.220 1
2	1	36.89 1	60.99 1
2	1	36.213 1	60.784 1
2	1	36.7 1	60.7 1
2	1	36.261 1	60.736 1
2	1	36.194 1	60.280 1
2	1	36.171 1	60.259 1
2	1	36.799 1	60.840 1
3	2	36.615 1	60.636 1 60.465 0.720
2	1	36.110 1	60.120 1
2	1	36.671 1	60.696 1
2	1	36.517 1	60.522 1
2	1	36.630 1	60.650 1
2	1	36.620 1	60.640 1
2	1	36.827 1	60.225 1
2	1	36.522 1	60.527 1
2	1	36.118 1	60.142 1
2	1	36.779 1	60.815 1
2	1	36.599 1	60.620 1
2	1	36.109 1	60.119 1
2	1	36.45 1	60.52 1
2	1	36.581 1	60.602 1
2	1	36.322 1	60.433 1
2	1	36.846 1	60.307 1
2	1	36.705 1	60.729 1
2	1	36.858 1	60.267 1
2	1	36.900 1	60.1138 1
2	1	36.263 1	60.734 1
2	1	36.121 1	60.149 1
2	1	36.243 1	60.755 1
2	1	36.278 1	60.391 1
2	1	36.798 1	60.839 1
2	1	36.333 1	60.444 1
2	1	36.811 1	60.240 1
2	1	36.304 1	60.417 1
2	1	36.156 1	60.188 1
2	1	36.195 1	60.318 1
2	1	36.636 1	60.656 1
2	1	36.831 1	60.221 1
2	1	36.106 1	60.116 1
2	1	36.100 1	60.111 1
2	1	36.760 1	60.796 1
2	1	36.822 1	60.229 1
2	1	36.506 1	60.514 1
2	1	36.688 1	60.712 1
2	1	36.606 1	60.627 1
2	1	36.898 1	60.1140 1
2	1	36.516 1	60.521 1
2	1	36.899 1	60.1139 1
2	1	36.874 1	60.861 1
2	1	36.910 1	60.1124 1
2	1	36.929 1	60.1144 1
2	1	36.229 1	60.772 1
2	1	36.151 1	60.180 1
2	1	36.306 1	60.419 1
2	1	36.5 1	60.5 1
2	1	36.475 1	60.483 1
2	1	36.574 1	60.595 1
2	1	36.659 1	60.680 1
2	1	36.684 1	60.708 1
2	1	36.657 1	60.677 1
2	1	36.909 1	60.1125 1
2	1	36.723 1	60.363 1
2	1	36.244 1	60.754 1
2	1	36.74 1	60.81 1
2	1	36.66 1	60.73 1
2	1	36.300 1	60.413 1
2	1	36.677 1	60.701 1
2	1	36.895 1	60.1141 1
2	1	36.931 1	60.1146 1
2	1	36.885 1	60.853 1
2	1	36.634 1	60.654 1
2	1	36.834 1	60.218 1
3	2	36.375 1	60.1047 1 60.873 0.248
2	1	36.600 1	60.621 1
2	1	36.596 1	60.617 1
2	1	36.489 1	60.497 1
2	1	36.578 1	60.599 1
2	1	36.155 1	60.187 1
2	1	36.528 1	60.543 1
2	1	36.486 1	60.494 1
2	1	36.691 1	60.715 1
2	1	36.31 1	60.31 1
2	1	36.450 1	60.452 1
2	1	36.293 1	60.406 1
2	1	36.619 1	60.883 1
2	1	36.166 1	60.296 1
2	1	36.816 1	60.235 1
2	1	36.778 1	60.814 1
2	1	36.357 1	60.1037 1
2	1	36.527 1	60.533 1
2	1	36.65 1	60.72 1
2	1	36.149 1	60.178 1
2	1	36.288 1	60.401 1
2	1	36.245 1	60.753 1
2	1	36.469 1	60.477 1
2	1	36.201 1	60.325 1
2	1	36.523 1	60.528 1
2	1	36.2 1	60.2 1
2	1	36.492 1	60.500 1
4	3	36.669 1	60.692 1 60.467 0.700 60.1110 0.692
2	1	36.83 1	60.93 1
2	1	36.749 1	60.337 1
2	1	36.637 1	60.657 1
3	2	36.927 1 36.926 0.900	60.529 1
2	1	36.786 1	60.822 1
2	1	36.407 1	60.980 1
2	1	36.648 1	60.668 1
2	1	36.17 1	60.17 1
2	1	36.655 1	60.675 1
2	1	36.259 1	60.738 1
2	1	36.291 1	60.404 1
2	1	36.491 1	60.499 1
2	1	36.586 1	60.607 1
2	1	36.78 1	60.85 1
2	1	36.463 1	60.472 1
2	1	36.64 1	60.71 1
2	1	36.692 1	60.716 1
2	1	36.485 1	60.493 1
2	1	36.862 1	60.1069 1
2	1	36.641 1	60.661 1
2	1	36.626 1	60.646 1
2	1	36.726 1	60.360 1
2	1	36.564 1	60.585 1
2	1	36.549 1	60.569 1
2	1	36.15 1	60.15 1
2	1	36.704 1	60.728 1
2	1	36.378 1	60.890 1
2	1	36.90 1	60.100 1
2	1	36.722 1	60.364 1
2	1	36.632 1	60.652 1
2	1	36.254 1	60.744 1
2	1	36.643 1	60.663 1
2	1	36.218 1	60.783 1
2	1	36.286 1	60.399 1
2	1	36.721 1	60.365 1
2	1	36.807 1	60.244 1
2	1	36.122 1	60.150 1
2	1	36.135 1	60.165 1
2	1	36.406 1	60.981 1
2	1	36.128 1	60.158 1
2	1	36.77 1	60.84 1
2	1	36.889 1	60.857 1
2	1	36.809 1	60.242 1
2	1	36.87 1	60.97 1
2	1	36.219 1	60.782 1
2	1	36.226 1	60.775 1
2	1	36.508 1	60.516 1
2	1	36.67 1	60.74 1
2	1	36.819 1	60.232 1
2	1	36.468 1	60.476 1
2	1	36.597 1	60.618 1
2	1	36.855 1	60.270 1
2	1	36.19 1	60.19 1
2	1	36.589 1	60.610 1
2	1	36.645 1	60.665 1
2	1	36.88 1	60.98 1
2	1	36.81 1	60.88 1
2	1	36.518 1	60.523 1
2	1	36.716 1	60.371 1
2	1	36.285 1	60.398 1
2	1	36.505 1	60.513 1
2	1	36.483 1	60.491 1
2	1	36.825 1	60.227 1
2	1	36.426 1	60.939 1
2	1	36.514 1	60.519 1
2	1	36.271 1	60.385 1
2	1	36.590 1	60.611 1
2	1	36.840 1	60.313 1
2	1	36.319 1	60.430 1
2	1	36.242 1	60.756 1
2	1	36.312 1	60.423 1
2	1	36.48 1	60.55 1
2	1	36.525 1	60.531 1
2	1	36.584 1	60.605 1
2	1	36.595 1	60.616 1
2	1	36.861 1	60.1068 1
2	1	36.56 1	60.63 1
2	1	36.562 1	60.581 1
2	1	36.86 1	60.96 1
2	1	36.860 1	60.1067 1
2	1	36.656 1	60.676 1
2	1	36.706 1	60.730 1
2	1	36.582 1	60.603 1
2	1	36.660 1	60.681 1
3	2	36.495 1	60.503 1 60.469 0.635
2	1	36.130 1	60.160 1
2	1	36.62 1	60.70 1
2	1	36.614 1	60.635 1
2	1	36.125 1	60.154 1
2	1	36.439 1	60.916 1
2	1	36.695 1	60.719 1
2	1	36.178 1	60.271 1
2	1	36.345 1	60.1056 1
2	1	36.353 1	60.1044 1
2	1	36.576 1	60.597 1
2	1	36.521 1	60.526 1
2	1	36.532 1	60.547 1
2	1	36.824 1	60.228 1
2	1	36.14 1	60.14 1
2	1	36.188 1	60.275 1
2	1	36.654 1	60.674 1
2	1	36.680 1	60.704 1
2	1	36.142 1	60.171 1
2	1	36.633 1	60.653 1
2	1	36.482 1	60.490 1
2	1	36.672 1	60.697 1
2	1	36.101 1	60.282 1
2	1	36.601 1	60.622 1
2	1	36.114 1	60.132 1
2	1	36.236 1	60.765 1
2	1	36.344 1	60.451 1
2	1	36.837 1	60.214 1
2	1	36.628 1	60.648 1
2	1	36.880 1	60.851 1
2	1	36.30 1	60.30 1
2	1	36.575 1	60.596 1
2	1	36.700 1	60.724 1
2	1	36.38 1	60.38 1
2	1	36.679 1	60.703 1
2	1	36.746 1	60.340 1
2	1	36.233 1	60.768 1
2	1	36.617 1	60.638 1
2	1	36.222 1	60.779 1
2	1	36.53 1	60.60 1
2	1	36.731 1	60.355 1
2	1	36.438 1	60.917 1
2	1	36.752 1	60.334 1
2	1	36.561 1	60.580 1
2	1	36.190 1	60.277 1
2	1	36.40 1	60.583 1
2	1	36.296 1	60.409 1
2	1	36.639 1	60.659 1
2	1	36.707 1	60.731 1
2	1	36.39 1	60.584 1
2	1	36.143 1	60.172 1
2	1	36.694 1	60.718 1
2	1	36.85 1	60.95 1
2	1	36.878 1	60.849 1
2	1	36.297 1	60.410 1
2	1	36.126 1	60.155 1
2	1	36.237 1	60.764 1
2	1	36.501 1	60.509 1
2	1	36.238 1	60.763 1
2	1	36.318 1	60.429 1
2	1	36.98 1	60.109 1
2	1	36.111 1	60.129 1
2	1	36.754 1	60.790 1
2	1	36.249 1	60.749 1
2	1	36.205 1	60.329 1
2	1	36.642 1	60.662 1
2	1	36.665 1	60.688 1
3	2	36.392 1	60.975 1 60.978 0.345
2	1	36.234 1	60.767 1
2	1	36.487 1	60.495 1
2	1	36.813 1	60.238 1
2	1	36.326 1	60.437 1
2	1	36.912 1	60.1122 1
2	1	36.428 1	60.934 1
2	1	36.217 1	60.44 1
4	3	36.376 1	60.1046 0.566 60.1050 1 60.872 0.525
5	4	36.429 1	60.1006 0.239 60.875 1 60.965 0.249 60.988 0.252
3	2	36.212 1	60.785 1 60.1120 0.747
2	1	36.763 1	60.799 1
2	1	36.179 1	60.272 1
2	1	36.358 1	60.1032 1
2	1	36.686 1	60.710 1
2	1	36.884 1	60.852 1
2	1	36.647 1	60.667 1
3	2	36.670 1	60.693 1 60.1043 0.815
2	1	36.379 1	60.891 1
2	1	36.113 1	60.131 1
2	1	36.46 1	60.53 1
2	1	36.613 1	60.634 1
2	1	36.9 1	60.9 1
2	1	36.227 1	60.774 1
2	1	36.302 1	60.415 1
2	1	36.43 1	60.50 1
2	1	36.547 1	60.567 1
2	1	36.555 1	60.575 1
2	1	36.751 1	60.335 1
2	1	36.32 1	60.32 1
2	1	36.498 1	60.506 1
2	1	36.735 1	60.351 1
2	1	36.673 1	60.698 1
2	1	36.678 1	60.702 1
2	1	36.211 1	60.786 1
4	3	36.341 1	60.1059 1 60.1061 0.116 60.121 0.090
2	1	36.839 1	60.40 1
2	1	36.35 1	60.35 1
2	1	36.740 1	60.346 1
2	1	36.124 1	60.153 1
2	1	36.535 1	60.550 1
2	1	36.715 1	60.372 1
2	1	36.391 1	60.1025 1
2	1	36.756 1	60.792 1
2	1	36.11 1	60.11 1
2	1	36.269 1	60.383 1
2	1	36.282 1	60.395 1
2	1	36.454 1	60.456 1
2	1	36.507 1	60.515 1
2	1	36.247 1	60.751 1
2	1	36.380 1	60.299 1
3	2	36.342 1	60.1133 0.917 60.1135 1
2	1	36.546 1	60.566 1
2	1	36.141 1	60.170 1
2	1	36.594 1	60.615 1
2	1	36.298 1	60.411 1
2	1	36.653 1	60.673 1
2	1	36.172 1	60.260 1
2	1	36.928 1	60.1143 1
2	1	36.221 1	60.780 1
2	1	36.559 1	60.578 1
2	1	36.674 1	60.699 1
2	1	36.457 1	60.459 1
2	1	36.471 1	60.479 1
2	1	36.324 1	60.435 1
2	1	36.635 1	60.655 1
2	1	36.216 1	60.43 1
2	1	36.577 1	60.598 1
2	1	36.737 1	60.349 1
2	1	36.202 1	60.326 1
2	1	36.524 1	60.530 1
2	1	36.662 1	60.683 1
2	1	36.565 1	60.586 1
2	1	36.699 1	60.723 1
2	1	36.148 1	60.177 1
2	1	36.553 1	60.573 1
2	1	36.193 1	60.279 1
2	1	36.97 1	60.108 1
2	1	36.500 1	60.508 1
2	1	36.611 1	60.632 1
2	1	36.461 1	60.463 1
2	1	36.477 1	60.485 1
2	1	36.478 1	60.486 1
2	1	36.661 1	60.682 1
2	1	36.666 1	60.689 1
2	1	36.812 1	60.239 1
2	1	36.876 1	60.848 1
2	1	36.448 1	60.884 1
2	1	36.12 1	60.12 1
2	1	36.311 1	60.422 1
2	1	36.550 1	60.570 1
2	1	36.826 1	60.226 1
2	1	36.566 1	60.587 1
2	1	36.75 1	60.82 1
2	1	36.794 1	60.830 1
2	1	36.96 1	60.107 1
2	1	36.458 1	60.460 1
2	1	36.764 1	60.800 1
2	1	36.137 1	60.166 1
2	1	36.174 1	60.262 1
2	1	36.464 1	60.473 1
2	1	36.770 1	60.805 1
2	1	36.374 1	60.1052 1
17	72	36.348 0.107 36.349 0.099 36.350 0.095 36.556 0.899 36.557 1 36.558 0.568 36.859 0.163 36.915 0.065	60.1045 0.241 60.1076 1 60.1077 0.729 60.1078 0.719 60.1092 0.256 60.1093 0.238 60.1094 0.247 60.1097 0.172 60.147 0.368
2	1	36.580 1	60.601 1
2	1	36.720 1	60.366 1
2	1	36.251 1	60.747 1
2	1	36.29 1	60.29 1
2	1	36.230 1	60.771 1
2	1	36.627 1	60.647 1
2	1	36.462 1	60.464 1
2	1	36.481 1	60.489 1
2	1	36.905 1	60.539 1
2	1	36.918 1	60.1098 1
2	1	36.235 1	60.766 1
2	1	36.51 1	60.58 1
2	1	36.769 1	60.804 1
2	1	36.810 1	60.241 1
2	1	36.184 1	60.1126 1
2	1	36.496 1	60.504 1
2	1	36.696 1	60.720 1
2	1	36.719 1	60.367 1
2	1	36.223 1	60.778 1
2	1	36.252 1	60.746 1
2	1	36.687 1	60.711 1
2	1	36.903 1	60.542 1
2	1	36.239 1	60.762 1
2	1	36.455 1	60.457 1
2	1	36.795 1	60.832 1
2	1	36.214 1	60.41 1
2	1	36.833 1	60.219 1
2	1	36.745 1	60.341 1
2	1	36.133 1	60.163 1
2	1	36.95 1	60.106 1
2	1	36.732 1	60.354 1
2	1	36.289 1	60.402 1
2	1	36.50 1	60.57 1
2	1	36.317 1	60.428 1
2	1	36.459 1	60.461 1
2	1	36.173 1	60.261 1
2	1	36.328 1	60.439 1
2	1	36.27 1	60.27 1
2	1	36.638 1	60.658 1
3	2	36.838 1 36.852 0.703	60.213 1
2	1	36.351 1	60.1013 1
2	1	36.352 1	60.1014 1
2	1	36.757 1	60.793 1
2	1	36.8 1	60.8 1
2	1	36.327 1	60.438 1
2	1	36.303 1	60.416 1
2	1	36.787 1	60.823 1
2	1	36.339 1	60.449 1
2	1	36.591 1	60.612 1
2	1	36.248 1	60.750 1
2	1	36.169 1	60.208 1
2	1	36.689 1	60.713 1
2	1	36.849 1	60.304 1
2	1	36.37 1	60.37 1
2	1	36.652 1	60.672 1
2	1	36.830 1	60.222 1
2	1	36.10 1	60.10 1
2	1	36.320 1	60.431 1
2	1	36.602 1	60.623 1
2	1	36.607 1	60.628 1
2	1	36.718 1	60.368 1
2	1	36.785 1	60.821 1
2	1	36.604 1	60.625 1
2	1	36.734 1	60.352 1
2	1	36.904 1	60.540 1
2	1	36.301 1	60.414 1
2	1	36.72 1	60.79 1
2	1	36.294 1	60.407 1
2	1	36.22 1	60.22 1
2	1	36.446 1	60.863 1
2	1	36.552 1	60.572 1
3	2	36.587 1 36.272 0.710	60.608 1
2	1	36.713 1	60.374 1
2	1	36.738 1	60.348 1
2	1	36.307 1	60.420 1
2	1	36.588 1	60.609 1
2	1	36.845 1	60.308 1
2	1	36.727 1	60.359 1
2	1	36.20 1	60.20 1
2	1	36.36 1	60.36 1
2	1	36.572 1	60.593 1
2	1	36.563 1	60.582 1
2	1	36.667 1	60.690 1
2	1	36.854 1	60.139 1
2	1	36.21 1	60.21 1
2	1	36.260 1	60.737 1
2	1	36.28 1	60.28 1
2	1	36.325 1	60.436 1
3	2	36.366 1 36.384 0.193	60.836 1
2	1	36.256 1	60.742 1
2	1	36.132 1	60.162 1
2	1	36.480 1	60.488 1
2	1	36.554 1	60.574 1
7	10	36.159 1 36.160 0.595 36.161 0.606 36.162 0.761 36.163 0.676	60.292 1 60.293 0.452
2	1	36.453 1	60.455 1
2	1	36.538 1	60.553 1
2	1	36.146 1	60.175 1
2	1	36.147 1	60.176 1
2	1	36.257 1	60.741 1
2	1	36.292 1	60.405 1
2	1	36.363 1	60.258 1
2	1	36.445 1	60.1137 1
2	1	36.536 1	60.551 1
2	1	36.725 1	60.361 1
3	2	36.908 1	60.1132 0.477 60.1134 1
2	1	36.91 1	60.101 1
2	1	36.509 1	60.517 1
2	1	36.513 1	60.518 1
2	1	36.742 1	60.344 1
2	1	36.913 1	60.1121 1
2	1	36.315 1	60.426 1
2	1	36.479 1	60.487 1
2	1	36.270 1	60.384 1
2	1	36.792 1	60.828 1
2	1	36.275 1	60.388 1
2	1	36.902 1	60.183 1
2	1	36.224 1	60.777 1
2	1	36.25 1	60.25 1
2	1	36.804 1	60.247 1
2	1	36.44 1	60.51 1
2	1	36.911 1	60.1123 1
2	1	36.675 1	60.191 1
2	1	36.548 1	60.568 1
2	1	36.728 1	60.358 1
2	1	36.736 1	60.350 1
2	1	36.616 1	60.637 1
2	1	36.76 1	60.83 1
2	1	36.631 1	60.651 1
2	1	36.277 1	60.390 1
2	1	36.709 1	60.733 1
2	1	36.747 1	60.339 1
2	1	36.761 1	60.797 1
2	1	36.316 1	60.427 1
2	1	36.625 1	60.645 1
2	1	36.888 1	60.856 1
2	1	36.593 1	60.614 1
2	1	36.621 1	60.641 1
2	1	36.119 1	60.143 1
2	1	36.753 1	60.333 1
2	1	36.264 1	60.378 1
2	1	36.180 1	60.273 1
2	1	36.780 1	60.816 1
2	1	36.801 1	60.841 1
2	1	36.442 1	60.695 1
2	1	36.744 1	60.342 1
2	1	36.208 1	60.789 1
2	1	36.279 1	60.392 1
2	1	36.405 1	60.984 1
2	1	36.567 1	60.588 1
2	1	36.693 1	60.717 1
2	1	36.917 1	60.115 1
2	1	36.215 1	60.42 1
2	1	36.690 1	60.714 1
2	1	36.806 1	60.245 1
2	1	36.815 1	60.236 1
2	1	36.183 1	60.1127 1
2	1	36.69 1	60.76 1
2	1	36.117 1	60.141 1
2	1	36.741 1	60.345 1
2	1	36.789 1	60.825 1
2	1	36.583 1	60.604 1
2	1	36.493 1	60.501 1
2	1	36.210 1	60.787 1
2	1	36.748 1	60.338 1
2	1	36.618 1	60.639 1
2	1	36.414 1	60.1103 1
2	1	36.6 1	60.6 1
3	2	36.182 1	60.1063 0.100 60.152 1
2	1	36.258 1	60.740 1
2	1	36.274 1	60.387 1
2	1	36.750 1	60.336 1
2	1	36.802 1	60.842 1
2	1	36.280 1	60.393 1
2	1	36.650 1	60.670 1
2	1	36.310 1	60.421 1
2	1	36.598 1	60.619 1
2	1	36.853 1	60.322 1
2	1	36.220 1	60.781 1
2	1	36.266 1	60.380 1
2	1	36.314 1	60.425 1
2	1	36.347 1	60.1117 1
2	1	36.821 1	60.230 1
2	1	36.332 1	60.443 1
2	1	36.767 1	60.802 1
2	1	36.131 1	60.161 1
2	1	36.33 1	60.33 1
2	1	36.354 1	60.1040 1
2	1	36.494 1	60.502 1
2	1	36.886 1	60.854 1
2	1	36.427 1	60.935 1
2	1	36.783 1	60.819 1
2	1	36.818 1	60.233 1
2	1	36.240 1	60.761 1
2	1	36.551 1	60.571 1
2	1	36.708 1	60.732 1
2	1	36.268 1	60.382 1
2	1	36.425 1	60.941 1
2	1	36.265 1	60.379 1
2	1	36.57 1	60.64 1
2	1	36.890 1	60.859 1
5	4	36.360 1	60.248 0.453 60.249 1 60.251 0.448 60.252 0.471
2	1	36.519 1	60.524 1
2	1	36.743 1	60.343 1
2	1	36.808 1	60.243 1
2	1	36.189 1	60.276 1
2	1	36.712 1	60.375 1
2	1	36.901 1	60.184 1
2	1	36.724 1	60.362 1
2	1	36.108 1	60.118 1
2	1	36.560 1	60.579 1
2	1	36.255 1	60.743 1
2	1	36.622 1	60.642 1
2	1	36.891 1	60.1115 1
2	1	36.93 1	60.103 1
2	1	36.181 1	60.274 1
2	1	36.782 1	60.818 1
2	1	36.200 1	60.324 1
2	1	36.299 1	60.412 1
6	9	36.393 1 36.394 0.598 36.395 0.732	60.974 1 60.976 0.471 60.977 0.263
2	1	36.49 1	60.56 1
2	1	36.23 1	60.23 1
2	1	36.408 1	60.979 1
2	1	36.474 1	60.482 1
2	1	36.70 1	60.77 1
2	1	36.730 1	60.356 1
2	1	36.534 1	60.549 1
2	1	36.84 1	60.94 1
2	1	36.34 1	60.34 1
2	1	36.484 1	60.492 1
2	1	36.774 1	60.810 1
4	3	36.199 0.085 36.875 1 36.916 0.137	60.323 1
2	1	36.337 1	60.447 1
2	1	36.55 1	60.62 1
2	1	36.569 1	60.590 1
2	1	36.932 1	60.1147 1
2	1	36.488 1	60.496 1
2	1	36.762 1	60.798 1
2	1	36.139 1	60.168 1
2	1	36.697 1	60.721 1
2	1	36.170 1	60.694 1
2	1	36.502 1	60.510 1
2	1	36.476 1	60.484 1
2	1	36.545 1	60.565 1
2	1	36.698 1	60.722 1
2	1	36.465 1	60.474 1
2	1	36.623 1	60.643 1
2	1	36.209 1	60.788 1
2	1	36.68 1	60.75 1
2	1	36.914 1	60.1030 1
2	1	36.198 1	60.321 1
2	1	36.499 1	60.507 1
2	1	36.585 1	60.606 1
2	1	36.441 1	60.834 1
2	1	36.570 1	60.591 1
2	1	36.739 1	60.347 1
2	1	36.16 1	60.16 1
2	1	36.283 1	60.396 1
2	1	36.768 1	60.803 1
2	1	36.47 1	60.54 1
2	1	36.791 1	60.827 1
2	1	36.640 1	60.660 1
2	1	36.651 1	60.671 1
2	1	36.140 1	60.169 1
2	1	36.793 1	60.829 1
2	1	36.930 1	60.1145 1
2	1	36.603 1	60.624 1
2	1	36.196 1	60.319 1
2	1	36.772 1	60.807 1
2	1	36.399 1	60.982 1
2	1	36.250 1	60.748 1
2	1	36.346 1	60.831 1
5	6	36.364 0.515 36.370 1	60.972 1 60.973 0.507 60.992 0.554
2	1	36.228 1	60.773 1
2	1	36.797 1	60.833 1
2	1	36.207 1	60.331 1
2	1	36.771 1	60.806 1
2	1	36.864 1	60.66 1
2	1	36.784 1	60.820 1
2	1	36.788 1	60.824 1
2	1	36.526 1	60.532 1
2	1	36.520 1	60.525 1
3	2	36.541 1	60.556 1 60.557 0.311
2	1	36.356 1	60.1038 1
2	1	36.683 1	60.707 1
2	1	36.203 1	60.327 1
2	1	36.466 1	60.475 1
2	1	36.579 1	60.600 1
2	1	36.835 1	60.217 1
2	1	36.367 1	60.837 1
2	1	36.906 1	60.541 1
2	1	36.803 1	60.843 1
2	1	36.873 1	60.1118 1
2	1	36.129 1	60.159 1
2	1	36.933 1	60.1148 1
2	1	36.192 1	60.278 1
2	1	36.335 1	60.445 1
2	1	36.504 1	60.512 1
2	1	36.284 1	60.397 1
2	1	36.415 1	60.1104 1
2	1	36.729 1	60.357 1
2	1	36.120 1	60.148 1
2	1	36.703 1	60.727 1
2	1	36.765 1	60.801 1
2	1	36.313 1	60.424 1
2	1	36.413 1	60.1102 1
2	1	36.702 1	60.726 1
2	1	36.115 1	60.133 1
2	1	36.267 1	60.381 1
2	1	36.755 1	60.791 1
2	1	36.497 1	60.505 1
2	1	36.490 1	60.498 1
2	1	36.400 0.838	60.986 0.838
