Size	Relations	OrthoA	OrthoB
2	1	46.51 1	51.40 1
2	1	46.50 1	51.39 1
2	1	46.339 1	51.265 1
2	1	46.142 1	51.57 1
2	1	46.54 1	51.949 1
2	1	46.406 1	51.83 1
2	1	46.318 1	51.84 1
2	1	46.401 1	51.304 1
2	1	46.886 1	51.896 1
2	1	46.129 1	51.54 1
2	1	46.552 1	51.411 1
2	1	46.368 1	51.440 1
2	1	46.737 1	51.868 1
2	1	46.709 1	51.247 1
2	1	46.597 1	51.942 1
2	1	46.913 1	51.734 1
2	1	46.560 1	51.382 1
2	1	46.558 1	51.384 1
2	1	46.120 1	51.56 1
2	1	46.299 1	51.170 1
2	1	46.265 1	51.189 1
2	1	46.3 1	51.3 1
3	2	46.151 1 46.153 0.716	51.980 1
3	2	46.928 1 46.931 0.170	51.897 1
2	1	46.191 1	51.833 1
2	1	46.475 1	51.345 1
2	1	46.910 1	51.731 1
2	1	46.13 1	51.12 1
2	1	46.4 1	51.4 1
3	2	46.179 1	51.674 1 51.55 0.697
2	1	46.868 1	51.319 1
2	1	46.87 1	51.50 1
2	1	46.982 1	51.213 1
2	1	46.1029 1	51.160 1
2	1	46.85 1	51.48 1
2	1	46.826 1	51.860 1
2	1	46.571 1	51.494 1
2	1	46.599 1	51.351 1
2	1	46.968 1	51.98 1
2	1	46.169 1	51.967 1
2	1	46.296 1	51.883 1
2	1	46.693 1	51.853 1
2	1	46.543 1	51.556 1
2	1	46.451 1	51.361 1
2	1	46.861 1	51.81 1
2	1	46.19 1	51.17 1
2	1	46.589 1	51.793 1
2	1	46.839 1	51.159 1
2	1	46.964 1	51.106 1
2	1	46.224 1	51.920 1
2	1	46.55 1	51.948 1
2	1	46.138 1	51.990 1
2	1	46.993 1	51.892 1
2	1	46.342 1	51.278 1
2	1	46.511 1	51.365 1
2	1	46.177 1	51.672 1
2	1	46.344 1	51.280 1
2	1	46.866 1	51.359 1
2	1	46.1036 1	51.1000 1
4	4	46.74 1 46.68 0.894	51.291 1 51.689 0.877
2	1	46.243 1	51.82 1
2	1	46.1043 1	51.101 1
2	1	46.260 1	51.100 1
2	1	46.370 1	51.226 1
2	1	46.848 1	51.183 1
2	1	46.45 1	51.310 1
2	1	46.956 1	51.872 1
2	1	46.190 1	51.834 1
2	1	46.304 1	51.996 1
2	1	46.185 1	51.217 1
2	1	46.292 1	51.799 1
2	1	46.72 1	51.294 1
2	1	46.273 1	51.791 1
2	1	46.124 1	51.165 1
3	2	46.178 1 46.127 0.832	51.673 1
2	1	46.330 1	51.763 1
2	1	46.60 1	51.669 1
2	1	46.996 1	51.895 1
2	1	46.278 1	51.433 1
2	1	46.678 1	51.832 1
4	3	46.1037 1	51.1001 1 51.995 0.876 51.1002 0.765
2	1	46.462 1	51.239 1
2	1	46.270 1	51.758 1
2	1	46.369 1	51.754 1
2	1	46.480 1	51.815 1
2	1	46.728 1	51.473 1
4	3	46.803 1	51.112 0.050 51.511 0.076 51.755 1
2	1	46.150 1	51.981 1
2	1	46.692 1	51.844 1
2	1	46.166 1	51.970 1
2	1	46.999 1	51.646 1
2	1	46.267 1	51.191 1
2	1	46.171 1	51.983 1
2	1	46.961 1	51.109 1
2	1	46.275 1	51.430 1
2	1	46.263 1	51.115 1
2	1	46.100 1	51.200 1
2	1	46.621 1	51.744 1
2	1	46.1033 1	51.994 1
2	1	46.926 1	51.944 1
2	1	46.321 1	51.655 1
2	1	46.276 1	51.431 1
2	1	46.439 1	51.726 1
2	1	46.658 1	51.888 1
3	2	46.463 1	51.240 0.059 51.418 1
2	1	46.236 1	51.89 1
2	1	46.424 1	51.376 1
2	1	46.103 1	51.120 1
2	1	46.322 1	51.654 1
2	1	46.713 1	51.236 1
2	1	46.939 1	51.149 1
2	1	46.897 1	51.125 1
2	1	46.774 1	51.599 1
2	1	46.208 1	51.936 1
2	1	46.170 1	51.984 1
2	1	46.528 1	51.765 1
2	1	46.37 1	51.961 1
2	1	46.858 1	51.175 1
2	1	46.164 1	51.975 1
2	1	46.927 1	51.946 1
2	1	46.351 1	51.341 1
2	1	46.92 1	51.68 1
2	1	46.310 1	51.781 1
2	1	46.412 1	51.307 1
2	1	46.286 1	51.342 1
2	1	46.15 1	51.14 1
2	1	46.827 1	51.838 1
2	1	46.1024 1	51.966 1
2	1	46.180 1	51.675 1
2	1	46.105 1	51.122 1
2	1	46.5 1	51.845 1
2	1	46.510 1	51.364 1
2	1	46.959 1	51.111 1
2	1	46.534 1	51.849 1
2	1	46.962 1	51.108 1
2	1	46.694 1	51.855 1
2	1	46.18 1	51.16 1
3	2	46.365 0.276 46.971 1	51.688 1
3	2	46.1012 0.069 46.580 1	51.941 1
2	1	46.192 1	51.911 1
2	1	46.148 1	51.164 1
2	1	46.378 1	51.254 1
2	1	46.720 1	51.229 1
2	1	46.460 1	51.237 1
2	1	46.115 1	51.986 1
2	1	46.229 1	51.913 1
2	1	46.846 1	51.388 1
2	1	46.381 1	51.257 1
2	1	46.399 1	51.303 1
2	1	46.970 1	51.687 1
2	1	46.721 1	51.228 1
2	1	46.777 1	51.525 1
2	1	46.27 1	51.323 1
2	1	46.836 1	51.1004 1
2	1	46.841 1	51.154 1
2	1	46.871 1	51.316 1
2	1	46.309 1	51.737 1
2	1	46.152 1	51.29 1
2	1	46.200 1	51.24 1
2	1	46.440 1	51.386 1
2	1	46.193 1	51.910 1
2	1	46.7 1	51.6 1
2	1	46.1039 1	51.1006 1
2	1	46.411 1	51.131 1
2	1	46.268 1	51.192 1
2	1	46.239 1	51.77 1
2	1	46.329 1	51.764 1
2	1	46.340 1	51.276 1
2	1	46.700 1	51.824 1
2	1	46.906 1	51.187 1
2	1	46.293 1	51.798 1
2	1	46.1041 1	51.1008 1
2	1	46.343 1	51.279 1
2	1	46.96 1	51.195 1
2	1	46.277 1	51.432 1
2	1	46.912 1	51.733 1
2	1	46.324 1	51.63 1
2	1	46.972 1	51.36 1
2	1	46.574 1	51.260 1
2	1	46.984 1	51.211 1
2	1	46.1 1	51.1 1
2	1	46.167 1	51.969 1
3	2	46.461 1	51.238 1 51.416 0.128
2	1	46.211 1	51.933 1
3	2	46.444 1 46.242 0.797	51.74 1
2	1	46.123 1	51.62 1
2	1	46.28 1	51.324 1
2	1	46.303 1	51.174 1
2	1	46.565 1	51.288 1
2	1	46.653 1	51.331 1
2	1	46.748 1	51.104 1
2	1	46.287 1	51.343 1
2	1	46.478 1	51.487 1
2	1	46.986 1	51.209 1
2	1	46.98 1	51.197 1
2	1	46.348 1	51.283 1
2	1	46.843 1	51.152 1
2	1	46.464 1	51.241 1
2	1	46.194 1	51.909 1
2	1	46.162 1	51.977 1
2	1	46.337 1	51.263 1
2	1	46.133 1	51.885 1
2	1	46.205 1	51.939 1
2	1	46.274 1	51.429 1
3	2	46.470 0.174 46.781 1	51.169 1
2	1	46.404 1	51.86 1
2	1	46.517 1	51.478 1
2	1	46.715 1	51.234 1
2	1	46.578 1	51.483 1
2	1	46.386 1	51.806 1
2	1	46.183 1	51.1014 1
2	1	46.64 1	51.135 1
2	1	46.121 1	51.60 1
2	1	46.143 1	51.58 1
2	1	46.338 1	51.264 1
2	1	46.79 1	51.42 1
3	2	46.829 1	51.404 1 51.627 0.742
2	1	46.206 1	51.938 1
2	1	46.59 1	51.79 1
2	1	46.855 1	51.178 1
2	1	46.231 1	51.918 1
2	1	46.837 1	51.1003 1
2	1	46.660 1	51.889 1
2	1	46.845 1	51.886 1
2	1	46.17 1	51.185 1
2	1	46.575 1	51.481 1
2	1	46.918 1	51.808 1
2	1	46.699 1	51.823 1
2	1	46.222 1	51.922 1
2	1	46.1000 1	51.28 1
2	1	46.253 1	51.749 1
2	1	46.53 1	51.950 1
2	1	46.1004 1	51.70 1
2	1	46.9 1	51.8 1
2	1	46.541 1	51.377 1
2	1	46.86 1	51.49 1
2	1	46.943 1	51.144 1
2	1	46.2 1	51.2 1
2	1	46.625 1	51.335 1
2	1	46.655 1	51.399 1
2	1	46.163 1	51.976 1
2	1	46.531 1	51.871 1
2	1	46.812 1	51.390 1
2	1	46.34 1	51.775 1
2	1	46.333 1	51.820 1
2	1	46.394 1	51.1028 1
2	1	46.538 1	51.479 1
2	1	46.217 1	51.927 1
2	1	46.47 1	51.312 1
2	1	46.603 1	51.503 1
2	1	46.1025 1	51.161 1
2	1	46.212 1	51.932 1
2	1	46.743 1	51.810 1
2	1	46.620 1	51.743 1
2	1	46.857 1	51.176 1
2	1	46.131 1	51.979 1
2	1	46.52 1	51.951 1
2	1	46.272 1	51.205 1
2	1	46.707 1	51.249 1
2	1	46.909 1	51.730 1
2	1	46.811 1	51.391 1
2	1	46.669 1	51.267 1
2	1	46.466 1	51.722 1
2	1	46.1038 1	51.1005 1
2	1	46.220 1	51.924 1
2	1	46.471 1	51.378 1
2	1	46.130 1	51.64 1
3	2	46.946 1	51.141 0.330 51.142 1
2	1	46.104 1	51.121 1
2	1	46.687 1	51.712 1
2	1	46.856 1	51.177 1
4	4	46.484 0.131 46.877 1	51.413 0.188 51.786 1
2	1	46.380 1	51.256 1
2	1	46.384 1	51.811 1
2	1	46.495 1	51.549 1
2	1	46.741 1	51.724 1
2	1	46.789 1	51.643 1
3	2	46.740 1	51.723 1 51.901 0.768
2	1	46.316 1	51.508 1
2	1	46.302 1	51.173 1
2	1	46.122 1	51.61 1
2	1	46.67 1	51.869 1
2	1	46.685 1	51.741 1
2	1	46.20 1	51.18 1
2	1	46.498 1	51.497 1
2	1	46.530 1	51.151 1
4	3	46.865 1	51.358 1 51.423 0.740 51.700 0.693
2	1	46.688 1	51.713 1
2	1	46.966 1	51.99 1
2	1	46.228 1	51.914 1
2	1	46.973 1	51.35 1
2	1	46.157 1	51.33 1
2	1	46.46 1	51.311 1
2	1	46.215 1	51.929 1
2	1	46.499 1	51.496 1
2	1	46.561 1	51.491 1
2	1	46.1031 1	51.992 1
2	1	46.35 1	51.962 1
2	1	46.992 1	51.891 1
2	1	46.14 1	51.13 1
2	1	46.947 1	51.140 1
2	1	46.476 1	51.347 1
2	1	46.809 1	51.527 1
2	1	46.997 1	51.130 1
2	1	46.95 1	51.575 1
2	1	46.345 1	51.281 1
2	1	46.400 1	51.740 1
2	1	46.308 1	51.738 1
2	1	46.11 1	51.10 1
2	1	46.256 1	51.759 1
2	1	46.429 1	51.340 1
2	1	46.300 1	51.171 1
2	1	46.223 1	51.921 1
2	1	46.225 1	51.919 1
2	1	46.382 1	51.813 1
2	1	46.749 1	51.103 1
3	2	46.325 0.241 46.768 1	51.825 1
5	4	46.354 0.162 46.373 1 46.374 0.061 46.767 0.158	51.997 1
2	1	46.960 1	51.110 1
2	1	46.681 1	51.842 1
2	1	46.301 1	51.172 1
2	1	46.335 1	51.261 1
2	1	46.905 1	51.188 1
2	1	46.407 1	51.184 1
2	1	46.505 1	51.356 1
2	1	46.820 1	51.857 1
2	1	46.705 1	51.251 1
2	1	46.336 1	51.262 1
2	1	46.657 1	51.329 1
2	1	46.334 1	51.819 1
2	1	46.724 1	51.865 1
2	1	46.472 1	51.831 1
2	1	46.227 1	51.915 1
2	1	46.842 1	51.153 1
2	1	46.496 1	51.548 1
2	1	46.747 1	51.880 1
2	1	46.219 1	51.925 1
2	1	46.230 1	51.912 1
2	1	46.600 1	51.350 1
2	1	46.729 1	51.471 1
2	1	46.81 1	51.44 1
2	1	46.518 1	51.363 1
2	1	46.383 1	51.812 1
2	1	46.965 1	51.105 1
2	1	46.210 1	51.934 1
2	1	46.291 1	51.800 1
2	1	46.195 1	51.908 1
2	1	46.172 1	51.985 1
2	1	46.112 1	51.41 1
2	1	46.615 1	51.315 1
2	1	46.985 1	51.210 1
2	1	46.588 1	51.792 1
2	1	46.161 1	51.978 1
2	1	46.1001 1	51.27 1
2	1	46.815 1	51.327 1
2	1	46.93 1	51.69 1
2	1	46.259 1	51.296 1
2	1	46.679 1	51.840 1
2	1	46.998 1	51.129 1
2	1	46.317 1	51.852 1
2	1	46.33 1	51.964 1
2	1	46.146 1	51.163 1
2	1	46.441 1	51.720 1
2	1	46.1016 1	51.37 1
2	1	46.12 1	51.11 1
2	1	46.173 1	51.830 1
2	1	46.204 1	51.940 1
4	3	46.306 0.438 46.44 1 46.481 0.565	51.313 1
2	1	46.891 1	51.116 1
2	1	46.1003 1	51.72 1
2	1	46.360 1	51.827 1
2	1	46.8 1	51.7 1
2	1	46.714 1	51.235 1
3	2	46.854 1 46.493 0.772	51.179 1
2	1	46.1015 1	51.38 1
2	1	46.209 1	51.935 1
2	1	46.107 1	51.451 1
2	1	46.479 1	51.524 1
2	1	46.108 1	51.453 1
2	1	46.884 1	51.837 1
2	1	46.666 1	51.270 1
2	1	46.358 1	51.829 1
2	1	46.867 1	51.357 1
2	1	46.957 1	51.873 1
2	1	46.269 1	51.193 1
7	12	46.639 1 46.353 1 46.455 0.081	51.354 1 51.96 1 51.94 0.510 51.520 0.205
2	1	46.254 1	51.748 1
2	1	46.403 1	51.85 1
3	2	46.500 1 46.914 0.889	51.287 1
5	4	46.248 1 46.469 0.082 46.704 0.083 46.782 0.180	51.134 1
2	1	46.221 1	51.923 1
2	1	46.240 1	51.78 1
2	1	46.684 1	51.709 1
2	1	46.990 1	51.206 1
2	1	46.1032 1	51.993 1
2	1	46.250 1	51.752 1
2	1	46.379 1	51.255 1
2	1	46.428 1	51.339 1
2	1	46.341 1	51.277 1
2	1	46.214 1	51.930 1
2	1	46.838 1	51.201 1
2	1	46.941 1	51.147 1
2	1	46.940 1	51.148 1
2	1	46.683 1	51.708 1
2	1	46.154 1	51.30 1
2	1	46.742 1	51.725 1
2	1	46.189 1	51.133 1
5	4	46.101 1 46.89 0.925 46.90 0.814 46.790 0.991	51.118 1
3	2	46.78 1 46.794 0.883	51.514 1
2	1	46.314 1	51.224 1
3	2	46.659 1	51.557 1 51.987 0.057
2	1	46.810 1	51.816 1
2	1	46.288 1	51.223 1
2	1	46.346 1	51.282 1
2	1	46.38 1	51.960 1
2	1	46.654 1	51.132 1
2	1	46.853 1	51.180 1
2	1	46.22 1	51.20 1
2	1	46.165 1	51.971 1
2	1	46.677 1	51.666 1
2	1	46.315 1	51.225 1
2	1	46.847 1	51.887 1
2	1	46.911 1	51.732 1
2	1	46.983 1	51.212 1
2	1	46.994 1	51.893 1
2	1	46.199 1	51.23 1
2	1	46.398 1	51.746 1
2	1	46.56 1	51.448 1
5	4	46.583 1	51.379 0.389 51.381 0.459 51.695 1 51.769 0.926
2	1	46.83 1	51.46 1
2	1	46.234 1	51.87 1
2	1	46.207 1	51.937 1
2	1	46.30 1	51.965 1
2	1	46.216 1	51.928 1
2	1	46.144 1	51.59 1
2	1	46.601 1	51.349 1
2	1	46.745 1	51.878 1
2	1	46.890 1	51.117 1
3	2	46.497 1	51.517 0.093 51.547 1
2	1	46.951 1	51.139 1
2	1	46.806 1	51.795 1
2	1	46.21 1	51.19 1
2	1	46.218 1	51.926 1
2	1	46.23 1	51.21 1
2	1	46.651 1	51.333 1
2	1	46.258 1	51.756 1
2	1	46.706 1	51.250 1
2	1	46.99 1	51.199 1
2	1	46.447 1	51.562 1
2	1	46.661 1	51.320 1
2	1	46.596 1	51.858 1
2	1	46.184 1	51.216 1
2	1	46.295 1	51.884 1
2	1	46.24 1	51.22 1
2	1	46.564 1	51.289 1
2	1	46.320 1	51.656 1
3	2	46.1028 1 46.570 0.653	51.715 1
2	1	46.226 1	51.917 1
2	1	46.238 1	51.90 1
2	1	46.69 1	51.292 1
2	1	46.91 1	51.67 1
2	1	46.793 1	51.93 1
2	1	46.746 1	51.879 1
2	1	46.109 1	51.454 1
2	1	46.708 1	51.248 1
2	1	46.202 1	51.760 1
2	1	46.513 1	51.493 1
2	1	46.987 1	51.208 1
2	1	46.427 1	51.338 1
7	10	46.454 0.070 46.640 1	51.435 1 51.553 0.170 51.555 0.176 51.651 0.145 51.779 0.177
3	2	46.808 1 46.396 0.804	51.797 1
2	1	46.71 1	51.293 1
3	2	46.77 1	51.657 1 51.295 0.836
2	1	46.807 1	51.796 1
2	1	46.145 1	51.162 1
2	1	46.717 1	51.231 1
2	1	46.572 1	51.735 1
2	1	46.266 1	51.190 1
2	1	46.297 1	51.102 1
2	1	46.652 1	51.332 1
2	1	46.1002 1	51.53 1
2	1	46.452 1	51.362 1
2	1	46.529 1	51.766 1
2	1	46.84 1	51.47 1
3	2	46.113 0.087 46.305 1	51.817 1
2	1	46.872 1	51.266 1
2	1	46.76 1	51.298 1
2	1	46.816 1	51.476 1
2	1	46.665 1	51.271 1
2	1	46.525 1	51.375 1
2	1	46.110 1	51.452 1
2	1	46.114 1	51.215 1
2	1	46.1030 1	51.991 1
2	1	46.168 1	51.968 1
2	1	46.425 1	51.167 1
2	1	46.667 1	51.269 1
2	1	46.10 1	51.9 1
2	1	46.988 1	51.207 1
2	1	46.691 1	51.662 1
2	1	46.111 1	51.455 1
2	1	46.631 1	51.334 1
2	1	46.459 1	51.414 1
2	1	46.664 1	51.242 1
3	2	46.754 1 46.392 0.784	51.680 1
2	1	46.40 1	51.843 1
2	1	46.716 1	51.233 1
2	1	46.718 1	51.230 1
2	1	46.944 1	51.143 1
2	1	46.526 1	51.445 1
2	1	46.590 1	51.485 1
2	1	46.821 1	51.767 1
2	1	46.289 1	51.802 1
2	1	46.785 1	51.492 1
2	1	46.132 1	51.66 1
2	1	46.430 1	51.757 1
2	1	46.680 1	51.841 1
2	1	46.97 1	51.196 1
2	1	46.702 1	51.253 1
2	1	46.390 1	51.805 1
2	1	46.213 1	51.931 1
2	1	46.616 1	51.314 1
2	1	46.6 1	51.5 1
2	1	46.963 1	51.107 1
2	1	46.852 1	51.181 1
2	1	46.555 1	51.259 1
2	1	46.546 1	51.1019 1
2	1	46.235 1	51.88 1
2	1	46.359 1	51.828 1
2	1	46.805 1	51.768 1
2	1	46.1042 1	51.1010 1
2	1	46.797 1	51.513 1
2	1	46.674 1	51.258 1
2	1	46.804 1	51.804 1
2	1	46.82 1	51.45 1
2	1	46.869 1	51.318 1
2	1	46.870 1	51.317 1
2	1	46.952 1	51.138 1
2	1	46.449 1	51.113 1
2	1	46.423 1	51.400 1
2	1	46.290 1	51.801 1
2	1	46.426 1	51.337 1
2	1	46.559 1	51.383 1
2	1	46.849 1	51.182 1
2	1	46.604 1	51.504 1
2	1	46.519 1	51.477 1
2	1	46.602 1	51.348 1
2	1	46.727 1	51.814 1
2	1	46.88 1	51.51 1
2	1	46.908 1	51.835 1
2	1	46.614 1	51.783 1
2	1	46.156 1	51.32 1
5	6	46.135 0.202 46.735 0.356 46.833 1	51.648 0.634 51.649 1
2	1	46.598 1	51.387 1
2	1	46.739 1	51.325 1
3	2	46.29 0.309 46.887 1	51.890 1
2	1	46.1019 1	51.988 1
2	1	46.252 1	51.750 1
2	1	46.917 0.776	51.353 0.776
3	2	46.410 0.877 46.1034 0.735	51.803 0.766
