Size	Relations	OrthoA	OrthoB
2	1	46.50 1	49.81 1
2	1	46.51 1	49.82 1
2	1	46.339 1	49.868 1
2	1	46.774 1	49.616 1
2	1	46.451 1	49.314 1
2	1	46.142 1	49.1053 1
2	1	46.1012 1	49.1203 1
2	1	46.996 1	49.1177 1
2	1	46.406 1	49.474 1
2	1	46.793 1	49.379 1
2	1	46.401 1	49.471 1
2	1	46.928 1	49.1086 1
2	1	46.839 1	49.988 1
2	1	46.129 1	49.1059 1
2	1	46.1029 1	49.1220 1
2	1	46.597 1	49.537 1
2	1	46.368 1	49.449 1
2	1	46.54 1	49.85 1
2	1	46.709 1	49.752 1
2	1	46.886 1	49.201 1
2	1	46.318 1	49.883 1
2	1	46.265 1	49.1032 1
2	1	46.191 1	49.269 1
2	1	46.558 1	49.595 1
2	1	46.4 1	49.4 1
2	1	46.599 1	49.509 1
2	1	46.904 1	49.186 1
2	1	46.601 1	49.507 1
2	1	46.1018 1	49.1205 1
2	1	46.913 1	49.176 1
2	1	46.607 1	49.398 1
2	1	46.1020 1	49.1210 1
2	1	46.560 1	49.593 1
2	1	46.183 1	49.264 1
2	1	46.120 1	49.1066 1
2	1	46.737 1	49.783 1
2	1	46.13 1	49.13 1
2	1	46.105 1	49.153 1
2	1	46.571 1	49.585 1
2	1	46.17 1	49.32 1
2	1	46.3 1	49.3 1
2	1	46.993 1	49.1171 1
2	1	46.907 1	49.183 1
2	1	46.670 1	49.391 1
2	1	46.299 1	49.916 1
2	1	46.964 1	49.1117 1
2	1	46.475 1	49.674 1
2	1	46.671 1	49.710 1
2	1	46.868 1	49.1017 1
3	2	46.861 1	49.1014 1 49.52 0.650
2	1	46.60 1	49.91 1
2	1	46.803 1	49.1061 1
2	1	46.440 1	49.691 1
2	1	46.534 1	49.1207 1
2	1	46.267 1	49.1030 1
2	1	46.236 1	49.325 1
2	1	46.151 1	49.214 1
2	1	46.580 1	49.211 1
2	1	46.796 1	49.375 1
2	1	46.190 1	49.268 1
2	1	46.296 1	49.926 1
2	1	46.910 1	49.179 1
2	1	46.270 1	49.1027 1
2	1	46.926 1	49.168 1
2	1	46.118 1	49.1068 1
2	1	46.85 1	49.119 1
2	1	46.968 1	49.1131 1
2	1	46.92 1	49.130 1
2	1	46.722 1	49.769 1
2	1	46.692 1	49.738 1
2	1	46.1007 1	49.260 1
2	1	46.1023 1	49.1213 1
2	1	46.304 1	49.909 1
2	1	46.748 1	49.921 1
2	1	46.19 1	49.40 1
2	1	46.64 1	49.93 1
2	1	46.982 1	49.1160 1
2	1	46.470 1	49.682 1
2	1	46.45 1	49.76 1
2	1	46.720 1	49.767 1
2	1	46.87 1	49.121 1
2	1	46.169 1	49.237 1
2	1	46.511 1	49.582 1
2	1	46.68 1	49.99 1
2	1	46.826 1	49.973 1
2	1	46.224 1	49.305 1
2	1	46.693 1	49.739 1
2	1	46.273 1	49.339 1
2	1	46.260 1	49.1033 1
2	1	46.848 1	49.996 1
2	1	46.286 1	49.357 1
2	1	46.1 1	49.1 1
2	1	46.741 1	49.482 1
3	2	46.278 1	49.344 1 49.608 0.724
2	1	46.150 1	49.213 1
2	1	46.74 1	49.106 1
3	2	46.876 1 46.879 0.447	49.791 1
2	1	46.414 1	49.1142 1
2	1	46.344 1	49.861 1
2	1	46.1013 1	49.1201 1
2	1	46.7 1	49.7 1
2	1	46.342 1	49.863 1
2	1	46.575 1	49.550 1
2	1	46.842 1	49.991 1
2	1	46.33 1	49.62 1
2	1	46.46 1	49.77 1
2	1	46.166 1	49.234 1
2	1	46.343 1	49.862 1
2	1	46.866 1	49.488 1
2	1	46.292 1	49.367 1
2	1	46.1043 1	49.1240 1
2	1	46.370 1	49.451 1
2	1	46.956 1	49.1105 1
2	1	46.658 1	49.800 1
2	1	46.418 1	49.842 1
2	1	46.287 1	49.358 1
2	1	46.330 1	49.876 1
2	1	46.959 1	49.1110 1
2	1	46.200 1	49.281 1
2	1	46.431 1	49.701 1
2	1	46.781 1	49.478 1
2	1	46.138 1	49.690 1
2	1	46.124 1	49.1062 1
2	1	46.363 1	49.444 1
2	1	46.995 1	49.1176 1
2	1	46.243 1	49.332 1
2	1	46.419 1	49.841 1
2	1	46.170 1	49.253 1
3	2	46.897 1 46.263 0.580	49.132 1
2	1	46.1004 1	49.1191 1
2	1	46.961 1	49.1114 1
2	1	46.354 1	49.826 1
2	1	46.958 1	49.1107 1
2	1	46.657 1	49.799 1
2	1	46.373 1	49.455 1
2	1	46.55 1	49.86 1
2	1	46.927 1	49.167 1
2	1	46.788 1	49.569 1
2	1	46.621 1	49.493 1
3	2	46.310 1	49.899 1 49.23 0.807
2	1	46.381 1	49.461 1
2	1	46.965 1	49.1118 1
2	1	46.962 1	49.1115 1
2	1	46.399 1	49.470 1
2	1	46.185 1	49.266 1
2	1	46.1033 1	49.1224 1
2	1	46.713 1	49.756 1
2	1	46.871 1	49.1020 1
2	1	46.369 1	49.450 1
2	1	46.329 1	49.877 1
2	1	46.279 1	49.350 1
2	1	46.27 1	49.609 1
2	1	46.324 1	49.881 1
2	1	46.177 1	49.194 1
2	1	46.1037 1	49.1231 1
2	1	46.351 1	49.830 1
2	1	46.920 1	49.170 1
2	1	46.171 1	49.254 1
2	1	46.510 1	49.581 1
2	1	46.117 1	49.1069 1
2	1	46.1041 1	49.1236 1
2	1	46.1036 1	49.1230 1
2	1	46.999 1	49.1181 1
2	1	46.836 1	49.984 1
2	1	46.971 1	49.1141 1
2	1	46.275 1	49.341 1
2	1	46.100 1	49.147 1
2	1	46.44 1	49.75 1
2	1	46.179 1	49.196 1
2	1	46.410 1	49.476 1
2	1	46.122 1	49.1064 1
2	1	46.412 1	49.822 1
2	1	46.769 1	49.501 1
2	1	46.480 1	49.669 1
2	1	46.5 1	49.5 1
2	1	46.939 1	49.1091 1
2	1	46.988 1	49.1166 1
2	1	46.2 1	49.2 1
2	1	46.1039 1	49.1233 1
2	1	46.1034 1	49.1228 1
2	1	46.439 1	49.692 1
2	1	46.673 1	49.713 1
2	1	46.164 1	49.227 1
2	1	46.841 1	49.990 1
2	1	46.153 1	49.216 1
2	1	46.276 1	49.342 1
2	1	46.578 1	49.547 1
2	1	46.714 1	49.757 1
2	1	46.103 1	49.151 1
2	1	46.178 1	49.195 1
2	1	46.308 1	49.901 1
2	1	46.704 1	49.856 1
2	1	46.945 1	49.1098 1
2	1	46.987 1	49.1165 1
2	1	46.773 1	49.617 1
2	1	46.37 1	49.67 1
3	2	46.526 1	49.880 1 49.903 0.765
2	1	46.970 1	49.1140 1
2	1	46.167 1	49.235 1
2	1	46.424 1	49.817 1
2	1	46.115 1	49.1076 1
2	1	46.96 1	49.141 1
2	1	46.284 1	49.355 1
2	1	46.750 1	49.395 1
2	1	46.912 1	49.177 1
2	1	46.858 1	49.1013 1
2	1	46.476 1	49.673 1
2	1	46.277 1	49.343 1
2	1	46.338 1	49.869 1
2	1	46.194 1	49.274 1
2	1	46.669 1	49.812 1
2	1	46.148 1	49.1047 1
2	1	46.909 1	49.180 1
3	2	46.574 1	49.551 1 49.893 0.862
2	1	46.1000 1	49.1187 1
2	1	46.229 1	49.310 1
2	1	46.827 1	49.977 1
2	1	46.126 1	49.1146 1
2	1	46.305 1	49.904 1
2	1	46.984 1	49.1162 1
2	1	46.109 1	49.158 1
2	1	46.18 1	49.39 1
2	1	46.648 1	49.440 1
2	1	46.394 1	49.386 1
2	1	46.528 1	49.945 1
2	1	46.919 1	49.766 1
2	1	46.127 1	49.1145 1
2	1	46.706 1	49.749 1
2	1	46.303 1	49.910 1
2	1	46.721 1	49.768 1
2	1	46.994 1	49.1175 1
2	1	46.143 1	49.1052 1
2	1	46.378 1	49.458 1
2	1	46.15 1	49.28 1
2	1	46.43 1	49.73 1
2	1	46.208 1	49.289 1
3	2	46.1024 1	49.1214 1 49.49 0.906
2	1	46.152 1	49.215 1
2	1	46.565 1	49.533 1
2	1	46.293 1	49.368 1
3	2	46.478 1	49.671 1 49.835 0.727
2	1	46.700 1	49.743 1
2	1	46.856 1	49.1009 1
2	1	46.193 1	49.273 1
2	1	46.180 1	49.197 1
2	1	46.687 1	49.425 1
2	1	46.274 1	49.340 1
2	1	46.272 1	49.1025 1
2	1	46.47 1	49.78 1
2	1	46.943 1	49.1096 1
2	1	46.655 1	49.796 1
2	1	46.694 1	49.740 1
2	1	46.525 1	49.638 1
2	1	46.123 1	49.1063 1
2	1	46.309 1	49.900 1
2	1	46.885 1	49.202 1
2	1	46.365 1	49.446 1
2	1	46.678 1	49.719 1
2	1	46.75 1	49.107 1
2	1	46.192 1	49.272 1
2	1	46.914 1	49.175 1
2	1	46.340 1	49.865 1
2	1	46.835 1	49.951 1
2	1	46.336 1	49.871 1
2	1	46.411 1	49.824 1
2	1	46.906 1	49.184 1
2	1	46.517 1	49.621 1
2	1	46.355 1	49.825 1
2	1	46.145 1	49.1050 1
2	1	46.353 1	49.827 1
2	1	46.240 1	49.329 1
2	1	46.454 1	49.733 1
3	2	46.125 1 46.551 0.879	49.1147 1
2	1	46.688 1	49.424 1
2	1	46.723 1	49.770 1
2	1	46.121 1	49.1065 1
2	1	46.337 1	49.870 1
2	1	46.108 1	49.157 1
2	1	46.268 1	49.1029 1
2	1	46.317 1	49.884 1
2	1	46.664 1	49.807 1
2	1	46.846 1	49.1173 1
2	1	46.12 1	49.12 1
2	1	46.598 1	49.510 1
2	1	46.72 1	49.104 1
2	1	46.266 1	49.1031 1
2	1	46.162 1	49.225 1
2	1	46.837 1	49.985 1
2	1	46.380 1	49.460 1
3	2	46.113 1	49.1078 0.367 49.439 1
2	1	46.280 1	49.351 1
2	1	46.104 1	49.152 1
2	1	46.404 1	49.473 1
2	1	46.685 1	49.427 1
2	1	46.795 1	49.376 1
2	1	46.918 1	49.171 1
2	1	46.59 1	49.90 1
2	1	46.39 1	49.69 1
2	1	46.130 1	49.1058 1
2	1	46.548 1	49.1073 1
2	1	46.653 1	49.794 1
2	1	46.789 1	49.568 1
2	1	46.239 1	49.328 1
2	1	46.455 1	49.907 1
2	1	46.20 1	49.41 1
2	1	46.946 1	49.1099 1
2	1	46.38 1	49.68 1
2	1	46.348 1	49.858 1
2	1	46.95 1	49.140 1
2	1	46.163 1	49.226 1
2	1	46.1025 1	49.1217 1
2	1	46.972 1	49.1148 1
2	1	46.857 1	49.1012 1
2	1	46.986 1	49.1164 1
2	1	46.81 1	49.115 1
2	1	46.211 1	49.292 1
2	1	46.34 1	49.63 1
2	1	46.14 1	49.24 1
2	1	46.256 1	49.1039 1
2	1	46.740 1	49.483 1
2	1	46.176 1	49.258 1
2	1	46.845 1	49.993 1
2	1	46.205 1	49.286 1
2	1	46.271 1	49.1026 1
3	2	46.829 1 46.917 0.696	49.983 1
2	1	46.715 1	49.758 1
2	1	46.810 1	49.961 1
2	1	46.747 1	49.920 1
2	1	46.797 1	49.374 1
2	1	46.333 1	49.875 1
2	1	46.699 1	49.742 1
2	1	46.86 1	49.120 1
2	1	46.1038 1	49.1232 1
2	1	46.89 1	49.127 1
2	1	46.98 1	49.143 1
2	1	46.863 1	49.1015 1
8	16	46.563 1 46.442 1 46.443 0.773 46.347 0.399	49.630 1 49.776 1 49.729 0.210 49.631 0.201
2	1	46.531 1	49.948 1
2	1	46.146 1	49.1049 1
2	1	46.660 1	49.801 1
2	1	46.499 1	49.663 1
2	1	46.28 1	49.48 1
2	1	46.425 1	49.708 1
2	1	46.234 1	49.323 1
2	1	46.568 1	49.520 1
2	1	46.663 1	49.806 1
2	1	46.855 1	49.1008 1
2	1	46.241 1	49.330 1
2	1	46.538 1	49.513 1
2	1	46.297 1	49.923 1
2	1	46.561 1	49.591 1
2	1	46.248 1	49.338 1
2	1	46.804 1	49.953 1
2	1	46.724 1	49.771 1
2	1	46.749 1	49.922 1
2	1	46.557 1	49.596 1
2	1	46.352 1	49.828 1
2	1	46.905 1	49.185 1
2	1	46.491 1	49.979 1
2	1	46.947 1	49.1100 1
2	1	46.231 1	49.312 1
2	1	46.173 1	49.256 1
2	1	46.79 1	49.113 1
2	1	46.101 1	49.148 1
2	1	46.707 1	49.750 1
2	1	46.960 1	49.1111 1
2	1	46.843 1	49.992 1
2	1	46.452 1	49.315 1
2	1	46.382 1	49.462 1
2	1	46.541 1	49.601 1
2	1	46.542 1	49.431 1
2	1	46.569 1	49.952 1
2	1	46.884 1	49.203 1
2	1	46.9 1	49.9 1
2	1	46.1008 1	49.259 1
2	1	46.625 1	49.644 1
2	1	46.891 1	49.190 1
2	1	46.865 1	49.489 1
2	1	46.361 1	49.437 1
2	1	46.133 1	49.1056 1
2	1	46.677 1	49.717 1
2	1	46.498 1	49.664 1
2	1	46.802 1	49.1153 1
2	1	46.854 1	49.1007 1
2	1	46.107 1	49.156 1
2	1	46.985 1	49.1163 1
2	1	46.386 1	49.466 1
2	1	46.384 1	49.464 1
2	1	46.1031 1	49.1222 1
2	1	46.314 1	49.887 1
3	2	46.785 1	49.390 1 49.1196 0.850
2	1	46.817 1	49.969 1
2	1	46.295 1	49.927 1
2	1	46.833 1	49.316 1
2	1	46.847 1	49.994 1
2	1	46.253 1	49.1042 1
2	1	46.206 1	49.287 1
2	1	46.242 1	49.331 1
2	1	46.94 1	49.139 1
2	1	46.131 1	49.492 1
2	1	46.620 1	49.494 1
2	1	46.1006 1	49.261 1
2	1	46.35 1	49.64 1
2	1	46.11 1	49.11 1
2	1	46.225 1	49.306 1
2	1	46.1003 1	49.1190 1
2	1	46.1027 1	49.1218 1
3	2	46.385 1 46.445 0.785	49.465 1
2	1	46.42 1	49.72 1
2	1	46.78 1	49.112 1
2	1	46.154 1	49.217 1
2	1	46.269 1	49.1028 1
2	1	46.530 1	49.947 1
2	1	46.992 1	49.1170 1
2	1	46.500 1	49.662 1
2	1	46.957 1	49.1106 1
2	1	46.466 1	49.686 1
2	1	46.637 1	49.490 1
2	1	46.505 1	49.579 1
2	1	46.639 1	49.1135 1
2	1	46.198 1	49.279 1
2	1	46.345 1	49.860 1
2	1	46.76 1	49.109 1
2	1	46.820 1	49.972 1
2	1	46.1001 1	49.1188 1
2	1	46.157 1	49.220 1
2	1	46.67 1	49.98 1
2	1	46.823 1	49.1023 1
2	1	46.572 1	49.612 1
3	2	46.901 1	49.891 1 49.97 0.688
2	1	46.477 1	49.672 1
2	1	46.195 1	49.275 1
2	1	46.603 1	49.505 1
2	1	46.586 1	49.539 1
2	1	46.285 1	49.356 1
2	1	46.220 1	49.301 1
2	1	46.819 1	49.971 1
2	1	46.102 1	49.150 1
2	1	46.686 1	49.426 1
2	1	46.615 1	49.500 1
2	1	46.56 1	49.87 1
2	1	46.703 1	49.747 1
2	1	46.217 1	49.298 1
2	1	46.159 1	49.222 1
2	1	46.316 1	49.885 1
2	1	46.864 1	49.1016 1
2	1	46.456 1	49.161 1
2	1	46.300 1	49.913 1
2	1	46.811 1	49.962 1
2	1	46.807 1	49.959 1
2	1	46.471 1	49.678 1
2	1	46.652 1	49.793 1
2	1	46.812 1	49.963 1
2	1	46.515 1	49.618 1
2	1	46.161 1	49.224 1
2	1	46.998 1	49.1179 1
2	1	46.90 1	49.128 1
2	1	46.925 1	49.169 1
2	1	46.301 1	49.912 1
2	1	46.53 1	49.84 1
2	1	46.222 1	49.303 1
2	1	46.235 1	49.324 1
2	1	46.334 1	49.874 1
2	1	46.390 1	49.468 1
2	1	46.479 1	49.670 1
2	1	46.684 1	49.428 1
2	1	46.815 1	49.967 1
2	1	46.302 1	49.911 1
2	1	46.172 1	49.255 1
2	1	46.212 1	49.293 1
2	1	46.640 1	49.1136 1
2	1	46.201 1	49.282 1
2	1	46.1022 1	49.1212 1
2	1	46.991 1	49.1169 1
2	1	46.99 1	49.144 1
2	1	46.809 1	49.821 1
2	1	46.838 1	49.987 1
2	1	46.1030 1	49.1221 1
2	1	46.52 1	49.83 1
2	1	46.383 1	49.463 1
2	1	46.708 1	49.751 1
2	1	46.711 1	49.754 1
2	1	46.1016 1	49.1199 1
2	1	46.69 1	49.100 1
2	1	46.537 1	49.514 1
3	2	46.915 1	49.174 1 49.688 0.076
2	1	46.493 1	49.978 1
2	1	46.335 1	49.872 1
2	1	46.654 1	49.795 1
2	1	46.716 1	49.759 1
2	1	46.429 1	49.703 1
2	1	46.10 1	49.10 1
2	1	46.257 1	49.1038 1
2	1	46.341 1	49.864 1
2	1	46.681 1	49.724 1
2	1	46.576 1	49.549 1
2	1	46.8 1	49.8 1
2	1	46.291 1	49.366 1
2	1	46.790 1	49.388 1
2	1	46.290 1	49.365 1
2	1	46.472 1	49.677 1
2	1	46.518 1	49.622 1
2	1	46.725 1	49.772 1
2	1	46.997 1	49.1178 1
2	1	46.593 1	49.542 1
2	1	46.705 1	49.748 1
2	1	46.940 1	49.1092 1
2	1	46.966 1	49.1119 1
2	1	46.246 1	49.336 1
2	1	46.588 1	49.632 1
2	1	46.786 1	49.389 1
2	1	46.887 1	49.200 1
2	1	46.556 1	49.597 1
3	2	46.662 1	49.949 1 49.950 0.265
2	1	46.973 1	49.1149 1
3	2	46.432 1 46.784 0.076	49.700 1
2	1	46.213 1	49.294 1
2	1	46.325 1	49.879 1
2	1	46.683 1	49.429 1
2	1	46.144 1	49.1051 1
2	1	46.245 1	49.335 1
2	1	46.158 1	49.221 1
2	1	46.350 1	49.831 1
2	1	46.315 1	49.886 1
2	1	46.346 1	49.859 1
2	1	46.666 1	49.809 1
2	1	46.140 1	49.1055 1
2	1	46.228 1	49.309 1
2	1	46.427 1	49.705 1
2	1	46.564 1	49.534 1
2	1	46.147 1	49.1048 1
2	1	46.516 1	49.620 1
2	1	46.160 1	49.223 1
2	1	46.428 1	49.704 1
2	1	46.255 1	49.1040 1
2	1	46.84 1	49.118 1
2	1	46.595 1	49.540 1
2	1	46.259 1	49.1034 1
2	1	46.21 1	49.42 1
2	1	46.65 1	49.94 1
2	1	46.898 1	49.189 1
2	1	46.398 1	49.469 1
2	1	46.630 1	49.401 1
2	1	46.223 1	49.304 1
2	1	46.426 1	49.706 1
2	1	46.951 1	49.1101 1
2	1	46.911 1	49.178 1
2	1	46.40 1	49.70 1
2	1	46.219 1	49.300 1
2	1	46.674 1	49.714 1
2	1	46.806 1	49.958 1
2	1	46.230 1	49.311 1
2	1	46.215 1	49.296 1
2	1	46.372 1	49.454 1
2	1	46.814 1	49.966 1
2	1	46.189 1	49.267 1
2	1	46.93 1	49.131 1
2	1	46.944 1	49.1097 1
2	1	46.679 1	49.722 1
2	1	46.283 1	49.354 1
2	1	46.745 1	49.918 1
2	1	46.942 1	49.1095 1
2	1	46.288 1	49.359 1
2	1	46.165 1	49.228 1
2	1	46.667 1	49.810 1
3	2	46.933 1	49.1192 1 49.123 0.181
4	3	46.29 1	49.60 1 49.146 0.816 49.698 0.704
2	1	46.83 1	49.117 1
4	3	46.112 1	49.1079 1 49.56 0.870 49.57 0.882
2	1	46.227 1	49.308 1
2	1	46.281 1	49.352 1
2	1	46.519 1	49.634 1
2	1	46.698 1	49.741 1
2	1	46.379 1	49.459 1
2	1	46.247 1	49.337 1
2	1	46.631 1	49.518 1
2	1	46.591 1	49.545 1
2	1	46.174 1	49.257 1
2	1	46.199 1	49.280 1
2	1	46.210 1	49.291 1
2	1	46.254 1	49.1041 1
2	1	46.539 1	49.511 1
2	1	46.828 1	49.982 1
2	1	46.430 1	49.702 1
2	1	46.23 1	49.44 1
2	1	46.132 1	49.1057 1
2	1	46.458 1	49.149 1
2	1	46.710 1	49.753 1
2	1	46.604 1	49.504 1
2	1	46.742 1	49.481 1
2	1	46.853 1	49.1006 1
2	1	46.867 1	49.486 1
2	1	46.155 1	49.218 1
2	1	46.573 1	49.552 1
2	1	46.184 1	49.265 1
2	1	46.524 1	49.637 1
2	1	46.665 1	49.808 1
2	1	46.983 1	49.1161 1
2	1	46.990 1	49.1167 1
2	1	46.80 1	49.114 1
2	1	46.202 1	49.283 1
2	1	46.675 1	49.715 1
2	1	46.1005 1	49.262 1
2	1	46.358 1	49.433 1
2	1	46.6 1	49.6 1
2	1	46.216 1	49.297 1
2	1	46.805 1	49.957 1
2	1	46.600 1	49.508 1
3	2	46.489 1	49.980 1 49.837 0.754
2	1	46.57 1	49.88 1
2	1	46.168 1	49.236 1
2	1	46.204 1	49.285 1
2	1	46.209 1	49.290 1
2	1	46.438 1	49.693 1
4	3	46.77 1	49.110 1 49.19 0.808 49.55 0.836
2	1	46.935 1	49.1090 1
2	1	46.221 1	49.302 1
2	1	46.237 1	49.326 1
2	1	46.22 1	49.43 1
2	1	46.739 1	49.484 1
2	1	46.1002 1	49.1189 1
3	2	46.496 1	49.665 1 49.709 0.721
2	1	46.1015 1	49.1198 1
2	1	46.567 1	49.532 1
2	1	46.360 1	49.435 1
2	1	46.895 1	49.515 1
2	1	46.616 1	49.499 1
2	1	46.207 1	49.288 1
2	1	46.1032 1	49.1223 1
2	1	46.596 1	49.538 1
2	1	46.794 1	49.377 1
2	1	46.979 1	49.408 1
2	1	46.1019 1	49.1206 1
2	1	46.30 1	49.61 1
2	1	46.746 1	49.919 1
2	1	46.258 1	49.1036 1
2	1	46.617 1	49.498 1
2	1	46.941 1	49.1093 1
2	1	46.872 1	49.1021 1
2	1	46.495 1	49.212 1
2	1	46.744 1	49.917 1
2	1	46.433 1	49.694 1
2	1	46.523 1	49.636 1
2	1	46.697 1	49.447 1
2	1	46.119 1	49.1067 1
2	1	46.661 1	49.805 1
2	1	46.882 1	49.564 1
2	1	46.529 1	49.946 1
2	1	46.250 1	49.1045 1
2	1	46.522 1	49.635 1
2	1	46.590 1	49.546 1
3	2	46.900 1 46.457 0.859	49.452 1
2	1	46.908 1	49.182 1
2	1	46.494 1	49.531 1
2	1	46.743 1	49.502 1
2	1	46.82 1	49.116 1
2	1	46.718 1	49.761 1
2	1	46.403 1	49.472 1
2	1	46.1035 1	49.1229 1
2	1	46.1026 1	49.438 1
2	1	46.656 1	49.798 1
2	1	46.252 1	49.1043 1
2	1	46.71 1	49.102 1
2	1	46.816 1	49.968 1
2	1	46.981 1	49.1159 1
2	1	46.903 1	49.892 1
2	1	46.91 1	49.129 1
2	1	46.141 1	49.1054 1
2	1	46.214 1	49.295 1
2	1	46.672 1	49.711 1
2	1	46.182 1	49.263 1
2	1	46.849 1	49.997 1
2	1	46.24 1	49.45 1
2	1	46.289 1	49.364 1
2	1	46.359 1	49.434 1
2	1	46.513 1	49.590 1
2	1	46.111 1	49.1081 1
3	2	46.583 1	49.206 1 49.208 0.054
2	1	46.226 1	49.307 1
3	2	46.808 1 46.396 0.804	49.960 1
2	1	46.405 1	49.954 1
2	1	46.870 1	49.1019 1
2	1	46.963 1	49.1116 1
2	1	46.97 1	49.142 1
2	1	46.218 1	49.299 1
2	1	46.787 1	49.556 1
2	1	46.114 1	49.1077 1
2	1	46.282 1	49.353 1
2	1	46.554 1	49.599 1
2	1	46.594 1	49.541 1
2	1	46.890 1	49.191 1
2	1	46.238 1	49.327 1
2	1	46.702 1	49.746 1
2	1	46.550 1	49.578 1
2	1	46.420 1	49.840 1
2	1	46.244 1	49.334 1
2	1	46.954 1	49.1104 1
2	1	46.536 1	49.396 1
2	1	46.110 1	49.159 1
2	1	46.36 1	49.66 1
2	1	46.916 1	49.172 1
2	1	46.311 1	49.898 1
2	1	46.618 1	49.496 1
2	1	46.651 1	49.784 1
3	2	46.980 1	49.402 0.278 49.403 1
2	1	46.467 1	49.685 1
2	1	46.881 1	49.1227 1
2	1	46.156 1	49.219 1
2	1	46.602 1	49.506 1
2	1	46.88 1	49.122 1
2	1	46.592 1	49.544 1
2	1	46.717 1	49.760 1
2	1	46.447 1	49.240 1
4	3	46.415 0.190 46.416 1 46.417 0.118	49.846 1
2	1	46.106 1	49.154 1
3	2	46.63 1	49.1197 1 49.397 0.232
2	1	46.852 1	49.1005 1
2	1	46.869 1	49.1018 1
2	1	46.729 1	49.1126 1
2	1	46.818 1	49.970 1
2	1	46.149 1	49.1046 1
2	1	46.792 1	49.407 1
2	1	46.932 1	49.1089 1
2	1	46.251 1	49.1044 1
2	1	46.680 1	49.723 1
2	1	46.577 1	49.548 1
2	1	46.307 1	49.902 1
2	1	46.952 1	49.1102 1
2	1	46.128 1	49.1144 1
2	1	46.323 1	49.345 1
2	1	46.1040 1	49.1235 1
6	5	46.605 1	49.586 1 49.588 0.177 49.626 0.165 49.633 0.139 49.855 0.139
2	1	46.840 1	49.989 1
2	1	46.555 1	49.598 1
2	1	46.473 1	49.676 1
2	1	46.58 1	49.89 1
2	1	46.139 1	49.689 1
2	1	46.450 1	49.313 1
2	1	46.535 1	49.1208 1
2	1	46.70 1	49.101 1
2	1	46.506 1	49.773 1
2	1	46.423 1	49.818 1
2	1	46.1042 1	49.1237 1
2	1	46.49 1	49.80 1
2	1	46.883 1	49.204 1
2	1	46.559 1	49.594 1
2	1	46.712 1	49.755 1
2	1	46.813 1	49.965 1
2	1	46.888 1	49.198 1
2	1	46.989 1	49.79 1
2	1	46.798 1	49.373 1
2	1	46.413 1	49.1143 1
2	1	46.738 1	49.349 1
2	1	46.641 1	49.1139 1
2	1	46.899 1	49.188 1
2	1	46.203 1	49.284 1
2	1	46.41 1	49.71 1
2	1	46.691 1	49.21 1
2	1	46.701 1	49.744 1
2	1	46.349 1	49.832 1
2	1	46.377 1	49.457 1
2	1	46.449 1	49.26 1
2	1	46.371 1	49.453 1
2	1	46.953 1	49.1103 1
2	1	46.116 1	49.1075 1
3	2	46.609 1	49.1172 0.080 49.623 1
2	1	46.1017 1	49.27 1
4	3	46.642 1	49.415 1 49.416 0.183 49.420 0.081
2	1	46.61 1	49.92 1
2	1	46.676 1	49.716 1
2	1	46.16 1	49.30 1
2	1	46.31 1	49.409 1
3	2	46.646 1	49.1150 1 49.1151 0.240
2	1	46.492 1	49.838 1
2	1	46.878 1	49.790 1
