Size	Relations	OrthoA	OrthoB
2	1	46.51 1	50.149 1
2	1	46.50 1	50.147 1
2	1	46.54 1	50.324 1
2	1	46.142 1	50.1910 1
2	1	46.552 1	50.957 1
2	1	46.318 1	50.410 1
2	1	46.401 1	50.1448 1
2	1	46.597 1	50.348 1
2	1	46.129 1	50.202 1
2	1	46.709 1	50.802 1
2	1	46.368 1	50.968 1
2	1	46.910 1	50.1471 1
2	1	46.406 1	50.409 1
3	2	46.928 0.179 46.931 1	50.1782 1
2	1	46.151 1	50.48 1
2	1	46.868 1	50.1434 1
2	1	46.737 1	50.1717 1
2	1	46.826 1	50.1673 1
2	1	46.87 1	50.183 1
2	1	46.571 1	50.1013 1
2	1	46.558 1	50.1051 1
2	1	46.339 1	50.837 1
2	1	46.13 1	50.98 1
2	1	46.3 1	50.78 1
2	1	46.475 1	50.1098 1
2	1	46.19 1	50.105 1
2	1	46.825 1	50.30 1
2	1	46.138 1	50.57 1
2	1	46.446 1	50.1156 1
2	1	46.956 1	50.1720 1
2	1	46.968 1	50.1855 1
2	1	46.55 1	50.325 1
2	1	46.543 1	50.1541 1
2	1	46.1023 1	50.1833 1
2	1	46.260 1	50.441 1
2	1	46.511 1	50.1075 1
2	1	46.224 1	50.373 1
2	1	46.4 1	50.80 1
2	1	46.886 1	50.1766 1
2	1	46.273 1	50.1737 1
2	1	46.243 1	50.1865 1
6	8	46.1036 1 46.410 0.858 46.1033 0.815 46.1034 0.859	50.66 1 50.65 0.843
2	1	46.964 1	50.1825 1
2	1	46.693 1	50.1666 1
2	1	46.599 1	50.1088 1
2	1	46.191 1	50.1619 1
2	1	46.451 1	50.673 1
2	1	46.120 1	50.1912 1
2	1	46.190 1	50.1624 1
2	1	46.185 1	50.644 1
2	1	46.344 1	50.856 1
2	1	46.278 1	50.347 1
2	1	46.982 1	50.632 1
3	2	46.848 1	50.565 1 50.1185 0.895
2	1	46.265 1	50.594 1
2	1	46.589 1	50.526 1
2	1	46.621 1	50.1485 1
2	1	46.270 1	50.1515 1
2	1	46.236 1	50.1858 1
2	1	46.993 1	50.1753 1
2	1	46.424 1	50.1008 1
2	1	46.866 1	50.1083 1
2	1	46.439 1	50.1466 1
2	1	46.276 1	50.344 1
2	1	46.480 1	50.1582 1
2	1	46.321 1	50.1747 1
2	1	46.72 1	50.1130 1
3	2	46.1037 1	50.67 1 50.1552 0.737
2	1	46.275 1	50.343 1
2	1	46.150 1	50.49 1
2	1	46.528 1	50.1526 1
2	1	46.858 1	50.555 1
2	1	46.37 1	50.20 1
2	1	46.208 1	50.353 1
2	1	46.296 1	50.1732 1
2	1	46.913 1	50.1475 1
2	1	46.330 1	50.1521 1
2	1	46.671 1	50.523 1
2	1	46.827 1	50.1628 1
2	1	46.85 1	50.180 1
2	1	46.310 1	50.1605 1
2	1	46.510 1	50.1076 1
2	1	46.299 1	50.538 1
2	1	46.1043 1	50.443 1
3	2	46.1024 1	50.28 1 50.203 0.906
2	1	46.342 1	50.853 1
2	1	46.166 1	50.38 1
2	1	46.1029 1	50.508 1
2	1	46.351 1	50.1115 1
2	1	46.927 1	50.330 1
2	1	46.692 1	50.1656 1
3	2	46.74 1	50.1140 1 50.1165 0.805
4	4	46.1012 0.066 46.580 1	50.1695 1 50.665 0.211
2	1	46.18 1	50.104 1
2	1	46.192 1	50.392 1
3	2	46.694 1	50.1668 1 50.1256 0.796
2	1	46.200 1	50.114 1
2	1	46.292 1	50.1548 1
2	1	46.713 1	50.781 1
5	4	46.68 1	50.1136 1 50.1203 0.225 50.740 0.950 50.1405 0.826
2	1	46.60 1	50.4 1
2	1	46.959 1	50.1813 1
2	1	46.658 1	50.1739 1
2	1	46.381 1	50.815 1
2	1	46.824 1	50.31 1
2	1	46.229 1	50.380 1
2	1	46.901 1	50.902 1
2	1	46.534 1	50.190 1
2	1	46.115 1	50.56 1
2	1	46.764 1	50.684 1
2	1	46.412 1	50.1446 1
3	2	46.914 1 46.90 0.887	50.341 1
3	2	46.169 1	50.34 1 50.33 0.904
2	1	46.411 1	50.1890 1
2	1	46.322 1	50.170 1
2	1	46.460 1	50.784 1
2	1	46.464 1	50.792 1
2	1	46.309 1	50.1477 1
2	1	46.63 1	50.1783 1
2	1	46.239 1	50.1870 1
4	3	46.178 1 46.127 0.872 46.688 0.871	50.1641 1
2	1	46.124 1	50.519 1
2	1	46.399 1	50.1449 1
2	1	46.343 1	50.854 1
3	2	46.444 1 46.242 0.661	50.1871 1
2	1	46.871 1	50.1437 1
2	1	46.531 1	50.479 1
2	1	46.45 1	50.1877 1
2	1	46.193 1	50.394 1
2	1	46.906 1	50.590 1
2	1	46.912 1	50.1473 1
2	1	46.152 1	50.123 1
2	1	46.329 1	50.1525 1
2	1	46.841 1	50.498 1
2	1	46.59 1	50.1867 1
2	1	46.340 1	50.850 1
2	1	46.378 1	50.811 1
2	1	46.1039 1	50.71 1
2	1	46.28 1	50.1494 1
2	1	46.461 1	50.785 1
2	1	46.961 1	50.1820 1
2	1	46.984 1	50.629 1
2	1	46.167 1	50.36 1
2	1	46.27 1	50.1493 1
2	1	46.861 1	50.1892 1
2	1	46.370 1	50.649 1
2	1	46.103 1	50.1806 1
2	1	46.721 1	50.772 1
2	1	46.205 1	50.350 1
2	1	46.839 1	50.503 1
2	1	46.194 1	50.395 1
2	1	46.286 1	50.1111 1
3	2	46.268 1 46.626 0.087	50.599 1
2	1	46.962 1	50.1823 1
2	1	46.148 1	50.515 1
2	1	46.653 1	50.1424 1
2	1	46.180 1	50.1646 1
2	1	46.996 1	50.1759 1
2	1	46.1041 1	50.73 1
3	2	46.470 0.176 46.781 1	50.536 1
2	1	46.986 1	50.627 1
3	2	46.823 1	50.32 1 50.820 0.753
2	1	46.715 1	50.779 1
2	1	46.386 1	50.1566 1
2	1	46.462 1	50.788 1
2	1	46.795 1	50.1343 1
2	1	46.7 1	50.86 1
2	1	46.274 1	50.342 1
2	1	46.918 1	50.1568 1
3	2	46.267 1 46.627 0.053	50.596 1
2	1	46.338 1	50.836 1
2	1	46.1 1	50.76 1
2	1	46.348 1	50.859 1
2	1	46.678 1	50.1618 1
2	1	46.121 1	50.1905 1
2	1	46.253 1	50.1587 1
2	1	46.926 1	50.338 1
2	1	46.171 1	50.52 1
2	1	46.707 1	50.804 1
2	1	46.620 1	50.1482 1
2	1	46.541 1	50.1059 1
2	1	46.79 1	50.152 1
2	1	46.206 1	50.351 1
2	1	46.324 1	50.1901 1
2	1	46.86 1	50.182 1
2	1	46.100 1	50.611 1
2	1	46.133 1	50.1734 1
2	1	46.743 1	50.1569 1
2	1	46.164 1	50.41 1
2	1	46.143 1	50.1909 1
2	1	46.530 1	50.478 1
2	1	46.660 1	50.1740 1
2	1	46.53 1	50.323 1
2	1	46.419 1	50.586 1
2	1	46.796 1	50.1345 1
2	1	46.123 1	50.1902 1
2	1	46.222 1	50.371 1
2	1	46.105 1	50.1803 1
2	1	46.163 1	50.42 1
2	1	46.943 1	50.465 1
2	1	46.1025 1	50.509 1
2	1	46.231 1	50.375 1
2	1	46.92 1	50.1896 1
3	2	46.153 1 46.369 0.335	50.965 1
2	1	46.471 1	50.1056 1
2	1	46.970 1	50.385 1
2	1	46.811 1	50.1042 1
2	1	46.52 1	50.322 1
2	1	46.130 1	50.1900 1
2	1	46.212 1	50.358 1
2	1	46.303 1	50.543 1
2	1	46.466 1	50.1459 1
2	1	46.333 1	50.1596 1
2	1	46.272 1	50.621 1
2	1	46.720 1	50.774 1
2	1	46.812 1	50.1043 1
2	1	46.463 1	50.790 1
2	1	46.380 1	50.814 1
2	1	46.47 1	50.1872 1
2	1	46.749 1	50.1830 1
2	1	46.98 1	50.607 1
2	1	46.34 1	50.391 1
2	1	46.67 1	50.1718 1
2	1	46.939 1	50.472 1
2	1	46.5 1	50.84 1
2	1	46.578 1	50.995 1
2	1	46.856 1	50.558 1
2	1	46.1000 1	50.122 1
2	1	46.131 1	50.45 1
2	1	46.741 1	50.1462 1
2	1	46.35 1	50.21 1
2	1	46.429 1	50.1116 1
2	1	46.170 1	50.53 1
2	1	46.293 1	50.1545 1
2	1	46.337 1	50.835 1
2	1	46.20 1	50.106 1
2	1	46.46 1	50.1876 1
2	1	46.836 1	50.419 1
2	1	46.992 1	50.1752 1
2	1	46.574 1	50.831 1
2	1	46.946 1	50.1524 1
2	1	46.382 1	50.1580 1
2	1	46.966 1	50.1850 1
2	1	46.1031 1	50.61 1
2	1	46.228 1	50.379 1
2	1	46.499 1	50.1016 1
2	1	46.846 1	50.1574 1
2	1	46.335 1	50.832 1
2	1	46.215 1	50.362 1
3	2	46.325 1 46.768 0.172	50.1604 1
2	1	46.304 1	50.1634 1
2	1	46.603 1	50.1029 1
2	1	46.2 1	50.77 1
2	1	46.179 1	50.1645 1
3	2	46.445 1 46.385 0.768	50.1576 1
2	1	46.476 1	50.1096 1
2	1	46.76 1	50.214 1
2	1	46.225 1	50.374 1
2	1	46.538 1	50.990 1
2	1	46.256 1	50.1517 1
3	2	46.865 1	50.1084 1 50.191 0.753
3	2	46.17 1 46.722 0.053	50.569 1
2	1	46.277 1	50.345 1
2	1	46.565 1	50.866 1
3	2	46.491 1	50.1257 1 50.708 0.239
2	1	46.493 1	50.1158 1
2	1	46.505 1	50.1086 1
2	1	46.300 1	50.539 1
2	1	46.301 1	50.540 1
3	2	46.365 0.525 46.971 1	50.383 1
2	1	46.345 1	50.857 1
2	1	46.762 1	50.686 1
2	1	46.316 1	50.920 1
4	3	46.306 0.416 46.44 1 46.481 0.548	50.1879 1
3	2	46.478 1	50.1003 1 50.1389 0.704
2	1	46.748 1	50.1827 1
2	1	46.227 1	50.378 1
2	1	46.308 1	50.1478 1
4	3	46.112 1	50.151 1 50.213 1 50.743 0.846
2	1	46.14 1	50.99 1
2	1	46.884 1	50.1627 1
2	1	46.230 1	50.381 1
2	1	46.219 1	50.367 1
2	1	46.600 1	50.1089 1
2	1	46.334 1	50.1595 1
2	1	46.101 1	50.1809 1
2	1	46.1001 1	50.121 1
2	1	46.1022 1	50.1832 1
2	1	46.383 1	50.1579 1
2	1	46.615 1	50.1441 1
2	1	46.815 1	50.1431 1
2	1	46.657 1	50.1426 1
2	1	46.211 1	50.357 1
3	2	46.418 1	50.582 0.170 50.762 1
2	1	46.705 1	50.806 1
2	1	46.937 1	50.659 1
2	1	46.257 1	50.1516 1
2	1	46.724 1	50.1687 1
2	1	46.857 1	50.557 1
2	1	46.259 1	50.444 1
2	1	46.172 1	50.55 1
2	1	46.947 1	50.458 1
2	1	46.291 1	50.1549 1
2	1	46.802 1	50.870 1
2	1	46.905 1	50.591 1
2	1	46.96 1	50.604 1
2	1	46.177 1	50.1639 1
2	1	46.210 1	50.355 1
2	1	46.220 1	50.369 1
2	1	46.843 1	50.491 1
2	1	46.797 1	50.1347 1
2	1	46.217 1	50.365 1
2	1	46.495 1	50.925 1
2	1	46.699 1	50.1600 1
2	1	46.875 1	50.1324 1
2	1	46.93 1	50.1894 1
2	1	46.845 1	50.1572 1
2	1	46.269 1	50.600 1
2	1	46.985 1	50.628 1
2	1	46.496 1	50.926 1
2	1	46.204 1	50.349 1
2	1	46.209 1	50.354 1
2	1	46.81 1	50.176 1
2	1	46.867 1	50.1085 1
2	1	46.317 1	50.1654 1
2	1	46.855 1	50.560 1
2	1	46.287 1	50.1105 1
2	1	46.199 1	50.113 1
2	1	46.254 1	50.1586 1
2	1	46.157 1	50.129 1
3	2	46.455 1 46.639 0.091	50.1412 1
4	4	46.829 1 46.917 0.808	50.947 1 50.1926 0.781
2	1	46.863 1	50.1403 1
2	1	46.960 1	50.1815 1
2	1	46.957 1	50.1721 1
2	1	46.360 1	50.1606 1
2	1	46.384 1	50.1577 1
2	1	46.517 1	50.989 1
3	2	46.78 1	50.1377 1 50.1385 0.131
2	1	46.221 1	50.370 1
2	1	46.160 1	50.1438 1
2	1	46.479 1	50.879 1
2	1	46.379 1	50.812 1
2	1	46.703 1	50.807 1
2	1	46.38 1	50.19 1
2	1	46.689 1	50.696 1
2	1	46.404 1	50.413 1
2	1	46.745 1	50.1725 1
2	1	46.891 1	50.1811 1
2	1	46.154 1	50.125 1
2	1	46.990 1	50.622 1
2	1	46.903 1	50.897 1
2	1	46.358 1	50.1608 1
2	1	46.1015 1	50.140 1
2	1	46.853 1	50.563 1
2	1	46.250 1	50.1590 1
3	2	46.403 1	50.411 1 50.874 1
2	1	46.655 1	50.1035 1
2	1	46.740 1	50.1460 1
2	1	46.820 1	50.1669 1
2	1	46.295 1	50.1733 1
2	1	46.794 1	50.1344 1
2	1	46.941 1	50.468 1
4	3	46.922 1	50.1819 0.052 50.334 0.302 50.336 1
3	2	46.835 1	50.1155 1 50.1163 0.150
2	1	46.965 1	50.1826 1
3	2	46.777 1 46.789 0.110	50.193 1
2	1	46.714 1	50.780 1
2	1	46.104 1	50.1805 1
2	1	46.1016 1	50.139 1
2	1	46.144 1	50.1908 1
2	1	46.165 1	50.39 1
2	1	46.173 1	50.1610 1
2	1	46.234 1	50.1861 1
2	1	46.742 1	50.1464 1
2	1	46.575 1	50.1768 1
2	1	46.500 1	50.864 1
2	1	46.1002 1	50.197 1
2	1	46.161 1	50.44 1
2	1	46.214 1	50.361 1
2	1	46.837 1	50.416 1
2	1	46.1032 1	50.62 1
2	1	46.195 1	50.396 1
2	1	46.392 1	50.1318 1
2	1	46.428 1	50.1119 1
2	1	46.654 1	50.414 1
2	1	46.997 1	50.406 1
2	1	46.973 1	50.133 1
2	1	46.10 1	50.91 1
2	1	46.1038 1	50.69 1
2	1	46.107 1	50.972 1
2	1	46.12 1	50.95 1
2	1	46.302 1	50.541 1
2	1	46.665 1	50.847 1
2	1	46.988 1	50.623 1
2	1	46.983 1	50.630 1
2	1	46.994 1	50.1755 1
2	1	46.1004 1	50.1885 1
3	2	46.900 1 46.457 1	50.903 1
2	1	46.109 1	50.976 1
2	1	46.346 1	50.858 1
2	1	46.911 1	50.1472 1
2	1	46.341 1	50.851 1
2	1	46.9 1	50.90 1
2	1	46.398 1	50.1488 1
2	1	46.266 1	50.595 1
2	1	46.216 1	50.363 1
2	1	46.207 1	50.352 1
2	1	46.218 1	50.366 1
2	1	46.30 1	50.25 1
2	1	46.440 1	50.1047 1
3	2	46.583 1	50.1713 0.266 50.664 1
10	9	46.77 1	50.1202 1 50.218 0.779 50.224 0.779 50.231 0.779 50.699 0.871 50.1125 0.907 50.1135 0.853 50.1235 0.737 50.1379 0.808
2	1	46.987 1	50.624 1
2	1	46.223 1	50.372 1
2	1	46.421 1	50.260 1
2	1	46.498 1	50.1018 1
2	1	46.56 1	50.635 1
2	1	46.651 1	50.1408 1
2	1	46.666 1	50.846 1
2	1	46.972 1	50.134 1
2	1	46.23 1	50.111 1
2	1	46.226 1	50.376 1
2	1	46.1007 1	50.935 1
2	1	46.497 1	50.1100 1
2	1	46.1003 1	50.1881 1
2	1	46.472 1	50.1612 1
2	1	46.513 1	50.1012 1
2	1	46.940 1	50.469 1
2	1	46.11 1	50.93 1
2	1	46.64 1	50.425 1
2	1	46.716 1	50.778 1
2	1	46.881 1	50.1483 1
8	7	46.71 1	50.1131 1 50.691 0.876 50.1129 0.864 50.1157 0.962 50.1190 0.876 50.1338 0.962 50.1392 0.867
2	1	46.661 1	50.1433 1
2	1	46.91 1	50.1897 1
7	10	46.361 1 46.248 1 46.782 0.179 46.704 0.082 46.469 0.075	50.967 1 50.420 1
2	1	46.518 1	50.626 1
3	2	46.447 1	50.1281 1 50.1838 0.741
2	1	46.24 1	50.112 1
2	1	46.314 1	50.647 1
2	1	46.659 1	50.1927 1
2	1	46.202 1	50.1518 1
2	1	46.854 1	50.561 1
2	1	46.22 1	50.110 1
2	1	46.427 1	50.1121 1
2	1	46.601 1	50.1092 1
2	1	46.83 1	50.178 1
2	1	46.870 1	50.1436 1
2	1	46.809 1	50.1591 1
2	1	46.168 1	50.35 1
2	1	46.625 1	50.1149 1
3	2	46.548 0.079 46.771 1	50.142 1
2	1	46.747 1	50.1728 1
2	1	46.806 1	50.1542 1
2	1	46.909 1	50.1468 1
2	1	46.998 1	50.404 1
2	1	46.84 1	50.179 1
2	1	46.238 1	50.1857 1
2	1	46.492 1	50.1159 1
2	1	46.717 1	50.776 1
2	1	46.746 1	50.1726 1
2	1	46.459 1	50.783 1
2	1	46.708 1	50.803 1
2	1	46.890 1	50.1810 1
2	1	46.677 1	50.185 1
2	1	46.33 1	50.24 1
2	1	46.114 1	50.642 1
2	1	46.807 1	50.1543 1
2	1	46.877 1	50.1112 1
2	1	46.297 1	50.1831 1
2	1	46.631 1	50.1152 1
4	3	46.691 1	50.1225 1 50.1206 0.893 50.1258 0.893
3	2	46.452 1	50.1793 0.067 50.675 1
2	1	46.669 1	50.842 1
3	2	46.808 1 46.396 0.726	50.1544 1
2	1	46.99 1	50.609 1
2	1	46.652 1	50.1423 1
2	1	46.561 1	50.1006 1
2	1	46.184 1	50.643 1
2	1	46.110 1	50.973 1
2	1	46.847 1	50.1736 1
2	1	46.258 1	50.1491 1
2	1	46.189 1	50.415 1
2	1	46.8 1	50.88 1
2	1	46.336 1	50.833 1
2	1	46.430 1	50.1492 1
2	1	46.616 1	50.1442 1
2	1	46.359 1	50.1607 1
2	1	46.785 1	50.572 1
2	1	46.852 1	50.566 1
2	1	46.874 1	50.1321 1
2	1	46.908 1	50.1625 1
2	1	46.754 1	50.1363 1
3	2	46.240 0.143 46.241 1	50.1262 1
2	1	46.944 1	50.463 1
2	1	46.681 1	50.1632 1
2	1	46.706 1	50.805 1
2	1	46.838 1	50.612 1
2	1	46.951 1	50.456 1
2	1	46.525 1	50.1061 1
7	6	46.489 1	50.714 1 50.5 0.773 50.6 0.826 50.1160 0.806 50.1570 0.862 50.1703 0.733
2	1	46.40 1	50.309 1
3	2	46.804 1	50.1553 1 50.1558 0.590
2	1	46.213 1	50.359 1
2	1	46.108 1	50.975 1
2	1	46.555 1	50.828 1
2	1	46.529 1	50.1527 1
2	1	46.544 1	50.339 1
2	1	46.718 1	50.775 1
2	1	46.111 1	50.977 1
2	1	46.664 1	50.1866 1
2	1	46.793 1	50.484 1
2	1	46.6 1	50.85 1
2	1	46.952 1	50.455 1
2	1	46.702 1	50.809 1
2	1	46.637 1	50.1396 1
2	1	46.590 1	50.999 1
2	1	46.289 1	50.1551 1
2	1	46.42 1	50.310 1
2	1	46.1042 1	50.75 1
2	1	46.596 1	50.1670 1
2	1	46.674 1	50.821 1
2	1	46.82 1	50.177 1
2	1	46.145 1	50.511 1
2	1	46.288 1	50.645 1
2	1	46.97 1	50.605 1
2	1	46.425 1	50.533 1
2	1	46.842 1	50.486 1
2	1	46.679 1	50.1630 1
2	1	46.821 1	50.680 1
2	1	46.423 1	50.1033 1
3	2	46.113 0.118 46.305 1	50.1583 1
2	1	46.572 1	50.1742 1
2	1	46.816 1	50.982 1
2	1	46.21 1	50.108 1
2	1	46.568 1	50.1597 1
9	20	46.136 0.201 46.175 0.077 46.502 0.064 46.650 1 46.949 0.085	50.1177 0.059 50.1724 0.313 50.528 1 50.529 0.257
2	1	46.69 1	50.1133 1
2	1	46.454 1	50.891 1
2	1	46.849 1	50.564 1
6	9	46.135 1 46.833 1 46.735 0.237	50.1799 1 50.672 1 50.1798 0.169
2	1	46.640 1	50.1414 1
2	1	46.667 1	50.844 1
2	1	46.872 1	50.840 1
2	1	46.484 1	50.1114 1
2	1	46.602 1	50.1093 1
4	4	46.29 0.294 46.887 1	50.1751 1 50.661 0.083
2	1	46.271 1	50.620 1
2	1	46.892 1	50.1319 1
2	1	46.328 1	50.165 1
2	1	46.727 1	50.1581 1
2	1	46.832 1	50.154 1
2	1	46.132 1	50.1898 1
2	1	46.235 1	50.1859 1
2	1	46.49 1	50.58 1
2	1	46.519 1	50.985 1
2	1	46.805 1	50.1528 1
2	1	46.252 1	50.1588 1
2	1	46.390 1	50.1565 1
2	1	46.869 1	50.1435 1
2	1	46.559 1	50.1053 1
2	1	46.604 1	50.1030 1
2	1	46.684 0.848	50.1390 0.848
