Size	Relations	OrthoA	OrthoB
2	1	24.902 1	71.122 1
2	1	24.901 1	71.121 1
2	1	24.1639 1	71.523 1
2	1	24.271 1	71.284 1
2	1	24.90 1	71.125 1
2	1	24.907 1	71.1995 1
2	1	24.780 1	71.849 1
2	1	24.1684 1	71.1936 1
2	1	24.2210 1	71.272 1
2	1	24.1642 1	71.580 1
5	6	24.1879 1 24.1937 0.813	71.1019 1 71.116 0.417 71.90 0.267
2	1	24.1995 1	71.549 1
2	1	24.1622 1	71.861 1
2	1	24.1940 1	71.115 1
2	1	24.896 1	71.1419 1
2	1	24.566 1	71.1479 1
2	1	24.1845 1	71.1976 1
2	1	24.217 1	71.267 1
2	1	24.641 1	71.1268 1
2	1	24.5 1	71.4 1
2	1	24.1935 1	71.483 1
2	1	24.508 1	71.2237 1
2	1	24.1224 1	71.1378 1
2	1	24.2218 1	71.182 1
2	1	24.116 1	71.293 1
2	1	24.4 1	71.3 1
2	1	24.1829 1	71.859 1
2	1	24.621 1	71.1970 1
2	1	24.1926 1	71.1812 1
2	1	24.1848 1	71.1973 1
2	1	24.14 1	71.14 1
2	1	24.2216 1	71.184 1
2	1	24.642 1	71.1266 1
2	1	24.977 1	71.2100 1
2	1	24.599 1	71.347 1
2	1	24.528 1	71.442 1
2	1	24.1626 1	71.1872 1
2	1	24.1854 1	71.436 1
2	1	24.2067 1	71.189 1
2	1	24.2112 1	71.68 1
2	1	24.1323 1	71.2261 1
2	1	24.2195 1	71.1993 1
2	1	24.2024 1	71.1404 1
2	1	24.1177 1	71.2104 1
2	1	24.1324 1	71.422 1
2	1	24.509 1	71.279 1
2	1	24.712 1	71.771 1
2	1	24.2030 1	71.467 1
2	1	24.1353 1	71.396 1
2	1	24.91 1	71.126 1
2	1	24.2420 1	71.292 1
2	1	24.18 1	71.19 1
2	1	24.622 1	71.351 1
2	1	24.2422 1	71.316 1
2	1	24.2027 1	71.1801 1
2	1	24.29 1	71.595 1
2	1	24.889 1	71.404 1
2	1	24.2137 1	71.384 1
2	1	24.1782 1	71.526 1
2	1	24.797 1	71.514 1
32	175	24.1042 0.981 24.1071 1 24.1121 1 24.1331 0.969 24.1419 0.978 24.1439 0.978 24.1479 0.954 24.1504 0.969 24.1509 0.981 24.1555 0.942 24.1603 0.979 24.1812 0.459 24.1889 0.724 24.2046 0.459 24.223 0.973 24.2333 0.876 24.2349 0.978 24.246 0.973 24.350 0.145 24.535 0.148 24.590 0.153 24.717 0.647 24.752 0.984 24.875 0.959 24.951 0.981	71.1098 0.324 71.424 0.991 71.51 0.991 71.660 0.226 71.691 1 71.792 0.980 71.912 0.997
2	1	24.663 1	71.554 1
2	1	24.810 1	71.463 1
2	1	24.1582 1	71.202 1
2	1	24.212 1	71.2160 1
3	2	24.799 1	71.109 1 71.2039 0.946
2	1	24.503 1	71.271 1
2	1	24.816 1	71.663 1
2	1	24.1584 1	71.204 1
2	1	24.624 1	71.1584 1
2	1	24.2038 1	71.458 1
2	1	24.1780 1	71.528 1
2	1	24.446 1	71.1831 1
2	1	24.975 1	71.2098 1
2	1	24.449 1	71.339 1
2	1	24.1827 1	71.1316 1
2	1	24.448 1	71.338 1
2	1	24.1579 1	71.2107 1
2	1	24.904 1	71.564 1
2	1	24.1872 1	71.1423 1
2	1	24.1986 1	71.349 1
2	1	24.974 1	71.2097 1
3	2	24.99 1	71.1260 0.071 71.2231 1
2	1	24.1722 1	71.445 1
2	1	24.1549 1	71.627 1
2	1	24.2421 1	71.317 1
2	1	24.1493 1	71.340 1
2	1	24.1723 1	71.1809 1
2	1	24.524 1	71.199 1
2	1	24.758 1	71.1537 1
3	2	24.2104 1	71.1193 1 71.1200 1
2	1	24.1837 1	71.803 1
2	1	24.1408 1	71.450 1
2	1	24.2258 1	71.60 1
2	1	24.1 1	71.1 1
2	1	24.504 1	71.290 1
2	1	24.796 1	71.513 1
2	1	24.6 1	71.5 1
31	150	24.1074 0.923 24.1124 0.923 24.1333 0.905 24.1421 0.804 24.1441 0.804 24.1477 0.784 24.1506 0.803 24.1511 0.855 24.1557 0.848 24.1601 0.926 24.1671 0.782 24.1810 0.841 24.2048 0.841 24.2166 1 24.2175 0.802 24.225 0.917 24.2352 0.804 24.248 0.917 24.275 0.791 24.348 0.802 24.477 0.804 24.586 0.841 24.750 0.922 24.873 0.865 24.948 0.855	71.1113 0.174 71.1229 0.060 71.426 0.060 71.49 0.774 71.693 1 71.910 0.831
2	1	24.2194 1	71.1994 1
2	1	24.881 1	71.438 1
2	1	24.2340 1	71.360 1
2	1	24.1211 1	71.1746 1
2	1	24.208 1	71.315 1
2	1	24.206 1	71.488 1
2	1	24.2153 1	71.368 1
2	1	24.764 1	71.567 1
2	1	24.1406 1	71.448 1
2	1	24.2037 1	71.459 1
3	2	24.17 1 24.817 0.218	71.16 1
2	1	24.2096 1	71.2094 1
2	1	24.2009 1	71.1431 1
2	1	24.2436 1	71.2247 1
2	1	24.563 1	71.1512 1
2	1	24.2100 1	71.398 1
2	1	24.2124 1	71.353 1
2	1	24.209 1	71.2235 1
2	1	24.139 1	71.308 1
14	13	24.1066 0.757 24.1116 0.757 24.1158 0.732 24.1277 0.614 24.172 0.707 24.1755 0.683 24.2294 0.080 24.2400 0.063 24.2401 0.077 24.331 0.689 24.398 1 24.426 1 24.849 0.733	71.330 1
2	1	24.972 1	71.2095 1
2	1	24.2196 1	71.617 1
2	1	24.1215 1	71.782 1
2	1	24.2425 1	71.247 1
2	1	24.595 1	71.510 1
2	1	24.669 1	71.946 1
2	1	24.2437 1	71.2258 1
2	1	24.2123 1	71.354 1
2	1	24.102 1	71.31 1
2	1	24.25 1	71.294 1
2	1	24.666 1	71.1531 1
2	1	24.353 1	71.2059 1
2	1	24.2093 1	71.2092 1
2	1	24.1982 1	71.2147 1
2	1	24.1405 1	71.447 1
2	1	24.614 1	71.1802 1
2	1	24.1216 1	71.534 1
2	1	24.1846 1	71.1975 1
2	1	24.1628 1	71.1875 1
2	1	24.312 1	71.270 1
2	1	24.1720 1	71.446 1
2	1	24.1928 1	71.1814 1
2	1	24.2008 1	71.1430 1
2	1	24.1781 1	71.527 1
2	1	24.2025 1	71.1405 1
2	1	24.636 1	71.1285 1
2	1	24.522 1	71.197 1
2	1	24.1874 1	71.1425 1
2	1	24.1580 1	71.2106 1
2	1	24.520 1	71.195 1
2	1	24.805 1	71.1092 1
2	1	24.507 1	71.2236 1
2	1	24.203 1	71.310 1
2	1	24.36 1	71.2110 1
2	1	24.125 1	71.306 1
2	1	24.8 1	71.7 1
2	1	24.803 1	71.584 1
2	1	24.1407 1	71.449 1
30	125	24.1033 0.919 24.1078 0.972 24.1128 0.972 24.1380 0.982 24.1424 0.997 24.1444 0.997 24.1515 0.997 24.1533 0.951 24.1597 0.939 24.1703 0.981 24.1806 0.978 24.1953 0.865 24.2052 0.943 24.229 1 24.2322 0.938 24.2370 0.973 24.252 1 24.473 0.982 24.486 0.872 24.582 0.953 24.696 0.872 24.726 0.980 24.746 0.942 24.868 0.982 24.943 0.997	71.1119 0.058 71.258 0.199 71.42 1 71.697 0.972 71.906 0.972
2	1	24.1223 1	71.572 1
3	2	24.613 1	71.1977 1 71.187 0.922
2	1	24.2122 1	71.355 1
2	1	24.270 1	71.1725 1
2	1	24.1641 1	71.579 1
2	1	24.1784 1	71.524 1
2	1	24.2130 1	71.389 1
2	1	24.1724 1	71.1810 1
2	1	24.667 1	71.941 1
2	1	24.880 1	71.439 1
2	1	24.2032 1	71.276 1
2	1	24.564 1	71.1511 1
2	1	24.1820 1	71.487 1
2	1	24.1839 1	71.1556 1
2	1	24.2135 1	71.391 1
2	1	24.788 1	71.1870 1
2	1	24.1836 1	71.1805 1
2	1	24.1849 1	71.1972 1
2	1	24.1828 1	71.1317 1
4	4	24.1878 0.335 24.1936 1	71.117 1 71.91 0.341
2	1	24.906 1	71.566 1
2	1	24.1921 1	71.1969 1
2	1	24.2026 1	71.1406 1
2	1	24.2156 1	71.365 1
2	1	24.2217 1	71.183 1
14	24	24.1068 0.985 24.1118 0.985 24.1156 0.802 24.1279 0.995 24.174 0.991 24.1753 0.968 24.2289 0.511 24.2398 1 24.333 1 24.400 0.803 24.428 0.803 24.847 0.799	71.333 0.189 71.968 1
2	1	24.982 1	71.1519 1
2	1	24.2435 1	71.2246 1
2	1	24.1214 1	71.1287 1
2	1	24.126 1	71.307 1
4	3	24.81 1	71.103 0.828 71.2032 1 71.649 0.925
2	1	24.527 1	71.444 1
2	1	24.1645 1	71.1265 1
2	1	24.361 1	71.1816 1
2	1	24.1414 1	71.413 1
2	1	24.2110 1	71.70 1
2	1	24.268 1	71.1724 1
2	1	24.1583 1	71.203 1
2	1	24.894 1	71.1417 1
2	1	24.1728 1	71.1410 1
2	1	24.1835 1	71.804 1
2	1	24.2150 1	71.371 1
2	1	24.2222 1	71.178 1
2	1	24.1638 1	71.1720 1
2	1	24.971 1	71.1560 1
3	2	24.1725 1	71.517 1 71.341 0.751
3	2	24.1990 1 24.213 0.075	71.1926 1
2	1	24.2101 1	71.632 1
2	1	24.2111 1	71.69 1
2	1	24.2223 1	71.176 1
3	2	24.2387 1	71.571 1 71.633 0.807
2	1	24.1235 1	71.1204 1
2	1	24.1633 1	71.522 1
3	2	24.516 1	71.1742 0.092 71.2201 1
2	1	24.1550 1	71.494 1
2	1	24.2260 1	71.57 1
2	1	24.2155 1	71.366 1
2	1	24.1817 1	71.1838 1
2	1	24.313 1	71.273 1
2	1	24.804 1	71.1091 1
2	1	24.600 1	71.1552 1
2	1	24.2144 1	71.377 1
8	12	24.1399 0.134 24.1734 1	71.1047 1 71.1160 1 71.1348 0.274 71.1458 0.973 71.1896 1 71.740 0.988
11	10	24.1098 1 24.1148 1 24.1286 0.985 24.181 0.928 24.2282 0.117 24.2391 0.997 24.341 0.997 24.407 0.447 24.435 0.447 24.840 0.450	71.325 1
2	1	24.1416 1	71.418 1
2	1	24.1818 1	71.1839 1
2	1	24.1943 1	71.1521 1
2	1	24.10 1	71.10 1
22	112	24.1018 1 24.1352 0.996 24.1417 0.978 24.2225 0.996 24.2385 0.978 24.2416 1 24.821 0.996 24.1213 0.705	71.1030 0.884 71.110 0.607 71.1177 1 71.1364 0.157 71.1440 1 71.1880 0.884 71.2040 0.618 71.214 0.863 71.670 0.182 71.755 0.884 71.83 0.245 71.830 0.181 71.930 0.867 71.2295 0.706
2	1	24.204 1	71.312 1
3	2	24.42 1	71.539 1 71.561 0.162
2	1	24.1883 1	71.573 1
2	1	24.2141 1	71.380 1
2	1	24.22 1	71.2161 1
2	1	24.1819 1	71.1840 1
2	1	24.1934 1	71.484 1
18	80	24.1000 1 24.1204 0.307 24.1256 0.350 24.140 0.321 24.185 0.312 24.1869 0.803 24.1884 0.321 24.2069 0.360 24.2277 0.954 24.662 0.664	71.1626 0.593 71.1640 1 71.1652 0.737 71.1677 0.778 71.1680 0.467 71.1683 0.457 71.1693 0.870 71.1705 0.153
2	1	24.981 1	71.1520 1
14	24	24.1067 0.978 24.1117 0.978 24.1157 0.484 24.1278 0.975 24.173 0.984 24.1754 0.969 24.2291 1 24.2399 0.978 24.332 0.978 24.399 0.484 24.427 0.484 24.848 0.383	71.2286 1 71.597 0.971
2	1	24.2250 1	71.1817 1
2	1	24.2213 1	71.1842 1
2	1	24.1206 1	71.2311 1
2	1	24.2120 1	71.148 1
2	1	24.310 1	71.268 1
3	2	24.2087 1 24.1824 1	71.2069 1
5	4	24.711 1	71.147 1 71.1553 0.143 71.1604 0.146 71.770 0.081
3	2	24.39 0.451 24.714 1	71.688 1
2	1	24.89 1	71.124 1
2	1	24.768 1	71.570 1
2	1	24.1932 1	71.486 1
3	2	24.40 1 24.754 0.160	71.687 1
2	1	24.13 1	71.13 1
2	1	24.2259 1	71.58 1
2	1	24.2426 1	71.2239 1
2	1	24.1581 1	71.201 1
2	1	24.670 1	71.767 1
2	1	24.964 1	71.503 1
2	1	24.1681 1	71.1290 1
2	1	24.1816 1	71.1837 1
2	1	24.88 1	71.123 1
2	1	24.2149 1	71.372 1
2	1	24.12 1	71.12 1
2	1	24.1632 1	71.520 1
2	1	24.34 1	71.301 1
2	1	24.363 1	71.2159 1
2	1	24.2136 1	71.385 1
2	1	24.2256 1	71.61 1
2	1	24.15 1	71.1774 1
8	15	24.2428 1 24.2427 1 24.1236 0.845	71.2244 1 71.2241 1 71.594 0.837 71.2245 0.411 71.2242 0.182
2	1	24.21 1	71.2162 1
2	1	24.618 1	71.1934 1
2	1	24.1226 1	71.2319 1
2	1	24.1920 1	71.1968 1
3	2	24.2103 1	71.1192 1 71.1199 0.994
2	1	24.124 1	71.305 1
2	1	24.2419 1	71.511 1
2	1	24.2095 1	71.2093 1
2	1	24.891 1	71.1952 1
2	1	24.809 1	71.462 1
5	6	24.2113 1 24.2114 0.053	71.490 0.392 71.67 1 71.788 0.518
2	1	24.766 1	71.568 1
2	1	24.370 1	71.537 1
2	1	24.1727 1	71.1409 1
2	1	24.23 1	71.285 1
2	1	24.602 1	71.620 1
2	1	24.605 1	71.621 1
2	1	24.1779 1	71.530 1
2	1	24.2146 1	71.375 1
2	1	24.609 1	71.1579 1
3	2	24.26 1	71.298 1 71.622 0.736
30	125	24.1037 0.968 24.1075 0.957 24.1125 0.957 24.1297 0.938 24.1376 0.941 24.1422 0.957 24.1442 0.957 24.1476 1 24.1512 0.957 24.1600 0.960 24.1670 0.953 24.2245 0.954 24.226 0.950 24.2353 0.957 24.249 0.950 24.347 0.956 24.379 0.965 24.476 0.956 24.482 0.960 24.54 0.950 24.585 0.939 24.699 0.942 24.749 0.953 24.872 0.976 24.947 0.957	71.1116 0.202 71.263 0.245 71.48 0.443 71.694 1 71.909 1
2	1	24.1948 1	71.1269 1
2	1	24.2434 1	71.842 1
2	1	24.2424 1	71.318 1
2	1	24.767 1	71.569 1
2	1	24.2014 1	71.1601 1
2	1	24.1640 1	71.578 1
3	2	24.629 1	71.2325 1 71.2330 0.528
2	1	24.16 1	71.1432 1
2	1	24.2131 1	71.388 1
2	1	24.879 1	71.440 1
2	1	24.505 1	71.288 1
2	1	24.762 1	71.1413 1
2	1	24.211 1	71.243 1
2	1	24.1873 1	71.1424 1
2	1	24.2064 1	71.190 1
2	1	24.525 1	71.1811 1
2	1	24.601 1	71.1551 1
2	1	24.2011 1	71.1474 1
2	1	24.2151 1	71.370 1
2	1	24.772 1	71.1769 1
2	1	24.1178 1	71.2102 1
2	1	24.1840 1	71.545 1
2	1	24.2139 1	71.382 1
2	1	24.597 1	71.492 1
2	1	24.2138 1	71.383 1
2	1	24.2 1	71.2 1
2	1	24.557 1	71.239 1
2	1	24.2152 1	71.369 1
2	1	24.1830 1	71.858 1
2	1	24.819 1	71.2045 1
2	1	24.1631 1	71.518 1
2	1	24.2140 1	71.381 1
2	1	24.2219 1	71.181 1
2	1	24.35 1	71.2111 1
2	1	24.795 1	71.1089 1
2	1	24.887 1	71.774 1
2	1	24.1983 1	71.2146 1
2	1	24.96 1	71.1982 1
2	1	24.2142 1	71.379 1
2	1	24.905 1	71.565 1
2	1	24.1831 1	71.857 1
2	1	24.364 1	71.2158 1
2	1	24.558 1	71.240 1
15	36	24.1051 0.093 24.1095 0.816 24.1145 0.816 24.1152 0.065 24.1283 0.823 24.178 0.823 24.2285 0.823 24.2394 0.780 24.338 0.823 24.404 0.823 24.432 0.823 24.843 1	71.2285 1 71.323 0.060 71.598 1
4	3	24.998 1	71.200 1 71.186 0.882 71.1392 0.679
2	1	24.1354 1	71.395 1
2	1	24.2034 1	71.1826 1
2	1	24.2088 1	71.2071 1
2	1	24.787 1	71.401 1
2	1	24.2132 1	71.387 1
56	663	24.1554 1 24.962 1 24.1101 1 24.1151 1 24.1289 0.965 24.184 0.956 24.1260 0.947 24.1813 0.947 24.706 0.941 24.2388 0.940 24.1044 0.929 24.410 0.929 24.438 0.929 24.837 0.929 24.351 0.902 24.1330 0.899 24.534 0.895 24.716 0.893 24.1604 0.890 24.1480 0.887 24.222 0.886 24.245 0.886 24.753 0.886 24.1418 0.884 24.1438 0.884 24.1508 0.884 24.2348 0.884 24.876 0.884 24.952 0.884 24.591 0.883 24.2045 0.881 24.2334 0.875 24.344 0.808 24.1719 0.792 24.2263 0.747 24.1502 0.445 24.1888 0.243 24.1069 0.135 24.1773 0.071	71.235 1 71.423 1 71.1798 1 71.867 0.999 71.686 0.923 71.1131 0.914 71.1472 0.898 71.1077 0.672 71.1924 0.667 71.52 0.197 71.689 0.192 71.712 0.132 71.914 0.096 71.789 0.096 71.791 0.093 71.797 0.089 71.1369 0.056
2	1	24.1933 1	71.485 1
2	1	24.1358 1	71.2153 1
2	1	24.1929 1	71.1815 1
2	1	24.1415 1	71.414 1
2	1	24.1775 1	71.127 1
2	1	24.1842 1	71.543 1
2	1	24.1978 1	71.2119 1
2	1	24.1786 1	71.1578 1
2	1	24.2145 1	71.376 1
2	1	24.106 1	71.1985 1
2	1	24.2010 1	71.502 1
2	1	24.786 1	71.1516 1
4	3	24.2418 0.129 24.3 0.118 24.308 1	71.1396 1
2	1	24.1623 1	71.1402 1
2	1	24.2154 1	71.367 1
2	1	24.2016 1	71.1603 1
2	1	24.968 1	71.1940 1
2	1	24.973 1	71.2096 1
2	1	24.1834 1	71.1514 1
2	1	24.2039 1	71.457 1
2	1	24.794 1	71.1090 1
2	1	24.882 1	71.437 1
2	1	24.2129 1	71.390 1
2	1	24.562 1	71.1513 1
2	1	24.1924 1	71.862 1
2	1	24.899 1	71.2218 1
2	1	24.2262 1	71.55 1
2	1	24.2344 1	71.23 1
2	1	24.506 1	71.287 1
2	1	24.559 1	71.708 1
44	340	24.1751 1 24.542 1 24.1336 0.979 24.747 0.969 24.697 0.935 24.1807 0.856 24.1299 0.850 24.228 0.831 24.251 0.831 24.294 0.704 24.2369 0.682 24.2288 0.496 24.2397 0.492 24.1280 0.487 24.175 0.487 24.2243 0.324 24.1531 0.172 24.1705 0.153 24.2178 0.151 24.1092 0.139 24.1142 0.139 24.1077 0.128 24.1127 0.128 24.1423 0.128 24.1443 0.128 24.1514 0.128 24.583 0.128 24.381 0.127 24.1598 0.126 24.2051 0.126 24.2354 0.126 24.56 0.126 24.725 0.126 24.335 0.054	71.2008 1 71.1118 1 71.696 0.474 71.907 0.474 71.261 0.270 71.43 0.166 71.44 0.157 71.1217 0.098 71.1218 0.055 71.260 0.052
2	1	24.990 1	71.780 1
2	1	24.1355 1	71.394 1
2	1	24.790 1	71.709 1
2	1	24.1627 1	71.1874 1
2	1	24.1875 1	71.1426 1
2	1	24.2341 1	71.359 1
2	1	24.20 1	71.362 1
31	150	24.1021 0.935 24.1087 0.844 24.1310 0.865 24.1349 1 24.1387 0.854 24.1460 0.890 24.1545 0.900 24.1574 0.930 24.1651 0.925 24.1795 0.900 24.1912 0.868 24.2228 0.965 24.2382 0.849 24.241 0.900 24.264 0.900 24.280 0.844 24.301 0.915 24.320 0.930 24.461 0.945 24.499 0.844 24.552 0.905 24.570 0.844 24.73 0.883 24.737 0.844 24.932 0.844	71.1125 0.270 71.1566 0.796 71.252 1 71.38 1 71.702 1 71.901 1
3	2	24.1179 0.162 24.523 1	71.198 1
3	2	24.620 1	71.1971 1 71.275 0.796
2	1	24.773 1	71.1765 1
2	1	24.2220 1	71.180 1
2	1	24.1979 1	71.2152 1
2	1	24.789 1	71.131 1
2	1	24.2157 1	71.364 1
2	1	24.1925 1	71.773 1
2	1	24.560 1	71.241 1
2	1	24.1930 1	71.1555 1
2	1	24.2143 1	71.378 1
2	1	24.7 1	71.6 1
2	1	24.215 1	71.156 1
2	1	24.1551 1	71.493 1
2	1	24.2221 1	71.179 1
2	1	24.1967 1	71.1298 1
2	1	24.565 1	71.1510 1
2	1	24.892 1	71.1517 1
2	1	24.2013 1	71.1935 1
2	1	24.556 1	71.208 1
2	1	24.11 1	71.11 1
2	1	24.2147 1	71.374 1
2	1	24.1412 1	71.410 1
2	1	24.813 1	71.393 1
2	1	24.1357 1	71.27 1
2	1	24.1984 1	71.2144 1
2	1	24.371 1	71.535 1
2	1	24.999 1	71.1939 1
2	1	24.2343 1	71.24 1
2	1	24.1815 1	71.1836 1
2	1	24.1855 1	71.1573 1
2	1	24.2254 1	71.63 1
2	1	24.218 1	71.1928 1
2	1	24.893 1	71.1416 1
2	1	24.2015 1	71.1602 1
2	1	24.2215 1	71.185 1
3	2	24.668 1 24.32 1	71.1263 1
2	1	24.1841 1	71.544 1
2	1	24.969 1	71.1979 1
11	24	24.1400 1 24.1733 0.147 24.912 0.174	71.1043 0.076 71.1044 0.116 71.1163 0.113 71.1164 0.121 71.1352 1 71.1455 0.975 71.1893 0.988 71.743 0.980
2	1	24.2068 1	71.188 1
2	1	24.672 1	71.892 1
2	1	24.793 1	71.1748 1
2	1	24.1832 1	71.855 1
2	1	24.1847 1	71.1974 1
2	1	24.1785 1	71.1576 1
5	4	24.1985 1	71.105 0.414 71.2035 0.461 71.348 1 71.646 0.454
2	1	24.2200 1	71.2322 1
2	1	24.2438 1	71.2259 1
2	1	24.1949 1	71.1550 1
2	1	24.1881 1	71.1747 1
2	1	24.1646 1	71.1264 1
14	24	24.1059 1 24.1109 1 24.1167 0.130 24.1270 1 24.165 0.953 24.1763 0.130 24.1764 0.137 24.2302 0.995 24.2407 0.995 24.390 0.966 24.418 0.966 24.858 0.961	71.2015 0.488 71.474 1
2	1	24.885 1	71.1835 1
3	2	24.92 1	71.1937 1 71.54 0.201
2	1	24.976 1	71.2099 1
2	1	24.2261 1	71.56 1
2	1	24.521 1	71.196 1
2	1	24.1980 1	71.2151 1
2	1	24.991 1	71.128 1
7	10	24.1971 1 24.1970 1	71.2366 1 71.2274 1 71.2333 0.683 71.2324 0.380 71.2270 0.221
2	1	24.561 1	71.242 1
29	100	24.1022 0.973 24.1086 0.973 24.1136 0.973 24.1309 0.973 24.1348 0.973 24.1364 0.973 24.1388 0.973 24.1434 0.973 24.1454 0.973 24.1461 0.973 24.1525 0.973 24.1544 0.973 24.1573 0.973 24.1589 0.973 24.1690 0.973 24.240 0.973 24.263 0.973 24.281 0.973 24.321 0.973 24.498 0.973 24.571 0.973 24.684 0.973 24.72 0.973 24.826 1 24.933 0.973	71.1124 1 71.253 1 71.701 1 71.902 1
2	1	24.1625 1	71.1572 1
2	1	24.2134 1	71.386 1
4	3	24.77 1	71.102 0.966 71.2031 0.916 71.650 1
2	1	24.763 1	71.1412 1
2	1	24.1843 1	71.619 1
2	1	24.98 1	71.2232 1
3	2	24.791 1 24.105 0.905	71.1751 1
7	10	24.2202 0.611 24.710 1	71.106 0.088 71.2037 0.066 71.2057 1 71.2367 0.182 71.643 0.077
11	30	24.1001 0.965 24.1255 1 24.1867 0.965 24.2275 0.929 24.659 0.922	71.1622 0.843 71.1638 0.824 71.1651 0.223 71.1664 1 71.1676 0.191 71.1692 0.954
2	1	24.2099 1	71.1770 1
6	8	24.1674 0.960 24.2163 1	71.1076 1 71.1371 0.873 71.1923 1 71.713 1
2	1	24.2345 1	71.22 1
2	1	24.2115 1	71.405 1
2	1	24.2439 1	71.2260 1
2	1	24.779 1	71.1427 1
2	1	24.207 1	71.313 1
2	1	24.900 1	71.2217 1
2	1	24.995 1	71.1606 1
2	1	24.1413 1	71.412 1
2	1	24.214 1	71.1999 1
2	1	24.1987 1	71.304 1
2	1	24.2033 1	71.1828 1
37	300	24.1013 0.894 24.1189 1 24.1239 0.071 24.1243 0.630 24.155 0.099 24.156 0.133 24.1856 0.991 24.199 0.876 24.2000 0.060 24.2085 0.703 24.2264 0.631 24.646 0.991	71.1002 0.281 71.1278 0.264 71.1311 0.183 71.1331 0.075 71.140 0.273 71.1489 0.061 71.1501 0.068 71.1593 0.277 71.1614 0.255 71.1631 1 71.1644 0.073 71.1645 0.084 71.1657 0.943 71.1671 0.464 71.1687 0.956 71.1698 0.405 71.1760 0.097 71.1855 0.132 71.1862 0.266 71.2080 0.265 71.2130 0.264 71.2209 0.273 71.955 0.269 71.987 0.264 71.994 0.133
2	1	24.1882 1	71.577 1
2	1	24.2089 1	71.2072 1
24	44	24.1972 1 24.87 0.150	71.1075 0.384 71.1133 1 71.1136 0.106 71.1231 0.246 71.1372 0.329 71.1471 0.412 71.1795 0.380 71.1922 0.421 71.1960 0.203 71.2273 0.228 71.233 0.403 71.329 0.347 71.425 0.291 71.433 0.117 71.50 0.392 71.684 0.351 71.692 0.139 71.714 0.360 71.793 0.147 71.794 0.342 71.869 0.384 71.911 0.351
2	1	24.24 1	71.286 1
