Size	Relations	OrthoA	OrthoB
2	1	24.902 1	72.97 1
2	1	24.901 1	72.96 1
2	1	24.271 1	72.263 1
2	1	24.90 1	72.100 1
2	1	24.907 1	72.2073 1
2	1	24.780 1	72.905 1
2	1	24.1684 1	72.1990 1
2	1	24.2210 1	72.250 1
2	1	24.1642 1	72.563 1
3	2	24.1879 1	72.1093 1 72.91 0.300
2	1	24.1995 1	72.532 1
2	1	24.1622 1	72.917 1
2	1	24.896 1	72.1420 1
2	1	24.566 1	72.1511 1
2	1	24.217 1	72.245 1
2	1	24.641 1	72.1237 1
2	1	24.1639 1	72.505 1
2	1	24.5 1	72.4 1
2	1	24.1935 1	72.463 1
2	1	24.508 1	72.2283 1
2	1	24.1224 1	72.1347 1
2	1	24.2218 1	72.158 1
2	1	24.116 1	72.272 1
2	1	24.4 1	72.3 1
2	1	24.1829 1	72.915 1
2	1	24.621 1	72.2046 1
2	1	24.1926 1	72.1865 1
2	1	24.1848 1	72.2049 1
2	1	24.14 1	72.13 1
2	1	24.2216 1	72.160 1
2	1	24.1968 1	72.1030 1
2	1	24.642 1	72.1234 1
2	1	24.977 1	72.2147 1
2	1	24.1845 1	72.2053 1
2	1	24.599 1	72.327 1
2	1	24.528 1	72.422 1
2	1	24.208 1	72.295 1
2	1	24.2067 1	72.165 1
2	1	24.1626 1	72.1925 1
2	1	24.2112 1	72.68 1
2	1	24.1323 1	72.2307 1
2	1	24.2024 1	72.1405 1
2	1	24.1177 1	72.2151 1
2	1	24.1324 1	72.402 1
2	1	24.509 1	72.258 1
2	1	24.712 1	72.773 1
2	1	24.2030 1	72.447 1
2	1	24.1353 1	72.376 1
2	1	24.91 1	72.101 1
2	1	24.2420 1	72.271 1
2	1	24.18 1	72.18 1
2	1	24.1940 1	72.88 1
2	1	24.622 1	72.331 1
2	1	24.2195 1	72.2070 1
2	1	24.2422 1	72.296 1
2	1	24.2027 1	72.1853 1
2	1	24.29 1	72.578 1
2	1	24.889 1	72.384 1
2	1	24.2137 1	72.364 1
2	1	24.1782 1	72.509 1
2	1	24.797 1	72.495 1
34	225	24.1042 0.981 24.1071 1 24.1121 1 24.1331 0.969 24.1419 0.978 24.1439 0.978 24.1479 0.954 24.1504 0.969 24.1509 0.981 24.1555 0.942 24.1603 0.979 24.1812 0.459 24.1889 0.724 24.2046 0.459 24.223 0.973 24.2333 0.876 24.2349 0.978 24.246 0.973 24.350 0.145 24.535 0.148 24.590 0.153 24.717 0.647 24.752 0.984 24.875 0.959 24.951 0.981	72.1052 1 72.1116 0.324 72.2323 1 72.404 0.994 72.51 0.994 72.658 0.224 72.689 0.997 72.796 0.982 72.997 1
2	1	24.663 1	72.537 1
2	1	24.810 1	72.443 1
2	1	24.1582 1	72.179 1
2	1	24.212 1	72.2207 1
2	1	24.503 1	72.249 1
2	1	24.816 1	72.662 1
2	1	24.2093 1	72.2139 1
2	1	24.624 1	72.1619 1
2	1	24.2038 1	72.438 1
2	1	24.799 1	72.2004 1
2	1	24.446 1	72.1884 1
2	1	24.1780 1	72.511 1
2	1	24.975 1	72.2145 1
2	1	24.449 1	72.319 1
2	1	24.1827 1	72.1286 1
2	1	24.448 1	72.318 1
2	1	24.1579 1	72.2154 1
2	1	24.904 1	72.547 1
2	1	24.1872 1	72.1424 1
2	1	24.1986 1	72.329 1
2	1	24.974 1	72.2144 1
2	1	24.1722 1	72.425 1
3	2	24.99 1	72.1228 0.070 72.2277 1
2	1	24.1549 1	72.625 1
2	1	24.2421 1	72.297 1
2	1	24.1493 1	72.320 1
2	1	24.1723 1	72.1862 1
2	1	24.524 1	72.176 1
2	1	24.758 1	72.1572 1
2	1	24.1837 1	72.807 1
2	1	24.1408 1	72.430 1
2	1	24.2258 1	72.60 1
2	1	24.1 1	72.1 1
2	1	24.504 1	72.269 1
2	1	24.796 1	72.494 1
2	1	24.6 1	72.5 1
31	150	24.1074 0.923 24.1124 0.923 24.1333 0.905 24.1421 0.804 24.1441 0.804 24.1477 0.784 24.1506 0.803 24.1511 0.855 24.1557 0.848 24.1601 0.926 24.1671 0.782 24.1810 0.841 24.2048 0.841 24.2166 1 24.2175 0.802 24.225 0.917 24.2352 0.804 24.248 0.917 24.275 0.791 24.348 0.802 24.477 0.804 24.586 0.841 24.750 0.922 24.873 0.865 24.948 0.855	72.1054 0.797 72.1196 0.060 72.2325 0.797 72.49 0.774 72.691 1 72.995 0.827
2	1	24.2194 1	72.2072 1
2	1	24.881 1	72.418 1
2	1	24.2340 1	72.340 1
2	1	24.1211 1	72.1797 1
2	1	24.206 1	72.468 1
2	1	24.2153 1	72.348 1
2	1	24.764 1	72.550 1
2	1	24.1406 1	72.428 1
2	1	24.2037 1	72.439 1
3	2	24.17 1 24.817 0.218	72.15 1
2	1	24.1854 1	72.415 1
2	1	24.2096 1	72.2141 1
2	1	24.2009 1	72.1432 1
2	1	24.2436 1	72.2293 1
2	1	24.2100 1	72.378 1
2	1	24.139 1	72.288 1
2	1	24.209 1	72.2281 1
2	1	24.972 1	72.2142 1
17	52	24.1066 0.757 24.1116 0.757 24.1158 0.732 24.1277 0.614 24.172 0.707 24.1755 0.683 24.2294 0.080 24.2400 0.063 24.2401 0.077 24.331 0.689 24.398 1 24.426 1 24.849 0.733	72.1161 1 72.1386 1 72.1440 1 72.310 0.995
2	1	24.2196 1	72.600 1
2	1	24.1939 1	72.90 1
2	1	24.669 1	72.1004 1
2	1	24.1215 1	72.786 1
2	1	24.2425 1	72.225 1
2	1	24.595 1	72.491 1
2	1	24.2437 1	72.2304 1
2	1	24.2123 1	72.334 1
2	1	24.102 1	72.30 1
2	1	24.666 1	72.1566 1
2	1	24.353 1	72.2108 1
2	1	24.1405 1	72.427 1
2	1	24.1216 1	72.517 1
2	1	24.1846 1	72.2051 1
2	1	24.1628 1	72.1929 1
2	1	24.312 1	72.248 1
2	1	24.1720 1	72.426 1
2	1	24.1928 1	72.1867 1
2	1	24.2008 1	72.1431 1
2	1	24.1781 1	72.510 1
2	1	24.2025 1	72.1406 1
2	1	24.1580 1	72.2153 1
2	1	24.1874 1	72.1426 1
2	1	24.636 1	72.1254 1
2	1	24.520 1	72.171 1
2	1	24.805 1	72.1110 1
2	1	24.507 1	72.2282 1
2	1	24.8 1	72.7 1
2	1	24.203 1	72.290 1
2	1	24.36 1	72.2157 1
2	1	24.2104 1	72.1167 1
2	1	24.125 1	72.286 1
2	1	24.803 1	72.567 1
2	1	24.1407 1	72.429 1
31	150	24.1033 0.919 24.1078 0.972 24.1128 0.972 24.1380 0.982 24.1424 0.997 24.1444 0.997 24.1515 0.997 24.1533 0.951 24.1597 0.939 24.1703 0.981 24.1806 0.978 24.1953 0.865 24.2052 0.943 24.229 1 24.2322 0.938 24.2370 0.973 24.252 1 24.473 0.982 24.486 0.872 24.582 0.953 24.696 0.872 24.726 0.980 24.746 0.942 24.868 0.982 24.943 0.997	72.1058 1 72.2329 1 72.236 0.203 72.42 0.997 72.695 0.980 72.990 0.996
2	1	24.1223 1	72.555 1
4	3	24.613 1	72.2054 1 72.163 0.922 72.1392 0.725
2	1	24.2122 1	72.335 1
2	1	24.270 1	72.1775 1
2	1	24.1641 1	72.562 1
2	1	24.1584 1	72.181 1
2	1	24.1784 1	72.507 1
2	1	24.2130 1	72.369 1
2	1	24.667 1	72.999 1
2	1	24.1724 1	72.1863 1
2	1	24.880 1	72.419 1
2	1	24.2032 1	72.255 1
2	1	24.564 1	72.1545 1
2	1	24.1820 1	72.467 1
2	1	24.1839 1	72.1590 1
2	1	24.2135 1	72.371 1
2	1	24.788 1	72.1923 1
2	1	24.1836 1	72.1858 1
2	1	24.1849 1	72.2048 1
2	1	24.1828 1	72.1287 1
2	1	24.906 1	72.549 1
2	1	24.1921 1	72.2045 1
17	60	24.1068 0.985 24.1118 0.985 24.1156 0.802 24.1279 0.995 24.174 0.991 24.1753 0.968 24.2289 0.511 24.2398 1 24.333 1 24.400 0.803 24.428 0.803 24.847 0.799	72.1026 1 72.1164 0.192 72.1389 0.192 72.1437 0.192 72.313 0.189
2	1	24.563 1	72.1546 1
2	1	24.2026 1	72.1407 1
2	1	24.2217 1	72.159 1
2	1	24.2156 1	72.345 1
2	1	24.2124 1	72.333 1
2	1	24.982 1	72.1553 1
3	2	24.81 1	72.2014 1 72.647 0.900
2	1	24.2435 1	72.2292 1
2	1	24.1214 1	72.1256 1
2	1	24.126 1	72.287 1
2	1	24.527 1	72.424 1
2	1	24.1645 1	72.1233 1
2	1	24.361 1	72.1869 1
2	1	24.2110 1	72.71 1
2	1	24.268 1	72.1774 1
2	1	24.1414 1	72.393 1
2	1	24.1583 1	72.180 1
2	1	24.894 1	72.1418 1
2	1	24.1728 1	72.1411 1
2	1	24.614 1	72.1854 1
2	1	24.1835 1	72.808 1
2	1	24.2150 1	72.351 1
2	1	24.2222 1	72.154 1
2	1	24.1638 1	72.1770 1
2	1	24.971 1	72.1594 1
3	2	24.1725 1	72.499 1 72.321 0.751
3	2	24.1990 1 24.213 0.075	72.1980 1
2	1	24.2223 1	72.152 1
3	2	24.2387 1	72.554 1 72.631 0.807
2	1	24.2111 1	72.69 1
2	1	24.2101 1	72.630 1
2	1	24.1235 1	72.1171 1
2	1	24.1633 1	72.504 1
3	2	24.516 1	72.1793 0.092 72.2248 1
2	1	24.1550 1	72.474 1
2	1	24.2260 1	72.57 1
2	1	24.2155 1	72.346 1
2	1	24.1817 1	72.1892 1
2	1	24.804 1	72.1109 1
14	40	24.1098 1 24.1148 1 24.1286 0.985 24.181 0.927 24.2282 0.116 24.2391 0.997 24.341 0.997 24.407 0.446 24.435 0.446 24.840 0.449	72.1157 1 72.1382 1 72.1444 1 72.305 0.989
9	14	24.1399 0.134 24.1734 1	72.1318 0.274 72.1489 0.973 72.1950 1 72.2395 0.057 72.2396 0.064 72.742 0.988 72.829 1
2	1	24.2144 1	72.357 1
2	1	24.600 1	72.1587 1
2	1	24.1416 1	72.398 1
2	1	24.1818 1	72.1893 1
2	1	24.1943 1	72.1555 1
2	1	24.10 1	72.9 1
20	96	24.1018 1 24.1352 0.996 24.1417 0.978 24.2225 0.996 24.2385 0.978 24.2416 1 24.821 0.996 24.1213 0.715	72.1333 0.157 72.1470 1 72.192 0.863 72.1934 0.884 72.2003 0.180 72.669 0.184 72.757 0.884 72.813 0.884 72.84 0.245 72.886 0.181 72.970 0.867 72.1998 0.777
2	1	24.204 1	72.292 1
3	2	24.42 1	72.522 1 72.544 0.162
2	1	24.1883 1	72.556 1
2	1	24.2141 1	72.360 1
2	1	24.22 1	72.2208 1
20	100	24.1000 1 24.1204 0.307 24.1256 0.350 24.140 0.321 24.185 0.312 24.1869 0.803 24.1884 0.321 24.2069 0.360 24.2277 0.954 24.662 0.664	72.1662 0.593 72.1675 0.731 72.1690 0.831 72.1703 0.737 72.1713 0.778 72.1716 0.467 72.1719 0.457 72.1730 0.870 72.1739 1 72.1754 0.153
2	1	24.1819 1	72.1894 1
3	2	24.1878 0.402 24.1936 1	72.92 1
2	1	24.981 1	72.1554 1
2	1	24.2250 1	72.1870 1
2	1	24.2213 1	72.1896 1
2	1	24.2120 1	72.123 1
13	12	24.1067 0.986 24.1117 0.986 24.1157 0.465 24.1278 0.987 24.173 0.992 24.1754 0.986 24.2291 0.894 24.2399 1 24.332 0.992 24.399 0.465 24.427 0.465 24.848 0.337	72.580 1
2	1	24.1934 1	72.464 1
5	4	24.711 1	72.122 0.861 72.1588 1 72.1640 0.120 72.772 0.077
2	1	24.310 1	72.246 1
3	2	24.2087 1 24.1824 1	72.2118 1
3	2	24.39 0.451 24.714 1	72.687 1
2	1	24.89 1	72.99 1
2	1	24.1206 1	72.2319 1
2	1	24.768 1	72.553 1
2	1	24.1932 1	72.466 1
3	2	24.40 1 24.754 0.160	72.686 1
2	1	24.13 1	72.12 1
2	1	24.1982 1	72.2194 1
2	1	24.2259 1	72.58 1
2	1	24.2426 1	72.2285 1
2	1	24.1581 1	72.178 1
2	1	24.559 1	72.706 1
2	1	24.670 1	72.769 1
2	1	24.964 1	72.483 1
2	1	24.1681 1	72.1260 1
2	1	24.1816 1	72.1891 1
2	1	24.88 1	72.98 1
2	1	24.2149 1	72.352 1
2	1	24.12 1	72.11 1
2	1	24.1632 1	72.502 1
2	1	24.363 1	72.2206 1
2	1	24.522 1	72.174 1
2	1	24.2136 1	72.365 1
2	1	24.2256 1	72.61 1
2	1	24.15 1	72.1825 1
8	15	24.2428 1 24.2427 1 24.1236 0.845	72.2290 1 72.2287 1 72.577 0.837 72.2291 0.411 72.2288 0.182
2	1	24.21 1	72.2209 1
2	1	24.618 1	72.1988 1
2	1	24.1920 1	72.2044 1
2	1	24.124 1	72.285 1
2	1	24.2419 1	72.492 1
2	1	24.2095 1	72.2140 1
2	1	24.809 1	72.442 1
2	1	24.891 1	72.2028 1
2	1	24.766 1	72.551 1
2	1	24.370 1	72.520 1
5	6	24.2113 1 24.2114 0.053	72.470 0.392 72.67 1 72.792 0.518
2	1	24.23 1	72.264 1
2	1	24.1727 1	72.1410 1
2	1	24.602 1	72.603 1
2	1	24.605 1	72.604 1
2	1	24.1779 1	72.513 1
2	1	24.2146 1	72.355 1
2	1	24.609 1	72.1614 1
3	2	24.26 1	72.278 1 72.605 0.736
31	150	24.1037 0.968 24.1075 0.957 24.1125 0.957 24.1297 0.938 24.1376 0.941 24.1422 0.957 24.1442 0.957 24.1476 1 24.1512 0.957 24.1600 0.960 24.1670 0.953 24.2245 0.954 24.226 0.950 24.2353 0.957 24.249 0.950 24.347 0.956 24.379 0.965 24.476 0.956 24.482 0.960 24.54 0.950 24.585 0.939 24.699 0.942 24.749 0.953 24.872 0.976 24.947 0.957	72.1055 1 72.2326 1 72.241 0.245 72.48 0.444 72.692 1 72.994 1
2	1	24.1948 1	72.1238 1
2	1	24.2434 1	72.898 1
2	1	24.2424 1	72.298 1
2	1	24.767 1	72.552 1
2	1	24.34 1	72.281 1
2	1	24.2014 1	72.1636 1
2	1	24.1640 1	72.561 1
2	1	24.2131 1	72.368 1
2	1	24.16 1	72.1433 1
2	1	24.879 1	72.420 1
2	1	24.2103 1	72.1134 1
2	1	24.505 1	72.267 1
2	1	24.1873 1	72.1425 1
2	1	24.211 1	72.221 1
2	1	24.762 1	72.1414 1
2	1	24.2064 1	72.166 1
2	1	24.601 1	72.1586 1
2	1	24.2011 1	72.1506 1
2	1	24.525 1	72.1864 1
2	1	24.2151 1	72.350 1
2	1	24.772 1	72.1820 1
2	1	24.1178 1	72.2149 1
2	1	24.1840 1	72.528 1
2	1	24.2139 1	72.362 1
2	1	24.597 1	72.472 1
2	1	24.2 1	72.2 1
2	1	24.2138 1	72.363 1
2	1	24.313 1	72.252 1
2	1	24.2152 1	72.349 1
2	1	24.1830 1	72.914 1
2	1	24.35 1	72.2158 1
2	1	24.2140 1	72.361 1
2	1	24.1631 1	72.500 1
2	1	24.2219 1	72.157 1
2	1	24.795 1	72.1107 1
2	1	24.629 1	72.2363 1
2	1	24.887 1	72.776 1
2	1	24.1983 1	72.2192 1
2	1	24.2142 1	72.359 1
2	1	24.905 1	72.548 1
2	1	24.96 1	72.2059 1
2	1	24.557 1	72.217 1
2	1	24.1831 1	72.913 1
2	1	24.558 1	72.218 1
14	24	24.1051 0.093 24.1095 0.816 24.1145 0.816 24.1152 0.065 24.1283 0.823 24.178 0.823 24.2285 0.823 24.2394 0.780 24.338 0.823 24.404 0.823 24.432 0.823 24.843 1	72.303 0.060 72.581 1
3	2	24.998 1	72.177 1 72.162 0.882
2	1	24.364 1	72.2205 1
2	1	24.1354 1	72.375 1
2	1	24.2034 1	72.1879 1
2	1	24.2088 1	72.2120 1
2	1	24.787 1	72.381 1
2	1	24.2132 1	72.367 1
57	702	24.962 1 24.1101 1 24.1151 1 24.1554 1 24.1289 0.965 24.184 0.956 24.1260 0.947 24.1813 0.947 24.706 0.941 24.2388 0.940 24.1044 0.929 24.410 0.929 24.438 0.929 24.837 0.929 24.351 0.902 24.1330 0.899 24.534 0.895 24.716 0.893 24.1604 0.890 24.1480 0.887 24.222 0.886 24.245 0.886 24.753 0.886 24.1418 0.884 24.1438 0.884 24.1508 0.884 24.2348 0.884 24.876 0.884 24.952 0.884 24.591 0.883 24.2045 0.881 24.2334 0.875 24.344 0.808 24.1719 0.791 24.2263 0.747 24.1502 0.445 24.1888 0.243 24.1069 0.135 24.1773 0.070	72.1051 1 72.688 1 72.1850 1 72.213 1 72.52 0.999 72.403 0.993 72.2322 0.531 72.998 0.490 72.793 0.190 72.1504 0.170 72.924 0.168 72.685 0.165 72.1119 0.142 72.710 0.135 72.859 0.131 72.1978 0.124 72.801 0.090 72.1338 0.066
2	1	24.1933 1	72.465 1
2	1	24.1929 1	72.1868 1
2	1	24.1358 1	72.2200 1
2	1	24.1415 1	72.394 1
2	1	24.1775 1	72.102 1
2	1	24.1978 1	72.2166 1
2	1	24.1786 1	72.1613 1
2	1	24.2145 1	72.356 1
2	1	24.106 1	72.2062 1
2	1	24.2010 1	72.482 1
2	1	24.786 1	72.1550 1
2	1	24.1623 1	72.1403 1
2	1	24.2154 1	72.347 1
2	1	24.2016 1	72.1638 1
2	1	24.968 1	72.1994 1
2	1	24.1834 1	72.1548 1
2	1	24.973 1	72.2143 1
2	1	24.2039 1	72.437 1
2	1	24.794 1	72.1108 1
46	333	24.1155 1 24.401 1 24.429 1 24.542 1 24.56 0.984 24.1336 0.979 24.747 0.969 24.2051 0.968 24.2354 0.966 24.1077 0.964 24.1127 0.964 24.1423 0.964 24.1443 0.964 24.1514 0.964 24.1598 0.964 24.381 0.948 24.725 0.948 24.583 0.941 24.697 0.935 24.1807 0.856 24.1299 0.850 24.228 0.831 24.251 0.831 24.2178 0.826 24.1705 0.818 24.1531 0.686 24.2369 0.682 24.2288 0.175 24.1280 0.174 24.175 0.174 24.2397 0.174 24.870 0.115 24.1895 0.106 24.846 0.103 24.294 0.058 24.1092 0.051 24.1142 0.051	72.1153 1 72.1378 1 72.1448 1 72.1057 1 72.2328 1 72.694 0.402 72.992 0.210 72.239 0.209 72.44 0.131
2	1	24.882 1	72.417 1
2	1	24.2129 1	72.370 1
2	1	24.562 1	72.1547 1
2	1	24.1924 1	72.918 1
2	1	24.899 1	72.2264 1
2	1	24.2262 1	72.55 1
2	1	24.506 1	72.266 1
2	1	24.2344 1	72.22 1
2	1	24.25 1	72.274 1
2	1	24.1355 1	72.374 1
2	1	24.1627 1	72.1928 1
2	1	24.790 1	72.707 1
2	1	24.1875 1	72.1427 1
2	1	24.2341 1	72.339 1
2	1	24.773 1	72.1816 1
3	2	24.620 1	72.2047 1 72.254 0.796
32	175	24.1021 0.935 24.1087 0.844 24.1310 0.865 24.1349 1 24.1387 0.854 24.1460 0.890 24.1545 0.900 24.1574 0.930 24.1651 0.925 24.1795 0.900 24.1912 0.868 24.2228 0.965 24.2382 0.849 24.241 0.900 24.264 0.900 24.280 0.844 24.301 0.915 24.320 0.930 24.461 0.945 24.499 0.844 24.552 0.905 24.570 0.844 24.73 0.883 24.737 0.844 24.932 0.844	72.1063 1 72.1600 0.796 72.230 1 72.2334 1 72.37 1 72.700 1 72.985 1
3	2	24.1179 0.162 24.523 1	72.175 1
2	1	24.1979 1	72.2199 1
2	1	24.789 1	72.106 1
2	1	24.1925 1	72.775 1
2	1	24.2157 1	72.344 1
4	3	24.2418 0.163 24.3 0.153 24.308 1	72.1396 1
2	1	24.560 1	72.219 1
2	1	24.7 1	72.6 1
2	1	24.1930 1	72.1589 1
2	1	24.2143 1	72.358 1
2	1	24.1551 1	72.473 1
2	1	24.215 1	72.131 1
2	1	24.1967 1	72.1268 1
2	1	24.2221 1	72.155 1
2	1	24.565 1	72.1544 1
2	1	24.892 1	72.1551 1
2	1	24.556 1	72.186 1
2	1	24.2220 1	72.156 1
2	1	24.990 1	72.783 1
2	1	24.2147 1	72.354 1
2	1	24.2013 1	72.1989 1
2	1	24.1842 1	72.526 1
2	1	24.11 1	72.10 1
2	1	24.1412 1	72.390 1
2	1	24.813 1	72.373 1
2	1	24.1357 1	72.26 1
2	1	24.1984 1	72.2190 1
2	1	24.371 1	72.518 1
2	1	24.999 1	72.1993 1
2	1	24.2343 1	72.23 1
2	1	24.1815 1	72.1890 1
2	1	24.1855 1	72.1608 1
2	1	24.218 1	72.1982 1
2	1	24.2254 1	72.63 1
2	1	24.893 1	72.1417 1
2	1	24.1841 1	72.527 1
3	2	24.668 1 24.32 1	72.1231 1
2	1	24.2215 1	72.161 1
2	1	24.2015 1	72.1637 1
9	18	24.1400 1 24.1733 0.147 24.912 0.174	72.1322 1 72.1486 0.975 72.1947 0.988 72.2399 0.573 72.745 0.573 72.826 0.988
2	1	24.969 1	72.2056 1
2	1	24.2068 1	72.164 1
2	1	24.1847 1	72.2050 1
2	1	24.672 1	72.949 1
2	1	24.793 1	72.1799 1
2	1	24.1226 1	72.2312 1
2	1	24.1832 1	72.911 1
3	2	24.109 1	72.2016 1 72.650 0.477
2	1	24.1785 1	72.1611 1
4	3	24.1985 1	72.2011 0.475 72.328 1 72.644 0.454
2	1	24.2200 1	72.2309 1
2	1	24.2438 1	72.2305 1
2	1	24.1881 1	72.1798 1
2	1	24.1949 1	72.1585 1
2	1	24.1646 1	72.1232 1
2	1	24.2261 1	72.56 1
2	1	24.885 1	72.1889 1
3	2	24.92 1	72.1991 1 72.54 0.201
2	1	24.976 1	72.2146 1
14	24	24.1059 1 24.1109 1 24.1167 0.130 24.1270 1 24.165 0.953 24.1763 0.130 24.1764 0.137 24.2302 0.995 24.2407 0.995 24.390 0.966 24.418 0.966 24.858 0.961	72.2093 0.492 72.454 1
2	1	24.521 1	72.172 1
2	1	24.1980 1	72.2198 1
2	1	24.991 1	72.103 1
31	150	24.1022 0.973 24.1086 0.973 24.1136 0.973 24.1309 0.973 24.1348 0.973 24.1364 0.973 24.1388 0.973 24.1434 0.973 24.1454 0.973 24.1461 0.973 24.1525 0.973 24.1544 0.973 24.1573 0.973 24.1589 0.973 24.1690 0.973 24.240 0.973 24.263 0.973 24.281 0.973 24.321 0.973 24.498 0.973 24.571 0.973 24.684 0.973 24.72 0.973 24.826 1 24.933 0.973	72.1062 1 72.231 1 72.2333 1 72.38 0.989 72.699 1 72.986 1
3	2	24.77 1	72.2015 0.966 72.648 1
2	1	24.561 1	72.220 1
2	1	24.1625 1	72.1607 1
2	1	24.2134 1	72.366 1
2	1	24.1843 1	72.602 1
2	1	24.763 1	72.1413 1
2	1	24.98 1	72.2278 1
6	8	24.1971 1 24.1970 1	72.2360 1 72.2343 1 72.2314 0.126 72.2347 0.091
12	35	24.1001 0.965 24.1255 1 24.1867 0.965 24.2275 0.929 24.659 0.922	72.1658 0.767 72.1674 0.162 72.1689 1 72.1702 0.187 72.1712 0.174 72.1729 0.874 72.1741 0.887
5	6	24.2202 0.611 24.710 1	72.2008 0.083 72.2106 1 72.641 0.077
3	2	24.791 1 24.105 0.905	72.1802 1
2	1	24.2099 1	72.1821 1
6	8	24.1674 0.960 24.2163 1	72.1340 0.873 72.1977 1 72.711 1 72.858 1
2	1	24.2345 1	72.21 1
2	1	24.2115 1	72.385 1
2	1	24.2439 1	72.2306 1
2	1	24.779 1	72.1428 1
2	1	24.207 1	72.294 1
2	1	24.995 1	72.1642 1
2	1	24.900 1	72.2263 1
2	1	24.1413 1	72.392 1
2	1	24.214 1	72.2077 1
2	1	24.2033 1	72.1881 1
2	1	24.1987 1	72.284 1
37	300	24.1013 0.894 24.1189 1 24.1239 0.071 24.1243 0.630 24.155 0.099 24.156 0.133 24.1856 0.991 24.199 0.876 24.2000 0.060 24.2085 0.703 24.2264 0.631 24.646 0.991	72.1013 0.269 72.1043 0.264 72.1050 0.118 72.1072 0.278 72.115 0.273 72.1247 0.264 72.1281 0.183 72.1301 0.075 72.1522 0.061 72.1628 0.265 72.1650 0.165 72.1667 0.931 72.1681 0.964 72.1696 0.903 72.1707 0.464 72.1723 0.956 72.1734 0.405 72.1748 1 72.1811 0.097 72.1908 0.132 72.1915 0.266 72.2129 0.265 72.2177 0.264 72.2255 0.273 72.615 0.273
2	1	24.1882 1	72.560 1
2	1	24.2089 1	72.2121 1
2	1	24.24 1	72.265 1
