Size	Relations	OrthoA	OrthoB
2	1	24.902 1	73.100 1
2	1	24.901 1	73.99 1
2	1	24.1639 1	73.508 1
2	1	24.271 1	73.263 1
2	1	24.907 1	73.1863 1
2	1	24.780 1	73.821 1
2	1	24.1684 1	73.1799 1
2	1	24.2210 1	73.251 1
2	1	24.1642 1	73.565 1
3	2	24.1879 1	73.94 0.300 73.974 1
2	1	24.1995 1	73.534 1
2	1	24.1622 1	73.833 1
2	1	24.896 1	73.1240 1
2	1	24.566 1	73.1353 1
2	1	24.217 1	73.246 1
2	1	24.641 1	73.1088 1
2	1	24.5 1	73.5 1
2	1	24.1935 1	73.466 1
2	1	24.1224 1	73.1199 1
2	1	24.2218 1	73.163 1
2	1	24.4 1	73.4 1
2	1	24.1829 1	73.831 1
2	1	24.1848 1	73.1840 1
2	1	24.14 1	73.14 1
2	1	24.2216 1	73.165 1
2	1	24.1968 1	73.927 1
2	1	24.642 1	73.1086 1
2	1	24.977 1	73.1941 1
2	1	24.1845 1	73.1844 1
2	1	24.599 1	73.329 1
2	1	24.528 1	73.425 1
2	1	24.1626 1	73.1734 1
2	1	24.116 1	73.273 1
2	1	24.1854 1	73.419 1
2	1	24.208 1	73.297 1
2	1	24.1926 1	73.1672 1
2	1	24.2067 1	73.170 1
2	1	24.2112 1	73.71 1
2	1	24.1323 1	73.2103 1
2	1	24.2195 1	73.1861 1
2	1	24.2024 1	73.1225 1
2	1	24.1177 1	73.1945 1
2	1	24.1324 1	73.406 1
2	1	24.509 1	73.258 1
2	1	24.712 1	73.741 1
2	1	24.2030 1	73.450 1
2	1	24.621 1	73.1836 1
2	1	24.1353 1	73.380 1
2	1	24.2420 1	73.272 1
2	1	24.18 1	73.19 1
2	1	24.1940 1	73.91 1
2	1	24.622 1	73.333 1
2	1	24.2422 1	73.298 1
2	1	24.2027 1	73.1661 1
2	1	24.29 1	73.581 1
2	1	24.889 1	73.388 1
2	1	24.1782 1	73.511 1
2	1	24.797 1	73.498 1
2	1	24.90 1	73.103 1
2	1	24.663 1	73.539 1
30	125	24.1042 0.981 24.1071 1 24.1121 1 24.1331 0.969 24.1419 0.978 24.1439 0.978 24.1479 0.954 24.1504 0.969 24.1509 0.981 24.1555 0.943 24.1603 0.979 24.1812 0.461 24.1889 0.725 24.2046 0.461 24.223 0.974 24.2333 0.877 24.2349 0.978 24.246 0.974 24.350 0.147 24.535 0.150 24.590 0.155 24.717 0.649 24.752 0.984 24.875 0.959 24.951 0.981	73.1001 0.322 73.408 0.987 73.52 1 73.644 0.223 73.762 0.623
2	1	24.810 1	73.446 1
2	1	24.1582 1	73.183 1
2	1	24.212 1	73.2002 1
2	1	24.503 1	73.250 1
2	1	24.816 1	73.647 1
2	1	24.1584 1	73.185 1
2	1	24.624 1	73.1457 1
2	1	24.2038 1	73.441 1
2	1	24.1780 1	73.513 1
2	1	24.446 1	73.1692 1
2	1	24.975 1	73.1939 1
2	1	24.449 1	73.321 1
2	1	24.448 1	73.320 1
2	1	24.1579 1	73.1948 1
2	1	24.904 1	73.549 1
2	1	24.1872 1	73.1244 1
2	1	24.1986 1	73.331 1
3	2	24.99 1	73.1080 0.070 73.2071 1
2	1	24.974 1	73.1938 1
2	1	24.1722 1	73.428 1
2	1	24.1549 1	73.613 1
2	1	24.2421 1	73.299 1
2	1	24.1493 1	73.322 1
2	1	24.1723 1	73.1669 1
2	1	24.1827 1	73.1136 1
2	1	24.2137 1	73.367 1
2	1	24.524 1	73.180 1
2	1	24.758 1	73.1411 1
2	1	24.2104 1	73.1020 1
2	1	24.1837 1	73.773 1
2	1	24.1408 1	73.433 1
2	1	24.799 1	73.570 1
2	1	24.796 1	73.497 1
2	1	24.6 1	73.6 1
2	1	24.504 1	73.270 1
2	1	24.2194 1	73.1862 1
26	25	24.1074 0.924 24.1124 0.924 24.1333 0.905 24.1421 0.805 24.1441 0.805 24.1477 0.785 24.1506 0.804 24.1511 0.856 24.1557 0.848 24.1601 0.927 24.1671 0.783 24.1810 0.842 24.2048 0.842 24.2166 1 24.2175 0.803 24.225 0.917 24.2352 0.805 24.248 0.917 24.275 0.792 24.348 0.803 24.477 0.805 24.586 0.842 24.750 0.923 24.873 0.866 24.948 0.856	73.50 1
2	1	24.881 1	73.421 1
2	1	24.2340 1	73.342 1
2	1	24.1211 1	73.1603 1
2	1	24.91 1	73.105 1
2	1	24.2153 1	73.350 1
2	1	24.206 1	73.471 1
2	1	24.764 1	73.552 1
2	1	24.1406 1	73.431 1
2	1	24.2037 1	73.442 1
3	2	24.17 1 24.817 0.218	73.16 1
2	1	24.2096 1	73.1934 1
2	1	24.2009 1	73.1253 1
2	1	24.2436 1	73.2090 1
2	1	24.563 1	73.1386 1
2	1	24.2100 1	73.382 1
2	1	24.139 1	73.290 1
2	1	24.209 1	73.2075 1
14	13	24.1066 0.757 24.1116 0.757 24.1158 0.732 24.1277 0.614 24.172 0.707 24.1755 0.683 24.2294 0.080 24.2400 0.063 24.2401 0.077 24.331 0.689 24.398 1 24.426 1 24.849 0.733	73.312 1
2	1	24.2196 1	73.603 1
2	1	24.2124 1	73.335 1
2	1	24.1939 1	73.93 1
2	1	24.595 1	73.494 1
2	1	24.669 1	73.901 1
2	1	24.1215 1	73.753 1
2	1	24.2425 1	73.227 1
2	1	24.2437 1	73.2101 1
2	1	24.2123 1	73.336 1
2	1	24.102 1	73.31 1
2	1	24.666 1	73.1405 1
2	1	24.353 1	73.1898 1
2	1	24.2093 1	73.1932 1
2	1	24.1405 1	73.430 1
2	1	24.614 1	73.1662 1
2	1	24.1846 1	73.1842 1
2	1	24.1216 1	73.519 1
2	1	24.1 1	73.1 1
2	1	24.1628 1	73.1737 1
2	1	24.312 1	73.249 1
2	1	24.1720 1	73.429 1
2	1	24.1928 1	73.1675 1
2	1	24.508 1	73.2078 1
2	1	24.2008 1	73.1252 1
2	1	24.1781 1	73.512 1
2	1	24.2025 1	73.1226 1
2	1	24.1580 1	73.1947 1
2	1	24.1874 1	73.1246 1
2	1	24.522 1	73.178 1
2	1	24.636 1	73.1105 1
2	1	24.805 1	73.995 1
2	1	24.520 1	73.176 1
2	1	24.8 1	73.8 1
2	1	24.203 1	73.292 1
2	1	24.36 1	73.1951 1
2	1	24.125 1	73.288 1
2	1	24.803 1	73.569 1
2	1	24.1407 1	73.432 1
27	50	24.1033 0.919 24.1078 0.972 24.1128 0.972 24.1380 0.982 24.1424 0.997 24.1444 0.997 24.1515 0.997 24.1533 0.951 24.1597 0.939 24.1703 0.981 24.1806 0.978 24.1953 0.865 24.2052 0.943 24.229 1 24.2322 0.938 24.2370 0.973 24.252 1 24.473 0.982 24.486 0.872 24.582 0.953 24.696 0.872 24.726 0.980 24.746 0.942 24.868 0.982 24.943 0.997	73.237 0.203 73.43 1
2	1	24.1223 1	73.557 1
3	2	24.613 1	73.1845 1 73.168 0.922
2	1	24.2122 1	73.337 1
2	1	24.270 1	73.1581 1
2	1	24.1641 1	73.564 1
2	1	24.1784 1	73.509 1
2	1	24.667 1	73.896 1
2	1	24.1724 1	73.1670 1
2	1	24.880 1	73.422 1
2	1	24.2032 1	73.255 1
2	1	24.564 1	73.1385 1
2	1	24.1820 1	73.470 1
2	1	24.1839 1	73.1429 1
2	1	24.2135 1	73.375 1
2	1	24.1982 1	73.1988 1
2	1	24.788 1	73.1732 1
2	1	24.1836 1	73.1665 1
2	1	24.1849 1	73.1839 1
2	1	24.1828 1	73.1138 1
2	1	24.906 1	73.551 1
2	1	24.972 1	73.1936 1
2	1	24.1921 1	73.1835 1
2	1	24.2156 1	73.347 1
2	1	24.2217 1	73.164 1
14	24	24.1068 0.985 24.1118 0.985 24.1156 0.802 24.1279 0.995 24.174 0.991 24.1753 0.968 24.2289 0.511 24.2398 1 24.333 1 24.400 0.803 24.428 0.803 24.847 0.799	73.315 0.189 73.923 1
2	1	24.2026 1	73.1227 1
2	1	24.982 1	73.1393 1
2	1	24.2435 1	73.2089 1
2	1	24.1214 1	73.1107 1
2	1	24.126 1	73.289 1
2	1	24.507 1	73.2076 1
2	1	24.527 1	73.427 1
2	1	24.1645 1	73.1085 1
2	1	24.878 1	73.1543 1
2	1	24.361 1	73.1677 1
2	1	24.2258 1	73.61 1
2	1	24.268 1	73.1580 1
2	1	24.1414 1	73.397 1
2	1	24.2110 1	73.73 1
2	1	24.1583 1	73.184 1
2	1	24.81 1	73.633 1
2	1	24.894 1	73.1238 1
2	1	24.1728 1	73.1231 1
2	1	24.1835 1	73.774 1
2	1	24.2150 1	73.353 1
2	1	24.2222 1	73.159 1
2	1	24.1638 1	73.1575 1
2	1	24.971 1	73.1433 1
3	2	24.1725 1	73.502 1 73.323 0.751
3	2	24.1990 1 24.213 0.075	73.1789 1
2	1	24.2223 1	73.157 1
3	2	24.2387 1	73.556 1 73.619 0.807
2	1	24.2101 1	73.618 1
2	1	24.2111 1	73.72 1
2	1	24.1235 1	73.1024 1
2	1	24.1633 1	73.507 1
3	2	24.516 1	73.1599 0.092 73.2042 1
2	1	24.1550 1	73.477 1
2	1	24.2260 1	73.58 1
2	1	24.2155 1	73.348 1
2	1	24.1817 1	73.1699 1
2	1	24.313 1	73.252 1
2	1	24.804 1	73.994 1
7	10	24.1399 0.134 24.1734 1	73.1169 0.274 73.1286 1 73.1332 0.967 73.1758 1 73.709 0.988
2	1	24.2144 1	73.359 1
2	1	24.600 1	73.1426 1
11	10	24.1098 1 24.1148 1 24.1286 0.985 24.181 0.928 24.2282 0.117 24.2391 0.997 24.341 0.997 24.407 0.447 24.435 0.447 24.840 0.450	73.307 1
2	1	24.1416 1	73.402 1
2	1	24.1818 1	73.1700 1
2	1	24.1943 1	73.1395 1
2	1	24.10 1	73.10 1
18	80	24.1018 1 24.1352 0.996 24.1417 0.978 24.2225 0.996 24.2385 0.978 24.2416 1 24.821 0.996 24.1213 0.705	73.1185 0.157 73.1302 0.884 73.1313 1 73.1742 0.884 73.195 0.863 73.654 0.184 73.724 0.884 73.802 0.181 73.87 0.245 73.885 0.867
2	1	24.204 1	73.294 1
3	2	24.42 1	73.524 1 73.546 0.162
2	1	24.1883 1	73.558 1
2	1	24.2141 1	73.362 1
2	1	24.22 1	73.2003 1
2	1	24.1819 1	73.1701 1
2	1	24.1934 1	73.467 1
3	2	24.1878 0.402 24.1936 1	73.95 1
2	1	24.981 1	73.1394 1
16	60	24.1000 1 24.1204 0.310 24.1256 0.352 24.140 0.325 24.185 0.315 24.1869 0.804 24.1884 0.324 24.2069 0.363 24.2277 0.954 24.662 0.666	73.1497 0.057 73.1513 0.687 73.1517 0.508 73.1520 0.430 73.1530 1 73.1560 0.127
2	1	24.2250 1	73.1678 1
2	1	24.1206 1	73.2139 1
2	1	24.2120 1	73.128 1
13	12	24.1067 0.986 24.1117 0.986 24.1157 0.465 24.1278 0.987 24.173 0.992 24.1754 0.986 24.2291 0.894 24.2399 1 24.332 0.992 24.399 0.465 24.427 0.465 24.848 0.337	73.583 1
2	1	24.310 1	73.247 1
5	4	24.711 1	73.127 0.861 73.1427 1 73.1479 0.120 73.740 0.077
3	2	24.2087 1 24.1824 1	73.1908 1
3	2	24.39 0.451 24.714 1	73.671 1
2	1	24.89 1	73.102 1
2	1	24.768 1	73.555 1
2	1	24.1932 1	73.469 1
2	1	24.13 1	73.13 1
2	1	24.2259 1	73.59 1
3	2	24.40 1 24.754 0.163	73.670 1
2	1	24.1581 1	73.182 1
2	1	24.559 1	73.673 1
2	1	24.670 1	73.737 1
2	1	24.964 1	73.486 1
2	1	24.1681 1	73.1110 1
2	1	24.1816 1	73.1698 1
2	1	24.88 1	73.101 1
2	1	24.2149 1	73.354 1
2	1	24.12 1	73.12 1
2	1	24.1632 1	73.505 1
2	1	24.15 1	73.1632 1
2	1	24.2136 1	73.368 1
2	1	24.2256 1	73.63 1
2	1	24.34 1	73.283 1
2	1	24.363 1	73.2001 1
8	15	24.2428 1 24.2427 1 24.1236 0.845	73.2087 1 73.2084 1 73.580 0.837 73.2088 0.411 73.2085 0.182
2	1	24.618 1	73.1797 1
2	1	24.1226 1	73.2131 1
2	1	24.1920 1	73.1834 1
2	1	24.2419 1	73.495 1
2	1	24.124 1	73.287 1
2	1	24.2095 1	73.1933 1
2	1	24.809 1	73.445 1
2	1	24.891 1	73.1818 1
5	6	24.2113 1 24.2114 0.053	73.473 0.392 73.70 1 73.759 0.518
2	1	24.2213 1	73.1703 1
2	1	24.370 1	73.522 1
2	1	24.766 1	73.553 1
2	1	24.811 1	73.1005 1
2	1	24.1727 1	73.1230 1
2	1	24.23 1	73.264 1
2	1	24.2130 1	73.372 1
2	1	24.602 1	73.606 1
2	1	24.605 1	73.607 1
2	1	24.1779 1	73.515 1
2	1	24.2146 1	73.357 1
2	1	24.609 1	73.1452 1
3	2	24.26 1	73.280 1 73.608 0.736
2	1	24.1948 1	73.1089 1
2	1	24.2434 1	73.814 1
2	1	24.2424 1	73.300 1
2	1	24.767 1	73.554 1
2	1	24.2014 1	73.1475 1
3	2	24.629 1	73.2120 0.528 73.2124 1
2	1	24.1640 1	73.563 1
2	1	24.16 1	73.1254 1
2	1	24.2131 1	73.371 1
2	1	24.879 1	73.423 1
2	1	24.505 1	73.268 1
2	1	24.762 1	73.1234 1
2	1	24.1873 1	73.1245 1
2	1	24.211 1	73.223 1
2	1	24.2064 1	73.171 1
2	1	24.2011 1	73.1348 1
2	1	24.525 1	73.1671 1
2	1	24.601 1	73.1425 1
2	1	24.2151 1	73.352 1
2	1	24.772 1	73.1626 1
2	1	24.2139 1	73.364 1
2	1	24.597 1	73.475 1
2	1	24.1840 1	73.530 1
2	1	24.1178 1	73.1943 1
2	1	24.2138 1	73.365 1
2	1	24.2 1	73.3 1
2	1	24.557 1	73.219 1
2	1	24.1830 1	73.830 1
2	1	24.2152 1	73.351 1
2	1	24.1631 1	73.503 1
2	1	24.2140 1	73.363 1
2	1	24.35 1	73.1952 1
2	1	24.2219 1	73.162 1
2	1	24.795 1	73.992 1
2	1	24.887 1	73.744 1
2	1	24.1983 1	73.1987 1
2	1	24.2142 1	73.361 1
2	1	24.905 1	73.550 1
2	1	24.96 1	73.1850 1
42	392	24.1554 1 24.962 1 24.1260 0.947 24.1813 0.947 24.706 0.941 24.351 0.902 24.1330 0.899 24.534 0.895 24.716 0.893 24.1604 0.890 24.1480 0.887 24.222 0.886 24.245 0.886 24.753 0.886 24.1418 0.884 24.1438 0.884 24.1508 0.884 24.2348 0.884 24.876 0.884 24.952 0.884 24.591 0.883 24.2045 0.881 24.2334 0.875 24.1719 0.792 24.1502 0.445 24.1888 0.243 24.1069 0.135 24.1773 0.071	73.215 1 73.407 1 73.840 0.999 73.669 0.923 73.1346 0.898 73.1255 0.672 73.1787 0.667 73.53 0.197 73.760 0.189 73.1657 0.149 73.677 0.132 73.1658 0.095 73.767 0.089 73.1190 0.071
2	1	24.364 1	73.2000 1
2	1	24.558 1	73.220 1
14	24	24.1051 0.093 24.1095 0.816 24.1145 0.816 24.1152 0.065 24.1283 0.823 24.178 0.823 24.2285 0.823 24.2394 0.780 24.338 0.823 24.404 0.823 24.432 0.823 24.843 1	73.305 0.060 73.584 1
4	3	24.998 1	73.181 1 73.167 0.882 73.1213 0.679
2	1	24.2034 1	73.1687 1
2	1	24.1831 1	73.829 1
2	1	24.1354 1	73.379 1
2	1	24.2088 1	73.1910 1
2	1	24.787 1	73.385 1
2	1	24.1358 1	73.1995 1
2	1	24.1929 1	73.1676 1
2	1	24.1933 1	73.468 1
2	1	24.2132 1	73.370 1
27	50	24.1037 0.970 24.1075 0.959 24.1125 0.959 24.1297 0.940 24.1376 0.943 24.1422 0.959 24.1442 0.959 24.1476 1 24.1512 0.959 24.1600 0.962 24.1670 0.955 24.2245 0.956 24.226 0.952 24.2353 0.959 24.249 0.952 24.347 0.958 24.379 0.967 24.476 0.958 24.482 0.962 24.54 0.952 24.585 0.942 24.699 0.945 24.749 0.955 24.872 0.977 24.947 0.959	73.242 0.241 73.49 1
2	1	24.1978 1	73.1960 1
2	1	24.1775 1	73.107 1
2	1	24.1842 1	73.528 1
2	1	24.1415 1	73.398 1
2	1	24.21 1	73.2004 1
2	1	24.2145 1	73.358 1
2	1	24.1786 1	73.1451 1
2	1	24.106 1	73.1853 1
2	1	24.2010 1	73.485 1
2	1	24.786 1	73.1390 1
2	1	24.1623 1	73.1223 1
4	3	24.2418 0.129 24.3 0.118 24.308 1	73.1217 1
2	1	24.2154 1	73.349 1
2	1	24.2016 1	73.1477 1
2	1	24.968 1	73.1803 1
2	1	24.1834 1	73.1388 1
2	1	24.973 1	73.1937 1
2	1	24.2039 1	73.440 1
2	1	24.794 1	73.993 1
2	1	24.882 1	73.420 1
2	1	24.2129 1	73.374 1
2	1	24.562 1	73.1387 1
2	1	24.1924 1	73.834 1
2	1	24.899 1	73.2059 1
2	1	24.2262 1	73.56 1
2	1	24.2344 1	73.23 1
2	1	24.506 1	73.267 1
2	1	24.25 1	73.276 1
2	1	24.790 1	73.674 1
2	1	24.1627 1	73.1736 1
2	1	24.1355 1	73.378 1
2	1	24.990 1	73.751 1
2	1	24.1875 1	73.1247 1
2	1	24.2341 1	73.341 1
2	1	24.20 1	73.344 1
2	1	24.2103 1	73.1019 1
28	75	24.1021 0.935 24.1087 0.844 24.1310 0.865 24.1349 1 24.1387 0.854 24.1460 0.890 24.1545 0.900 24.1574 0.930 24.1651 0.925 24.1795 0.900 24.1912 0.868 24.2228 0.965 24.2382 0.849 24.241 0.900 24.264 0.900 24.280 0.844 24.301 0.915 24.320 0.930 24.461 0.945 24.499 0.844 24.552 0.905 24.570 0.844 24.73 0.883 24.737 0.844 24.932 0.844	73.1439 0.796 73.232 1 73.38 1
3	2	24.1179 0.162 24.523 1	73.179 1
3	2	24.620 1	73.1838 1 73.254 0.796
2	1	24.773 1	73.1622 1
2	1	24.2220 1	73.161 1
2	1	24.789 1	73.111 1
2	1	24.1979 1	73.1994 1
2	1	24.2157 1	73.346 1
2	1	24.1925 1	73.743 1
2	1	24.560 1	73.221 1
2	1	24.1930 1	73.1428 1
2	1	24.2143 1	73.360 1
2	1	24.7 1	73.7 1
2	1	24.1551 1	73.476 1
2	1	24.215 1	73.136 1
2	1	24.2221 1	73.160 1
2	1	24.1967 1	73.1118 1
2	1	24.565 1	73.1384 1
2	1	24.892 1	73.1391 1
40	175	24.1751 1 24.1034 1 24.485 0.778 24.294 0.501 24.2288 0.496 24.2397 0.492 24.228 0.492 24.251 0.492 24.697 0.490 24.1280 0.487 24.175 0.487 24.747 0.483 24.1336 0.475 24.1807 0.411 24.1299 0.405 24.2243 0.324 24.1531 0.172 24.1705 0.153 24.2178 0.151 24.1092 0.139 24.1142 0.139 24.1077 0.128 24.1127 0.128 24.1423 0.128 24.1443 0.128 24.1514 0.128 24.583 0.128 24.381 0.127 24.1598 0.126 24.2051 0.126 24.2354 0.126 24.542 0.126 24.56 0.126 24.725 0.126 24.335 0.054	73.1876 1 73.44 1 73.239 0.432 73.1037 0.098 73.1038 0.055
2	1	24.556 1	73.189 1
2	1	24.2013 1	73.1798 1
2	1	24.2147 1	73.356 1
2	1	24.11 1	73.11 1
2	1	24.1412 1	73.394 1
2	1	24.2426 1	73.2082 1
2	1	24.813 1	73.377 1
2	1	24.1357 1	73.27 1
2	1	24.371 1	73.520 1
2	1	24.999 1	73.1802 1
2	1	24.1984 1	73.1985 1
2	1	24.2343 1	73.24 1
2	1	24.1815 1	73.1697 1
2	1	24.1855 1	73.1446 1
2	1	24.218 1	73.1791 1
2	1	24.2254 1	73.66 1
2	1	24.893 1	73.1237 1
2	1	24.1841 1	73.529 1
3	2	24.668 1 24.32 1	73.1083 1
2	1	24.2015 1	73.1476 1
2	1	24.2215 1	73.166 1
9	18	24.1400 1 24.1733 0.147 24.912 0.174	73.1173 1 73.1289 0.983 73.1328 0.121 73.1329 0.111 73.1755 0.988 73.712 0.980
2	1	24.969 1	73.1847 1
2	1	24.2068 1	73.169 1
2	1	24.1832 1	73.827 1
2	1	24.672 1	73.865 1
2	1	24.1847 1	73.1841 1
2	1	24.793 1	73.1605 1
3	2	24.1985 1	73.330 1 73.631 0.454
2	1	24.1785 1	73.1449 1
2	1	24.2200 1	73.2128 1
2	1	24.1949 1	73.1424 1
2	1	24.2261 1	73.57 1
2	1	24.885 1	73.1696 1
3	2	24.92 1	73.1800 1 73.55 0.201
2	1	24.976 1	73.1940 1
14	24	24.1059 1 24.1109 1 24.1167 0.130 24.1270 1 24.165 0.953 24.1763 0.130 24.1764 0.137 24.2302 0.995 24.2407 0.995 24.390 0.966 24.418 0.966 24.858 0.961	73.1883 0.492 73.457 1
2	1	24.521 1	73.177 1
2	1	24.1980 1	73.1993 1
2	1	24.991 1	73.108 1
2	1	24.1971 1	73.2117 1
2	1	24.1646 1	73.1084 1
2	1	24.2134 1	73.369 1
2	1	24.561 1	73.222 1
2	1	24.77 1	73.634 1
26	25	24.1022 0.973 24.1086 0.973 24.1136 0.973 24.1309 0.973 24.1348 0.973 24.1364 0.973 24.1388 0.973 24.1434 0.973 24.1454 0.973 24.1461 0.973 24.1525 0.973 24.1544 0.973 24.1573 0.973 24.1589 0.973 24.1690 0.973 24.240 0.973 24.263 0.973 24.281 0.973 24.321 0.973 24.498 0.973 24.571 0.973 24.684 0.973 24.72 0.973 24.826 1 24.933 0.973	73.39 1
2	1	24.1625 1	73.1445 1
2	1	24.1843 1	73.605 1
2	1	24.98 1	73.2072 1
2	1	24.1881 1	73.1604 1
2	1	24.763 1	73.1233 1
4	3	24.1970 1	73.2105 1 73.2110 0.724 73.2125 0.327
9	20	24.1001 0.965 24.1255 1 24.1867 0.965 24.2275 0.929 24.659 0.922	73.1496 0.891 73.1512 0.200 73.1529 1 73.1546 0.936
3	2	24.791 1 24.105 0.905	73.1608 1
2	1	24.2099 1	73.1627 1
4	4	24.2202 0.611 24.710 1	73.1896 1 73.628 0.077
6	8	24.1674 0.960 24.2163 1	73.1256 1 73.1786 1 73.678 1 73.841 0.065
2	1	24.2345 1	73.22 1
2	1	24.2115 1	73.389 1
2	1	24.2439 1	73.2102 1
2	1	24.779 1	73.1248 1
2	1	24.207 1	73.296 1
2	1	24.1413 1	73.396 1
2	1	24.995 1	73.1480 1
2	1	24.900 1	73.2058 1
2	1	24.2033 1	73.1689 1
2	1	24.214 1	73.1867 1
2	1	24.1987 1	73.286 1
2	1	24.1882 1	73.562 1
2	1	24.2089 1	73.1911 1
36	288	24.1013 0.895 24.1189 1 24.1239 0.071 24.1243 0.631 24.155 0.099 24.156 0.134 24.1856 0.991 24.199 0.876 24.2000 0.061 24.2085 0.704 24.2264 0.633 24.646 0.991	73.1098 0.280 73.1128 0.052 73.1131 0.185 73.1152 0.077 73.120 0.288 73.1364 0.063 73.1375 0.071 73.1466 0.288 73.1488 0.257 73.1506 0.916 73.1524 1 73.1534 0.089 73.1554 0.941 73.1617 0.101 73.1717 0.141 73.1724 0.281 73.1920 0.275 73.1971 0.280 73.2034 0.071 73.2050 0.288 73.910 0.288 73.940 0.280 73.947 0.139 73.956 0.291
