Size	Relations	OrthoA	OrthoB
2	1	1.44 1	95.123 1
2	1	1.896 1	95.46 1
2	1	1.661 1	95.383 1
2	1	1.1341 1	95.607 1
2	1	1.1198 1	95.504 1
2	1	1.1572 1	95.301 1
2	1	1.319 1	95.248 1
2	1	1.212 1	95.94 1
2	1	1.1753 1	95.368 1
2	1	1.302 1	95.203 1
2	1	1.672 1	95.391 1
2	1	1.1881 1	95.835 1
2	1	1.466 1	95.716 1
2	1	1.1942 1	95.4 1
2	1	1.1580 1	95.309 1
2	1	1.1978 1	95.1044 1
2	1	1.1907 1	95.827 1
2	1	1.807 1	95.69 1
2	1	1.660 1	95.382 1
2	1	1.1855 1	95.763 1
2	1	1.817 1	95.439 1
2	1	1.818 1	95.438 1
2	1	1.135 1	95.459 1
2	1	1.284 1	95.188 1
2	1	1.656 1	95.379 1
2	1	1.1909 1	95.826 1
2	1	1.1669 1	95.342 1
2	1	1.1317 1	95.594 1
2	1	1.618 1	95.812 1
2	1	1.330 1	95.255 1
2	1	1.1194 1	95.502 1
2	1	1.1955 1	95.13 1
2	1	1.567 1	95.786 1
2	1	1.1044 1	95.471 1
2	1	1.1941 1	95.3 1
2	1	1.300 1	95.201 1
2	1	1.249 1	95.135 1
2	1	1.263 1	95.578 1
2	1	1.39 1	95.120 1
2	1	1.1541 1	95.642 1
2	1	1.1364 1	95.625 1
2	1	1.1836 1	95.756 1
2	1	1.1350 1	95.613 1
2	1	1.493 1	95.744 1
2	1	1.768 1	95.573 1
2	1	1.1086 1	95.481 1
2	1	1.669 1	95.388 1
2	1	1.23 1	95.160 1
2	1	1.1792 1	95.227 1
2	1	1.907 1	95.452 1
2	1	1.891 1	95.36 1
2	1	1.297 1	95.198 1
2	1	1.490 1	95.741 1
2	1	1.1356 1	95.618 1
2	1	1.573 1	95.790 1
2	1	1.320 1	95.249 1
2	1	1.816 1	95.440 1
2	1	1.361 1	95.270 1
2	1	1.417 1	95.688 1
4	3	1.1271 1 1.1521 0.665 1.736 0.760	95.883 1
2	1	1.1235 1	95.163 1
2	1	1.1563 1	95.293 1
2	1	1.563 1	95.782 1
2	1	1.607 1	95.806 1
2	1	1.305 1	95.206 1
2	1	1.1857 1	95.861 1
2	1	1.1615 1	95.327 1
2	1	1.1245 1	95.173 1
2	1	1.562 1	95.781 1
2	1	1.670 1	95.389 1
2	1	1.296 1	95.197 1
2	1	1.1399 1	95.457 1
2	1	1.1575 1	95.305 1
2	1	1.1040 1	95.469 1
2	1	1.1246 1	95.174 1
2	1	1.364 1	95.273 1
2	1	1.560 1	95.779 1
3	2	1.1264 1 1.727 1	95.147 1
2	1	1.601 1	95.801 1
2	1	1.1212 1	95.103 1
2	1	1.264 1	95.579 1
2	1	1.455 1	95.703 1
2	1	1.565 1	95.785 1
2	1	1.1935 1	95.848 1
2	1	1.208 1	95.92 1
2	1	1.402 1	95.681 1
2	1	1.1939 1	95.1 1
2	1	1.199 1	95.132 1
2	1	1.1805 1	95.1125 1
2	1	1.1578 1	95.307 1
2	1	1.1675 1	95.347 1
2	1	1.1561 1	95.292 1
2	1	1.360 1	95.269 1
2	1	1.1608 1	95.322 1
2	1	1.1831 1	95.238 1
2	1	1.1560 1	95.291 1
2	1	1.1323 1	95.599 1
2	1	1.1588 1	95.314 1
2	1	1.1837 1	95.757 1
2	1	1.1302 1	95.111 1
2	1	1.45 1	95.124 1
2	1	1.198 1	95.131 1
2	1	1.450 1	95.701 1
2	1	1.783 1	95.83 1
2	1	1.1679 1	95.349 1
2	1	1.1528 1	95.516 1
2	1	1.1240 1	95.168 1
2	1	1.1314 1	95.591 1
2	1	1.1089 1	95.484 1
2	1	1.1954 1	95.12 1
2	1	1.603 1	95.803 1
2	1	1.731 1	95.144 1
2	1	1.540 1	95.1012 1
2	1	1.621 1	95.815 1
2	1	1.363 1	95.272 1
2	1	1.1569 1	95.298 1
5	4	1.122 0.249 1.1268 1 1.1515 0.114 1.732 0.287	95.946 1
2	1	1.186 1	95.525 1
2	1	1.890 1	95.37 1
2	1	1.1932 1	95.846 1
2	1	1.1581 1	95.310 1
2	1	1.655 1	95.378 1
2	1	1.1322 1	95.598 1
2	1	1.1945 1	95.7 1
2	1	1.84 1	95.419 1
2	1	1.671 1	95.390 1
2	1	1.1621 1	95.332 1
2	1	1.726 1	95.148 1
2	1	1.1771 1	95.1100 1
2	1	1.136 1	95.460 1
2	1	1.1943 1	95.5 1
2	1	1.396 1	95.678 1
2	1	1.682 1	95.403 1
2	1	1.879 1	95.477 1
2	1	1.301 1	95.202 1
2	1	1.1347 1	95.612 1
2	1	1.46 1	95.125 1
2	1	1.230 1	95.52 1
2	1	1.991 1	95.30 1
2	1	1.489 1	95.740 1
4	3	1.1479 0.107 1.2072 1 1.2114 1	95.949 1
2	1	1.1894 1	95.820 1
2	1	1.883 1	95.474 1
2	1	1.406 1	95.684 1
2	1	1.1028 1	95.462 1
2	1	1.865 1	95.480 1
2	1	1.392 1	95.673 1
2	1	1.366 1	95.275 1
2	1	1.877 1	95.478 1
2	1	1.76 1	95.414 1
2	1	1.47 1	95.126 1
2	1	1.1618 1	95.329 1
2	1	1.569 1	95.787 1
2	1	1.610 1	95.807 1
2	1	1.1076 1	95.41 1
2	1	1.1340 1	95.606 1
2	1	1.1705 1	95.844 1
2	1	1.1940 1	95.2 1
2	1	1.1118 1	95.486 1
2	1	1.1977 1	95.1045 1
2	1	1.678 1	95.397 1
3	2	1.1706 1 1.244 0.909	95.843 1
2	1	1.492 1	95.743 1
2	1	1.1886 1	95.841 1
2	1	1.1339 1	95.605 1
2	1	1.547 1	95.768 1
2	1	1.309 1	95.243 1
2	1	1.429 1	95.697 1
2	1	1.1600 1	95.316 1
2	1	1.1912 1	95.824 1
2	1	1.681 1	95.402 1
2	1	1.546 1	95.767 1
2	1	1.1239 1	95.167 1
2	1	1.486 1	95.736 1
2	1	1.1571 1	95.300 1
2	1	1.880 1	95.476 1
2	1	1.1829 1	95.237 1
2	1	1.1626 1	95.336 1
2	1	1.1156 1	95.517 1
2	1	1.1795 1	95.229 1
2	1	1.265 1	95.580 1
2	1	1.269 1	95.584 1
2	1	1.1790 1	95.225 1
2	1	1.1609 1	95.323 1
2	1	1.38 1	95.119 1
2	1	1.1373 1	95.630 1
2	1	1.82 1	95.417 1
2	1	1.295 1	95.196 1
2	1	1.897 1	95.45 1
2	1	1.622 1	95.816 1
2	1	1.1354 1	95.617 1
2	1	1.358 1	95.268 1
3	2	1.1582 1	95.311 1 95.190 0.685
2	1	1.1231 1	95.162 1
2	1	1.1957 1	95.15 1
2	1	1.779 1	95.86 1
2	1	1.332 1	95.258 1
2	1	1.1324 1	95.600 1
2	1	1.1579 1	95.308 1
2	1	1.525 1	95.210 1
2	1	1.1586 1	95.313 1
2	1	1.356 1	95.266 1
2	1	1.1193 1	95.501 1
2	1	1.1315 1	95.592 1
2	1	1.1405 1	95.556 1
2	1	1.1542 1	95.643 1
2	1	1.428 1	95.696 1
2	1	1.233 1	95.55 1
2	1	1.1228 1	95.1017 1
2	1	1.1568 1	95.297 1
2	1	1.1879 1	95.833 1
2	1	1.668 1	95.387 1
2	1	1.677 1	95.396 1
2	1	1.1370 1	95.628 1
2	1	1.318 1	95.247 1
2	1	1.43 1	95.122 1
2	1	1.1767 1	95.1032 1
2	1	1.272 1	95.588 1
2	1	1.1880 1	95.834 1
2	1	1.268 1	95.583 1
2	1	1.351 1	95.264 1
2	1	1.552 1	95.773 1
2	1	1.1673 1	95.345 1
2	1	1.1956 1	95.14 1
2	1	1.1951 1	95.10 1
2	1	1.314 1	95.245 1
2	1	1.673 1	95.392 1
2	1	1.1617 1	95.328 1
2	1	1.1624 1	95.334 1
2	1	1.1821 1	95.1109 1
2	1	1.614 1	95.811 1
2	1	1.1620 1	95.331 1
2	1	1.1417 1	95.559 1
3	2	1.390 1 1.499 0.699	95.672 1
2	1	1.551 1	95.772 1
2	1	1.997 1	95.1098 1
2	1	1.1142 1	95.48 1
2	1	1.464 1	95.714 1
2	1	1.1566 1	95.295 1
2	1	1.696 1	95.410 1
2	1	1.782 1	95.84 1
2	1	1.231 1	95.53 1
2	1	1.1045 1	95.472 1
2	1	1.1683 1	95.353 1
2	1	1.347 1	95.261 1
2	1	1.1883 1	95.837 1
2	1	1.613 1	95.809 1
2	1	1.1501 1	95.506 1
2	1	1.1885 1	95.840 1
2	1	1.1527 1	95.515 1
2	1	1.815 1	95.441 1
2	1	1.36 1	95.117 1
2	1	1.800 1	95.71 1
2	1	1.430 1	95.698 1
2	1	1.955 1	95.536 1
2	1	1.368 1	95.277 1
2	1	1.1797 1	95.1132 1
2	1	1.1882 1	95.836 1
2	1	1.514 1	95.752 1
2	1	1.784 1	95.82 1
2	1	1.1090 1	95.485 1
6	5	1.1466 0.320 1.1968 1 1.1983 1 1.2127 0.087 1.2160 0.087	95.1038 1
2	1	1.749 1	95.141 1
2	1	1.1408 1	95.557 1
3	2	1.1825 1	95.1106 1 95.233 1
2	1	1.1818 1	95.1112 1
2	1	1.801 1	95.70 1
2	1	1.1556 1	95.286 1
2	1	1.1576 1	95.306 1
2	1	1.515 1	95.909 1
2	1	1.235 1	95.56 1
2	1	1.374 1	95.656 1
2	1	1.50 1	95.130 1
2	1	1.1398 1	95.456 1
2	1	1.1191 1	95.500 1
2	1	1.1529 1	95.88 1
2	1	1.383 1	95.667 1
2	1	1.1281 1	95.184 1
2	1	1.1346 1	95.611 1
2	1	1.299 1	95.200 1
2	1	1.1021 1	95.17 1
2	1	1.965 1	95.529 1
2	1	1.1087 1	95.482 1
3	2	1.62 1	95.1097 0.576 95.974 1
2	1	1.427 1	95.695 1
2	1	1.1155 1	95.518 1
2	1	1.695 1	95.409 1
2	1	1.564 1	95.783 1
2	1	1.37 1	95.118 1
2	1	1.85 1	95.423 1
7	6	1.1160 0.592 1.1636 1 1.2053 0.168 1.2081 0.222 1.2095 0.168 1.520 0.216	95.488 1
2	1	1.585 1	95.794 1
2	1	1.561 1	95.780 1
2	1	1.604 1	95.804 1
2	1	1.895 1	95.47 1
2	1	1.1893 1	95.819 1
2	1	1.1570 1	95.299 1
2	1	1.1804 1	95.1126 1
2	1	1.175 1	95.534 1
2	1	1.799 1	95.72 1
2	1	1.1241 1	95.169 1
2	1	1.1553 1	95.282 1
2	1	1.369 1	95.278 1
2	1	1.465 1	95.715 1
2	1	1.548 1	95.769 1
2	1	1.1242 1	95.170 1
2	1	1.1685 1	95.355 1
2	1	1.1950 1	95.9 1
2	1	1.1247 1	95.175 1
2	1	1.1419 1	95.561 1
2	1	1.454 1	95.96 1
2	1	1.298 1	95.199 1
2	1	1.1895 1	95.822 1
2	1	1.376 1	95.658 1
2	1	1.1358 1	95.620 1
2	1	1.1397 1	95.455 1
3	2	1.131 1 1.1522 0.975	95.888 1
2	1	1.751 1	95.139 1
2	1	1.372 1	95.654 1
2	1	1.426 1	95.694 1
2	1	1.479 1	95.724 1
2	1	1.1182 1	95.494 1
2	1	1.988 1	95.32 1
2	1	1.491 1	95.742 1
2	1	1.485 1	95.735 1
2	1	1.680 1	95.401 1
2	1	1.1807 1	95.1123 1
2	1	1.1816 1	95.1114 1
3	2	1.2144 1 1.2176 1	95.1050 1
2	1	1.1551 1	95.280 1
2	1	1.1316 1	95.593 1
2	1	1.170 1	95.521 1
2	1	1.789 1	95.78 1
2	1	1.676 1	95.395 1
2	1	1.357 1	95.267 1
2	1	1.503 1	95.747 1
2	1	1.1892 1	95.818 1
2	1	1.1858 1	95.860 1
3	2	1.1966 1 1.1981 1	95.1042 1
3	2	1.2071 1 1.2113 1	95.1036 1
4	3	1.119 0.900 1.1511 1 1.728 0.383	95.146 1
2	1	1.211 1	95.93 1
2	1	1.1756 1	95.367 1
2	1	1.1180 1	95.490 1
2	1	1.1372 1	95.629 1
2	1	1.19 1	95.158 1
2	1	1.1603 1	95.318 1
2	1	1.1434 1	95.1021 1
2	1	1.934 1	95.522 1
2	1	1.1502 1	95.507 1
2	1	1.1360 1	95.622 1
2	1	1.375 1	95.657 1
2	1	1.385 1	95.668 1
2	1	1.881 1	95.475 1
2	1	1.88 1	95.435 1
2	1	1.908 1	95.451 1
2	1	1.785 1	95.81 1
2	1	1.1619 1	95.330 1
2	1	1.884 1	95.473 1
2	1	1.1680 1	95.350 1
2	1	1.294 1	95.195 1
2	1	1.1074 1	95.40 1
2	1	1.292 1	95.194 1
2	1	1.303 1	95.204 1
2	1	1.279 1	95.1016 1
2	1	1.675 1	95.394 1
2	1	1.232 1	95.54 1
2	1	1.1676 1	95.348 1
2	1	1.1545 1	95.646 1
2	1	1.1437 1	95.1023 1
2	1	1.1313 1	95.590 1
2	1	1.600 1	95.800 1
2	1	1.1812 1	95.1118 1
2	1	1.313 1	95.244 1
2	1	1.1038 1	95.467 1
2	1	1.1809 1	95.1121 1
2	1	1.20 1	95.159 1
2	1	1.594 1	95.911 1
2	1	1.787 1	95.79 1
2	1	1.1672 1	95.344 1
2	1	1.1666 1	95.858 1
2	1	1.137 1	95.461 1
2	1	1.49 1	95.129 1
2	1	1.1282 1	95.183 1
2	1	1.1244 1	95.172 1
2	1	1.317 1	95.246 1
2	1	1.1878 1	95.832 1
2	1	1.554 1	95.774 1
2	1	1.626 1	95.1067 1
2	1	1.1884 1	95.838 1
2	1	1.1327 1	95.603 1
2	1	1.1944 1	95.6 1
2	1	1.1353 1	95.616 1
2	1	1.1550 1	95.279 1
3	2	1.306 1	95.207 1 95.661 0.704
2	1	1.1357 1	95.619 1
3	2	1.1426 1 1.1445 0.333	95.566 1
2	1	1.1393 1	95.453 1
2	1	1.346 1	95.260 1
2	1	1.1800 1	95.1130 1
6	8	1.1025 1 1.843 0.343 1.926 0.214 1.998 0.553	95.902 1 95.903 0.130
2	1	1.750 1	95.140 1
2	1	1.987 1	95.33 1
2	1	1.1363 1	95.624 1
2	1	1.1703 1	95.845 1
2	1	1.550 1	95.770 1
2	1	1.373 1	95.655 1
2	1	1.365 1	95.274 1
2	1	1.529 1	95.215 1
2	1	1.1904 1	95.831 1
2	1	1.620 1	95.814 1
2	1	1.146 1	95.538 1
2	1	1.1300 1	95.107 1
2	1	1.1361 1	95.623 1
2	1	1.1000 1	95.730 1
3	2	1.1404 1 1.1403 0.901	95.555 1
2	1	1.539 1	95.1013 1
2	1	1.602 1	95.802 1
2	1	1.381 1	95.429 1
2	1	1.606 1	95.805 1
2	1	1.850 1	95.905 1
2	1	1.1325 1	95.601 1
2	1	1.1786 1	95.223 1
2	1	1.1627 1	95.337 1
5	6	1.835 1 1.1741 1 1.1453 0.106	95.894 1 95.1095 1
2	1	1.989 1	95.31 1
3	2	1.1113 1	95.1072 1 95.917 0.153
2	1	1.431 1	95.699 1
2	1	1.1806 1	95.1124 1
2	1	1.693 1	95.407 1
2	1	1.1037 1	95.466 1
2	1	1.289 1	95.193 1
2	1	1.1910 1	95.825 1
2	1	1.1359 1	95.621 1
2	1	1.1817 1	95.1113 1
2	1	1.408 1	95.685 1
2	1	1.1077 1	95.42 1
2	1	1.1832 1	95.239 1
2	1	1.611 1	95.808 1
2	1	1.321 1	95.250 1
2	1	1.48 1	95.128 1
2	1	1.584 1	95.795 1
2	1	1.1473 1	95.1051 1
2	1	1.1604 1	95.319 1
2	1	1.658 1	95.381 1
2	1	1.1503 1	95.508 1
3	2	1.1727 0.566 1.831 1	95.24 1
3	2	1.143 1	95.1056 0.812 95.541 1
3	2	1.116 1 1.1508 1	95.149 1
2	1	1.1958 1	95.16 1
2	1	1.495 1	95.745 1
2	1	1.1190 1	95.499 1
2	1	1.1504 1	95.509 1
2	1	1.1668 1	95.341 1
3	2	1.1429 1 1.1443 0.933	95.564 1
2	1	1.1538 1	95.641 1
2	1	1.397 1	95.679 1
2	1	1.1319 1	95.595 1
2	1	1.657 1	95.380 1
2	1	1.819 1	95.436 1
2	1	1.985 1	95.1025 1
2	1	1.619 1	95.813 1
2	1	1.1810 1	95.1120 1
2	1	1.1801 1	95.1129 1
2	1	1.1205 1	95.100 1
2	1	1.1321 1	95.597 1
2	1	1.1280 1	95.185 1
3	2	1.1253 1 1.1275 0.947	95.649 1
2	1	1.635 1	95.1069 1
2	1	1.1744 1	95.1079 1
2	1	1.1814 1	95.1116 1
2	1	1.663 1	95.385 1
2	1	1.813 1	95.442 1
2	1	1.1097 1	95.1034 1
2	1	1.1377 1	95.589 1
2	1	1.404 1	95.683 1
7	6	1.1452 0.266 1.1645 0.253 1.1659 0.258 1.1922 1 1.67 0.550 1.916 0.729	95.932 1
2	1	1.1808 1	95.1122 1
3	2	1.1823 1	95.1107 1 95.232 1
2	1	1.527 1	95.214 1
2	1	1.1802 1	95.1128 1
2	1	1.1136 1	95.51 1
2	1	1.1179 1	95.489 1
2	1	1.1552 1	95.281 1
3	2	1.123 0.974 1.1516 1	95.976 1
2	1	1.1798 1	95.1131 1
2	1	1.767 1	95.574 1
2	1	1.1418 1	95.560 1
2	1	1.1684 1	95.354 1
2	1	1.780 1	95.85 1
2	1	1.769 1	95.572 1
2	1	1.191 1	95.638 1
2	1	1.1681 1	95.351 1
2	1	1.513 1	95.751 1
2	1	1.1574 1	95.303 1
2	1	1.526 1	95.212 1
2	1	1.1196 1	95.503 1
3	2	1.1723 1 1.829 0.052	95.23 1
3	2	1.162 0.778 1.967 1	95.528 1
2	1	1.1543 1	95.644 1
2	1	1.1819 1	95.1111 1
2	1	1.271 1	95.587 1
3	2	1.1270 1 1.1652 0.222	95.864 1
2	1	1.471 1	95.720 1
2	1	1.511 1	95.750 1
2	1	1.81 1	95.416 1
2	1	1.927 1	95.1027 1
2	1	1.1237 1	95.164 1
2	1	1.419 1	95.690 1
3	2	1.1826 1	95.1105 1 95.234 1
2	1	1.1813 1	95.1117 1
2	1	1.1788 1	95.224 1
2	1	1.1905 1	95.830 1
5	4	1.1294 1	95.889 0.411 95.940 0.310 95.973 1 95.979 0.275
2	1	1.140 1	95.544 1
2	1	1.89 1	95.434 1
2	1	1.1625 1	95.335 1
2	1	1.1768 1	95.1085 1
3	2	1.2012 1 1.2037 1	95.997 1
3	2	1.2143 1 1.2175 1	95.1049 1
2	1	1.403 1	95.682 1
2	1	1.488 1	95.739 1
2	1	1.531 1	95.217 1
2	1	1.481 1	95.733 1
2	1	1.1309 1	95.1022 1
2	1	1.1898 1	95.823 1
2	1	1.1573 1	95.302 1
6	9	1.1135 0.187 1.1257 1 1.722 0.875	95.1094 1 95.664 0.143 95.878 0.476
3	2	1.683 1 1.710 1	95.404 1
2	1	1.1153 1	95.519 1
3	2	1.1964 1 1.1979 1	95.1043 1
2	1	1.1833 1	95.242 1
2	1	1.1204 1	95.99 1
2	1	1.1320 1	95.596 1
2	1	1.1493 1	95.870 1
2	1	1.1820 1	95.1110 1
2	1	1.1420 1	95.562 1
2	1	1.1444 1	95.565 1
2	1	1.811 1	95.445 1
3	2	1.1822 1	95.1108 1 95.231 1
2	1	1.1605 1	95.320 1
2	1	1.1043 1	95.470 1
2	1	1.1070 1	95.39 1
2	1	1.1203 1	95.98 1
2	1	1.1622 1	95.333 1
2	1	1.1682 1	95.352 1
2	1	1.1546 1	95.647 1
2	1	1.16 1	95.157 1
3	2	1.1740 1	95.1004 1 95.1096 0.333
3	2	1.2011 1 1.2036 1	95.948 1
2	1	1.449 1	95.700 1
2	1	1.733 1	95.687 1
2	1	1.631 1	95.1068 1
2	1	1.1693 1	95.26 1
2	1	1.544 1	95.765 1
2	1	1.34 1	95.114 1
2	1	1.701 1	95.408 1
2	1	1.1199 1	95.505 1
2	1	1.270 1	95.586 1
3	2	1.1713 1	95.952 0.165 95.965 1
2	1	1.482 1	95.734 1
2	1	1.145 1	95.540 1
2	1	1.187 1	95.524 1
2	1	1.798 1	95.73 1
2	1	1.1472 1	95.1090 1
2	1	1.1243 1	95.171 1
2	1	1.538 1	95.1014 1
2	1	1.35 1	95.116 1
2	1	1.327 1	95.253 1
2	1	1.1674 1	95.346 1
2	1	1.1791 1	95.226 1
2	1	1.325 1	95.252 1
2	1	1.1772 1	95.1080 1
2	1	1.1670 1	95.343 1
2	1	1.463 1	95.713 1
2	1	1.1564 1	95.294 1
2	1	1.1770 1	95.552 1
2	1	1.572 1	95.789 1
2	1	1.667 1	95.386 1
3	2	1.854 1	95.1015 1 95.892 0.766
2	1	1.1906 1	95.828 1
2	1	1.1141 1	95.49 1
2	1	1.1402 1	95.554 1
2	1	1.812 1	95.444 1
3	2	1.1648 1 1.1656 1	95.886 1
2	1	1.1222 1	95.25 1
2	1	1.1815 1	95.1115 1
2	1	1.530 1	95.216 1
8	12	1.1159 0.393 1.1710 1 1.2054 0.679 1.2096 0.679 1.519 0.857 1.975 0.857	95.433 1 95.887 1
2	1	1.541 1	95.1011 1
2	1	1.910 1	95.648 1
2	1	1.388 1	95.670 1
2	1	1.1773 1	95.1002 1
2	1	1.1365 1	95.626 1
2	1	1.469 1	95.718 1
2	1	1.692 1	95.406 1
5	4	1.120 0.846 1.1266 0.846 1.1512 1 1.730 0.423	95.145 1
3	2	1.1731 1	95.1092 1 95.942 0.074
2	1	1.559 1	95.778 1
2	1	1.1629 1	95.339 1
2	1	1.786 1	95.80 1
2	1	1.1601 1	95.317 1
2	1	1.1803 1	95.1127 1
3	2	1.1967 1 1.1982 1	95.1041 1
2	1	1.1599 1	95.315 1
2	1	1.362 1	95.271 1
2	1	1.973 1	95.35 1
2	1	1.1606 1	95.321 1
3	2	1.1762 1 1.948 0.458	95.370 1
2	1	1.387 1	95.669 1
2	1	1.674 1	95.393 1
2	1	1.770 1	95.570 1
2	1	1.772 1	95.569 1
2	1	1.623 1	95.817 1
2	1	1.968 1	95.527 1
2	1	1.555 1	95.775 1
2	1	1.1175 1	95.254 1
2	1	1.1101 1	95.1029 1
2	1	1.1020 1	95.18 1
2	1	1.1096 1	95.993 1
2	1	1.1811 1	95.1119 1
2	1	1.389 1	95.671 1
2	1	1.1186 1	95.498 1
2	1	1.1088 1	95.483 1
2	1	1.1110 1	95.879 1
3	2	1.1256 1 1.1860 0.086	95.727 1
2	1	1.1559 1	95.290 1
2	1	1.1211 1	95.102 1
2	1	1.266 1	95.581 1
2	1	1.797 1	95.74 1
2	1	1.963 1	95.531 1
3	2	1.409 1	95.686 1 95.966 0.435
3	2	1.1098 0.200 1.1766 1	95.1033 1
2	1	1.1537 1	95.640 1
2	1	1.1794 1	95.228 1
2	1	1.1949 1	95.8 1
2	1	1.1326 1	95.602 1
2	1	1.224 1	95.512 1
2	1	1.1181 1	95.491 1
5	4	1.1172 0.487 1.130 0.619 1.1654 1 1.97 0.494	95.884 1
3	2	1.1974 1 1.1989 1	95.530 1
2	1	1.206 1	95.90 1
2	1	1.425 1	95.693 1
2	1	1.467 1	95.717 1
2	1	1.765 1	95.576 1
2	1	1.331 1	95.256 1
2	1	1.451 1	95.702 1
2	1	1.1183 1	95.495 1
2	1	1.250 1	95.136 1
2	1	1.1208 1	95.101 1
2	1	1.570 1	95.788 1
2	1	1.766 1	95.575 1
3	2	1.874 1	95.150 0.192 95.446 1
2	1	1.1351 1	95.614 1
2	1	1.1557 1	95.287 1
2	1	1.256 1	95.1104 1
3	2	1.168 0.600 1.935 1	95.523 1
2	1	1.77 1	95.415 1
2	1	1.248 1	95.134 1
2	1	1.1828 1	95.236 1
2	1	1.1276 1	95.651 1
2	1	1.1184 1	95.496 1
2	1	1.1224 1	95.970 1
2	1	1.1254 1	95.652 1
3	2	1.155 1 1.959 0.931	95.533 1
2	1	1.1667 1	95.340 1
2	1	1.1035 1	95.463 1
2	1	1.1301 1	95.109 1
3	2	1.2069 1 1.2111 1	95.866 1
3	2	1.1011 1	95.181 0.833 95.20 1
2	1	1.1344 1	95.609 1
2	1	1.972 1	95.34 1
2	1	1.679 1	95.399 1
3	2	1.1004 1 1.1694 0.306	95.1061 1
2	1	1.457 1	95.705 1
3	2	1.684 1 1.709 1	95.405 1
2	1	1.236 1	95.57 1
2	1	1.1952 1	95.11 1
3	2	1.2147 1 1.2179 1	95.1057 1
2	1	1.1036 1	95.464 1
2	1	1.1342 1	95.608 1
5	4	1.1012 0.300 1.1720 1 1.1862 0.650 1.827 0.150	95.1053 1
2	1	1.456 1	95.704 1
2	1	1.506 1	95.372 1
3	2	1.1002 0.628 1.951 1	95.1024 1
2	1	1.928 1	95.43 1
2	1	1.1409 1	95.558 1
2	1	1.1548 1	95.161 1
2	1	1.852 1	95.912 1
2	1	1.954 1	95.537 1
2	1	1.1022 1	95.550 1
2	1	1.1856 1	95.862 1
2	1	1.1554 1	95.283 1
2	1	1.352 1	95.265 1
2	1	1.179 1	95.532 1
2	1	1.545 1	95.766 1
2	1	1.866 1	95.479 1
2	1	1.42 1	95.121 1
2	1	1.875 1	95.143 1
2	1	1.1068 1	95.38 1
2	1	1.1934 1	95.847 1
3	2	1.1259 1 1.716 0.134	95.182 1
2	1	1.254 1	95.636 1
3	2	1.1170 0.790 1.645 1	95.938 1
5	4	1.1255 1 1.1277 0.333 1.720 0.420 1.721 0.319	95.653 1
2	1	1.599 1	95.799 1
3	2	1.2070 1 1.2112 1	95.1035 1
2	1	1.440 1	95.604 1
2	1	1.905 1	95.44 1
3	2	1.161 0.981 1.966 1	95.151 1
2	1	1.1864 1	95.874 1
2	1	1.734 1	95.923 1
2	1	1.1215 1	95.105 1
7	12	1.134 1 1.51 1 1.1761 0.545 1.1593 0.227	95.369 1 95.1009 1 95.284 0.217
2	1	1.1715 1	95.1066 1
2	1	1.1544 1	95.645 1
3	2	1.1157 0.660 1.778 1	95.978 1
2	1	1.502 1	95.746 1
2	1	1.516 1	95.753 1
2	1	1.324 1	95.251 1
3	2	1.164 0.464 1.969 1	95.526 1
2	1	1.418 1	95.689 1
2	1	1.1760 1	95.58 1
2	1	1.662 1	95.384 1
2	1	1.1716 1	95.632 1
2	1	1.870 1	95.447 1
2	1	1.462 1	95.712 1
2	1	1.1523 1	95.510 1
2	1	1.286 1	95.853 1
2	1	1.1838 1	95.762 1
2	1	1.1985 1	95.867 1
2	1	1.350 1	95.263 1
2	1	1.1304 1	95.113 1
2	1	1.1469 1	95.851 1
