Size	Relations	OrthoA	OrthoB
2	1	1.661 1	96.403 1
2	1	1.44 1	96.1045 1
2	1	1.1572 1	96.843 1
2	1	1.896 1	96.279 1
2	1	1.618 1	96.545 1
2	1	1.807 1	96.121 1
2	1	1.1855 1	96.749 1
2	1	1.660 1	96.402 1
2	1	1.1580 1	96.837 1
2	1	1.1191 1	96.57 1
2	1	1.1881 1	96.501 1
2	1	1.466 1	96.938 1
2	1	1.656 1	96.399 1
2	1	1.212 1	96.143 1
2	1	1.302 1	96.868 1
2	1	1.1942 1	96.477 1
2	1	1.319 1	96.323 1
2	1	1.1198 1	96.88 1
2	1	1.1872 1	96.516 1
2	1	1.1194 1	96.86 1
2	1	1.330 1	96.1013 1
2	1	1.1044 1	96.666 1
2	1	1.943 1	96.642 1
2	1	1.1955 1	96.468 1
2	1	1.1350 1	96.1185 1
2	1	1.1941 1	96.478 1
2	1	1.614 1	96.733 1
2	1	1.493 1	96.914 1
2	1	1.487 1	96.920 1
2	1	1.23 1	96.1196 1
2	1	1.1541 1	96.835 1
2	1	1.85 1	96.581 1
2	1	1.1669 1	96.358 1
2	1	1.447 1	96.883 1
2	1	1.1718 1	96.393 1
2	1	1.567 1	96.780 1
2	1	1.135 1	96.566 1
2	1	1.490 1	96.917 1
2	1	1.1317 1	96.1158 1
2	1	1.320 1	96.324 1
2	1	1.300 1	96.870 1
2	1	1.1235 1	96.1205 1
2	1	1.297 1	96.873 1
2	1	1.1836 1	96.906 1
2	1	1.573 1	96.769 1
2	1	1.1341 1	96.1179 1
2	1	1.263 1	96.1145 1
2	1	1.601 1	96.744 1
2	1	1.361 1	96.969 1
2	1	1.670 1	96.408 1
2	1	1.1675 1	96.366 1
2	1	1.1364 1	96.1201 1
2	1	1.1339 1	96.1177 1
2	1	1.1909 1	96.518 1
2	1	1.891 1	96.675 1
2	1	1.1805 1	96.288 1
2	1	1.768 1	96.1126 1
2	1	1.305 1	96.867 1
2	1	1.417 1	96.903 1
2	1	1.264 1	96.1146 1
2	1	1.1679 1	96.368 1
2	1	1.1246 1	96.237 1
2	1	1.1939 1	96.480 1
2	1	1.1563 1	96.948 1
2	1	1.1753 1	96.391 1
2	1	1.1086 1	96.44 1
2	1	1.364 1	96.966 1
2	1	1.40 1	96.1050 1
2	1	1.454 1	96.1192 1
4	3	1.1907 1	96.48 0.052 96.520 1 96.680 0.101
2	1	1.445 1	96.106 1
2	1	1.1935 1	96.482 1
2	1	1.39 1	96.1051 1
2	1	1.38 1	96.1052 1
2	1	1.198 1	96.1037 1
2	1	1.1240 1	96.227 1
2	1	1.682 1	96.422 1
2	1	1.208 1	96.141 1
2	1	1.1792 1	96.270 1
2	1	1.1588 1	96.830 1
2	1	1.1831 1	96.312 1
2	1	1.1245 1	96.236 1
2	1	1.1781 1	96.263 1
2	1	1.669 1	96.407 1
2	1	1.560 1	96.793 1
2	1	1.563 1	96.787 1
2	1	1.406 1	96.1294 1
2	1	1.1575 1	96.567 1
2	1	1.565 1	96.783 1
2	1	1.562 1	96.791 1
2	1	1.360 1	96.970 1
2	1	1.1212 1	96.1087 1
2	1	1.617 1	96.546 1
2	1	1.1894 1	96.530 1
2	1	1.655 1	96.398 1
2	1	1.1561 1	96.949 1
2	1	1.1040 1	96.664 1
2	1	1.1581 1	96.834 1
2	1	1.1837 1	96.905 1
2	1	1.1528 1	96.101 1
2	1	1.478 1	96.356 1
2	1	1.783 1	96.131 1
2	1	1.199 1	96.1034 1
2	1	1.450 1	96.880 1
2	1	1.1356 1	96.111 1
2	1	1.1706 1	96.491 1
2	1	1.1885 1	96.497 1
2	1	1.1705 1	96.490 1
2	1	1.1322 1	96.1162 1
2	1	1.1302 1	96.1083 1
2	1	1.1621 1	96.346 1
2	1	1.1932 1	96.485 1
2	1	1.244 1	96.116 1
2	1	1.621 1	96.541 1
2	1	1.890 1	96.676 1
2	1	1.76 1	96.586 1
2	1	1.283 1	96.244 1
2	1	1.1089 1	96.47 1
2	1	1.249 1	96.1030 1
2	1	1.396 1	96.1287 1
2	1	1.540 1	96.807 1
2	1	1.136 1	96.565 1
2	1	1.1702 1	96.488 1
2	1	1.400 1	96.1291 1
2	1	1.366 1	96.962 1
2	1	1.1940 1	96.479 1
6	5	1.1295 0.516 1.1730 0.185 1.1859 1 1.1869 0.157 1.556 0.455	96.4 1
2	1	1.1618 1	96.342 1
2	1	1.1886 1	96.493 1
3	2	1.346 1	96.933 1 96.1093 0.614
2	1	1.1943 1	96.476 1
2	1	1.1323 1	96.1163 1
2	1	1.1600 1	96.822 1
2	1	1.1626 1	96.352 1
2	1	1.363 1	96.967 1
2	1	1.265 1	96.1147 1
2	1	1.492 1	96.915 1
2	1	1.678 1	96.417 1
3	2	1.865 1	96.43 1 96.1019 0.800
2	1	1.1945 1	96.474 1
2	1	1.622 1	96.534 1
2	1	1.879 1	96.672 1
2	1	1.1535 1	96.946 1
2	1	1.45 1	96.1044 1
2	1	1.489 1	96.918 1
2	1	1.603 1	96.742 1
2	1	1.84 1	96.582 1
2	1	1.1314 1	96.1155 1
2	1	1.1615 1	96.340 1
2	1	1.1608 1	96.336 1
2	1	1.1340 1	96.1178 1
2	1	1.547 1	96.802 1
2	1	1.269 1	96.1150 1
2	1	1.779 1	96.134 1
2	1	1.1560 1	96.950 1
2	1	1.671 1	96.409 1
2	1	1.1148 1	96.151 1
2	1	1.433 1	96.886 1
3	2	1.1879 1	96.507 1 96.434 0.906
2	1	1.1957 1	96.453 1
2	1	1.1239 1	96.226 1
2	1	1.1821 1	96.304 1
2	1	1.295 1	96.875 1
3	2	1.82 1	96.584 1 96.1079 0.704
2	1	1.429 1	96.891 1
2	1	1.668 1	96.406 1
2	1	1.569 1	96.779 1
2	1	1.318 1	96.321 1
2	1	1.883 1	96.61 1
2	1	1.1958 1	96.443 1
2	1	1.1416 1	96.1112 1
2	1	1.907 1	96.1138 1
2	1	1.991 1	96.614 1
2	1	1.1586 1	96.831 1
2	1	1.1609 1	96.337 1
2	1	1.486 1	96.921 1
2	1	1.1569 1	96.846 1
2	1	1.358 1	96.971 1
3	2	1.1582 1	96.833 1 96.250 0.685
2	1	1.47 1	96.1042 1
2	1	1.1954 1	96.469 1
2	1	1.43 1	96.1048 1
2	1	1.1413 1	96.1113 1
2	1	1.314 1	96.319 1
2	1	1.46 1	96.1043 1
2	1	1.368 1	96.960 1
2	1	1.235 1	96.1095 1
2	1	1.607 1	96.739 1
2	1	1.782 1	96.132 1
2	1	1.1717 1	96.394 1
5	4	1.122 0.494 1.1268 1 1.1515 0.403 1.732 0.519	96.774 1
2	1	1.972 1	96.1282 1
2	1	1.1405 1	96.1195 1
2	1	1.301 1	96.869 1
2	1	1.296 1	96.874 1
4	3	1.347 1	96.932 1 96.167 0.811 96.758 0.754
2	1	1.383 1	96.1276 1
2	1	1.696 1	96.441 1
2	1	1.676 1	96.415 1
2	1	1.1579 1	96.838 1
2	1	1.1617 1	96.341 1
2	1	1.1790 1	96.267 1
2	1	1.550 1	96.800 1
2	1	1.1683 1	96.372 1
2	1	1.1880 1	96.504 1
2	1	1.677 1	96.416 1
2	1	1.1566 1	96.852 1
2	1	1.551 1	96.799 1
2	1	1.1571 1	96.844 1
2	1	1.367 1	96.961 1
2	1	1.284 1	96.243 1
2	1	1.585 1	96.755 1
2	1	1.681 1	96.421 1
2	1	1.1354 1	96.110 1
2	1	1.430 1	96.888 1
2	1	1.1022 1	96.1225 1
2	1	1.1156 1	96.608 1
2	1	1.1818 1	96.301 1
2	1	1.1597 1	96.827 1
2	1	1.672 1	96.411 1
2	1	1.1825 1	96.307 1
2	1	1.525 1	96.860 1
2	1	1.50 1	96.1038 1
2	1	1.299 1	96.871 1
2	1	1.1324 1	96.1164 1
2	1	1.1076 1	96.592 1
2	1	1.268 1	96.1149 1
2	1	1.1568 1	96.847 1
2	1	1.552 1	96.798 1
2	1	1.945 1	96.641 1
2	1	1.35 1	96.1055 1
3	2	1.390 1 1.499 0.696	96.1286 1
2	1	1.1365 1	96.1202 1
2	1	1.351 1	96.975 1
2	1	1.1624 1	96.350 1
2	1	1.1373 1	96.1089 1
2	1	1.1956 1	96.456 1
2	1	1.1673 1	96.361 1
2	1	1.233 1	96.549 1
2	1	1.428 1	96.892 1
3	2	1.166 0.065 1.186 1	96.994 1
2	1	1.1045 1	96.667 1
2	1	1.801 1	96.122 1
2	1	1.1576 1	96.840 1
2	1	1.1417 1	96.1111 1
2	1	1.1542 1	96.1257 1
2	1	1.356 1	96.973 1
2	1	1.1142 1	96.82 1
2	1	1.1315 1	96.1156 1
2	1	1.1274 1	96.1265 1
2	1	1.784 1	96.130 1
2	1	1.444 1	96.105 1
2	1	1.1685 1	96.374 1
2	1	1.880 1	96.75 1
2	1	1.1797 1	96.281 1
4	3	1.149 1	96.1004 0.543 96.1231 0.306 96.210 1
2	1	1.1346 1	96.1181 1
2	1	1.1419 1	96.1106 1
2	1	1.464 1	96.940 1
2	1	1.1950 1	96.472 1
2	1	1.564 1	96.786 1
2	1	1.1795 1	96.272 1
2	1	1.610 1	96.738 1
2	1	1.1620 1	96.345 1
2	1	1.1578 1	96.102 1
2	1	1.1038 1	96.663 1
2	1	1.1377 1	96.204 1
2	1	1.749 1	96.1024 1
2	1	1.604 1	96.741 1
2	1	1.1883 1	96.499 1
3	2	1.427 1	96.893 1 96.1281 0.764
2	1	1.680 1	96.420 1
2	1	1.897 1	96.278 1
2	1	1.1527 1	96.100 1
2	1	1.416 1	96.1297 1
2	1	1.1629 1	96.354 1
2	1	1.528 1	96.857 1
2	1	1.1833 1	96.314 1
2	1	1.1193 1	96.85 1
2	1	1.789 1	96.126 1
2	1	1.1231 1	96.1203 1
2	1	1.298 1	96.872 1
2	1	1.88 1	96.571 1
2	1	1.37 1	96.1053 1
2	1	1.392 1	96.277 1
2	1	1.1060 1	96.678 1
2	1	1.293 1	96.255 1
2	1	1.561 1	96.792 1
2	1	1.613 1	96.734 1
2	1	1.673 1	96.412 1
2	1	1.1893 1	96.531 1
2	1	1.385 1	96.1280 1
2	1	1.465 1	96.939 1
2	1	1.1021 1	96.1224 1
2	1	1.1804 1	96.287 1
2	1	1.1502 1	96.94 1
2	1	1.1553 1	96.955 1
2	1	1.1556 1	96.952 1
2	1	1.877 1	96.646 1
2	1	1.1619 1	96.343 1
2	1	1.1077 1	96.591 1
2	1	1.1756 1	96.386 1
5	4	1.1399 1	96.1133 1 96.623 0.593 96.624 0.375 96.625 0.399
3	2	1.1253 0.918 1.1275 1	96.1266 1
2	1	1.1809 1	96.292 1
2	1	1.751 1	96.1026 1
2	1	1.21 1	96.20 1
2	1	1.1247 1	96.238 1
2	1	1.485 1	96.922 1
4	4	1.687 1 1.706 1	96.436 1 96.650 0.525
2	1	1.1398 1	96.264 1
2	1	1.1812 1	96.295 1
3	2	1.787 1 1.1397 0.801	96.127 1
3	2	1.579 1	96.146 0.269 96.762 1
2	1	1.1551 1	96.957 1
2	1	1.1367 1	96.195 1
2	1	1.369 1	96.959 1
2	1	1.49 1	96.1039 1
2	1	1.620 1	96.543 1
2	1	1.317 1	96.320 1
2	1	1.1545 1	96.1263 1
2	1	1.1558 1	96.951 1
2	1	1.292 1	96.254 1
2	1	1.1807 1	96.290 1
2	1	1.1800 1	96.283 1
2	1	1.19 1	96.18 1
2	1	1.376 1	96.1272 1
2	1	1.1028 1	96.511 1
2	1	1.1817 1	96.300 1
2	1	1.374 1	96.1270 1
2	1	1.272 1	96.1153 1
2	1	1.658 1	96.401 1
3	2	1.908 1	96.13 1 96.626 0.345
2	1	1.20 1	96.19 1
5	4	1.119 0.078 1.1265 1 1.1511 0.143 1.728 0.160	96.771 1
2	1	1.1912 1	96.1009 1
2	1	1.1904 1	96.522 1
2	1	1.231 1	96.552 1
2	1	1.357 1	96.972 1
2	1	1.1951 1	96.471 1
2	1	1.785 1	96.129 1
2	1	1.1316 1	96.1157 1
2	1	1.1882 1	96.500 1
2	1	1.1325 1	96.1165 1
2	1	1.48 1	96.1041 1
2	1	1.615 1	96.547 1
2	1	1.1087 1	96.45 1
2	1	1.1313 1	96.1154 1
2	1	1.765 1	96.1129 1
2	1	1.503 1	96.1176 1
2	1	1.539 1	96.806 1
2	1	1.977 1	96.637 1
2	1	1.211 1	96.142 1
2	1	1.1241 1	96.228 1
2	1	1.381 1	96.578 1
2	1	1.1794 1	96.271 1
2	1	1.619 1	96.544 1
3	2	1.230 1	96.554 1 96.553 0.808
2	1	1.408 1	96.1295 1
2	1	1.606 1	96.740 1
2	1	1.36 1	96.1054 1
2	1	1.472 1	96.927 1
2	1	1.1143 1	96.81 1
2	1	1.657 1	96.400 1
2	1	1.289 1	96.253 1
2	1	1.799 1	96.124 1
2	1	1.1408 1	96.1117 1
2	1	1.1242 1	96.229 1
2	1	1.584 1	96.754 1
2	1	1.1801 1	96.284 1
2	1	1.491 1	96.916 1
2	1	1.800 1	96.123 1
2	1	1.1680 1	96.369 1
2	1	1.1878 1	96.509 1
2	1	1.884 1	96.60 1
4	4	1.685 1 1.708 0.357	96.435 1 96.651 0.132
2	1	1.1570 1	96.845 1
2	1	1.1676 1	96.367 1
2	1	1.431 1	96.887 1
2	1	1.495 1	96.913 1
2	1	1.695 1	96.440 1
2	1	1.440 1	96.885 1
2	1	1.365 1	96.963 1
2	1	1.1037 1	96.662 1
2	1	1.1703 1	96.489 1
2	1	1.1798 1	96.282 1
2	1	1.1806 1	96.289 1
2	1	1.1810 1	96.293 1
2	1	1.1829 1	96.311 1
2	1	1.306 1	96.866 1
2	1	1.1814 1	96.297 1
2	1	1.373 1	96.1269 1
3	2	1.1426 0.923 1.1445 1	96.1102 1
2	1	1.675 1	96.414 1
2	1	1.526 1	96.859 1
2	1	1.546 1	96.803 1
2	1	1.1254 1	96.1267 1
2	1	1.578 1	96.763 1
2	1	1.313 1	96.318 1
2	1	1.548 1	96.801 1
2	1	1.1786 1	96.265 1
2	1	1.978 1	96.635 1
2	1	1.1347 1	96.1182 1
2	1	1.554 1	96.797 1
2	1	1.1802 1	96.285 1
2	1	1.1282 1	96.242 1
2	1	1.1668 1	96.357 1
2	1	1.1628 1	96.353 1
2	1	1.1360 1	96.1198 1
4	3	1.1857 1	96.363 1 96.364 0.293 96.529 0.313
2	1	1.693 1	96.438 1
2	1	1.1832 1	96.313 1
2	1	1.767 1	96.1127 1
2	1	1.1244 1	96.235 1
2	1	1.1550 1	96.958 1
2	1	1.1237 1	96.1206 1
2	1	1.1052 1	96.1122 1
2	1	1.232 1	96.551 1
2	1	1.397 1	96.1288 1
4	3	1.1604 1	96.819 1 96.427 0.846 96.428 0.870
2	1	1.1180 1	96.50 1
2	1	1.1136 1	96.658 1
2	1	1.1319 1	96.1159 1
2	1	1.321 1	96.325 1
6	8	1.684 1 1.709 1	96.424 1 96.347 0.879 96.559 0.704 96.937 0.879
2	1	1.404 1	96.1293 1
2	1	1.426 1	96.894 1
2	1	1.1819 1	96.302 1
2	1	1.1823 1	96.306 1
2	1	1.1577 1	96.839 1
2	1	1.764 1	96.162 1
2	1	1.1155 1	96.188 1
2	1	1.228 1	96.555 1
2	1	1.1300 1	96.1085 1
2	1	1.139 1	96.1007 1
2	1	1.267 1	96.1148 1
2	1	1.479 1	96.926 1
2	1	1.1884 1	96.498 1
2	1	1.1828 1	96.310 1
2	1	1.987 1	96.617 1
2	1	1.527 1	96.858 1
2	1	1.1353 1	96.109 1
2	1	1.602 1	96.743 1
3	2	1.1603 1	96.152 1 96.820 0.587
2	1	1.1777 1	96.259 1
2	1	1.1813 1	96.296 1
2	1	1.611 1	96.737 1
2	1	1.1074 1	96.593 1
2	1	1.1190 1	96.56 1
2	1	1.570 1	96.778 1
2	1	1.1944 1	96.475 1
2	1	1.1182 1	96.52 1
2	1	1.1826 1	96.308 1
2	1	1.1543 1	96.1261 1
2	1	1.1820 1	96.303 1
2	1	1.1141 1	96.84 1
2	1	1.1808 1	96.291 1
3	2	1.514 1 1.515 0.673	96.1139 1
2	1	1.1205 1	96.158 1
2	1	1.1892 1	96.532 1
2	1	1.750 1	96.1025 1
2	1	1.1363 1	96.1200 1
3	2	1.1429 0.990 1.1443 1	96.1104 1
2	1	1.1357 1	96.112 1
2	1	1.1816 1	96.299 1
2	1	1.1822 1	96.305 1
2	1	1.1444 1	96.1103 1
2	1	1.81 1	96.585 1
2	1	1.1503 1	96.95 1
2	1	1.538 1	96.805 1
2	1	1.1504 1	96.96 1
2	1	1.137 1	96.564 1
2	1	1.1788 1	96.266 1
2	1	1.1203 1	96.156 1
2	1	1.1681 1	96.370 1
3	2	1.683 1 1.710 1	96.423 1
2	1	1.1905 1	96.523 1
2	1	1.1361 1	96.1199 1
2	1	1.1538 1	96.750 1
4	3	1.769 1	96.1125 1 96.730 0.090 96.896 0.072
3	2	1.161 0.976 1.966 1	96.83 1
6	5	1.110 0.292 1.121 0.578 1.1267 1 1.1513 0.941 1.731 0.935	96.775 1
2	1	1.1672 1	96.360 1
2	1	1.1418 1	96.1107 1
2	1	1.1438 1	96.563 1
2	1	1.1359 1	96.1197 1
3	2	1.1404 1 1.1403 0.863	96.1194 1
2	1	1.415 1	96.731 1
2	1	1.600 1	96.745 1
2	1	1.344 1	96.934 1
2	1	1.985 1	96.619 1
2	1	1.375 1	96.1271 1
2	1	1.1196 1	96.87 1
2	1	1.1684 1	96.373 1
2	1	1.488 1	96.919 1
2	1	1.531 1	96.854 1
2	1	1.1153 1	96.77 1
2	1	1.1211 1	96.1088 1
2	1	1.881 1	96.62 1
2	1	1.701 1	96.439 1
2	1	1.446 1	96.107 1
2	1	1.1179 1	96.49 1
2	1	1.1682 1	96.371 1
2	1	1.1815 1	96.298 1
2	1	1.1280 1	96.240 1
2	1	1.989 1	96.615 1
2	1	1.1573 1	96.842 1
2	1	1.780 1	96.133 1
2	1	1.692 1	96.437 1
2	1	1.973 1	96.668 1
4	4	1.170 0.444 1.934 1	96.1247 1 96.32 0.985
2	1	1.1605 1	96.817 1
2	1	1.1327 1	96.1167 1
2	1	1.1243 1	96.230 1
2	1	1.1358 1	96.93 1
4	3	1.1483 1 1.1994 0.167 1.2017 0.167	96.30 1
2	1	1.1574 1	96.841 1
2	1	1.1803 1	96.286 1
9	8	1.127 0.266 1.1270 0.337 1.1520 0.266 1.162 0.940 1.1651 0.198 1.1652 0.258 1.1775 0.564 1.967 1	96.1014 1
2	1	1.327 1	96.1015 1
2	1	1.449 1	96.881 1
2	1	1.895 1	96.280 1
2	1	1.988 1	96.616 1
2	1	1.1670 1	96.359 1
2	1	1.529 1	96.856 1
2	1	1.1910 1	96.1008 1
2	1	1.42 1	96.1049 1
2	1	1.419 1	96.902 1
2	1	1.566 1	96.781 1
2	1	1.1199 1	96.89 1
2	1	1.1791 1	96.268 1
2	1	1.271 1	96.1152 1
2	1	1.1204 1	96.157 1
2	1	1.1430 1	96.1105 1
2	1	1.341 1	96.344 1
2	1	1.982 1	96.634 1
2	1	1.471 1	96.928 1
2	1	1.1601 1	96.821 1
2	1	1.1811 1	96.294 1
2	1	1.1625 1	96.351 1
2	1	1.1606 1	96.335 1
2	1	1.1090 1	96.1027 1
2	1	1.1402 1	96.1186 1
2	1	1.16 1	96.17 1
2	1	1.332 1	96.1012 1
2	1	1.1186 1	96.54 1
2	1	1.1484 1	96.1217 1
2	1	1.1546 1	96.1264 1
2	1	1.679 1	96.418 1
2	1	1.1674 1	96.365 1
2	1	1.362 1	96.968 1
2	1	1.89 1	96.572 1
2	1	1.502 1	96.909 1
3	2	1.1281 1 1.1335 0.181	96.241 1
4	3	1.141 1	96.1237 0.340 96.212 0.510 96.998 1
2	1	1.1949 1	96.473 1
2	1	1.1326 1	96.1166 1
2	1	1.1409 1	96.1116 1
2	1	1.425 1	96.895 1
2	1	1.623 1	96.533 1
2	1	1.1378 1	96.557 1
2	1	1.448 1	96.882 1
2	1	1.1552 1	96.956 1
2	1	1.1555 1	96.953 1
2	1	1.191 1	96.27 1
2	1	1.555 1	96.796 1
2	1	1.1393 1	96.599 1
2	1	1.1547 1	96.1092 1
2	1	1.206 1	96.138 1
2	1	1.1088 1	96.46 1
2	1	1.1622 1	96.349 1
2	1	1.399 1	96.1290 1
2	1	1.1895 1	96.1011 1
2	1	1.530 1	96.855 1
2	1	1.766 1	96.1128 1
2	1	1.352 1	96.974 1
2	1	1.653 1	96.397 1
4	3	1.175 1	96.1003 0.278 96.1232 0.265 96.209 1
2	1	1.1036 1	96.661 1
2	1	1.770 1	96.1123 1
2	1	1.190 1	96.207 1
3	2	1.1536 1	96.943 0.566 96.945 1
2	1	1.1856 1	96.809 1
2	1	1.372 1	96.1268 1
2	1	1.403 1	96.1292 1
2	1	1.761 1	96.163 1
2	1	1.786 1	96.128 1
2	1	1.248 1	96.1032 1
2	1	1.1181 1	96.51 1
2	1	1.236 1	96.1094 1
2	1	1.1345 1	96.1180 1
2	1	1.1934 1	96.484 1
2	1	1.1184 1	96.53 1
2	1	1.1020 1	96.1223 1
4	4	1.124 1 1.1517 1	96.1204 1 96.636 0.058
2	1	1.266 1	96.632 1
2	1	1.1952 1	96.470 1
2	1	1.309 1	96.317 1
2	1	1.1320 1	96.1160 1
2	1	1.1778 1	96.260 1
2	1	1.1411 1	96.1114 1
2	1	1.1321 1	96.1161 1
2	1	1.1827 1	96.309 1
2	1	1.1554 1	96.954 1
2	1	1.388 1	96.1285 1
2	1	1.463 1	96.941 1
3	2	1.650 1	96.249 0.054 96.396 1
6	5	1.1129 0.329 1.118 0.639 1.1264 1 1.1510 0.922 1.727 1	96.776 1
2	1	1.34 1	96.1081 1
2	1	1.451 1	96.879 1
2	1	1.867 1	96.42 1
2	1	1.270 1	96.1151 1
2	1	1.1304 1	96.1082 1
2	1	1.456 1	96.494 1
2	1	1.674 1	96.413 1
3	2	1.930 1	96.215 0.195 96.991 1
2	1	1.572 1	96.770 1
2	1	1.1564 1	96.853 1
6	9	1.936 1 1.187 1 1.167 0.815	96.993 1 96.1242 1 96.214 0.596
3	2	1.599 1	96.186 1 96.187 0.383
2	1	1.1391 1	96.455 1
2	1	1.662 1	96.404 1
2	1	1.1017 1	96.388 1
3	2	1.145 1	96.1002 1 96.1233 0.219
2	1	1.1043 1	96.665 1
2	1	1.1748 1	96.392 1
3	2	1.2012 0.757 1.2037 0.757	96.979 0.757
