Size	Relations	OrthoA	OrthoB
2	1	1.661 1	94.1376 1
2	1	1.44 1	94.668 1
2	1	1.1572 1	94.1840 1
2	1	1.660 1	94.1377 1
2	1	1.656 1	94.2058 1
2	1	1.807 1	94.1201 1
2	1	1.1580 1	94.302 1
2	1	1.466 1	94.934 1
2	1	1.1191 1	94.1626 1
2	1	1.212 1	94.1142 1
2	1	1.1350 1	94.829 1
2	1	1.1942 1	94.16 1
2	1	1.1044 1	94.1182 1
2	1	1.1855 1	94.729 1
2	1	1.1881 1	94.309 1
2	1	1.23 1	94.1043 1
2	1	1.493 1	94.1706 1
2	1	1.1941 1	94.15 1
2	1	1.487 1	94.402 1
2	1	1.490 1	94.1703 1
2	1	1.1675 1	94.1836 1
2	1	1.1955 1	94.25 1
2	1	1.1679 1	94.1834 1
2	1	1.1194 1	94.1407 1
2	1	1.330 1	94.274 1
2	1	1.302 1	94.963 1
2	1	1.361 1	94.749 1
2	1	1.297 1	94.1026 1
2	1	1.447 1	94.983 1
2	1	1.567 1	94.1608 1
2	1	1.670 1	94.1451 1
2	1	1.1317 1	94.1355 1
2	1	1.1836 1	94.1163 1
2	1	1.1669 1	94.1219 1
2	1	1.573 1	94.393 1
2	1	1.1561 1	94.1050 1
2	1	1.1588 1	94.206 1
2	1	1.1575 1	94.1779 1
2	1	1.263 1	94.1502 1
2	1	1.1235 1	94.1508 1
2	1	1.655 1	94.2059 1
2	1	1.320 1	94.401 1
2	1	1.360 1	94.1112 1
2	1	1.1563 1	94.1930 1
2	1	1.1805 1	94.797 1
2	1	1.40 1	94.604 1
2	1	1.364 1	94.744 1
2	1	1.198 1	94.471 1
3	2	1.1781 1	94.1348 1 94.30 0.744
2	1	1.208 1	94.1184 1
2	1	1.1618 1	94.365 1
2	1	1.560 1	94.1428 1
2	1	1.986 1	94.2163 1
2	1	1.621 1	94.759 1
2	1	1.565 1	94.1610 1
2	1	1.1581 1	94.314 1
2	1	1.1240 1	94.719 1
2	1	1.38 1	94.606 1
2	1	1.1792 1	94.685 1
2	1	1.891 1	94.1405 1
2	1	1.417 1	94.194 1
2	1	1.768 1	94.1641 1
2	1	1.779 1	94.553 1
2	1	1.1148 1	94.1989 1
2	1	1.136 1	94.1579 1
2	1	1.199 1	94.470 1
2	1	1.1322 1	94.1077 1
2	1	1.1621 1	94.1800 1
2	1	1.346 1	94.2096 1
2	1	1.783 1	94.261 1
2	1	1.396 1	94.619 1
2	1	1.1528 1	94.543 1
2	1	1.678 1	94.2035 1
2	1	1.1831 1	94.68 1
2	1	1.1821 1	94.781 1
2	1	1.300 1	94.1336 1
2	1	1.1541 1	94.417 1
2	1	1.1837 1	94.1162 1
2	1	1.1702 1	94.2148 1
2	1	1.1943 1	94.17 1
2	1	1.1340 1	94.636 1
3	2	1.1957 1	94.28 1 94.844 0.758
2	1	1.1939 1	94.1 1
2	1	1.865 1	94.323 1
2	1	1.366 1	94.740 1
2	1	1.562 1	94.1431 1
2	1	1.1879 1	94.750 1
2	1	1.318 1	94.819 1
2	1	1.1600 1	94.1849 1
2	1	1.1790 1	94.1437 1
2	1	1.563 1	94.924 1
2	1	1.1373 1	94.1185 1
2	1	1.603 1	94.341 1
2	1	1.1302 1	94.422 1
2	1	1.82 1	94.421 1
3	2	1.249 1	94.1006 1 94.999 0.989
2	1	1.492 1	94.1705 1
2	1	1.1560 1	94.168 1
2	1	1.1566 1	94.313 1
2	1	1.540 1	94.895 1
2	1	1.879 1	94.1538 1
2	1	1.358 1	94.1111 1
2	1	1.39 1	94.605 1
9	8	1.1466 1 1.1479 0.057 1.1968 0.449 1.1983 0.449 1.2072 0.059 1.2114 0.059 1.2127 0.189 1.2160 0.189	94.228 1
2	1	1.402 1	94.1225 1
2	1	1.1932 1	94.2150 1
2	1	1.264 1	94.1503 1
2	1	1.450 1	94.981 1
4	3	1.1962 0.114 1.1963 0.145 1.1978 1	94.473 1
2	1	1.1339 1	94.635 1
2	1	1.1626 1	94.1796 1
2	1	1.1624 1	94.1798 1
3	2	1.1582 1	94.899 1 94.2009 0.613
2	1	1.1022 1	94.479 1
2	1	1.368 1	94.187 1
2	1	1.585 1	94.1971 1
2	1	1.235 1	94.1164 1
2	1	1.1880 1	94.310 1
2	1	1.1324 1	94.1079 1
2	1	1.1945 1	94.19 1
2	1	1.890 1	94.1406 1
2	1	1.1616 1	94.367 1
2	1	1.489 1	94.1702 1
2	1	1.391 1	94.542 1
2	1	1.43 1	94.602 1
2	1	1.299 1	94.1335 1
2	1	1.1797 1	94.799 1
2	1	1.383 1	94.1505 1
2	1	1.782 1	94.551 1
2	1	1.1354 1	94.1687 1
2	1	1.1825 1	94.778 1
3	2	1.1975 1 1.1990 1	94.239 1
2	1	1.1576 1	94.1510 1
2	1	1.314 1	94.817 1
2	1	1.486 1	94.1556 1
2	1	1.1364 1	94.1592 1
2	1	1.295 1	94.1027 1
2	1	1.265 1	94.1504 1
36	275	1.1160 0.812 1.1636 1 1.1709 0.173 1.2015 0.259 1.2053 0.552 1.2081 0.577 1.2095 0.552 1.459 0.139 1.520 0.574 1.70 0.301 1.1465 0.729	94.1034 0.235 94.1061 0.276 94.1128 0.053 94.1209 0.385 94.1247 0.358 94.1385 0.117 94.1389 0.052 94.1447 0.085 94.1457 1 94.1518 0.183 94.1573 0.386 94.1782 0.529 94.1884 0.374 94.2077 0.110 94.2107 0.385 94.2206 0.239 94.2237 0.125 94.2291 0.059 94.251 0.188 94.407 0.114 94.593 0.130 94.613 0.392 94.717 0.200 94.822 0.110 94.979 0.192
2	1	1.528 1	94.1997 1
2	1	1.1683 1	94.1828 1
3	2	1.883 1 1.321 0.766	94.420 1
2	1	1.1818 1	94.784 1
2	1	1.668 1	94.1449 1
2	1	1.1527 1	94.541 1
2	1	1.269 1	94.614 1
2	1	1.367 1	94.186 1
2	1	1.1315 1	94.1353 1
2	1	1.669 1	94.1450 1
2	1	1.1893 1	94.776 1
2	1	1.1021 1	94.478 1
2	1	1.50 1	94.617 1
2	1	1.1417 1	94.923 1
2	1	1.1685 1	94.1826 1
2	1	1.1717 1	94.1458 1
2	1	1.1617 1	94.366 1
2	1	1.1405 1	94.275 1
2	1	1.428 1	94.1242 1
2	1	1.1356 1	94.1686 1
2	1	1.363 1	94.745 1
3	2	1.1398 1 1.884 0.724	94.1438 1
2	1	1.1718 1	94.1459 1
3	2	1.1959 0.107 1.1977 1	94.1391 1
3	2	1.1998 1 1.2023 1	94.385 1
2	1	1.681 1	94.2033 1
2	1	1.1812 1	94.790 1
2	1	1.1579 1	94.898 1
3	2	1.1253 0.947 1.1275 1	94.1488 1
2	1	1.789 1	94.1099 1
2	1	1.1535 1	94.1784 1
2	1	1.45 1	94.973 1
2	1	1.1377 1	94.669 1
2	1	1.429 1	94.1241 1
2	1	1.1809 1	94.793 1
2	1	1.317 1	94.818 1
2	1	1.525 1	94.1999 1
2	1	1.1954 1	94.24 1
2	1	1.622 1	94.51 1
2	1	1.1038 1	94.699 1
2	1	1.1950 1	94.21 1
2	1	1.1365 1	94.1593 1
2	1	1.1212 1	94.2049 1
2	1	1.1756 1	94.1275 1
3	2	1.21 1 1.22 0.345	94.1044 1
2	1	1.1586 1	94.901 1
2	1	1.801 1	94.647 1
2	1	1.292 1	94.623 1
3	2	1.551 1	94.1418 1 94.1400 1
2	1	1.385 1	94.1145 1
2	1	1.430 1	94.1240 1
2	1	1.1619 1	94.364 1
2	1	1.454 1	94.568 1
2	1	1.880 1	94.1202 1
2	1	1.427 1	94.1243 1
2	1	1.677 1	94.2037 1
2	1	1.1883 1	94.1848 1
2	1	1.19 1	94.1046 1
2	1	1.658 1	94.2056 1
2	1	1.751 1	94.1295 1
2	1	1.680 1	94.2034 1
2	1	1.1817 1	94.785 1
3	2	1.820 0.282 1.88 1	94.324 1
2	1	1.1553 1	94.1961 1
2	1	1.408 1	94.498 1
8	15	1.1706 1 1.1885 1 1.244 0.817 1.1705 0.405 1.1886 0.183	94.1846 1 94.1847 1 94.2277 0.123
2	1	1.1804 1	94.798 1
5	4	1.1288 0.152 1.1734 0.202 1.1850 0.710 1.997 1	94.1667 1
2	1	1.47 1	94.974 1
2	1	1.620 1	94.513 1
2	1	1.464 1	94.405 1
2	1	1.657 1	94.2057 1
2	1	1.293 1	94.621 1
2	1	1.561 1	94.1430 1
2	1	1.369 1	94.188 1
2	1	1.1676 1	94.1835 1
2	1	1.1090 1	94.1187 1
2	1	1.1556 1	94.169 1
2	1	1.1800 1	94.804 1
2	1	1.784 1	94.259 1
2	1	1.268 1	94.615 1
2	1	1.222 1	94.2275 1
2	1	1.397 1	94.618 1
2	1	1.357 1	94.1850 1
4	3	1.1453 0.215 1.1741 0.149 1.835 1	94.1669 1
2	1	1.1502 1	94.2146 1
2	1	1.800 1	94.648 1
2	1	1.1241 1	94.720 1
2	1	1.390 1	94.1880 1
2	1	1.785 1	94.258 1
2	1	1.1045 1	94.1531 1
2	1	1.1367 1	94.1525 1
2	1	1.1814 1	94.788 1
2	1	1.767 1	94.641 1
2	1	1.1703 1	94.2147 1
2	1	1.1801 1	94.803 1
2	1	1.495 1	94.1146 1
2	1	1.1604 1	94.758 1
2	1	1.1198 1	94.1409 1
2	1	1.36 1	94.607 1
2	1	1.1323 1	94.1078 1
2	1	1.1244 1	94.639 1
2	1	1.298 1	94.1334 1
2	1	1.1609 1	94.1126 1
2	1	1.1820 1	94.782 1
2	1	1.1668 1	94.1215 1
2	1	1.230 1	94.286 1
2	1	1.1136 1	94.453 1
2	1	1.1753 1	94.2010 1
2	1	1.231 1	94.284 1
2	1	1.1940 1	94.2 1
2	1	1.1819 1	94.783 1
2	1	1.1806 1	94.796 1
6	5	1.1480 0.294 1.1969 0.458 1.1984 0.458 1.2071 1 1.2113 1	94.2116 1
2	1	1.1568 1	94.312 1
2	1	1.1807 1	94.795 1
2	1	1.272 1	94.263 1
2	1	1.49 1	94.975 1
2	1	1.1802 1	94.802 1
2	1	1.1808 1	94.794 1
2	1	1.1872 1	94.27 1
3	2	1.1429 0.993 1.1443 1	94.601 1
2	1	1.1680 1	94.1833 1
2	1	1.485 1	94.1555 1
2	1	1.1203 1	94.1741 1
2	1	1.1346 1	94.638 1
2	1	1.584 1	94.1970 1
2	1	1.554 1	94.1419 1
2	1	1.619 1	94.514 1
3	2	1.1426 0.958 1.1445 1	94.600 1
2	1	1.406 1	94.1724 1
2	1	1.1360 1	94.1468 1
2	1	1.1608 1	94.1125 1
2	1	1.1620 1	94.1169 1
2	1	1.1810 1	94.792 1
2	1	1.381 1	94.1343 1
2	1	1.602 1	94.342 1
8	16	1.1273 1 1.594 0.152 1.737 0.121 1.738 0.174	94.1113 0.192 94.1205 0.051 94.1681 1 94.1948 0.098
4	4	1.671 1 1.74 0.078	94.1452 1 94.1453 0.080
2	1	1.289 1	94.2012 1
4	4	1.161 0.978 1.966 1	94.1759 1 94.2169 0.990
2	1	1.404 1	94.1719 1
2	1	1.414 1	94.1512 1
6	5	1.1166 0.120 1.1167 0.113 1.166 0.148 1.186 1 1.970 0.143	94.475 1
2	1	1.1813 1	94.789 1
2	1	1.1904 1	94.1374 1
2	1	1.1205 1	94.1739 1
2	1	1.527 1	94.1998 1
2	1	1.1569 1	94.311 1
2	1	1.20 1	94.1045 1
2	1	1.613 1	94.690 1
2	1	1.1823 1	94.779 1
2	1	1.141 1	94.477 1
2	1	1.1794 1	94.686 1
2	1	1.1571 1	94.52 1
2	1	1.693 1	94.72 1
36	275	1.1159 1 1.1710 1 1.975 0.764 1.2054 0.750 1.2096 0.750 1.519 0.750 1.1993 0.292 1.2016 0.292 1.1059 0.171 1.2082 0.131 1.458 0.072	94.349 1 94.1129 1 94.287 0.884 94.368 0.855 94.409 0.841 94.281 0.826 94.716 0.826 94.1065 0.812 94.1224 0.812 94.962 0.812 94.1978 0.797 94.1487 0.783 94.149 0.783 94.1029 0.754 94.1386 0.754 94.1494 0.754 94.1819 0.754 94.1534 0.739 94.2143 0.445 94.2236 0.241 94.627 0.220 94.2164 0.189 94.252 0.164 94.495 0.164 94.882 0.164
2	1	1.84 1	94.1318 1
2	1	1.1822 1	94.780 1
2	1	1.1316 1	94.1354 1
3	2	1.735 1	94.1664 1 94.766 0.126
2	1	1.765 1	94.643 1
3	2	1.685 1 1.708 0.450	94.1887 1
2	1	1.301 1	94.1337 1
3	2	1.1002 0.622 1.951 1	94.2159 1
2	1	1.1798 1	94.805 1
3	2	1.1254 1 1.1276 0.190	94.1489 1
77	1440	1.1334 1 1.1051 1 1.125 1 1.1518 1 1.1278 1 1.705 0.444 1.1137 0.345 1.247 0.337 1.1055 0.335 1.1425 0.308 1.1299 0.296 1.1611 0.278 1.378 0.276 1.420 0.260 1.1338 0.249 1.1913 0.249 1.806 0.233 1.438 0.214 1.1901 0.178 1.1866 0.161 1.460 0.155 1.204 0.153 1.898 0.144 1.1785 0.136 1.307 0.123 1.754 0.094 1.1305 0.092 1.221 0.087 1.132 0.083 1.192 0.075 1.261 0.075 1.543 0.071	94.1160 1 94.35 1 94.1280 1 94.650 0.963 94.1735 0.958 94.1860 0.490 94.112 0.187 94.1572 0.123 94.1055 0.116 94.1346 0.116 94.1434 0.116 94.1547 0.116 94.1616 0.116 94.1663 0.116 94.174 0.116 94.1966 0.116 94.2044 0.116 94.291 0.116 94.320 0.116 94.435 0.116 94.1955 0.109 94.369 0.109 94.585 0.109 94.62 0.109 94.8 0.109 94.838 0.109 94.1021 0.105 94.1106 0.105 94.1299 0.105 94.1306 0.105 94.1347 0.105 94.1397 0.105 94.1444 0.105 94.153 0.105 94.1657 0.105 94.173 0.105 94.1793 0.105 94.1916 0.105 94.1950 0.105 94.2131 0.105 94.2134 0.105 94.708 0.105 94.753 0.105 94.840 0.105 94.1230 0.104
5	6	1.1228 1 1.276 0.839 1.857 0.214	94.1325 0.346 94.1674 1
2	1	1.392 1	94.1285 1
2	1	1.1325 1	94.1080 1
2	1	1.564 1	94.925 1
3	2	1.683 1 1.710 1	94.2031 1
2	1	1.1357 1	94.1685 1
6	5	1.1456 0.062 1.62 0.870 1.838 1 1.921 0.593 1.994 0.256	94.1668 1
2	1	1.1231 1	94.1594 1
2	1	1.1828 1	94.49 1
2	1	1.433 1	94.145 1
2	1	1.1786 1	94.1467 1
3	2	1.1403 1 1.1404 0.850	94.276 1
2	1	1.1190 1	94.1564 1
2	1	1.488 1	94.403 1
2	1	1.611 1	94.338 1
2	1	1.1832 1	94.69 1
2	1	1.449 1	94.982 1
2	1	1.306 1	94.26 1
2	1	1.1408 1	94.1725 1
2	1	1.1826 1	94.777 1
2	1	1.1795 1	94.687 1
2	1	1.1682 1	94.1829 1
2	1	1.1811 1	94.791 1
2	1	1.973 1	94.1537 1
2	1	1.600 1	94.343 1
2	1	1.1606 1	94.1683 1
2	1	1.780 1	94.552 1
2	1	1.1815 1	94.787 1
2	1	1.1944 1	94.18 1
2	1	1.1597 1	94.689 1
3	2	1.1966 1 1.1981 1	94.1633 1
2	1	1.1361 1	94.1351 1
2	1	1.570 1	94.394 1
2	1	1.531 1	94.1994 1
2	1	1.675 1	94.1813 1
2	1	1.750 1	94.637 1
2	1	1.653 1	94.612 1
11	24	1.113 1 1.1134 0.202 1.1258 0.844 1.1506 0.992 1.2044 0.305 1.2086 0.635 1.717 0.230 1.723 0.873	94.1267 0.753 94.1363 1 94.1863 0.969
2	1	1.1951 1	94.22 1
2	1	1.501 1	94.1918 1
6	5	1.1640 0.122 1.1663 0.121 1.1738 1 1.837 0.486 1.920 0.666	94.1068 1
2	1	1.465 1	94.640 1
3	2	1.1967 1 1.1982 1	94.1632 1
2	1	1.146 1	94.419 1
2	1	1.1353 1	94.1688 1
2	1	1.623 1	94.50 1
2	1	1.471 1	94.1170 1
3	2	1.692 1 1.702 0.199	94.71 1
8	7	1.1172 0.848 1.1271 0.146 1.130 1 1.1521 0.160 1.1654 0.486 1.736 0.144 1.97 0.368	94.967 1
2	1	1.1314 1	94.1352 1
2	1	1.1681 1	94.1832 1
3	2	1.1036 1	94.322 1 94.1959 1
2	1	1.409 1	94.1818 1
2	1	1.491 1	94.1704 1
5	4	1.1382 0.060 1.1383 0.249 1.279 1 1.855 0.535	94.1678 1
2	1	1.1543 1	94.464 1
2	1	1.1674 1	94.1837 1
2	1	1.1402 1	94.1532 1
3	2	1.170 1 1.934 0.551	94.1921 1
2	1	1.734 1	94.1665 1
2	1	1.1542 1	94.1091 1
2	1	1.1670 1	94.1220 1
2	1	1.374 1	94.1491 1
2	1	1.1933 1	94.2151 1
2	1	1.766 1	94.642 1
3	2	1.13 0.054 1.16 1	94.1239 1
161	6468	1.227 1 1.1348 1 1.1083 1 1.229 1 1.243 1 1.775 1 1.795 1 1.1201 1 1.72 0.950 1.1877 0.885 1.746 0.877 1.354 0.870 1.518 0.870 1.393 0.867 1.86 0.867 1.105 0.862 1.436 0.862 1.947 0.853 1.262 0.852 1.133 0.849 1.1050 0.848 1.1449 0.844 1.1525 0.844 1.452 0.844 1.743 0.844 1.863 0.844 1.1923 0.841 1.1447 0.839 1.688 0.839 1.1729 0.839 1.542 0.837 1.91 0.834 1.1328 0.830 1.1441 0.830 1.157 0.830 1.1841 0.830 1.931 0.830 1.869 0.829 1.1722 0.826 1.193 0.826 1.1436 0.821 1.251 0.807 1.665 0.747 1.1279 0.707 1.411 0.680 1.1209 0.668 1.1590 0.655 1.1046 0.650 1.280 0.637 1.1610 0.626 1.1424 0.622 1.2056 0.613 1.2079 0.613 1.2098 0.613 1.1114 0.605 1.498 0.601 1.639 0.601 1.1376 0.536 1.1234 0.519 1.1406 0.511 1.507 0.433 1.805 0.430 1.1250 0.424 1.1549 0.379 1.205 0.374 1.1298 0.360 1.1784 0.360 1.537 0.355 1.1054 0.286 1.328 0.263 1.28 0.251 1.760 0.234 1.435 0.213 1.307 0.205 1.747 0.194 1.421 0.156 1.705 0.143	94.1823 1 94.1709 1 94.34 1 94.526 1 94.2197 1 94.449 1 94.191 1 94.1655 1 94.369 0.990 94.585 0.990 94.62 0.990 94.8 0.990 94.838 0.990 94.1572 0.988 94.1756 0.985 94.714 0.985 94.1070 0.980 94.1896 0.980 94.1955 0.980 94.391 0.980 94.1063 0.975 94.1424 0.975 94.1903 0.975 94.209 0.975 94.1155 0.975 94.120 0.975 94.1693 0.975 94.1729 0.975 94.178 0.975 94.2175 0.975 94.2212 0.975 94.360 0.975 94.43 0.975 94.443 0.975 94.547 0.975 94.832 0.975 94.1035 0.970 94.278 0.970 94.728 0.970 94.839 0.970 94.1672 0.967 94.1744 0.965 94.537 0.965 94.98 0.965 94.1543 0.959 94.1722 0.959 94.1020 0.942 94.1305 0.938 94.151 0.934 94.2186 0.934 94.1031 0.928 94.147 0.928 94.1811 0.923 94.1856 0.917 94.356 0.909 94.2257 0.901 94.76 0.868 94.1500 0.847 94.1105 0.733 94.1789 0.720 94.878 0.720 94.886 0.720 94.544 0.707 94.1055 0.707 94.1328 0.707 94.1346 0.707 94.1434 0.707 94.1547 0.707 94.1616 0.707 94.1663 0.707 94.174 0.707 94.1966 0.707 94.291 0.707 94.320 0.707 94.435 0.707 94.1072 0.701 94.1365 0.658 94.1279 0.644 94.1747 0.573 94.1944 0.570 94.1991 0.559 94.707 0.485 94.1499 0.456 94.558 0.434
2	1	1.1196 1	94.1408 1
2	1	1.1204 1	94.1740 1
2	1	1.399 1	94.1801 1
2	1	1.425 1	94.1338 1
2	1	1.1605 1	94.1684 1
2	1	1.232 1	94.1732 1
2	1	1.1625 1	94.1797 1
2	1	1.1803 1	94.800 1
12	20	1.101 0.074 1.1175 0.335 1.127 0.703 1.1270 1 1.1520 0.703 1.162 0.624 1.1651 0.873 1.1652 0.911 1.1775 0.465 1.967 0.646	94.2228 1 94.554 0.178
2	1	1.1018 1	94.469 1
8	7	1.1161 0.129 1.1482 0.099 1.160 0.424 1.181 1 1.1973 0.060 1.1988 0.060 1.965 0.647	94.240 1
2	1	1.327 1	94.555 1
2	1	1.1179 1	94.326 1
2	1	1.1905 1	94.1375 1
3	2	1.2070 1 1.2112 1	94.2266 1
2	1	1.375 1	94.1436 1
4	3	1.1546 1	94.2050 1 94.462 0.852 94.2279 0.885
2	1	1.1418 1	94.984 1
2	1	1.566 1	94.1609 1
2	1	1.1550 1	94.562 1
2	1	1.786 1	94.257 1
8	12	1.1133 0.560 1.115 0.482 1.1260 1 1.1507 0.887 1.714 0.231 1.724 0.985	94.1268 0.660 94.1362 1
2	1	1.271 1	94.262 1
2	1	1.1952 1	94.23 1
2	1	1.1326 1	94.1484 1
2	1	1.1934 1	94.2152 1
2	1	1.248 1	94.136 1
2	1	1.1368 1	94.1523 1
2	1	1.1019 1	94.467 1
2	1	1.1570 1	94.53 1
2	1	1.701 1	94.73 1
2	1	1.555 1	94.1420 1
2	1	1.1484 1	94.1882 1
3	2	1.684 1 1.709 1	94.2060 1
2	1	1.799 1	94.1098 1
3	2	1.1622 1	94.1799 1 94.395 0.223
2	1	1.1061 1	94.372 1
3	2	1.1472 1 1.511 0.129	94.1221 1
2	1	1.426 1	94.1244 1
6	5	1.1921 0.778	94.695 0.808 94.1207 0.680 94.1296 0.803 94.1577 0.803 94.2062 0.793
