Size	Relations	OrthoA	OrthoB
2	1	1.661 1	93.639 1
2	1	1.44 1	93.763 1
2	1	1.1572 1	93.534 1
2	1	1.660 1	93.640 1
2	1	1.656 1	93.371 1
2	1	1.807 1	93.650 1
2	1	1.1580 1	93.792 1
2	1	1.212 1	93.60 1
2	1	1.466 1	93.228 1
2	1	1.896 1	93.17 1
2	1	1.1855 1	93.756 1
2	1	1.1350 1	93.269 1
2	1	1.1978 1	93.526 1
2	1	1.1942 1	93.587 1
2	1	1.1044 1	93.862 1
2	1	1.23 1	93.245 1
2	1	1.1881 1	93.311 1
2	1	1.493 1	93.991 1
2	1	1.1941 1	93.588 1
2	1	1.1675 1	93.720 1
2	1	1.487 1	93.299 1
2	1	1.1679 1	93.718 1
2	1	1.1955 1	93.684 1
2	1	1.490 1	93.994 1
2	1	1.1194 1	93.32 1
2	1	1.361 1	93.552 1
2	1	1.330 1	93.263 1
2	1	1.567 1	93.663 1
2	1	1.447 1	93.928 1
2	1	1.297 1	93.871 1
2	1	1.1317 1	93.212 1
2	1	1.1669 1	93.855 1
2	1	1.573 1	93.921 1
2	1	1.263 1	93.100 1
2	1	1.1575 1	93.310 1
2	1	1.1561 1	93.757 1
2	1	1.655 1	93.372 1
2	1	1.1235 1	93.94 1
2	1	1.1588 1	93.539 1
2	1	1.320 1	93.300 1
2	1	1.478 1	93.20 1
2	1	1.1563 1	93.388 1
2	1	1.1191 1	93.726 1
2	1	1.1718 1	93.11 1
2	1	1.1805 1	93.169 1
2	1	1.364 1	93.132 1
2	1	1.40 1	93.122 1
2	1	1.360 1	93.390 1
2	1	1.1781 1	93.204 1
2	1	1.208 1	93.868 1
2	1	1.1240 1	93.197 1
2	1	1.1618 1	93.404 1
2	1	1.560 1	93.846 1
2	1	1.198 1	93.831 1
2	1	1.621 1	93.546 1
2	1	1.768 1	93.860 1
3	2	1.1998 1 1.2023 1	93.424 1
2	1	1.1246 1	93.86 1
2	1	1.417 1	93.779 1
2	1	1.1581 1	93.790 1
2	1	1.38 1	93.120 1
2	1	1.565 1	93.665 1
3	2	1.891 1	93.30 1 93.688 0.660
2	1	1.199 1	93.830 1
2	1	1.136 1	93.952 1
2	1	1.346 1	93.948 1
2	1	1.1977 1	93.527 1
2	1	1.1792 1	93.354 1
2	1	1.779 1	93.482 1
2	1	1.1939 1	93.601 1
2	1	1.1322 1	93.908 1
2	1	1.1148 1	93.225 1
2	1	1.678 1	93.695 1
2	1	1.1621 1	93.897 1
2	1	1.396 1	93.888 1
2	1	1.783 1	93.344 1
2	1	1.300 1	93.24 1
2	1	1.1528 1	93.39 1
2	1	1.1943 1	93.586 1
2	1	1.1702 1	93.607 1
2	1	1.366 1	93.136 1
2	1	1.1821 1	93.185 1
2	1	1.1340 1	93.70 1
2	1	1.1831 1	93.802 1
2	1	1.1957 1	93.687 1
2	1	1.1245 1	93.87 1
2	1	1.1600 1	93.731 1
2	1	1.318 1	93.377 1
2	1	1.865 1	93.113 1
3	2	1.1879 1	93.551 1 93.667 0.834
2	1	1.1790 1	93.841 1
3	2	1.2071 1 1.2113 1	93.454 1
2	1	1.347 1	93.784 1
2	1	1.1373 1	93.341 1
2	1	1.249 1	93.266 1
2	1	1.562 1	93.843 1
2	1	1.1566 1	93.791 1
3	2	1.166 0.071 1.186 1	93.973 1
2	1	1.82 1	93.143 1
2	1	1.492 1	93.992 1
2	1	1.540 1	93.505 1
3	2	1.149 1	93.833 0.108 93.964 1
2	1	1.1339 1	93.69 1
2	1	1.1302 1	93.144 1
2	1	1.358 1	93.389 1
2	1	1.603 1	93.564 1
2	1	1.264 1	93.99 1
2	1	1.1560 1	93.276 1
2	1	1.402 1	93.234 1
2	1	1.1624 1	93.899 1
2	1	1.299 1	93.25 1
3	2	1.1582 1	93.501 1 93.332 0.695
2	1	1.1626 1	93.901 1
2	1	1.450 1	93.926 1
2	1	1.1324 1	93.910 1
2	1	1.368 1	93.741 1
2	1	1.39 1	93.121 1
2	1	1.585 1	93.436 1
2	1	1.1945 1	93.678 1
2	1	1.1541 1	93.913 1
2	1	1.1932 1	93.605 1
2	1	1.1022 1	93.771 1
2	1	1.890 1	93.31 1
2	1	1.1616 1	93.406 1
2	1	1.43 1	93.124 1
2	1	1.383 1	93.97 1
2	1	1.1090 1	93.340 1
2	1	1.1576 1	93.92 1
2	1	1.1797 1	93.167 1
2	1	1.782 1	93.480 1
2	1	1.295 1	93.872 1
2	1	1.1825 1	93.188 1
2	1	1.1354 1	93.271 1
2	1	1.489 1	93.995 1
4	3	1.146 1	93.980 1 93.955 0.694 93.956 0.705
2	1	1.314 1	93.379 1
2	1	1.1527 1	93.38 1
2	1	1.1717 1	93.12 1
2	1	1.486 1	93.487 1
2	1	1.883 1	93.142 1
2	1	1.1038 1	93.493 1
2	1	1.1880 1	93.314 1
2	1	1.1356 1	93.146 1
2	1	1.1683 1	93.714 1
2	1	1.50 1	93.891 1
2	1	1.1818 1	93.182 1
2	1	1.269 1	93.894 1
2	1	1.367 1	93.740 1
2	1	1.1367 1	93.333 1
2	1	1.681 1	93.693 1
2	1	1.265 1	93.98 1
2	1	1.1685 1	93.712 1
2	1	1.528 1	93.939 1
2	1	1.1617 1	93.405 1
2	1	1.789 1	93.337 1
2	1	1.1021 1	93.772 1
3	2	1.907 1	93.575 1 93.642 0.226
3	2	1.2002 1 1.2027 1	93.524 1
2	1	1.1315 1	93.210 1
2	1	1.428 1	93.416 1
3	2	1.454 1	93.509 0.079 93.576 1
2	1	1.1812 1	93.176 1
2	1	1.1950 1	93.680 1
2	1	1.1579 1	93.502 1
2	1	1.429 1	93.415 1
2	1	1.1398 1	93.840 1
2	1	1.363 1	93.556 1
2	1	1.1405 1	93.262 1
2	1	1.1776 1	93.762 1
2	1	1.622 1	93.278 1
2	1	1.317 1	93.378 1
2	1	1.45 1	93.765 1
2	1	1.880 1	93.489 1
2	1	1.1535 1	93.4 1
2	1	1.1954 1	93.683 1
2	1	1.1586 1	93.499 1
2	1	1.1809 1	93.173 1
3	2	1.787 1 1.1397 0.771	93.808 1
2	1	1.1007 1	93.105 1
3	2	1.141 1	93.837 0.134 93.958 1
2	1	1.427 1	93.417 1
2	1	1.143 1	93.960 1
2	1	1.1878 1	93.495 1
2	1	1.525 1	93.942 1
3	2	1.551 1	93.853 1 93.27 1
2	1	1.658 1	93.369 1
2	1	1.1756 1	93.192 1
2	1	1.385 1	93.294 1
2	1	1.1212 1	93.363 1
2	1	1.19 1	93.242 1
2	1	1.1817 1	93.181 1
2	1	1.1619 1	93.403 1
2	1	1.292 1	93.885 1
2	1	1.680 1	93.694 1
2	1	1.47 1	93.766 1
2	1	1.430 1	93.414 1
2	1	1.677 1	93.697 1
3	2	1.21 1 1.22 0.407	93.244 1
2	1	1.751 1	93.652 1
2	1	1.408 1	93.508 1
2	1	1.801 1	93.649 1
3	2	1.170 0.398 1.934 1	93.981 1
3	2	1.820 0.296 1.88 1	93.112 1
2	1	1.1804 1	93.168 1
2	1	1.620 1	93.543 1
2	1	1.657 1	93.370 1
2	1	1.293 1	93.887 1
2	1	1.464 1	93.296 1
2	1	1.1556 1	93.275 1
2	1	1.369 1	93.742 1
2	1	1.1553 1	93.438 1
2	1	1.1883 1	93.613 1
7	10	1.1885 1 1.1706 1 1.1705 0.572 1.244 0.436 1.1886 0.299	93.612 1 93.611 1
2	1	1.561 1	93.844 1
2	1	1.495 1	93.293 1
2	1	1.800 1	93.648 1
2	1	1.1703 1	93.608 1
3	2	1.908 1	93.359 1 93.574 0.353
2	1	1.1800 1	93.162 1
2	1	1.1814 1	93.178 1
2	1	1.1502 1	93.946 1
2	1	1.670 1	93.749 1
2	1	1.1341 1	93.686 1
2	1	1.268 1	93.893 1
2	1	1.767 1	93.78 1
2	1	1.1244 1	93.73 1
2	1	1.1604 1	93.547 1
2	1	1.357 1	93.730 1
2	1	1.1323 1	93.909 1
2	1	1.1801 1	93.163 1
2	1	1.1680 1	93.717 1
2	1	1.230 1	93.287 1
5	4	1.1288 0.172 1.1734 0.225 1.1850 0.727 1.997 1	93.584 1
5	4	1.1273 1 1.594 0.136 1.737 0.101 1.738 0.165	93.954 1
2	1	1.1571 1	93.277 1
8	15	1.1473 0.085 1.1975 0.056 1.1990 0.056 1.1994 1 1.2017 1	93.458 0.525 93.466 1 93.519 0.214
2	1	1.397 1	93.329 1
2	1	1.298 1	93.26 1
2	1	1.231 1	93.285 1
2	1	1.1802 1	93.164 1
2	1	1.1820 1	93.184 1
2	1	1.1806 1	93.170 1
2	1	1.1241 1	93.198 1
2	1	1.1819 1	93.183 1
2	1	1.1808 1	93.172 1
2	1	1.1045 1	93.631 1
2	1	1.1136 1	93.923 1
2	1	1.1676 1	93.719 1
2	1	1.1753 1	93.882 1
2	1	1.414 1	93.90 1
2	1	1.1568 1	93.316 1
2	1	1.1620 1	93.15 1
2	1	1.1795 1	93.352 1
2	1	1.1807 1	93.171 1
2	1	1.1940 1	93.600 1
2	1	1.602 1	93.565 1
2	1	1.897 1	93.18 1
2	1	1.1198 1	93.34 1
2	1	1.1203 1	93.41 1
2	1	1.289 1	93.884 1
2	1	1.584 1	93.437 1
2	1	1.884 1	93.392 1
2	1	1.527 1	93.940 1
2	1	1.1346 1	93.72 1
3	2	1.1429 1 1.1443 0.993	93.125 1
2	1	1.1360 1	93.9 1
2	1	1.1810 1	93.174 1
2	1	1.1668 1	93.858 1
2	1	1.49 1	93.767 1
2	1	1.406 1	93.238 1
2	1	1.1823 1	93.187 1
2	1	1.554 1	93.852 1
2	1	1.619 1	93.544 1
2	1	1.765 1	93.76 1
2	1	1.272 1	93.342 1
3	2	1.1426 0.960 1.1445 1	93.126 1
3	2	1.1999 1 1.2024 1	93.425 1
2	1	1.20 1	93.243 1
2	1	1.381 1	93.220 1
2	1	1.404 1	93.237 1
3	2	1.1143 1 1.613 0.075	93.349 1
2	1	1.1904 1	93.637 1
2	1	1.1609 1	93.56 1
2	1	1.1749 1	93.513 1
2	1	1.1822 1	93.186 1
2	1	1.1316 1	93.211 1
2	1	1.1798 1	93.161 1
2	1	1.301 1	93.23 1
2	1	1.391 1	93.348 1
2	1	1.693 1	93.806 1
2	1	1.1205 1	93.43 1
2	1	1.1813 1	93.177 1
2	1	1.344 1	93.787 1
2	1	1.570 1	93.919 1
2	1	1.668 1	93.747 1
2	1	1.1786 1	93.10 1
2	1	1.1794 1	93.353 1
2	1	1.1828 1	93.280 1
2	1	1.1247 1	93.85 1
2	1	1.1357 1	93.147 1
2	1	1.564 1	93.668 1
2	1	1.409 1	93.585 1
3	2	1.683 1 1.710 1	93.691 1
2	1	1.669 1	93.748 1
2	1	1.1608 1	93.153 1
2	1	1.1811 1	93.175 1
2	1	1.611 1	93.877 1
2	1	1.433 1	93.723 1
2	1	1.1682 1	93.715 1
2	1	1.1190 1	93.230 1
2	1	1.1358 1	93.37 1
2	1	1.1353 1	93.270 1
2	1	1.750 1	93.71 1
2	1	1.449 1	93.927 1
2	1	1.1597 1	93.350 1
2	1	1.1325 1	93.911 1
2	1	1.1826 1	93.189 1
2	1	1.1944 1	93.677 1
2	1	1.531 1	93.936 1
2	1	1.1569 1	93.315 1
2	1	1.1832 1	93.803 1
2	1	1.488 1	93.298 1
2	1	1.426 1	93.418 1
2	1	1.1606 1	93.149 1
2	1	1.472 1	93.655 1
2	1	1.306 1	93.685 1
2	1	1.465 1	93.74 1
2	1	1.600 1	93.566 1
2	1	1.653 1	93.115 1
2	1	1.780 1	93.481 1
2	1	1.1361 1	93.207 1
2	1	1.1815 1	93.179 1
2	1	1.623 1	93.279 1
2	1	1.755 1	93.914 1
4	3	1.228 1 1.2012 0.879 1.2037 0.879	93.339 1
2	1	1.471 1	93.14 1
3	2	1.1403 1 1.1404 0.811	93.261 1
2	1	1.36 1	93.119 1
2	1	1.1681 1	93.716 1
3	2	1.692 1 1.702 0.194	93.805 1
2	1	1.1314 1	93.209 1
8	7	1.1172 0.847 1.1271 0.146 1.130 1 1.1521 0.160 1.1654 0.483 1.736 0.144 1.97 0.364	93.644 1
3	2	1.2070 1 1.2112 1	93.455 1
2	1	1.675 1	93.700 1
2	1	1.1951 1	93.681 1
3	2	1.1036 1	93.114 1 93.440 1
2	1	1.491 1	93.993 1
2	1	1.1196 1	93.33 1
2	1	1.1408 1	93.239 1
2	1	1.341 1	93.674 1
2	1	1.1674 1	93.721 1
2	1	1.399 1	93.896 1
2	1	1.1542 1	93.334 1
2	1	1.930 1	93.976 1
8	7	1.1025 0.544 1.1489 0.057 1.1733 0.155 1.1758 0.146 1.843 0.336 1.926 0.232 1.998 1	93.583 1
2	1	1.1543 1	93.826 1
2	1	1.1933 1	93.604 1
2	1	1.392 1	93.19 1
3	2	1.13 0.052 1.16 1	93.413 1
2	1	1.1605 1	93.148 1
2	1	1.766 1	93.77 1
2	1	1.1204 1	93.42 1
2	1	1.1670 1	93.854 1
2	1	1.1300 1	93.512 1
2	1	1.1402 1	93.630 1
2	1	1.1625 1	93.900 1
2	1	1.566 1	93.664 1
2	1	1.1179 1	93.110 1
2	1	1.425 1	93.22 1
2	1	1.327 1	93.568 1
3	2	1.682 1 1.711 0.079	93.692 1
2	1	1.1037 1	93.492 1
2	1	1.271 1	93.343 1
2	1	1.1018 1	93.829 1
2	1	1.1803 1	93.166 1
2	1	1.1905 1	93.638 1
2	1	1.1017 1	93.106 1
2	1	1.232 1	93.48 1
3	2	1.684 1 1.709 1	93.373 1
2	1	1.375 1	93.842 1
2	1	1.248 1	93.387 1
2	1	1.1934 1	93.603 1
6	5	1.1478 0.192 1.1967 0.223 1.1982 0.223 1.2001 1 1.2026 1	93.523 1
4	3	1.167 0.468 1.187 1 1.936 0.579	93.975 1
4	3	1.1097 1 1.1764 0.574 1.53 0.169	93.983 1
10	9	1.1175 0.376 1.127 0.580 1.1270 0.623 1.1520 0.580 1.162 0.966 1.1651 0.545 1.1652 0.579 1.1775 0.703 1.967 1	93.567 1
2	1	1.1952 1	93.682 1
2	1	1.1550 1	93.571 1
2	1	1.456 1	93.537 1
2	1	1.769 1	93.599 1
3	2	1.1546 1	93.364 1 93.426 0.860
3	2	1.161 0.982 1.966 1	93.264 1
2	1	1.701 1	93.807 1
2	1	1.555 1	93.851 1
2	1	1.1603 1	93.859 1
2	1	1.1418 1	93.929 1
2	1	1.1020 1	93.827 1
2	1	1.1082 1	93.542 1
4	3	1.1165 1 1.185 0.092 1.968 0.285	93.972 1
2	1	1.1329 1	93.52 1
2	1	1.1282 1	93.83 1
9	8	1.1174 0.204 1.131 0.220 1.1310 0.066 1.1437 1 1.1522 0.220 1.1774 0.106 1.1843 0.305 1.32 0.138	93.847 1
9	14	1.1161 0.144 1.1482 0.118 1.160 0.443 1.181 1 1.1973 0.067 1.1988 0.067 1.965 0.660	93.490 0.146 93.875 1
2	1	1.606 0.658	93.557 0.658
