Size	Relations	OrthoA	OrthoB
2	1	11.2108 1	87.851 1
2	1	11.2109 1	87.852 1
2	1	11.1833 1	87.1519 1
2	1	11.2226 1	87.521 1
2	1	11.2105 1	87.14 1
3	2	11.1783 1	87.1935 0.876 87.1952 1
2	1	11.1901 1	87.1501 1
2	1	11.2213 1	87.2422 1
2	1	11.2960 1	87.1509 1
2	1	11.2898 1	87.2021 1
2	1	11.940 1	87.1450 1
2	1	11.1595 1	87.218 1
2	1	11.1689 1	87.1513 1
2	1	11.2208 1	87.509 1
2	1	11.2313 1	87.2584 1
2	1	11.2202 1	87.38 1
2	1	11.335 1	87.2048 1
2	1	11.1939 1	87.1733 1
2	1	11.2386 1	87.652 1
2	1	11.2203 1	87.37 1
2	1	11.2245 1	87.2696 1
2	1	11.1589 1	87.634 1
2	1	11.1592 1	87.215 1
2	1	11.2896 1	87.2391 1
2	1	11.2192 1	87.49 1
2	1	11.337 1	87.2049 1
2	1	11.2388 1	87.650 1
2	1	11.309 1	87.2087 1
2	1	11.2791 1	87.1788 1
2	1	11.2604 1	87.269 1
2	1	11.2334 1	87.490 1
2	1	11.2982 1	87.1538 1
2	1	11.2475 1	87.728 1
2	1	11.2613 1	87.1189 1
2	1	11.2142 1	87.353 1
2	1	11.1639 1	87.2431 1
2	1	11.2787 1	87.2315 1
2	1	11.1236 1	87.604 1
2	1	11.2395 1	87.2593 1
2	1	11.1953 1	87.598 1
2	1	11.2553 1	87.967 1
2	1	11.2104 1	87.15 1
2	1	11.385 1	87.601 1
2	1	11.2183 1	87.55 1
2	1	11.58 1	87.90 1
2	1	11.2490 1	87.633 1
2	1	11.2244 1	87.110 1
2	1	11.2331 1	87.485 1
2	1	11.2335 1	87.106 1
2	1	11.2539 1	87.2463 1
2	1	11.1960 1	87.1027 1
2	1	11.1807 1	87.1769 1
2	1	11.40 1	87.1354 1
2	1	11.2560 1	87.1061 1
18	65	11.1003 0.293 11.1188 0.903 11.1582 0.941 11.1618 0.941 11.186 0.948 11.227 0.759 11.2291 0.895 11.2411 0.075 11.268 0.939 11.2852 0.938 11.505 1 11.676 0.088 11.734 0.753	87.1213 0.382 87.1616 0.583 87.2189 0.076 87.2520 1 87.2562 0.787
2	1	11.1408 1	87.1002 1
2	1	11.1779 1	87.2050 1
2	1	11.479 1	87.2044 1
2	1	11.1866 1	87.494 1
2	1	11.2212 1	87.2579 1
2	1	11.2418 1	87.1696 1
2	1	11.2816 1	87.317 1
19	90	11.1259 0.298 11.1578 0.376 11.1622 0.377 11.183 0.290 11.2282 0.115 11.2569 0.115 11.264 0.081 11.2848 1 11.2902 0.116 11.499 0.153	87.1121 0.469 87.1218 0.527 87.141 0.600 87.1614 1 87.198 0.231 87.1989 0.323 87.2194 0.758 87.2517 0.620 87.2611 0.872
2	1	11.2029 1	87.570 1
2	1	11.2420 1	87.1698 1
2	1	11.1442 1	87.1038 1
2	1	11.1805 1	87.1771 1
2	1	11.2793 1	87.1786 1
2	1	11.24 1	87.2536 1
2	1	11.1351 1	87.2352 1
2	1	11.1393 1	87.1254 1
2	1	11.2794 1	87.1785 1
2	1	11.514 1	87.2389 1
2	1	11.1116 1	87.1842 1
2	1	11.2336 1	87.107 1
2	1	11.2205 1	87.31 1
2	1	11.2415 1	87.1175 1
2	1	11.995 1	87.2400 1
2	1	11.2152 1	87.676 1
2	1	11.1927 1	87.2337 1
2	1	11.2860 1	87.488 1
2	1	11.2242 1	87.2580 1
2	1	11.2523 1	87.2447 1
2	1	11.1314 1	87.2288 1
2	1	11.2511 1	87.137 1
2	1	11.2201 1	87.39 1
2	1	11.2610 1	87.1053 1
2	1	11.1640 1	87.2432 1
2	1	11.2368 1	87.24 1
3	2	11.2190 1	87.1039 0.863 87.52 1
2	1	11.293 1	87.2056 1
2	1	11.917 1	87.1873 1
2	1	11.2329 1	87.481 1
2	1	11.1112 1	87.876 1
2	1	11.2030 1	87.571 1
2	1	11.2814 1	87.320 1
2	1	11.2012 1	87.491 1
16	28	11.1022 0.137 11.1077 1 11.1645 0.816 11.2043 0.286 11.2060 0.074 11.3000 0.101 11.320 0.180 11.348 0.100 11.591 0.812 11.668 0.533 11.725 0.796 11.832 0.340 11.886 0.071 11.890 0.054	87.2172 0.741 87.2639 1
2	1	11.2492 1	87.2485 1
2	1	11.1142 1	87.1404 1
2	1	11.2353 1	87.103 1
2	1	11.2493 1	87.2486 1
2	1	11.568 1	87.1004 1
2	1	11.1855 1	87.2142 1
2	1	11.1288 1	87.2285 1
2	1	11.1174 1	87.2051 1
2	1	11.2246 1	87.2712 1
2	1	11.384 1	87.682 1
2	1	11.1420 1	87.1433 1
2	1	11.1594 1	87.217 1
2	1	11.1237 1	87.603 1
2	1	11.2611 1	87.1052 1
2	1	11.2723 1	87.535 1
2	1	11.1742 1	87.2284 1
2	1	11.2979 1	87.1536 1
2	1	11.918 1	87.1874 1
2	1	11.1930 1	87.833 1
2	1	11.1806 1	87.1770 1
2	1	11.2259 1	87.1171 1
2	1	11.2555 1	87.326 1
2	1	11.2261 1	87.1173 1
4	3	11.2211 1	87.531 1 87.79 0.736 87.751 0.613
2	1	11.749 1	87.1011 1
2	1	11.2833 1	87.2746 1
2	1	11.2199 1	87.43 1
2	1	11.2011 1	87.2583 1
2	1	11.1118 1	87.1844 1
2	1	11.2494 1	87.2487 1
2	1	11.2327 1	87.464 1
2	1	11.1596 1	87.683 1
2	1	11.1902 1	87.1500 1
22	120	11.1097 0.528 11.1199 0.328 11.1267 0.120 11.1574 0.968 11.1626 0.972 11.178 1 11.259 0.994 11.2772 0.070 11.2773 0.078 11.2844 0.972 11.495 0.969 11.79 0.347	87.1127 0.794 87.151 0.177 87.1608 0.671 87.1672 0.787 87.2198 0.078 87.2247 0.109 87.2514 0.810 87.2552 1 87.2617 0.877 87.444 0.111
2	1	11.513 1	87.2390 1
2	1	11.288 1	87.2052 1
2	1	11.2091 1	87.1374 1
2	1	11.2300 1	87.28 1
3	2	11.1815 1 11.436 1	87.1762 1
2	1	11.1591 1	87.214 1
9	8	11.1090 0.832 11.1485 0.756 11.1663 0.718 11.1971 0.747 11.371 0.207 11.604 0.751 11.696 0.825 11.818 1	87.2630 1
2	1	11.2545 1	87.2470 1
2	1	11.418 1	87.187 1
2	1	11.48 1	87.2399 1
2	1	11.2547 1	87.2465 1
2	1	11.2387 1	87.651 1
2	1	11.2520 1	87.2444 1
2	1	11.2367 1	87.23 1
2	1	11.2219 1	87.596 1
2	1	11.1994 1	87.1169 1
2	1	11.1141 1	87.1403 1
2	1	11.582 1	87.1008 1
2	1	11.2618 1	87.1188 1
2	1	11.1588 1	87.1493 1
2	1	11.1359 1	87.1793 1
3	2	11.277 1 11.2489 0.789	87.2286 1
2	1	11.34 1	87.540 1
2	1	11.2582 1	87.1552 1
2	1	11.2419 1	87.1697 1
2	1	11.1238 1	87.602 1
15	36	11.1019 0.186 11.1073 0.374 11.1523 0.060 11.2039 0.157 11.2040 0.063 11.2697 0.419 11.343 0.291 11.588 0.970 11.664 0.569 11.728 1 11.838 0.964 11.897 0.757	87.1302 0.050 87.1304 0.089 87.2641 1
2	1	11.2526 1	87.2450 1
2	1	11.2097 1	87.1376 1
2	1	11.2328 1	87.465 1
3	2	11.1303 1	87.1520 1 87.2157 0.786
2	1	11.2382 1	87.656 1
2	1	11.2559 1	87.327 1
2	1	11.2140 1	87.351 1
2	1	11.996 1	87.2398 1
2	1	11.1110 1	87.878 1
2	1	11.1839 1	87.794 1
2	1	11.1874 1	87.2442 1
2	1	11.2141 1	87.352 1
2	1	11.791 1	87.1362 1
2	1	11.2857 1	87.2758 1
2	1	11.2521 1	87.2445 1
2	1	11.13 1	87.1155 1
2	1	11.653 1	87.1077 1
2	1	11.2156 1	87.678 1
2	1	11.1924 1	87.2333 1
2	1	11.2332 1	87.486 1
2	1	11.2214 1	87.532 1
2	1	11.2532 1	87.2456 1
43	156	11.532 1 11.306 0.762 11.138 0.731 11.1876 0.738	87.1012 0.383 87.1075 0.383 87.1262 0.650 87.1800 1 87.1905 0.646 87.1932 0.650 87.2106 0.642 87.2152 0.650 87.2256 0.734 87.2507 0.650 87.266 0.383 87.2786 0.650 87.333 0.383 87.403 0.383 87.453 0.383 87.546 0.596 87.58 0.383 87.610 0.847 87.706 0.650 87.719 0.734 87.746 0.650 87.8 0.383 87.859 0.383 87.912 0.383 87.93 0.383 87.558 0.747 87.1151 0.747 87.1183 0.747 87.1326 0.747 87.1338 0.747 87.1347 0.747 87.1394 0.747 87.1481 0.747 87.1524 0.747 87.1648 0.747 87.1765 0.747 87.1949 0.747 87.2171 0.747 87.2423 0.747
2	1	11.1834 1	87.1528 1
2	1	11.2535 1	87.2459 1
2	1	11.423 1	87.727 1
2	1	11.1729 1	87.9 1
2	1	11.2591 1	87.1554 1
4	3	11.185 0.116 11.2290 1 11.267 0.116	87.2176 1
2	1	11.14 1	87.1156 1
2	1	11.1921 1	87.1867 1
2	1	11.1376 1	87.1487 1
2	1	11.2197 1	87.45 1
2	1	11.2209 1	87.529 1
27	50	11.1144 0.970 11.1190 0.970 11.1209 0.970 11.1306 0.970 11.1319 0.970 11.1409 0.970 11.1448 1 11.1478 0.970 11.1488 0.970 11.149 0.970 11.1514 0.970 11.1520 0.970 11.1555 0.970 11.1697 0.970 11.171 0.970 11.1719 0.970 11.204 0.970 11.254 0.970 11.370 0.970 11.429 0.970 11.740 0.970 11.77 0.970 11.824 0.970 11.880 0.970 11.911 0.970	87.1546 1 87.2781 1
2	1	11.2106 1	87.13 1
4	3	11.1505 1	87.2356 1 87.2361 1 87.2685 0.481
2	1	11.1867 1	87.2705 1
2	1	11.2193 1	87.48 1
3	2	11.1504 1	87.2355 1 87.2360 1
2	1	11.310 1	87.1503 1
13	22	11.2694 1 11.836 1 11.1076 0.943 11.666 0.940 11.1021 0.939 11.726 0.911 11.590 0.907 11.346 0.906 11.1644 0.904 11.2042 0.827 11.2061 0.183	87.1305 1 87.2640 1
2	1	11.2380 1	87.658 1
3	2	11.15 1 11.17 0.087	87.1157 1
3	2	11.2753 1	87.313 1 87.262 1
27	50	11.2832 1 11.2889 0.323	87.1032 0.366 87.1088 0.995 87.1309 0.995 87.1435 0.995 87.1454 0.995 87.175 1 87.1887 0.995 87.2024 0.656 87.2068 0.367 87.2094 0.656 87.2098 0.656 87.2135 0.656 87.2151 0.656 87.2478 0.995 87.250 0.995 87.2538 0.932 87.2632 0.563 87.2785 0.656 87.362 0.656 87.408 0.995 87.697 0.986 87.758 0.995 87.824 0.988 87.84 0.995 87.841 0.942
2	1	11.12 1	87.1154 1
2	1	11.2155 1	87.677 1
2	1	11.2417 1	87.1695 1
2	1	11.2107 1	87.12 1
2	1	11.2311 1	87.101 1
2	1	11.2151 1	87.674 1
2	1	11.2940 1	87.813 1
2	1	11.1458 1	87.2057 1
2	1	11.1865 1	87.2499 1
2	1	11.2527 1	87.2451 1
2	1	11.202 1	87.50 1
2	1	11.2322 1	87.2744 1
2	1	11.2958 1	87.637 1
2	1	11.2326 1	87.462 1
2	1	11.1868 1	87.2704 1
2	1	11.2540 1	87.2464 1
2	1	11.571 1	87.970 1
2	1	11.1836 1	87.1529 1
2	1	11.2815 1	87.319 1
2	1	11.424 1	87.726 1
2	1	11.1587 1	87.1492 1
2	1	11.1419 1	87.117 1
2	1	11.2644 1	87.714 1
2	1	11.1117 1	87.1843 1
2	1	11.1245 1	87.798 1
24	143	11.1042 0.540 11.1102 0.178 11.1195 0.934 11.1260 0.919 11.1577 1 11.1623 0.999 11.181 0.958 11.209 0.652 11.2570 0.901 11.262 0.955 11.2847 0.993 11.2903 0.921 11.498 0.988	87.1124 0.961 87.1219 0.326 87.1613 0.723 87.1990 0.979 87.2101 1 87.2195 0.950 87.2237 0.276 87.242 0.317 87.2516 0.965 87.2557 0.974 87.2612 0.950
2	1	11.2530 1	87.2454 1
2	1	11.2663 1	87.1732 1
2	1	11.1903 1	87.1499 1
2	1	11.1961 1	87.1026 1
2	1	11.1925 1	87.2334 1
2	1	11.2872 1	87.22 1
2	1	11.1926 1	87.2335 1
3	2	11.1676 1 11.2431 0.105	87.1417 1
15	26	11.1027 0.882 11.1081 0.308 11.1652 1 11.2049 0.218 11.2056 0.904 11.2253 0.300 11.2716 0.149 11.356 0.745 11.597 0.999 11.6 0.947 11.721 0.966 11.828 0.922 11.98 0.192	87.2648 0.893 87.735 1
3	2	11.2248 1 11.2646 0.657	87.2713 1
2	1	11.2524 1	87.2448 1
2	1	11.2544 1	87.2469 1
2	1	11.2337 1	87.104 1
2	1	11.1381 1	87.1489 1
2	1	11.471 1	87.616 1
2	1	11.2346 1	87.493 1
2	1	11.2537 1	87.2461 1
2	1	11.2864 1	87.1431 1
2	1	11.2661 1	87.1730 1
2	1	11.2612 1	87.1050 1
2	1	11.2204 1	87.32 1
2	1	11.1107 1	87.2339 1
2	1	11.2230 1	87.2581 1
2	1	11.334 1	87.1816 1
2	1	11.2071 1	87.752 1
2	1	11.2385 1	87.653 1
2	1	11.2396 1	87.2596 1
2	1	11.458 1	87.2779 1
6	8	11.1898 0.814 11.2309 0.421 11.2363 1 11.2364 0.456	87.1328 0.088 87.99 1
15	14	11.586 1	87.1103 0.107 87.1211 0.155 87.1361 0.131 87.138 0.557 87.1618 0.112 87.1917 0.057 87.2163 0.228 87.2229 0.095 87.2274 0.228 87.2482 0.085 87.2521 0.229 87.258 1 87.2605 0.228 87.964 0.436
2	1	11.916 1	87.51 1
2	1	11.2645 1	87.712 1
2	1	11.1803 1	87.1772 1
2	1	11.872 1	87.619 1
2	1	11.2538 1	87.2462 1
2	1	11.2543 1	87.2468 1
2	1	11.2834 1	87.2745 1
2	1	11.2894 1	87.2393 1
2	1	11.1796 1	87.188 1
2	1	11.2227 1	87.2706 1
2	1	11.2458 1	87.1580 1
2	1	11.2895 1	87.2392 1
2	1	11.49 1	87.91 1
2	1	11.2536 1	87.2460 1
2	1	11.2525 1	87.2449 1
2	1	11.1928 1	87.831 1
3	2	11.965 1	87.1289 0.082 87.2645 1
2	1	11.1929 1	87.832 1
2	1	11.2757 1	87.314 1
3	2	11.2862 1	87.354 1 87.355 0.088
2	1	11.646 1	87.1761 1
3	2	11.1675 0.998 11.2432 1	87.1416 1
2	1	11.2534 1	87.2458 1
3	2	11.2416 1 11.2393 0.907	87.2259 1
2	1	11.562 1	87.1006 1
2	1	11.644 1	87.1760 1
2	1	11.35 1	87.1722 1
2	1	11.1864 1	87.2498 1
2	1	11.1838 1	87.1530 1
2	1	11.2583 1	87.1553 1
2	1	11.1162 1	87.1058 1
2	1	11.1798 1	87.190 1
2	1	11.2592 1	87.1556 1
2	1	11.1856 1	87.2143 1
3	2	11.1923 1 11.88 0.071	87.131 1
2	1	11.220 1	87.2773 1
3	2	11.1673 0.895 11.2434 1	87.2567 1
2	1	11.2531 1	87.2455 1
2	1	11.2552 1	87.968 1
2	1	11.2939 1	87.620 1
2	1	11.2229 1	87.2582 1
2	1	11.469 1	87.614 1
2	1	11.2028 1	87.569 1
2	1	11.2522 1	87.2446 1
2	1	11.2932 1	87.1683 1
2	1	11.38 1	87.1717 1
2	1	11.2813 1	87.1079 1
37	312	11.1264 1 11.719 1 11.361 0.934 11.1654 0.904 11.1029 0.880 11.1197 0.853 11.2769 0.725 11.179 0.633 11.260 0.628 11.1625 0.619 11.2845 0.619 11.496 0.619 11.1575 0.614 11.207 0.598 11.826 0.235 11.1977 0.222 11.599 0.200 11.1098 0.164 11.2690 0.140 11.1084 0.097 11.1476 0.094 11.2573 0.074 11.2905 0.070 11.2256 0.054	87.2515 1 87.2642 1 87.1992 0.818 87.1609 0.653 87.2553 0.634 87.2197 0.613 87.239 0.303 87.2104 0.218 87.1126 0.204 87.149 0.078 87.2616 0.076 87.2614 0.055 87.150 0.052
2	1	11.1895 1	87.2732 1
2	1	11.2078 1	87.368 1
2	1	11.2609 1	87.1054 1
2	1	11.1377 1	87.1488 1
2	1	11.2546 1	87.2471 1
3	2	11.2179 1	87.133 1 87.2108 0.286
2	1	11.1111 1	87.877 1
2	1	11.1998 1	87.854 1
26	25	11.533 1	87.1070 0.437 87.1268 0.437 87.129 0.437 87.1294 0.437 87.1343 0.437 87.1372 0.437 87.1429 0.437 87.145 0.437 87.1453 0.437 87.1526 0.437 87.1583 0.437 87.1801 1 87.213 0.437 87.230 0.437 87.260 0.437 87.274 0.437 87.288 0.437 87.384 0.437 87.41 0.437 87.460 0.437 87.585 0.437 87.589 0.437 87.761 0.437 87.764 0.437 87.989 0.437
2	1	11.2158 1	87.179 1
2	1	11.1894 1	87.2734 1
2	1	11.1296 1	87.1240 1
2	1	11.2980 1	87.1537 1
2	1	11.647 1	87.78 1
2	1	11.1119 1	87.1845 1
2	1	11.1590 1	87.635 1
2	1	11.1941 1	87.1791 1
2	1	11.2629 1	87.2430 1
2	1	11.636 1	87.688 1
2	1	11.1143 1	87.1405 1
2	1	11.2826 1	87.1691 1
2	1	11.2344 1	87.1407 1
2	1	11.2899 1	87.1334 1
2	1	11.1244 1	87.796 1
2	1	11.417 1	87.1723 1
2	1	11.553 1	87.1145 1
2	1	11.1164 1	87.572 1
2	1	11.2519 1	87.2443 1
2	1	11.1858 1	87.2144 1
2	1	11.2510 1	87.136 1
2	1	11.2959 1	87.617 1
2	1	11.2529 1	87.2453 1
2	1	11.2533 1	87.2457 1
2	1	11.2383 1	87.655 1
2	1	11.462 1	87.2086 1
2	1	11.47 1	87.1779 1
59	780	11.2841 1 11.2217 1 11.1204 1 11.1630 0.979 11.174 0.968 11.2835 0.818 11.2777 0.811 11.2562 0.805 11.1202 0.800 11.1339 0.800 11.1986 0.784 11.933 0.784 11.1051 0.774 11.397 0.774 11.82 0.768 11.475 0.747 11.412 0.600 11.450 0.431 11.256 0.353 11.1570 0.247 11.1631 0.247 11.2840 0.247 11.173 0.244 11.488 0.241 11.1497 0.234 11.398 0.229 11.1050 0.226 11.1352 0.222 11.1985 0.217 11.878 0.215 11.489 0.209 11.413 0.203 11.510 0.195 11.451 0.184 11.945 0.178 11.1271 0.168 11.492 0.114 11.2561 0.067 11.1272 0.056	87.70 1 87.1140 1 87.1111 1 87.2301 0.993 87.2656 0.980 87.2011 0.972 87.1112 0.965 87.2207 0.965 87.426 0.951 87.163 0.938 87.2542 0.917 87.2655 0.917 87.1593 0.840 87.1592 0.613 87.71 0.613 87.2541 0.608 87.2300 0.603 87.425 0.588 87.164 0.117 87.2208 0.056
2	1	11.2579 1	87.1549 1
2	1	11.1545 1	87.882 1
2	1	11.2551 1	87.969 1
2	1	11.1357 1	87.881 1
2	1	11.2196 1	87.46 1
2	1	11.1792 1	87.1106 1
2	1	11.1842 1	87.2139 1
2	1	11.223 1	87.1655 1
2	1	11.2479 1	87.2160 1
2	1	11.11 1	87.1153 1
2	1	11.2221 1	87.291 1
2	1	11.2384 1	87.654 1
2	1	11.2662 1	87.1731 1
2	1	11.2789 1	87.2316 1
2	1	11.2178 1	87.134 1
2	1	11.1540 1	87.2258 1
2	1	11.1316 1	87.998 1
2	1	11.1531 1	87.511 1
2	1	11.2812 1	87.1084 1
71	1050	11.997 1 11.341 1 11.742 0.871 11.2401 0.855 11.1135 0.774 11.656 0.726 11.1228 0.691 11.523 0.626 11.1181 0.607 11.2292 0.586 11.106 0.561 11.1875 0.313 11.1748 0.298 11.865 0.161 11.758 0.097 11.2993 0.080 11.1711 0.075 11.1730 0.071 11.1537 0.070 11.73 0.066 11.1187 0.056	87.2309 1 87.292 1 87.1074 0.994 87.1742 0.994 87.2145 0.994 87.328 0.994 87.350 0.994 87.66 0.994 87.2741 0.992 87.644 0.992 87.992 0.992 87.2401 0.990 87.621 0.990 87.1941 0.988 87.316 0.988 87.518 0.988 87.835 0.988 87.2559 0.986 87.1272 0.984 87.2353 0.984 87.2695 0.984 87.1486 0.977 87.1191 0.976 87.1292 0.976 87.1317 0.976 87.1357 0.976 87.1402 0.976 87.1421 0.976 87.1473 0.976 87.1497 0.976 87.1569 0.976 87.223 0.976 87.228 0.976 87.299 0.976 87.389 0.976 87.398 0.976 87.406 0.976 87.414 0.976 87.469 0.976 87.680 0.976 87.699 0.976 87.802 0.976 87.901 0.976 87.917 0.976 87.938 0.976 87.982 0.976 87.1778 0.973 87.685 0.943 87.2213 0.937 87.18 0.922
2	1	11.1593 1	87.216 1
2	1	11.470 1	87.615 1
2	1	11.1797 1	87.189 1
2	1	11.1315 1	87.1861 1
2	1	11.2658 1	87.1159 1
2	1	11.1356 1	87.1322 1
2	1	11.2394 1	87.2591 1
2	1	11.2921 1	87.2059 1
2	1	11.2389 1	87.649 1
2	1	11.26 1	87.594 1
3	2	11.2320 1	87.2742 1 87.2055 0.928
2	1	11.1302 1	87.337 1
2	1	11.2301 1	87.29 1
2	1	11.2345 1	87.1406 1
2	1	11.29 1	87.595 1
5	4	11.1079 1 11.593 0.915 11.670 1 11.723 0.103	87.1247 1
2	1	11.1614 1	87.713 1
2	1	11.2180 1	87.132 1
6	9	11.2478 1 11.792 0.173 11.981 0.369	87.2109 0.111 87.2161 1 87.2766 0.117
2	1	11.1178 1	87.1055 1
2	1	11.1109 1	87.880 1
2	1	11.2541 1	87.2466 1
2	1	11.2260 1	87.1172 1
2	1	11.351 1	87.2440 1
2	1	11.1382 1	87.325 1
2	1	11.2635 1	87.227 1
2	1	11.2542 1	87.2467 1
6	5	11.1318 1	87.996 1 87.10 1 87.1144 0.817 87.2751 0.885 87.2793 0.860
2	1	11.2792 1	87.1787 1
2	1	11.1120 1	87.1478 1
2	1	11.1161 1	87.1336 1
2	1	11.2160 1	87.80 1
2	1	11.2302 1	87.30 1
2	1	11.2325 1	87.2165 1
2	1	11.652 1	87.1539 1
2	1	11.1106 1	87.2338 1
2	1	11.2222 1	87.289 1
2	1	11.2228 1	87.2707 1
2	1	11.2469 1	87.829 1
2	1	11.2159 1	87.16 1
2	1	11.1997 1	87.853 1
2	1	11.2758 1	87.315 1
25	126	11.1043 1 11.2200 1 11.211 0.841 11.182 0.623 11.1194 0.217 11.1016 0.139 11.1253 0.139	87.1123 1 87.40 1 87.1209 0.786 87.143 0.520 87.2236 0.480 87.2676 0.286 87.119 0.173 87.931 0.173 87.954 0.173 87.111 0.167 87.434 0.166 87.1738 0.165 87.2437 0.160 87.2679 0.139 87.2245 0.134 87.2558 0.099 87.1814 0.082 87.991 0.062
2	1	11.2099 1	87.1239 1
2	1	11.1851 1	87.2140 1
2	1	11.2194 1	87.47 1
2	1	11.219 1	87.2772 1
2	1	11.2157 1	87.679 1
28	75	11.1024 0.338 11.1078 0.444 11.1208 0.118 11.1579 0.325 11.1621 0.325 11.1646 0.434 11.184 0.190 11.2 0.283 11.2045 0.338 11.2054 0.363 11.217 0.289 11.2289 0.273 11.2709 0.138 11.2849 0.322 11.2901 0.086 11.2950 0.270 11.350 0.444 11.503 0.326 11.592 0.347 11.669 1 11.724 0.408 11.776 0.234 11.849 0.232 11.885 0.341 11.974 0.260	87.2354 0.102 87.2359 0.105 87.2678 1
2	1	11.2867 1	87.411 1
2	1	11.425 1	87.1815 1
2	1	11.1904 1	87.1866 1
2	1	11.1311 0.845	87.805 0.845
