Size	Relations	OrthoA	OrthoB
2	1	11.2108 1	84.161 1
2	1	11.2109 1	84.162 1
2	1	11.1833 1	84.555 1
2	1	11.2226 1	84.324 1
2	1	11.2105 1	84.799 1
2	1	11.2213 1	84.371 1
2	1	11.1783 1	84.229 1
2	1	11.2960 1	84.30 1
2	1	11.1901 1	84.186 1
2	1	11.2898 1	84.145 1
2	1	11.1595 1	84.636 1
2	1	11.940 1	84.217 1
2	1	11.1112 1	84.104 1
2	1	11.1689 1	84.136 1
2	1	11.2208 1	84.336 1
2	1	11.1939 1	84.2 1
2	1	11.2202 1	84.410 1
2	1	11.40 1	84.51 1
2	1	11.2313 1	84.747 1
2	1	11.335 1	84.654 1
2	1	11.2986 1	84.328 1
2	1	11.2386 1	84.377 1
2	1	11.2203 1	84.411 1
2	1	11.1592 1	84.633 1
2	1	11.1589 1	84.592 1
2	1	11.2791 1	84.63 1
2	1	11.2245 1	84.370 1
2	1	11.1237 1	84.238 1
2	1	11.337 1	84.653 1
2	1	11.2388 1	84.375 1
2	1	11.2192 1	84.401 1
2	1	11.2982 1	84.11 1
2	1	11.309 1	84.664 1
2	1	11.2896 1	84.667 1
2	1	11.2604 1	84.573 1
2	1	11.2613 1	84.737 1
2	1	11.2334 1	84.345 1
2	1	11.2475 1	84.608 1
2	1	11.573 1	84.114 1
2	1	11.2787 1	84.505 1
2	1	11.2142 1	84.267 1
2	1	11.1729 1	84.784 1
2	1	11.1953 1	84.244 1
2	1	11.1639 1	84.331 1
3	2	11.568 1	84.119 1 84.469 0.627
2	1	11.2395 1	84.251 1
2	1	11.1236 1	84.241 1
2	1	11.58 1	84.795 1
2	1	11.2553 1	84.43 1
2	1	11.2104 1	84.798 1
2	1	11.385 1	84.243 1
2	1	11.2539 1	84.294 1
2	1	11.2183 1	84.394 1
2	1	11.2335 1	84.428 1
2	1	11.2244 1	84.430 1
2	1	11.1779 1	84.208 1
2	1	11.1442 1	84.575 1
2	1	11.2331 1	84.350 1
2	1	11.2793 1	84.61 1
2	1	11.1807 1	84.510 1
2	1	11.2490 1	84.591 1
2	1	11.2560 1	84.95 1
2	1	11.1408 1	84.562 1
2	1	11.2418 1	84.34 1
2	1	11.479 1	84.588 1
2	1	11.1960 1	84.568 1
2	1	11.2816 1	84.258 1
2	1	11.2336 1	84.429 1
2	1	11.2212 1	84.752 1
2	1	11.1866 1	84.342 1
2	1	11.1116 1	84.579 1
2	1	11.1393 1	84.647 1
12	20	11.1259 0.314 11.1578 0.391 11.1622 0.392 11.183 0.307 11.2282 0.125 11.2569 0.125 11.264 0.088 11.2848 1 11.2902 0.126 11.499 0.160	84.732 0.655 84.771 1
2	1	11.2420 1	84.32 1
2	1	11.514 1	84.665 1
2	1	11.2610 1	84.73 1
2	1	11.24 1	84.758 1
2	1	11.2201 1	84.409 1
15	14	11.1003 0.326 11.107 0.083 11.1188 0.912 11.1582 0.946 11.1618 0.946 11.186 0.953 11.227 0.780 11.2291 0.904 11.2411 0.106 11.268 0.945 11.2852 0.944 11.505 1 11.676 0.121 11.734 0.775	84.734 1
2	1	11.1805 1	84.508 1
2	1	11.2152 1	84.388 1
2	1	11.2860 1	84.347 1
2	1	11.2205 1	84.415 1
2	1	11.1314 1	84.501 1
2	1	11.995 1	84.672 1
2	1	11.1412 1	84.563 1
2	1	11.2242 1	84.751 1
2	1	11.1930 1	84.490 1
2	1	11.2511 1	84.445 1
2	1	11.1640 1	84.332 1
2	1	11.2794 1	84.60 1
2	1	11.2523 1	84.310 1
2	1	11.2329 1	84.354 1
2	1	11.2415 1	84.738 1
2	1	11.1927 1	84.543 1
2	1	11.1351 1	84.644 1
2	1	11.2368 1	84.421 1
2	1	11.917 1	84.231 1
2	1	11.2190 1	84.576 1
2	1	11.293 1	84.486 1
2	1	11.2492 1	84.282 1
2	1	11.2493 1	84.281 1
2	1	11.2723 1	84.777 1
2	1	11.1142 1	84.220 1
2	1	11.1594 1	84.635 1
2	1	11.2555 1	84.263 1
2	1	11.1855 1	84.708 1
2	1	11.2012 1	84.344 1
2	1	11.2814 1	84.261 1
2	1	11.2246 1	84.453 1
2	1	11.384 1	84.598 1
2	1	11.2353 1	84.426 1
2	1	11.2813 1	84.21 1
2	1	11.1288 1	84.499 1
2	1	11.1118 1	84.581 1
2	1	11.1174 1	84.765 1
2	1	11.2979 1	84.9 1
2	1	11.2259 1	84.742 1
2	1	11.918 1	84.230 1
2	1	11.1806 1	84.509 1
2	1	11.2494 1	84.280 1
2	1	11.1742 1	84.498 1
2	1	11.2261 1	84.740 1
2	1	11.2300 1	84.419 1
2	1	11.2327 1	84.367 1
2	1	11.2987 1	84.327 1
2	1	11.1596 1	84.599 1
2	1	11.1902 1	84.187 1
3	2	11.2211 1	84.781 1 84.622 0.689
2	1	11.2833 1	84.810 1
2	1	11.2199 1	84.407 1
3	2	11.277 1 11.2489 0.813	84.500 1
2	1	11.2011 1	84.748 1
2	1	11.2611 1	84.74 1
2	1	11.1420 1	84.212 1
2	1	11.2367 1	84.422 1
2	1	11.749 1	84.559 1
2	1	11.2547 1	84.292 1
2	1	11.2970 1	84.23 1
2	1	11.2219 1	84.246 1
3	2	11.582 1	84.128 0.431 84.458 1
2	1	11.1141 1	84.219 1
3	2	11.1815 1 11.436 1	84.513 1
2	1	11.2526 1	84.307 1
3	2	11.1839 1	84.202 1 84.545 0.776
2	1	11.513 1	84.666 1
2	1	11.1588 1	84.135 1
2	1	11.2328 1	84.366 1
2	1	11.2387 1	84.376 1
2	1	11.1359 1	84.65 1
2	1	11.2559 1	84.264 1
2	1	11.1928 1	84.492 1
2	1	11.2140 1	84.265 1
2	1	11.653 1	84.22 1
2	1	11.2618 1	84.736 1
3	2	11.562 1	84.110 0.317 84.472 1
2	1	11.1110 1	84.102 1
2	1	11.34 1	84.768 1
2	1	11.288 1	84.583 1
2	1	11.1238 1	84.242 1
2	1	11.2520 1	84.313 1
2	1	11.1245 1	84.205 1
2	1	11.2141 1	84.266 1
2	1	11.1994 1	84.743 1
2	1	11.2332 1	84.349 1
2	1	11.2382 1	84.381 1
2	1	11.1591 1	84.632 1
2	1	11.2545 1	84.287 1
2	1	11.2582 1	84.617 1
2	1	11.14 1	84.526 1
2	1	11.2380 1	84.383 1
3	2	11.1923 1 11.88 0.807	84.435 1
2	1	11.2209 1	84.783 1
2	1	11.1924 1	84.539 1
2	1	11.2156 1	84.390 1
2	1	11.791 1	84.413 1
4	3	11.586 1	84.133 0.460 84.457 1 84.479 0.132
2	1	11.996 1	84.671 1
2	1	11.2193 1	84.402 1
2	1	11.2535 1	84.298 1
2	1	11.2663 1	84.3 1
2	1	11.1376 1	84.537 1
2	1	11.2107 1	84.801 1
2	1	11.806 1	84.642 1
2	1	11.2197 1	84.405 1
2	1	11.2532 1	84.301 1
2	1	11.423 1	84.607 1
2	1	11.1921 1	84.194 1
2	1	11.2214 1	84.780 1
2	1	11.2106 1	84.800 1
2	1	11.2417 1	84.35 1
2	1	11.2419 1	84.33 1
2	1	11.2591 1	84.615 1
2	1	11.2521 1	84.312 1
2	1	11.2322 1	84.478 1
2	1	11.2155 1	84.389 1
2	1	11.13 1	84.525 1
16	28	11.1626 1 11.2844 1 11.178 1 11.495 0.996 11.1574 0.995 11.259 0.969 11.1097 0.566 11.79 0.379 11.1199 0.365 11.1267 0.156 11.2773 0.109 11.2772 0.100 11.1990 0.079 11.1033 0.065	84.775 1 84.727 1
2	1	11.2753 1	84.254 1
3	2	11.15 1 11.17 0.090	84.528 1
2	1	11.12 1	84.524 1
2	1	11.2661 1	84.5 1
2	1	11.2940 1	84.183 1
2	1	11.1895 1	84.456 1
2	1	11.1303 1	84.554 1
2	1	11.2540 1	84.293 1
3	2	11.2822 1	84.147 1 84.149 0.265
2	1	11.310 1	84.28 1
2	1	11.1868 1	84.449 1
2	1	11.2527 1	84.306 1
2	1	11.1458 1	84.487 1
2	1	11.1867 1	84.450 1
2	1	11.1587 1	84.134 1
2	1	11.2311 1	84.425 1
6	8	11.2363 1 11.2364 1 11.1898 0.802 11.2309 0.382	84.529 1 84.530 1
2	1	11.1836 1	84.556 1
2	1	11.2326 1	84.368 1
2	1	11.1244 1	84.204 1
2	1	11.1865 1	84.763 1
2	1	11.334 1	84.659 1
2	1	11.1107 1	84.549 1
2	1	11.202 1	84.400 1
2	1	11.2592 1	84.609 1
2	1	11.2644 1	84.605 1
2	1	11.2958 1	84.596 1
2	1	11.1505 1	84.761 1
2	1	11.2227 1	84.451 1
2	1	11.2151 1	84.386 1
2	1	11.2895 1	84.668 1
3	2	11.2248 1 11.2646 0.727	84.454 1
2	1	11.2872 1	84.423 1
15	26	11.1042 0.523 11.1102 0.176 11.1195 0.933 11.1260 0.921 11.1577 0.985 11.1623 0.982 11.181 0.958 11.209 0.645 11.2570 0.903 11.262 0.957 11.2847 0.996 11.2903 0.921 11.498 1	84.731 1 84.772 0.877
2	1	11.2524 1	84.309 1
2	1	11.1961 1	84.569 1
2	1	11.2612 1	84.75 1
2	1	11.2530 1	84.303 1
2	1	11.2337 1	84.427 1
2	1	11.2537 1	84.296 1
2	1	11.2544 1	84.288 1
2	1	11.1117 1	84.580 1
2	1	11.1925 1	84.540 1
2	1	11.471 1	84.235 1
2	1	11.2538 1	84.295 1
2	1	11.2864 1	84.210 1
2	1	11.1381 1	84.538 1
2	1	11.2815 1	84.260 1
2	1	11.424 1	84.606 1
2	1	11.2932 1	84.18 1
2	1	11.2323 1	84.209 1
2	1	11.1926 1	84.541 1
2	1	11.1796 1	84.673 1
2	1	11.2346 1	84.343 1
2	1	11.1803 1	84.507 1
2	1	11.1162 1	84.81 1
2	1	11.1798 1	84.675 1
2	1	11.2458 1	84.546 1
2	1	11.2071 1	84.623 1
2	1	11.1864 1	84.762 1
2	1	11.49 1	84.796 1
2	1	11.2230 1	84.750 1
2	1	11.2834 1	84.811 1
2	1	11.2894 1	84.669 1
2	1	11.2754 1	84.78 1
2	1	11.2525 1	84.308 1
2	1	11.2969 1	84.493 1
2	1	11.35 1	84.50 1
2	1	11.646 1	84.514 1
2	1	11.2556 1	84.39 1
2	1	11.2220 1	84.412 1
2	1	11.916 1	84.399 1
2	1	11.2550 1	84.45 1
2	1	11.2495 1	84.279 1
2	1	11.2416 1	84.25 1
2	1	11.1998 1	84.164 1
2	1	11.1838 1	84.557 1
3	2	11.2862 1	84.268 1 84.269 0.070
2	1	11.644 1	84.515 1
2	1	11.1929 1	84.491 1
2	1	11.1903 1	84.189 1
2	1	11.2757 1	84.255 1
2	1	11.1858 1	84.706 1
2	1	11.2534 1	84.299 1
2	1	11.2543 1	84.289 1
2	1	11.2662 1	84.4 1
2	1	11.2396 1	84.249 1
2	1	11.2939 1	84.232 1
2	1	11.2645 1	84.603 1
2	1	11.2536 1	84.297 1
2	1	11.2522 1	84.311 1
2	1	11.872 1	84.233 1
2	1	11.1863 1	84.154 1
2	1	11.469 1	84.237 1
2	1	11.2531 1	84.302 1
2	1	11.2385 1	84.378 1
2	1	11.2899 1	84.53 1
2	1	11.1356 1	84.40 1
2	1	11.1111 1	84.103 1
2	1	11.1856 1	84.707 1
2	1	11.1143 1	84.221 1
2	1	11.636 1	84.601 1
2	1	11.2204 1	84.414 1
2	1	11.1296 1	84.483 1
3	2	11.1675 1 11.2432 0.998	84.227 1
2	1	11.2812 1	84.148 1
2	1	11.2229 1	84.749 1
2	1	11.2980 1	84.10 1
2	1	11.2179 1	84.438 1
2	1	11.2383 1	84.380 1
3	2	11.1673 0.914 11.2434 1	84.547 1
2	1	11.2158 1	84.392 1
4	3	11.580 1	84.365 1 84.166 0.751 84.360 0.689
2	1	11.2200 1	84.408 1
2	1	11.647 1	84.198 1
2	1	11.2629 1	84.330 1
2	1	11.2579 1	84.620 1
2	1	11.2479 1	84.704 1
2	1	11.2583 1	84.616 1
27	92	11.1977 1 11.1264 1 11.1197 0.856 11.599 0.792 11.2769 0.733 11.179 0.644 11.260 0.640 11.1625 0.631 11.2845 0.631 11.496 0.631 11.1575 0.626 11.207 0.610 11.361 0.446 11.719 0.405 11.2690 0.380 11.1654 0.368 11.1029 0.360 11.826 0.238 11.980 0.197 11.93 0.190 11.1098 0.172 11.2573 0.080 11.2905 0.079	84.480 1 84.774 1 84.776 0.224 84.728 0.073
2	1	11.462 1	84.663 1
2	1	11.2552 1	84.42 1
2	1	11.2546 1	84.286 1
2	1	11.11 1	84.523 1
2	1	11.1109 1	84.101 1
2	1	11.2533 1	84.300 1
2	1	11.1119 1	84.582 1
2	1	11.1590 1	84.593 1
2	1	11.1941 1	84.70 1
2	1	11.2529 1	84.304 1
2	1	11.1357 1	84.97 1
2	1	11.2178 1	84.439 1
19	18	11.1050 0.852 11.1204 0.820 11.1272 0.221 11.1497 0.832 11.1570 0.840 11.1631 0.840 11.173 0.832 11.1985 0.799 11.2217 0.391 11.256 0.225 11.2561 0.119 11.2835 0.412 11.2840 0.840 11.398 0.816 11.413 0.852 11.451 0.787 11.488 0.828 11.878 1	84.723 1
2	1	11.1540 1	84.24 1
4	3	11.1533 1	84.337 0.795 84.338 1 84.696 0.349
2	1	11.2519 1	84.314 1
2	1	11.1531 1	84.335 1
2	1	11.2149 1	84.384 1
2	1	11.2789 1	84.504 1
2	1	11.417 1	84.49 1
2	1	11.2344 1	84.226 1
2	1	11.2510 1	84.444 1
2	1	11.48 1	84.686 1
2	1	11.1140 1	84.218 1
2	1	11.1842 1	84.711 1
2	1	11.2609 1	84.72 1
2	1	11.2468 1	84.652 1
2	1	11.2921 1	84.488 1
2	1	11.2792 1	84.62 1
2	1	11.2647 1	84.551 1
2	1	11.2157 1	84.391 1
2	1	11.2301 1	84.418 1
4	3	11.1676 1 11.2428 0.066 11.2431 0.138	84.228 1
2	1	11.1797 1	84.674 1
2	1	11.470 1	84.236 1
2	1	11.351 1	84.89 1
2	1	11.2384 1	84.379 1
2	1	11.2260 1	84.741 1
2	1	11.1302 1	84.213 1
2	1	11.2196 1	84.404 1
2	1	11.2635 1	84.694 1
2	1	11.2541 1	84.291 1
3	2	11.1318 1	84.804 1 84.567 1
2	1	11.1593 1	84.634 1
2	1	11.1997 1	84.163 1
2	1	11.2394 1	84.253 1
2	1	11.1614 1	84.604 1
3	2	11.2320 1	84.476 1 84.485 0.928
2	1	11.425 1	84.587 1
2	1	11.2389 1	84.374 1
2	1	11.1315 1	84.191 1
2	1	11.2159 1	84.37 1
2	1	11.1178 1	84.79 1
3	2	11.553 1	84.126 0.268 84.127 1
2	1	11.2333 1	84.346 1
2	1	11.1316 1	84.566 1
2	1	11.2542 1	84.290 1
2	1	11.1904 1	84.193 1
2	1	11.2302 1	84.417 1
2	1	11.1382 1	84.262 1
2	1	11.2345 1	84.222 1
2	1	11.2194 1	84.403 1
2	1	11.1161 1	84.52 1
2	1	11.1120 1	84.172 1
2	1	11.1851 1	84.710 1
2	1	11.1106 1	84.550 1
2	1	11.652 1	84.12 1
2	1	11.2580 1	84.619 1
4	3	11.1682 1 11.1685 0.998 11.842 0.981	84.177 1
2	1	11.2299 1	84.420 1
2	1	11.2321 1	84.477 1
2	1	11.2554 1	84.80 1
2	1	11.2867 1	84.759 1
3	2	11.1311 0.814 11.2393 0.808	84.36 0.811
