Size	Relations	OrthoA	OrthoB
2	1	11.2108 1	86.659 1
2	1	11.2109 1	86.658 1
2	1	11.1833 1	86.243 1
2	1	11.2226 1	86.1033 1
2	1	11.1689 1	86.972 1
2	1	11.2105 1	86.529 1
2	1	11.1901 1	86.236 1
2	1	11.1783 1	86.1107 1
2	1	11.2960 1	86.622 1
2	1	11.2213 1	86.85 1
2	1	11.2898 1	86.503 1
2	1	11.940 1	86.106 1
2	1	11.1112 1	86.730 1
2	1	11.1595 1	86.880 1
2	1	11.2208 1	86.791 1
2	1	11.2202 1	86.365 1
2	1	11.2313 1	86.76 1
2	1	11.335 1	86.799 1
2	1	11.1939 1	86.433 1
2	1	11.2386 1	86.1076 1
2	1	11.2203 1	86.364 1
2	1	11.2245 1	86.348 1
2	1	11.1589 1	86.846 1
2	1	11.40 1	86.649 1
2	1	11.1592 1	86.1090 1
2	1	11.2896 1	86.694 1
2	1	11.337 1	86.798 1
2	1	11.2192 1	86.375 1
2	1	11.2388 1	86.1078 1
2	1	11.309 1	86.417 1
2	1	11.2791 1	86.806 1
2	1	11.2604 1	86.1037 1
2	1	11.2475 1	86.1030 1
2	1	11.2982 1	86.508 1
2	1	11.2334 1	86.297 1
2	1	11.2613 1	86.50 1
2	1	11.2142 1	86.93 1
2	1	11.1639 1	86.624 1
2	1	11.1236 1	86.121 1
2	1	11.2787 1	86.843 1
2	1	11.2395 1	86.984 1
2	1	11.1953 1	86.127 1
2	1	11.2553 1	86.607 1
2	1	11.2104 1	86.530 1
2	1	11.2183 1	86.381 1
2	1	11.385 1	86.124 1
2	1	11.2490 1	86.845 1
2	1	11.2539 1	86.912 1
2	1	11.2331 1	86.292 1
2	1	11.1960 1	86.979 1
2	1	11.1807 1	86.643 1
2	1	11.2560 1	86.723 1
2	1	11.1408 1	86.541 1
2	1	11.1779 1	86.797 1
2	1	11.2212 1	86.81 1
2	1	11.479 1	86.1056 1
2	1	11.1866 1	86.302 1
2	1	11.2418 1	86.450 1
2	1	11.2816 1	86.410 1
2	1	11.2029 1	86.709 1
2	1	11.2091 1	86.716 1
2	1	11.2793 1	86.804 1
2	1	11.1442 1	86.194 1
2	1	11.2420 1	86.448 1
2	1	11.1805 1	86.645 1
2	1	11.24 1	86.737 1
2	1	11.1930 1	86.1118 1
2	1	11.1351 1	86.212 1
2	1	11.514 1	86.696 1
2	1	11.1116 1	86.470 1
2	1	11.2794 1	86.803 1
2	1	11.1393 1	86.138 1
2	1	11.2336 1	86.994 1
2	1	11.2205 1	86.360 1
2	1	11.2415 1	86.58 1
2	1	11.995 1	86.684 1
2	1	11.2242 1	86.80 1
2	1	11.2152 1	86.867 1
2	1	11.1927 1	86.217 1
2	1	11.1412 1	86.542 1
2	1	11.2860 1	86.295 1
2	1	11.2523 1	86.928 1
2	1	11.1314 1	86.484 1
2	1	11.2511 1	86.496 1
2	1	11.2201 1	86.366 1
2	1	11.2610 1	86.956 1
2	1	11.2491 1	86.1093 1
2	1	11.1640 1	86.623 1
2	1	11.2368 1	86.355 1
2	1	11.917 1	86.663 1
2	1	11.2190 1	86.378 1
2	1	11.293 1	86.762 1
2	1	11.2030 1	86.708 1
2	1	11.2555 1	86.403 1
2	1	11.2329 1	86.288 1
2	1	11.2814 1	86.407 1
3	2	11.2012 1	86.298 1 86.245 0.906
2	1	11.2492 1	86.586 1
2	1	11.2353 1	86.883 1
2	1	11.2813 1	86.975 1
2	1	11.1142 1	86.857 1
2	1	11.2493 1	86.585 1
2	1	11.568 1	86.539 1
2	1	11.1288 1	86.475 1
2	1	11.1855 1	86.14 1
2	1	11.1174 1	86.796 1
2	1	11.1594 1	86.168 1
2	1	11.2723 1	86.395 1
2	1	11.1420 1	86.1046 1
2	1	11.2246 1	86.772 1
2	1	11.384 1	86.948 1
2	1	11.1742 1	86.474 1
2	1	11.1237 1	86.122 1
2	1	11.2611 1	86.955 1
2	1	11.2244 1	86.992 1
2	1	11.2979 1	86.510 1
2	1	11.918 1	86.662 1
2	1	11.2259 1	86.62 1
2	1	11.1806 1	86.644 1
3	2	11.2211 1	86.399 1 86.872 0.613
2	1	11.2261 1	86.60 1
2	1	11.749 1	86.533 1
2	1	11.2833 1	86.597 1
2	1	11.1118 1	86.468 1
2	1	11.2335 1	86.995 1
2	1	11.2494 1	86.584 1
2	1	11.1596 1	86.949 1
2	1	11.2327 1	86.335 1
2	1	11.2011 1	86.77 1
2	1	11.2199 1	86.369 1
2	1	11.513 1	86.695 1
2	1	11.1902 1	86.237 1
2	1	11.2300 1	86.357 1
3	2	11.1815 1 11.436 1	86.636 1
2	1	11.2545 1	86.905 1
2	1	11.1591 1	86.1089 1
2	1	11.1928 1	86.1116 1
2	1	11.48 1	86.685 1
2	1	11.2219 1	86.129 1
2	1	11.2520 1	86.931 1
2	1	11.2547 1	86.910 1
2	1	11.1994 1	86.64 1
2	1	11.1141 1	86.856 1
2	1	11.2387 1	86.1077 1
2	1	11.2367 1	86.354 1
2	1	11.418 1	86.1156 1
2	1	11.582 1	86.535 1
2	1	11.2618 1	86.51 1
2	1	11.1588 1	86.326 1
2	1	11.1359 1	86.811 1
2	1	11.2970 1	86.1100 1
2	1	11.34 1	86.388 1
3	2	11.277 1 11.2489 0.766	86.476 1
2	1	11.2582 1	86.1137 1
2	1	11.2419 1	86.449 1
2	1	11.1238 1	86.123 1
2	1	11.2355 1	86.601 1
2	1	11.2328 1	86.334 1
13	30	11.1259 0.412 11.1578 0.485 11.1622 0.486 11.183 0.410 11.2282 0.188 11.2569 0.185 11.264 0.133 11.2848 1 11.2902 0.188 11.499 0.199	86.1163 1 86.200 0.307 86.226 0.344
2	1	11.2097 1	86.715 1
2	1	11.2140 1	86.95 1
2	1	11.1303 1	86.244 1
2	1	11.2382 1	86.1072 1
2	1	11.996 1	86.686 1
2	1	11.2526 1	86.925 1
2	1	11.1110 1	86.728 1
2	1	11.2559 1	86.402 1
2	1	11.1245 1	86.270 1
2	1	11.2141 1	86.94 1
2	1	11.1839 1	86.265 1
2	1	11.791 1	86.679 1
2	1	11.2380 1	86.1070 1
2	1	11.2521 1	86.930 1
3	2	11.2857 1	86.1171 1 86.569 0.816
2	1	11.2156 1	86.865 1
2	1	11.653 1	86.974 1
3	2	11.1923 1 11.88 0.807	86.502 1
2	1	11.1924 1	86.221 1
2	1	11.13 1	86.176 1
2	1	11.423 1	86.1031 1
2	1	11.2532 1	86.919 1
2	1	11.1834 1	86.246 1
2	1	11.1921 1	86.454 1
2	1	11.2332 1	86.293 1
2	1	11.2535 1	86.916 1
2	1	11.1729 1	86.520 1
2	1	11.2214 1	86.398 1
2	1	11.2591 1	86.1135 1
2	1	11.1376 1	86.825 1
2	1	11.2663 1	86.434 1
2	1	11.14 1	86.177 1
2	1	11.2197 1	86.371 1
3	2	11.1504 1	86.207 1 86.345 0.245
2	1	11.1874 1	86.933 1
2	1	11.2078 1	86.582 1
2	1	11.2106 1	86.528 1
3	2	11.1505 1	86.206 1 86.346 0.479
2	1	11.2193 1	86.374 1
2	1	11.310 1	86.1153 1
2	1	11.1867 1	86.768 1
3	2	11.15 1 11.17 0.086	86.178 1
2	1	11.12 1	86.175 1
2	1	11.2155 1	86.866 1
3	2	11.2753 1	86.416 1 86.184 1
2	1	11.2417 1	86.451 1
2	1	11.2107 1	86.527 1
2	1	11.2661 1	86.436 1
2	1	11.2311 1	86.882 1
2	1	11.2940 1	86.969 1
2	1	11.2151 1	86.869 1
2	1	11.1865 1	86.385 1
2	1	11.2322 1	86.595 1
2	1	11.202 1	86.376 1
2	1	11.2527 1	86.924 1
2	1	11.2958 1	86.849 1
2	1	11.1458 1	86.761 1
2	1	11.1836 1	86.247 1
2	1	11.1868 1	86.767 1
2	1	11.2540 1	86.911 1
7	12	11.2364 1 11.2363 1 11.2309 0.511 11.1898 0.380	86.881 1 86.677 1 86.159 0.777
2	1	11.1895 1	86.590 1
2	1	11.571 1	86.610 1
2	1	11.2815 1	86.408 1
13	36	11.1241 0.138 11.2832 0.470 11.2889 1 11.416 0.134	86.1002 0.774 86.313 0.079 86.40 0.991 86.457 0.153 86.603 0.783 86.617 0.064 86.733 0.170 86.743 1 86.897 0.553
2	1	11.1244 1	86.269 1
2	1	11.424 1	86.1032 1
2	1	11.1587 1	86.327 1
2	1	11.1419 1	86.231 1
2	1	11.2644 1	86.1147 1
2	1	11.1961 1	86.978 1
2	1	11.2530 1	86.921 1
2	1	11.1926 1	86.219 1
2	1	11.1903 1	86.238 1
2	1	11.2337 1	86.884 1
2	1	11.1117 1	86.469 1
2	1	11.2592 1	86.1134 1
2	1	11.2872 1	86.353 1
2	1	11.1925 1	86.220 1
3	2	11.1676 1 11.2431 0.106	86.783 1
2	1	11.2524 1	86.927 1
2	1	11.2544 1	86.906 1
2	1	11.471 1	86.668 1
2	1	11.2864 1	86.1044 1
2	1	11.2537 1	86.914 1
2	1	11.1381 1	86.827 1
2	1	11.2612 1	86.954 1
2	1	11.2220 1	86.67 1
2	1	11.2204 1	86.361 1
2	1	11.2346 1	86.301 1
2	1	11.2645 1	86.1149 1
2	1	11.2396 1	86.987 1
2	1	11.1107 1	86.215 1
2	1	11.2230 1	86.79 1
2	1	11.334 1	86.421 1
2	1	11.2385 1	86.1075 1
2	1	11.2894 1	86.692 1
3	2	11.532 1	86.161 1 86.774 0.988
2	1	11.916 1	86.377 1
2	1	11.2071 1	86.873 1
2	1	11.872 1	86.665 1
2	1	11.586 1	86.167 1
2	1	11.2895 1	86.693 1
2	1	11.2834 1	86.596 1
2	1	11.2538 1	86.913 1
2	1	11.1796 1	86.1157 1
3	2	11.1675 0.998 11.2432 1	86.784 1
2	1	11.2543 1	86.907 1
2	1	11.1803 1	86.646 1
2	1	11.2458 1	86.1124 1
2	1	11.49 1	86.776 1
2	1	11.2525 1	86.926 1
2	1	11.2536 1	86.915 1
2	1	11.2227 1	86.769 1
2	1	11.2757 1	86.415 1
2	1	11.1929 1	86.1117 1
3	2	11.2416 1 11.2393 0.907	86.1054 1
3	2	11.2862 1	86.91 0.092 86.92 1
2	1	11.2556 1	86.717 1
2	1	11.2534 1	86.917 1
2	1	11.35 1	86.652 1
2	1	11.38 1	86.651 1
2	1	11.562 1	86.537 1
2	1	11.646 1	86.635 1
2	1	11.644 1	86.634 1
5	4	11.220 1	86.1021 0.444 86.1103 0.377 86.156 1 86.751 0.385
2	1	11.1838 1	86.248 1
2	1	11.2583 1	86.1136 1
2	1	11.1864 1	86.384 1
2	1	11.1162 1	86.960 1
2	1	11.1798 1	86.1159 1
2	1	11.1856 1	86.15 1
2	1	11.1356 1	86.718 1
17	16	11.1022 0.807 11.1077 0.233 11.1508 0.143 11.1599 0.241 11.1645 0.234 11.2043 0.498 11.2060 1 11.3000 0.876 11.320 0.667 11.347 0.079 11.348 0.137 11.591 0.234 11.668 0.171 11.725 0.230 11.832 0.267 11.890 0.660	86.492 1
2	1	11.2531 1	86.920 1
2	1	11.2662 1	86.435 1
2	1	11.2932 1	86.942 1
2	1	11.2939 1	86.664 1
2	1	11.2552 1	86.608 1
3	2	11.1673 0.897 11.2434 1	86.731 1
2	1	11.2070 1	86.103 1
2	1	11.1859 1	86.612 1
2	1	11.351 1	86.936 1
2	1	11.469 1	86.670 1
2	1	11.2229 1	86.78 1
2	1	11.2028 1	86.710 1
2	1	11.2522 1	86.929 1
2	1	11.2609 1	86.957 1
2	1	11.1377 1	86.826 1
2	1	11.1998 1	86.656 1
2	1	11.2179 1	86.500 1
2	1	11.2546 1	86.904 1
2	1	11.2158 1	86.863 1
2	1	11.1111 1	86.729 1
2	1	11.2812 1	86.976 1
20	51	11.728 1 11.197 1 11.588 0.974 11.838 0.969 11.897 0.784 11.664 0.602 11.2697 0.454 11.1073 0.413 11.343 0.332 11.1019 0.220 11.63 0.216 11.2039 0.196 11.62 0.177 11.1708 0.148 11.2040 0.092 11.1523 0.089 11.2005 0.061	86.110 1 86.230 1 86.136 0.495
2	1	11.2980 1	86.509 1
2	1	11.647 1	86.890 1
2	1	11.1941 1	86.809 1
2	1	11.1296 1	86.818 1
2	1	11.2629 1	86.625 1
29	78	11.730 1 11.2702 1 11.899 0.979 11.1008 0.950 11.1525 0.925 11.1070 0.397 11.2740 0.357 11.2036 0.254 11.1583 0.174 11.1617 0.174 11.269 0.174 11.2853 0.174 11.187 0.171 11.840 0.161 11.338 0.135 11.773 0.112 11.901 0.103 11.1829 0.091 11.403 0.087 11.841 0.086 11.2886 0.084 11.506 0.079 11.1828 0.075 11.1830 0.067 11.2239 0.063 11.2037 0.051	86.111 1 86.888 1 86.303 0.056
2	1	11.1590 1	86.847 1
2	1	11.1119 1	86.467 1
2	1	11.1143 1	86.859 1
2	1	11.636 1	86.952 1
2	1	11.417 1	86.653 1
2	1	11.2344 1	86.861 1
2	1	11.1858 1	86.16 1
2	1	11.2510 1	86.497 1
2	1	11.2899 1	86.317 1
2	1	11.2200 1	86.367 1
2	1	11.2519 1	86.932 1
2	1	11.462 1	86.418 1
2	1	11.723 1	86.223 1
2	1	11.2533 1	86.918 1
2	1	11.2529 1	86.922 1
2	1	11.2959 1	86.667 1
2	1	11.2383 1	86.1073 1
2	1	11.2579 1	86.1140 1
2	1	11.1357 1	86.726 1
2	1	11.2551 1	86.609 1
2	1	11.1109 1	86.727 1
2	1	11.1545 1	86.725 1
2	1	11.2196 1	86.372 1
2	1	11.1792 1	86.43 1
2	1	11.2149 1	86.1065 1
2	1	11.2892 1	86.689 1
2	1	11.2479 1	86.33 1
2	1	11.1842 1	86.11 1
13	12	11.1021 0.951 11.1076 0.954 11.1644 0.988 11.2042 0.848 11.2061 0.214 11.2694 0.920 11.346 0.974 11.590 1 11.666 0.931 11.726 0.994 11.836 0.924 11.894 0.071	86.493 1
2	1	11.1540 1	86.1053 1
2	1	11.2178 1	86.499 1
2	1	11.2789 1	86.842 1
2	1	11.2658 1	86.179 1
2	1	11.1531 1	86.793 1
2	1	11.1140 1	86.855 1
2	1	11.1316 1	86.1111 1
2	1	11.2384 1	86.1074 1
2	1	11.470 1	86.669 1
2	1	11.2394 1	86.983 1
2	1	11.425 1	86.420 1
2	1	11.1315 1	86.458 1
2	1	11.2921 1	86.759 1
2	1	11.1593 1	86.1091 1
2	1	11.2389 1	86.1079 1
2	1	11.26 1	86.131 1
3	2	11.2320 1	86.593 1 86.763 0.928
2	1	11.1797 1	86.1158 1
2	1	11.2301 1	86.358 1
2	1	11.1614 1	86.1148 1
2	1	11.29 1	86.130 1
5	6	11.2478 1 11.792 0.165 11.981 0.361	86.32 1 86.561 0.083
2	1	11.2345 1	86.860 1
2	1	11.1178 1	86.958 1
3	2	11.219 1	86.155 0.095 86.750 1
4	3	11.1079 1 11.593 0.915 11.670 1	86.1119 1
2	1	11.2180 1	86.501 1
15	14	11.1028 0.930 11.1083 0.937 11.1475 0.906 11.1653 0.932 11.1979 0.242 11.2255 0.234 11.360 0.250 11.598 0.921 11.720 0.943 11.794 0.273 11.827 1 11.951 0.358 11.96 0.133 11.965 0.087	86.306 1
2	1	11.2541 1	86.909 1
2	1	11.2635 1	86.134 1
2	1	11.1382 1	86.404 1
2	1	11.2260 1	86.61 1
2	1	11.2209 1	86.401 1
11	10	11.1090 0.906 11.1485 1 11.1663 0.879 11.1971 0.966 11.2733 0.123 11.2734 0.053 11.371 0.481 11.604 0.900 11.696 0.900 11.818 0.941	86.835 1
2	1	11.2792 1	86.805 1
2	1	11.1106 1	86.216 1
2	1	11.2542 1	86.908 1
2	1	11.652 1	86.507 1
5	4	11.1318 1	86.1113 1 86.160 0.860 86.524 0.898 86.889 0.905
2	1	11.1161 1	86.316 1
2	1	11.2325 1	86.36 1
2	1	11.2302 1	86.359 1
2	1	11.1997 1	86.657 1
2	1	11.2228 1	86.770 1
4	3	11.1682 0.978 11.1685 0.979 11.842 1	86.794 1
2	1	11.2469 1	86.1115 1
2	1	11.2099 1	86.819 1
2	1	11.2159 1	86.531 1
3	2	11.2333 1	86.296 1 86.560 0.353
2	1	11.1706 1	86.286 1
2	1	11.2194 1	86.373 1
2	1	11.1904 1	86.455 1
2	1	11.1851 1	86.12 1
2	1	11.2758 1	86.414 1
2	1	11.2102 1	86.278 1
2	1	11.2157 1	86.864 1
2	1	11.2867 1	86.109 1
2	1	11.1311 0.845	86.1166 0.845
