Size	Relations	OrthoA	OrthoB
2	1	11.2108 1	85.163 1
2	1	11.2109 1	85.164 1
2	1	11.1833 1	85.410 1
2	1	11.2226 1	85.327 1
2	1	11.2105 1	85.655 1
2	1	11.1783 1	85.231 1
2	1	11.2213 1	85.680 1
2	1	11.2960 1	85.28 1
2	1	11.1901 1	85.187 1
2	1	11.2898 1	85.152 1
2	1	11.1595 1	85.499 1
2	1	11.940 1	85.219 1
2	1	11.1112 1	85.110 1
2	1	11.1689 1	85.140 1
2	1	11.2208 1	85.791 1
2	1	11.1939 1	85.2 1
2	1	11.2202 1	85.720 1
2	1	11.40 1	85.50 1
2	1	11.335 1	85.518 1
2	1	11.2986 1	85.331 1
2	1	11.2203 1	85.721 1
2	1	11.2313 1	85.599 1
2	1	11.2386 1	85.686 1
2	1	11.1592 1	85.496 1
2	1	11.1589 1	85.455 1
2	1	11.2791 1	85.62 1
2	1	11.2245 1	85.679 1
2	1	11.1237 1	85.240 1
2	1	11.337 1	85.517 1
2	1	11.2388 1	85.684 1
2	1	11.2982 1	85.9 1
2	1	11.2192 1	85.711 1
2	1	11.309 1	85.528 1
2	1	11.2896 1	85.531 1
2	1	11.2604 1	85.428 1
2	1	11.2613 1	85.587 1
2	1	11.2334 1	85.800 1
2	1	11.2475 1	85.472 1
2	1	11.2787 1	85.364 1
2	1	11.1729 1	85.641 1
2	1	11.2142 1	85.270 1
2	1	11.1953 1	85.247 1
2	1	11.1639 1	85.334 1
3	2	11.568 1	85.123 1 85.777 0.625
2	1	11.2395 1	85.254 1
2	1	11.58 1	85.651 1
2	1	11.1236 1	85.243 1
2	1	11.2553 1	85.42 1
2	1	11.573 1	85.119 1
2	1	11.2104 1	85.654 1
2	1	11.385 1	85.246 1
2	1	11.2539 1	85.295 1
2	1	11.2183 1	85.703 1
2	1	11.2335 1	85.738 1
2	1	11.2244 1	85.740 1
2	1	11.1779 1	85.210 1
2	1	11.1442 1	85.430 1
2	1	11.2331 1	85.805 1
2	1	11.2793 1	85.60 1
2	1	11.1807 1	85.372 1
2	1	11.2490 1	85.454 1
2	1	11.2560 1	85.100 1
2	1	11.1408 1	85.417 1
2	1	11.2418 1	85.32 1
2	1	11.479 1	85.451 1
2	1	11.1960 1	85.423 1
2	1	11.2816 1	85.261 1
2	1	11.2212 1	85.604 1
2	1	11.2336 1	85.739 1
2	1	11.1866 1	85.797 1
2	1	11.1393 1	85.511 1
2	1	11.1116 1	85.434 1
2	1	11.2420 1	85.30 1
2	1	11.514 1	85.529 1
2	1	11.2610 1	85.71 1
2	1	11.24 1	85.610 1
2	1	11.2201 1	85.719 1
2	1	11.2152 1	85.697 1
2	1	11.1805 1	85.370 1
2	1	11.2860 1	85.802 1
2	1	11.1314 1	85.360 1
2	1	11.2205 1	85.725 1
2	1	11.995 1	85.536 1
2	1	11.1412 1	85.418 1
2	1	11.2242 1	85.603 1
2	1	11.1930 1	85.349 1
2	1	11.1640 1	85.335 1
2	1	11.2511 1	85.753 1
2	1	11.2794 1	85.59 1
2	1	11.2523 1	85.311 1
2	1	11.2329 1	85.809 1
2	1	11.2415 1	85.590 1
2	1	11.2368 1	85.731 1
2	1	11.1351 1	85.508 1
2	1	11.1927 1	85.399 1
2	1	11.917 1	85.233 1
2	1	11.2190 1	85.431 1
2	1	11.293 1	85.345 1
2	1	11.2492 1	85.283 1
2	1	11.2493 1	85.282 1
2	1	11.2723 1	85.634 1
2	1	11.1142 1	85.222 1
2	1	11.2555 1	85.266 1
2	1	11.1594 1	85.498 1
2	1	11.1855 1	85.573 1
2	1	11.2012 1	85.799 1
2	1	11.2246 1	85.761 1
2	1	11.2814 1	85.264 1
2	1	11.384 1	85.461 1
2	1	11.2353 1	85.736 1
2	1	11.2813 1	85.19 1
2	1	11.1288 1	85.358 1
2	1	11.1174 1	85.618 1
2	1	11.1118 1	85.436 1
2	1	11.2259 1	85.594 1
2	1	11.2979 1	85.7 1
2	1	11.918 1	85.232 1
2	1	11.2199 1	85.717 1
2	1	11.1806 1	85.371 1
2	1	11.2494 1	85.281 1
2	1	11.1742 1	85.357 1
2	1	11.2261 1	85.592 1
2	1	11.2300 1	85.729 1
2	1	11.2327 1	85.674 1
2	1	11.1596 1	85.462 1
3	2	11.2211 1	85.638 1 85.485 0.689
2	1	11.2833 1	85.666 1
2	1	11.2987 1	85.330 1
2	1	11.1902 1	85.188 1
2	1	11.2011 1	85.600 1
3	2	11.277 1 11.2489 0.813	85.359 1
2	1	11.2611 1	85.72 1
2	1	11.1420 1	85.214 1
2	1	11.749 1	85.414 1
2	1	11.2367 1	85.732 1
2	1	11.2970 1	85.21 1
2	1	11.2219 1	85.249 1
2	1	11.2547 1	85.293 1
3	2	11.582 1	85.132 0.432 85.766 1
3	2	11.1815 1 11.436 1	85.373 1
2	1	11.2526 1	85.308 1
3	2	11.1839 1	85.204 1 85.401 0.776
2	1	11.1141 1	85.221 1
2	1	11.513 1	85.530 1
2	1	11.2387 1	85.685 1
2	1	11.2328 1	85.673 1
2	1	11.1588 1	85.139 1
2	1	11.2559 1	85.267 1
2	1	11.1359 1	85.64 1
2	1	11.1928 1	85.351 1
2	1	11.2140 1	85.268 1
2	1	11.2618 1	85.586 1
2	1	11.653 1	85.20 1
3	2	11.562 1	85.116 0.256 85.780 1
2	1	11.1110 1	85.108 1
2	1	11.1238 1	85.245 1
2	1	11.2520 1	85.314 1
2	1	11.34 1	85.627 1
2	1	11.288 1	85.438 1
2	1	11.2141 1	85.269 1
2	1	11.1994 1	85.595 1
2	1	11.1245 1	85.207 1
2	1	11.2382 1	85.690 1
2	1	11.2545 1	85.288 1
2	1	11.2332 1	85.804 1
2	1	11.1591 1	85.495 1
2	1	11.2582 1	85.480 1
2	1	11.14 1	85.382 1
2	1	11.2380 1	85.692 1
2	1	11.2209 1	85.640 1
3	2	11.1923 1 11.88 0.807	85.745 1
2	1	11.1924 1	85.395 1
2	1	11.2156 1	85.699 1
2	1	11.791 1	85.723 1
2	1	11.996 1	85.535 1
5	4	11.586 1	85.137 0.467 85.540 0.521 85.765 1 85.787 0.128
2	1	11.2193 1	85.712 1
2	1	11.2535 1	85.299 1
2	1	11.1376 1	85.393 1
2	1	11.2107 1	85.657 1
2	1	11.2663 1	85.3 1
2	1	11.806 1	85.506 1
2	1	11.2532 1	85.302 1
2	1	11.2197 1	85.715 1
2	1	11.423 1	85.471 1
2	1	11.1921 1	85.195 1
2	1	11.2106 1	85.656 1
2	1	11.2417 1	85.33 1
2	1	11.2419 1	85.31 1
2	1	11.2591 1	85.478 1
2	1	11.2214 1	85.637 1
2	1	11.2521 1	85.313 1
2	1	11.2155 1	85.698 1
2	1	11.13 1	85.381 1
2	1	11.2322 1	85.786 1
2	1	11.12 1	85.380 1
3	2	11.15 1 11.17 0.090	85.384 1
2	1	11.2753 1	85.257 1
2	1	11.2540 1	85.294 1
2	1	11.2661 1	85.5 1
2	1	11.2940 1	85.184 1
2	1	11.310 1	85.26 1
2	1	11.1303 1	85.409 1
2	1	11.1895 1	85.764 1
2	1	11.1868 1	85.757 1
3	2	11.2822 1	85.154 1 85.156 0.260
2	1	11.2527 1	85.307 1
2	1	11.1867 1	85.758 1
2	1	11.1458 1	85.346 1
2	1	11.2311 1	85.735 1
6	8	11.2364 1 11.2363 1 11.2309 0.505 11.1898 0.373	85.386 1 85.385 1
2	1	11.1587 1	85.138 1
2	1	11.1836 1	85.411 1
2	1	11.2326 1	85.675 1
2	1	11.1244 1	85.206 1
2	1	11.202 1	85.710 1
2	1	11.2644 1	85.469 1
2	1	11.1865 1	85.616 1
2	1	11.334 1	85.523 1
2	1	11.1107 1	85.405 1
2	1	11.2592 1	85.473 1
2	1	11.2958 1	85.459 1
2	1	11.2227 1	85.759 1
2	1	11.2151 1	85.695 1
3	2	11.2248 1 11.2646 0.727	85.762 1
2	1	11.2895 1	85.532 1
2	1	11.1961 1	85.424 1
2	1	11.2524 1	85.310 1
2	1	11.2612 1	85.73 1
12	11	11.1193 0.058 11.1259 0.448 11.1578 0.520 11.1622 0.521 11.183 0.448 11.2282 0.211 11.2569 0.207 11.264 0.150 11.2848 1 11.2902 0.211 11.499 0.214	85.630 1
2	1	11.2872 1	85.733 1
2	1	11.2530 1	85.304 1
2	1	11.2337 1	85.737 1
2	1	11.2537 1	85.297 1
2	1	11.2544 1	85.289 1
2	1	11.1925 1	85.396 1
2	1	11.1117 1	85.435 1
2	1	11.471 1	85.237 1
2	1	11.2538 1	85.296 1
2	1	11.424 1	85.470 1
2	1	11.2932 1	85.16 1
2	1	11.1381 1	85.394 1
2	1	11.2815 1	85.263 1
2	1	11.1796 1	85.537 1
2	1	11.1926 1	85.397 1
2	1	11.2323 1	85.211 1
2	1	11.2864 1	85.212 1
2	1	11.1162 1	85.79 1
2	1	11.2346 1	85.798 1
2	1	11.1798 1	85.539 1
2	1	11.2458 1	85.402 1
2	1	11.1803 1	85.369 1
2	1	11.2071 1	85.486 1
2	1	11.49 1	85.652 1
2	1	11.1864 1	85.615 1
2	1	11.2894 1	85.533 1
2	1	11.1505 1	85.613 1
2	1	11.2230 1	85.602 1
2	1	11.2754 1	85.76 1
2	1	11.2969 1	85.352 1
2	1	11.2525 1	85.309 1
2	1	11.2834 1	85.667 1
2	1	11.2556 1	85.38 1
2	1	11.646 1	85.374 1
2	1	11.35 1	85.49 1
2	1	11.2220 1	85.722 1
2	1	11.2550 1	85.44 1
2	1	11.1838 1	85.412 1
2	1	11.2416 1	85.23 1
3	2	11.2862 1	85.271 1 85.272 0.069
2	1	11.916 1	85.709 1
2	1	11.2495 1	85.280 1
2	1	11.1998 1	85.166 1
2	1	11.1929 1	85.350 1
2	1	11.1903 1	85.190 1
2	1	11.644 1	85.375 1
2	1	11.2757 1	85.258 1
2	1	11.1858 1	85.571 1
2	1	11.2534 1	85.300 1
2	1	11.2543 1	85.290 1
2	1	11.2662 1	85.4 1
2	1	11.2396 1	85.252 1
2	1	11.2645 1	85.467 1
2	1	11.2536 1	85.298 1
2	1	11.2522 1	85.312 1
2	1	11.2939 1	85.234 1
2	1	11.872 1	85.235 1
2	1	11.469 1	85.239 1
2	1	11.2531 1	85.303 1
2	1	11.2385 1	85.687 1
2	1	11.1356 1	85.39 1
2	1	11.2899 1	85.52 1
2	1	11.1856 1	85.572 1
2	1	11.1111 1	85.109 1
2	1	11.1143 1	85.223 1
2	1	11.2204 1	85.724 1
2	1	11.636 1	85.465 1
3	2	11.1675 1 11.2432 0.998	85.229 1
2	1	11.1296 1	85.343 1
2	1	11.2229 1	85.601 1
2	1	11.2812 1	85.155 1
2	1	11.2980 1	85.8 1
2	1	11.2383 1	85.689 1
2	1	11.2179 1	85.748 1
3	2	11.1673 0.914 11.2434 1	85.403 1
2	1	11.2158 1	85.701 1
2	1	11.2200 1	85.718 1
2	1	11.2479 1	85.569 1
2	1	11.2579 1	85.483 1
2	1	11.2629 1	85.333 1
2	1	11.2583 1	85.479 1
2	1	11.462 1	85.527 1
2	1	11.2552 1	85.41 1
2	1	11.647 1	85.200 1
2	1	11.2546 1	85.287 1
2	1	11.11 1	85.379 1
2	1	11.1941 1	85.67 1
2	1	11.2533 1	85.301 1
2	1	11.1119 1	85.437 1
2	1	11.1590 1	85.456 1
2	1	11.2529 1	85.305 1
2	1	11.1357 1	85.102 1
2	1	11.1109 1	85.107 1
2	1	11.2178 1	85.749 1
2	1	11.1540 1	85.22 1
4	3	11.1533 1	85.562 0.348 85.792 0.791 85.793 1
2	1	11.2519 1	85.315 1
2	1	11.580 1	85.816 1
2	1	11.1531 1	85.790 1
2	1	11.2789 1	85.363 1
2	1	11.2149 1	85.693 1
2	1	11.417 1	85.48 1
2	1	11.2344 1	85.228 1
2	1	11.48 1	85.552 1
2	1	11.1842 1	85.576 1
2	1	11.2510 1	85.752 1
2	1	11.2609 1	85.70 1
2	1	11.1140 1	85.220 1
2	1	11.2468 1	85.516 1
2	1	11.2792 1	85.61 1
2	1	11.2921 1	85.347 1
2	1	11.2647 1	85.407 1
4	3	11.1676 1 11.2428 0.065 11.2431 0.137	85.230 1
2	1	11.2157 1	85.700 1
2	1	11.2301 1	85.728 1
2	1	11.2635 1	85.560 1
2	1	11.1797 1	85.538 1
2	1	11.351 1	85.87 1
2	1	11.470 1	85.238 1
2	1	11.1302 1	85.215 1
2	1	11.2196 1	85.714 1
2	1	11.2384 1	85.688 1
2	1	11.2260 1	85.593 1
2	1	11.2541 1	85.292 1
2	1	11.1593 1	85.497 1
2	1	11.1997 1	85.165 1
2	1	11.2394 1	85.256 1
3	2	11.1318 1	85.660 1 85.422 1
2	1	11.1614 1	85.468 1
3	2	11.2320 1	85.784 1 85.344 0.928
2	1	11.1315 1	85.192 1
2	1	11.2389 1	85.683 1
2	1	11.425 1	85.450 1
2	1	11.2159 1	85.36 1
2	1	11.1178 1	85.77 1
3	2	11.553 1	85.130 0.262 85.131 1
2	1	11.2333 1	85.801 1
2	1	11.1316 1	85.421 1
2	1	11.2542 1	85.291 1
2	1	11.1904 1	85.194 1
2	1	11.2302 1	85.727 1
2	1	11.1382 1	85.265 1
2	1	11.1161 1	85.51 1
2	1	11.2194 1	85.713 1
2	1	11.2345 1	85.224 1
2	1	11.1120 1	85.174 1
2	1	11.1851 1	85.575 1
2	1	11.1106 1	85.406 1
2	1	11.652 1	85.10 1
2	1	11.2299 1	85.730 1
2	1	11.2580 1	85.482 1
4	3	11.1682 1 11.1685 0.998 11.842 0.981	85.179 1
2	1	11.2321 1	85.785 1
2	1	11.2554 1	85.78 1
2	1	11.2867 1	85.611 1
3	2	11.1311 0.814 11.2393 0.808	85.34 0.811
