Size	Relations	OrthoA	OrthoB
2	1	21.43 1	73.100 1
2	1	21.42 1	73.99 1
2	1	21.704 1	73.508 1
2	1	21.59 1	73.263 1
2	1	21.600 1	73.1080 1
2	1	21.127 1	73.1799 1
2	1	21.57 1	73.251 1
2	1	21.352 1	73.565 1
2	1	21.567 1	73.534 1
2	1	21.731 1	73.1240 1
2	1	21.173 1	73.1353 1
2	1	21.948 1	73.833 1
2	1	21.494 1	73.1086 1
2	1	21.860 1	73.466 1
2	1	21.492 1	73.1088 1
2	1	21.58 1	73.246 1
2	1	21.3 1	73.4 1
2	1	21.126 1	73.1863 1
2	1	21.335 1	73.1840 1
2	1	21.399 1	73.750 1
2	1	21.377 1	73.1734 1
2	1	21.4 1	73.5 1
3	2	21.533 1	73.927 1 73.620 0.779
2	1	21.104 1	73.1945 1
2	1	21.51 1	73.163 1
2	1	21.53 1	73.165 1
2	1	21.784 1	73.1986 1
2	1	21.181 1	73.1661 1
2	1	21.825 1	73.419 1
2	1	21.13 1	73.14 1
2	1	21.195 1	73.1226 1
2	1	21.147 1	73.450 1
2	1	21.406 1	73.831 1
2	1	21.979 1	73.297 1
2	1	21.248 1	73.647 1
2	1	21.230 1	73.334 1
2	1	21.332 1	73.1844 1
2	1	21.110 1	73.1941 1
2	1	21.990 1	73.273 1
2	1	21.691 1	73.511 1
2	1	21.872 1	73.1672 1
2	1	21.18 1	73.19 1
2	1	21.998 1	73.258 1
2	1	21.216 1	73.471 1
2	1	21.131 1	73.1996 1
2	1	21.151 1	73.406 1
2	1	21.152 1	73.2103 1
2	1	21.84 1	73.71 1
3	2	21.1004 1 21.283 0.705	73.2087 1
2	1	21.142 1	73.428 1
2	1	21.201 1	73.1225 1
2	1	21.94 1	73.388 1
2	1	21.689 1	73.513 1
2	1	21.228 1	73.333 1
2	1	21.288 1	73.446 1
2	1	21.956 1	73.1861 1
2	1	21.759 1	73.539 1
2	1	21.960 1	73.104 1
2	1	21.763 1	73.331 1
2	1	21.300 1	73.498 1
2	1	21.847 1	73.1692 1
2	1	21.433 1	73.1732 1
2	1	21.741 1	73.732 1
2	1	21.128 1	73.1999 1
2	1	21.231 1	73.1457 1
2	1	21.443 1	73.1136 1
2	1	21.865 1	73.250 1
2	1	21.991 1	73.272 1
2	1	21.268 1	73.755 1
2	1	21.655 1	73.570 1
4	3	21.312 1 21.752 0.102 21.78 0.116	73.1603 1
2	1	21.100 1	73.380 1
2	1	21.113 1	73.1938 1
2	1	21.740 1	73.733 1
2	1	21.322 1	73.773 1
3	2	21.949 1 21.308 0.776	73.433 1
2	1	21.307 1	73.425 1
2	1	21.489 1	73.603 1
2	1	21.921 1	73.367 1
2	1	21.993 1	73.299 1
2	1	21.138 1	73.1432 1
2	1	21.823 1	73.421 1
2	1	21.73 1	73.1703 1
2	1	21.951 1	73.431 1
2	1	21.338 1	73.613 1
2	1	21.1002 1	73.2084 1
2	1	21.745 1	73.1244 1
2	1	21.1006 1	73.2088 1
2	1	21.952 1	73.430 1
2	1	21.353 1	73.581 1
2	1	21.122 1	73.183 1
2	1	21.70 1	73.170 1
2	1	21.994 1	73.298 1
2	1	21.959 1	73.105 1
2	1	21.937 1	73.350 1
2	1	21.153 1	73.180 1
2	1	21.810 1	73.324 1
2	1	21.882 1	73.1898 1
2	1	21.212 1	73.320 1
2	1	21.984 1	73.290 1
2	1	21.855 1	73.1702 1
2	1	21.157 1	73.1932 1
2	1	21.755 1	73.1252 1
2	1	21.15 1	73.16 1
2	1	21.957 1	73.1862 1
2	1	21.222 1	73.1662 1
2	1	21.396 1	73.441 1
2	1	21.124 1	73.185 1
2	1	21.395 1	73.519 1
3	2	21.5 0.065 21.522 1	73.6 1
2	1	21.719 1	73.552 1
2	1	21.867 1	73.270 1
2	1	21.213 1	73.321 1
3	2	21.978 1 21.188 0.850	73.2075 1
2	1	21.442 1	73.1138 1
2	1	21.76 1	73.1405 1
2	1	21.185 1	73.1227 1
2	1	21.898 1	73.1669 1
2	1	21.25 1	73.342 1
2	1	21.112 1	73.1939 1
2	1	21.743 1	73.730 1
3	2	21.203 0.055 21.214 1	73.322 1
2	1	21.722 1	73.549 1
2	1	21.756 1	73.1253 1
2	1	21.996 1	73.227 1
2	1	21.690 1	73.512 1
2	1	21.909 1	73.335 1
2	1	21.374 1	73.1737 1
2	1	21.495 1	73.614 1
2	1	21.299 1	73.497 1
2	1	21.7 1	73.8 1
2	1	21.88 1	73.382 1
2	1	21.108 1	73.1393 1
2	1	21.875 1	73.1675 1
2	1	21.327 1	73.476 1
2	1	21.739 1	73.734 1
3	2	21.954 1	73.1845 1 73.168 0.887
2	1	21.1008 1	73.2090 1
2	1	21.679 1	73.821 1
2	1	21.1010 1	73.2101 1
2	1	21.822 1	73.422 1
2	1	21.594 1	73.2042 1
2	1	21.351 1	73.564 1
2	1	21.856 1	73.470 1
2	1	21.818 1	73.176 1
2	1	21.215 1	73.323 1
2	1	21.254 1	73.1231 1
2	1	21.87 1	73.618 1
2	1	21.38 1	73.1951 1
2	1	21.827 1	73.1835 1
2	1	21.384 1	73.1426 1
2	1	21.693 1	73.509 1
2	1	21.333 1	73.1842 1
2	1	21.908 1	73.336 1
2	1	21.289 1	73.447 1
2	1	21.540 1	73.753 1
2	1	21.309 1	73.31 1
2	1	21.742 1	73.731 1
2	1	21.887 1	73.1905 1
2	1	21.115 1	73.1936 1
2	1	21.709 1	73.901 1
2	1	21.60 1	73.264 1
2	1	21.816 1	73.178 1
2	1	21.682 1	73.1107 1
2	1	21.877 1	73.1677 1
2	1	21.911 1	73.1948 1
2	1	21.934 1	73.353 1
2	1	21.519 1	73.673 1
2	1	21.987 1	73.288 1
2	1	21.657 1	73.569 1
2	1	21.981 1	73.294 1
2	1	21.636 1	73.1043 1
2	1	21.548 1	73.897 1
3	2	21.591 1	73.1580 1 73.1864 0.607
2	1	21.79 1	73.2007 1
2	1	21.17 1	73.18 1
2	1	21.64 1	73.249 1
2	1	21.705 1	73.507 1
2	1	21.397 1	73.442 1
2	1	21.550 1	73.900 1
2	1	21.706 1	73.506 1
2	1	21.907 1	73.337 1
2	1	21.358 1	73.1020 1
2	1	21.747 1	73.1246 1
2	1	21.662 1	73.329 1
2	1	21.788 1	73.1991 1
2	1	21.953 1	73.429 1
2	1	21.895 1	73.113 1
2	1	21.982 1	73.292 1
2	1	21.940 1	73.347 1
2	1	21.389 1	73.790 1
2	1	21.972 1	73.61 1
2	1	21.340 1	73.1386 1
2	1	21.145 1	73.255 1
2	1	21.879 1	73.994 1
2	1	21.514 1	73.1429 1
2	1	21.62 1	73.247 1
2	1	21.45 1	73.157 1
2	1	21.852 1	73.1699 1
2	1	21.135 1	73.1433 1
2	1	21.65 1	73.494 1
2	1	21.939 1	73.348 1
2	1	21.281 1	73.558 1
2	1	21.318 1	73.397 1
2	1	21.341 1	73.1385 1
2	1	21.786 1	73.1988 1
2	1	21.950 1	73.432 1
2	1	21.729 1	73.1238 1
2	1	21.686 1	73.516 1
2	1	21.52 1	73.164 1
2	1	21.86 1	73.73 1
2	1	21.986 1	73.289 1
2	1	21.274 1	73.1388 1
2	1	21.14 1	73.15 1
2	1	21.2 1	73.3 1
2	1	21.200 1	73.622 1
2	1	21.336 1	73.1839 1
2	1	21.490 1	73.1024 1
2	1	21.871 1	73.2078 1
2	1	21.323 1	73.774 1
2	1	21.861 1	73.741 1
2	1	21.255 1	73.1230 1
2	1	21.923 1	73.364 1
2	1	21.258 1	73.502 1
2	1	21.928 1	73.359 1
2	1	21.29 1	73.2003 1
2	1	21.342 1	73.737 1
2	1	21.854 1	73.1701 1
2	1	21.160 1	73.128 1
2	1	21.620 1	73.1790 1
2	1	21.853 1	73.1700 1
2	1	21.919 1	73.375 1
2	1	21.552 1	73.1011 1
2	1	21.925 1	73.362 1
2	1	21.933 1	73.354 1
2	1	21.66 1	73.252 1
2	1	21.899 1	73.1670 1
2	1	21.9 1	73.10 1
2	1	21.962 1	73.101 1
2	1	21.989 1	73.253 1
2	1	21.792 1	73.427 1
2	1	21.123 1	73.184 1
2	1	21.607 1	73.486 1
2	1	21.1007 1	73.2089 1
3	2	21.273 1	73.619 1 73.556 0.765
2	1	21.614 1	73.1218 1
2	1	21.184 1	73.1632 1
2	1	21.809 1	73.327 1
2	1	21.973 1	73.59 1
2	1	21.720 1	73.551 1
2	1	21.851 1	73.1698 1
2	1	21.889 1	73.1908 1
2	1	21.246 1	73.412 1
2	1	21.590 1	73.1581 1
2	1	21.19 1	73.20 1
2	1	21.244 1	73.478 1
2	1	21.85 1	73.72 1
3	2	21.531 1 21.793 0.820	73.135 1
2	1	21.629 1	73.1609 1
2	1	21.625 1	73.490 1
2	1	21.272 1	73.555 1
2	1	21.530 1	73.1214 1
2	1	21.132 1	73.1995 1
2	1	21.529 1	73.1215 1
2	1	21.11 1	73.12 1
2	1	21.217 1	73.1477 1
2	1	21.245 1	73.495 1
2	1	21.35 1	73.283 1
2	1	21.382 1	73.1431 1
2	1	21.394 1	73.608 1
2	1	21.857 1	73.469 1
2	1	21.974 1	73.58 1
3	2	21.432 1 21.459 0.714	73.1731 1
2	1	21.858 1	73.468 1
2	1	21.930 1	73.357 1
2	1	21.914 1	73.372 1
2	1	21.114 1	73.1937 1
2	1	21.305 1	73.402 1
2	1	21.915 1	73.371 1
2	1	21.708 1	73.504 1
2	1	21.859 1	73.467 1
2	1	21.176 1	73.1348 1
2	1	21.148 1	73.1392 1
2	1	21.408 1	73.1139 1
2	1	21.751 1	73.1085 1
2	1	21.870 1	73.2076 1
2	1	21.826 1	73.1834 1
2	1	21.904 1	73.2000 1
2	1	21.536 1	73.1089 1
2	1	21.878 1	73.995 1
2	1	21.910 1	73.1947 1
2	1	21.920 1	73.368 1
2	1	21.105 1	73.1943 1
2	1	21.37 1	73.1952 1
2	1	21.922 1	73.365 1
2	1	21.259 1	73.503 1
3	2	21.643 1	73.574 1 73.633 0.078
2	1	21.155 1	73.278 1
2	1	21.243 1	73.477 1
2	1	21.270 1	73.553 1
2	1	21.707 1	73.505 1
2	1	21.890 1	73.1909 1
2	1	21.1 1	73.1 1
2	1	21.233 1	73.744 1
2	1	21.558 1	73.1668 1
2	1	21.926 1	73.361 1
2	1	21.107 1	73.1394 1
2	1	21.12 1	73.13 1
2	1	21.326 1	73.475 1
2	1	21.47 1	73.159 1
4	4	21.119 1 21.146 0.870	73.181 1 73.167 0.927
2	1	21.401 1	73.751 1
2	1	21.727 1	73.1236 1
5	6	21.280 0.351 21.83 1	73.473 0.360 73.70 0.517 73.759 1
2	1	21.916 1	73.370 1
2	1	21.271 1	73.554 1
2	1	21.613 1	73.1217 1
2	1	21.380 1	73.1626 1
2	1	21.913 1	73.374 1
2	1	21.81 1	73.2006 1
2	1	21.109 1	73.1942 1
2	1	21.296 1	73.992 1
2	1	21.306 1	73.403 1
2	1	21.404 1	73.830 1
2	1	21.234 1	73.301 1
2	1	21.44 1	73.223 1
2	1	21.876 1	73.1676 1
2	1	21.905 1	73.2001 1
2	1	21.31 1	73.280 1
2	1	21.313 1	73.277 1
2	1	21.520 1	73.674 1
2	1	21.628 1	73.754 1
2	1	21.71 1	73.171 1
3	2	21.194 0.366 21.209 1	73.1005 1
2	1	21.627 1	73.1706 1
2	1	21.726 1	73.1234 1
2	1	21.767 1	73.1446 1
2	1	21.431 1	73.1733 1
2	1	21.562 1	73.219 1
2	1	21.846 1	73.1254 1
2	1	21.988 1	73.287 1
2	1	21.150 1	73.1390 1
2	1	21.287 1	73.445 1
3	2	21.897 1	73.1235 0.117 73.1575 1
2	1	21.906 1	73.338 1
2	1	21.935 1	73.352 1
2	1	21.223 1	73.1797 1
2	1	21.941 1	73.346 1
2	1	21.787 1	73.1990 1
2	1	21.975 1	73.57 1
2	1	21.241 1	73.530 1
2	1	21.361 1	73.814 1
2	1	21.936 1	73.351 1
2	1	21.368 1	73.405 1
2	1	21.995 1	73.300 1
2	1	21.971 1	73.63 1
2	1	21.688 1	73.514 1
2	1	21.868 1	73.268 1
2	1	21.319 1	73.398 1
2	1	21.328 1	73.286 1
2	1	21.39 1	73.2059 1
2	1	21.40 1	73.2058 1
4	3	21.612 1 21.619 0.215 21.718 0.253	73.1216 1
2	1	21.761 1	73.484 1
2	1	21.821 1	73.423 1
2	1	21.924 1	73.363 1
2	1	21.699 1	73.1450 1
3	2	21.117 1 21.606 0.947	73.1803 1
2	1	21.746 1	73.1245 1
2	1	21.791 1	73.1994 1
2	1	21.156 1	73.1933 1
2	1	21.219 1	73.1475 1
3	2	21.604 1	73.1664 1 73.1850 0.682
2	1	21.622 1	73.671 1
2	1	21.89 1	73.383 1
2	1	21.393 1	73.607 1
2	1	21.760 1	73.485 1
2	1	21.900 1	73.332 1
2	1	21.339 1	73.1387 1
2	1	21.884 1	73.1900 1
2	1	21.315 1	73.394 1
2	1	21.931 1	73.356 1
2	1	21.320 1	73.563 1
2	1	21.407 1	73.27 1
2	1	21.681 1	73.1106 1
2	1	21.721 1	73.550 1
2	1	21.883 1	73.1899 1
2	1	21.901 1	73.1428 1
2	1	21.499 1	73.1622 1
3	2	21.634 1	73.789 0.098 73.980 1
2	1	21.790 1	73.1993 1
2	1	21.276 1	73.1853 1
2	1	21.90 1	73.111 1
2	1	21.1001 1	73.2083 1
2	1	21.154 1	73.1671 1
2	1	21.191 1	73.1456 1
2	1	21.544 1	73.1665 1
2	1	21.687 1	73.515 1
2	1	21.21 1	73.22 1
2	1	21.130 1	73.1997 1
2	1	21.143 1	73.1691 1
2	1	21.239 1	73.528 1
2	1	21.106 1	73.451 1
2	1	21.183 1	73.834 1
2	1	21.700 1	73.1451 1
2	1	21.929 1	73.358 1
4	3	21.102 1 21.170 0.280 21.372 0.261	73.522 1
2	1	21.24 1	73.341 1
2	1	21.61 1	73.266 1
2	1	21.869 1	73.267 1
2	1	21.491 1	73.743 1
2	1	21.497 1	73.1687 1
2	1	21.598 1	73.1105 1
2	1	21.785 1	73.1987 1
2	1	21.938 1	73.349 1
2	1	21.8 1	73.9 1
2	1	21.118 1	73.1802 1
2	1	21.334 1	73.1841 1
2	1	21.976 1	73.56 1
2	1	21.30 1	73.276 1
2	1	21.403 1	73.829 1
2	1	21.748 1	73.1247 1
2	1	21.95 1	73.378 1
2	1	21.20 1	73.21 1
3	2	21.764 1	73.330 1 73.631 0.260
2	1	21.803 1	73.179 1
2	1	21.850 1	73.1697 1
2	1	21.927 1	73.360 1
2	1	21.202 1	73.896 1
2	1	21.23 1	73.24 1
2	1	21.392 1	73.606 1
2	1	21.28 1	73.2004 1
2	1	21.386 1	73.1424 1
2	1	21.69 1	73.169 1
2	1	21.980 1	73.296 1
2	1	21.149 1	73.1391 1
2	1	21.22 1	73.23 1
2	1	21.378 1	73.1445 1
2	1	21.794 1	73.136 1
2	1	21.891 1	73.1910 1
2	1	21.385 1	73.1425 1
2	1	21.730 1	73.1239 1
2	1	21.534 1	73.1118 1
2	1	21.101 1	73.381 1
2	1	21.55 1	73.2079 1
2	1	21.556 1	73.1627 1
2	1	21.56 1	73.2005 1
2	1	21.291 1	73.1607 1
2	1	21.683 1	73.1213 1
2	1	21.961 1	73.102 1
2	1	21.10 1	73.11 1
2	1	21.304 1	73.344 1
2	1	21.375 1	73.1736 1
2	1	21.753 1	73.1248 1
2	1	21.918 1	73.369 1
2	1	21.561 1	73.220 1
2	1	21.983 1	73.291 1
2	1	21.290 1	73.1608 1
2	1	21.824 1	73.420 1
2	1	21.845 1	73.630 1
2	1	21.134 1	73.926 1
2	1	21.207 1	73.155 1
2	1	21.49 1	73.161 1
3	2	21.571 1	73.1282 0.762 73.1761 1
2	1	21.703 1	73.1738 1
2	1	21.487 1	73.979 1
2	1	21.563 1	73.221 1
2	1	21.461 1	73.729 1
2	1	21.765 1	73.226 1
2	1	21.295 1	73.993 1
2	1	21.360 1	73.813 1
2	1	21.969 1	73.66 1
2	1	21.68 1	73.254 1
2	1	21.50 1	73.162 1
2	1	21.560 1	73.222 1
2	1	21.955 1	73.541 1
2	1	21.968 1	73.68 1
2	1	21.932 1	73.355 1
2	1	21.311 1	73.404 1
2	1	21.388 1	73.1410 1
2	1	21.728 1	73.1237 1
2	1	21.789 1	73.1992 1
2	1	21.285 1	73.443 1
2	1	21.863 1	73.604 1
2	1	21.1000 1	73.2082 1
2	1	21.249 1	73.648 1
2	1	21.849 1	73.1696 1
2	1	21.888 1	73.1906 1
2	1	21.218 1	73.1476 1
6	8	21.419 0.194 21.505 0.077 21.506 0.156 21.509 1	73.1403 0.101 73.557 1
2	1	21.111 1	73.1940 1
2	1	21.266 1	73.472 1
2	1	21.678 1	73.636 1
2	1	21.294 1	73.1605 1
3	2	21.710 1 21.33 0.928	73.1083 1
2	1	21.817 1	73.177 1
2	1	21.892 1	73.1911 1
2	1	21.518 1	73.827 1
2	1	21.468 1	73.107 1
2	1	21.48 1	73.160 1
2	1	21.240 1	73.529 1
2	1	21.1012 1	73.2102 1
2	1	21.535 1	73.1578 1
2	1	21.6 1	73.7 1
2	1	21.723 1	73.1233 1
2	1	21.91 1	73.1447 1
2	1	21.96 1	73.379 1
2	1	21.257 1	73.1110 1
2	1	21.282 1	73.562 1
2	1	21.588 1	73.2128 1
2	1	21.714 1	73.1454 1
2	1	21.597 1	73.2142 1
3	2	21.133 1	73.1800 0.193 73.55 1
2	1	21.317 1	73.396 1
2	1	21.698 1	73.1449 1
2	1	21.546 1	73.865 1
2	1	21.262 1	73.1791 1
2	1	21.376 1	73.1735 1
2	1	21.515 1	73.602 1
2	1	21.611 1	73.1384 1
2	1	21.848 1	73.1694 1
2	1	21.34 1	73.282 1
3	2	21.478 0.090 21.602 1	73.129 1
2	1	21.402 1	73.828 1
2	1	21.225 1	73.1838 1
2	1	21.387 1	73.1480 1
2	1	21.496 1	73.832 1
2	1	21.54 1	73.166 1
2	1	21.144 1	73.1689 1
2	1	21.256 1	73.1229 1
4	3	21.586 0.471 21.589 1 21.595 0.507	73.2043 1
2	1	21.610 1	73.977 1
2	1	21.286 1	73.444 1
2	1	21.970 1	73.64 1
2	1	21.754 1	73.1249 1
6	5	21.866 1	73.1265 1 73.1278 0.099 73.1776 0.993 73.687 0.993 73.702 0.099
2	1	21.67 1	73.182 1
3	2	21.206 1 21.797 0.146	73.1867 1
2	1	21.310 1	73.609 1
9	8	21.362 0.296 21.363 1 21.366 0.100 21.507 0.174 21.832 0.134 21.833 0.163 21.834 0.159 21.838 0.194	73.638 1
2	1	21.517 1	73.826 1
2	1	21.733 1	73.1241 1
2	1	21.1003 0.760	73.2085 0.760
2	1	21.284 0.853	73.580 0.853
