Size	Relations	OrthoA	OrthoB
2	1	21.43 1	74.96 1
2	1	21.42 1	74.95 1
2	1	21.704 1	74.528 1
2	1	21.59 1	74.258 1
2	1	21.960 1	74.99 1
2	1	21.600 1	74.955 1
2	1	21.127 1	74.1788 1
2	1	21.57 1	74.246 1
2	1	21.352 1	74.585 1
2	1	21.567 1	74.554 1
2	1	21.731 1	74.1166 1
2	1	21.173 1	74.1226 1
2	1	21.948 1	74.2231 1
2	1	21.332 1	74.1829 1
2	1	21.494 1	74.961 1
2	1	21.860 1	74.487 1
2	1	21.492 1	74.963 1
2	1	21.58 1	74.241 1
2	1	21.3 1	74.3 1
2	1	21.126 1	74.1848 1
2	1	21.335 1	74.1826 1
2	1	21.990 1	74.267 1
2	1	21.399 1	74.2149 1
2	1	21.377 1	74.1722 1
2	1	21.4 1	74.4 1
3	2	21.533 1	74.2499 1 74.639 0.779
2	1	21.104 1	74.1929 1
2	1	21.51 1	74.156 1
2	1	21.53 1	74.158 1
2	1	21.784 1	74.1970 1
2	1	21.181 1	74.1651 1
2	1	21.825 1	74.440 1
2	1	21.13 1	74.13 1
2	1	21.195 1	74.1152 1
2	1	21.73 1	74.1692 1
2	1	21.147 1	74.471 1
2	1	21.406 1	74.2229 1
2	1	21.979 1	74.319 1
2	1	21.872 1	74.1662 1
2	1	21.248 1	74.667 1
2	1	21.230 1	74.357 1
2	1	21.871 1	74.2061 1
2	1	21.110 1	74.1925 1
2	1	21.691 1	74.531 1
2	1	21.959 1	74.100 1
2	1	21.131 1	74.1979 1
2	1	21.18 1	74.18 1
2	1	21.998 1	74.253 1
2	1	21.216 1	74.492 1
2	1	21.921 1	74.389 1
2	1	21.151 1	74.427 1
2	1	21.152 1	74.2085 1
2	1	21.84 1	74.68 1
3	2	21.1004 1 21.283 0.705	74.2068 1
2	1	21.142 1	74.449 1
2	1	21.201 1	74.1151 1
2	1	21.94 1	74.409 1
2	1	21.689 1	74.533 1
2	1	21.228 1	74.356 1
2	1	21.288 1	74.467 1
2	1	21.956 1	74.1846 1
2	1	21.759 1	74.559 1
2	1	21.763 1	74.354 1
2	1	21.300 1	74.518 1
2	1	21.847 1	74.1681 1
2	1	21.433 1	74.1720 1
2	1	21.741 1	74.2132 1
2	1	21.128 1	74.1982 1
2	1	21.231 1	74.1364 1
2	1	21.443 1	74.1012 1
2	1	21.865 1	74.245 1
2	1	21.991 1	74.266 1
2	1	21.268 1	74.2154 1
2	1	21.655 1	74.590 1
4	3	21.312 1 21.752 0.102 21.78 0.116	74.1595 1
2	1	21.100 1	74.401 1
2	1	21.113 1	74.1922 1
2	1	21.740 1	74.2133 1
2	1	21.322 1	74.2172 1
3	2	21.949 1 21.308 0.776	74.454 1
2	1	21.307 1	74.446 1
2	1	21.489 1	74.622 1
2	1	21.993 1	74.321 1
2	1	21.138 1	74.1337 1
2	1	21.823 1	74.442 1
2	1	21.951 1	74.452 1
2	1	21.338 1	74.632 1
2	1	21.1002 1	74.2065 1
2	1	21.745 1	74.1170 1
2	1	21.1006 1	74.2069 1
2	1	21.952 1	74.451 1
2	1	21.353 1	74.600 1
2	1	21.122 1	74.176 1
2	1	21.70 1	74.163 1
2	1	21.994 1	74.320 1
2	1	21.937 1	74.373 1
2	1	21.153 1	74.173 1
2	1	21.810 1	74.347 1
2	1	21.882 1	74.1884 1
2	1	21.972 1	74.60 1
2	1	21.212 1	74.343 1
2	1	21.984 1	74.282 1
2	1	21.855 1	74.1691 1
2	1	21.157 1	74.1916 1
2	1	21.755 1	74.1177 1
2	1	21.15 1	74.15 1
2	1	21.957 1	74.1847 1
2	1	21.222 1	74.1652 1
2	1	21.396 1	74.462 1
2	1	21.867 1	74.264 1
2	1	21.124 1	74.178 1
2	1	21.395 1	74.539 1
3	2	21.5 0.065 21.522 1	74.5 1
2	1	21.719 1	74.572 1
2	1	21.213 1	74.344 1
3	2	21.978 1 21.188 0.850	74.2059 1
2	1	21.442 1	74.1014 1
2	1	21.76 1	74.1279 1
2	1	21.185 1	74.1153 1
2	1	21.909 1	74.358 1
2	1	21.898 1	74.1659 1
2	1	21.914 1	74.394 1
2	1	21.25 1	74.365 1
2	1	21.112 1	74.1923 1
2	1	21.743 1	74.2130 1
3	2	21.203 0.055 21.214 1	74.345 1
2	1	21.722 1	74.569 1
2	1	21.756 1	74.1178 1
2	1	21.996 1	74.221 1
2	1	21.690 1	74.532 1
2	1	21.374 1	74.1725 1
2	1	21.495 1	74.633 1
2	1	21.299 1	74.517 1
2	1	21.7 1	74.7 1
2	1	21.88 1	74.403 1
2	1	21.108 1	74.1267 1
2	1	21.875 1	74.1664 1
2	1	21.327 1	74.497 1
2	1	21.739 1	74.2134 1
3	2	21.954 1	74.1830 1 74.161 0.887
2	1	21.1008 1	74.2071 1
2	1	21.679 1	74.2219 1
2	1	21.1010 1	74.2082 1
2	1	21.822 1	74.443 1
2	1	21.30 1	74.268 1
2	1	21.594 1	74.2025 1
2	1	21.351 1	74.584 1
2	1	21.856 1	74.491 1
2	1	21.818 1	74.169 1
2	1	21.215 1	74.346 1
2	1	21.254 1	74.1157 1
2	1	21.87 1	74.637 1
2	1	21.38 1	74.1935 1
2	1	21.827 1	74.1822 1
2	1	21.384 1	74.1331 1
2	1	21.693 1	74.529 1
2	1	21.333 1	74.1828 1
2	1	21.908 1	74.359 1
2	1	21.289 1	74.468 1
2	1	21.540 1	74.2152 1
2	1	21.786 1	74.1972 1
2	1	21.309 1	74.30 1
2	1	21.742 1	74.2131 1
2	1	21.887 1	74.1891 1
2	1	21.115 1	74.1920 1
2	1	21.709 1	74.2472 1
2	1	21.60 1	74.259 1
2	1	21.816 1	74.171 1
2	1	21.682 1	74.982 1
2	1	21.877 1	74.1666 1
2	1	21.911 1	74.1932 1
2	1	21.934 1	74.376 1
2	1	21.519 1	74.711 1
2	1	21.981 1	74.286 1
2	1	21.987 1	74.280 1
2	1	21.657 1	74.589 1
2	1	21.636 1	74.917 1
2	1	21.548 1	74.2468 1
3	2	21.591 1	74.1572 1 74.1849 0.607
2	1	21.79 1	74.1990 1
2	1	21.17 1	74.17 1
2	1	21.64 1	74.244 1
2	1	21.705 1	74.527 1
2	1	21.397 1	74.463 1
2	1	21.550 1	74.2471 1
2	1	21.706 1	74.526 1
2	1	21.907 1	74.360 1
3	2	21.358 1	74.887 1 74.894 1
2	1	21.747 1	74.1172 1
2	1	21.662 1	74.352 1
2	1	21.788 1	74.1974 1
2	1	21.953 1	74.450 1
2	1	21.895 1	74.107 1
2	1	21.982 1	74.284 1
2	1	21.940 1	74.370 1
2	1	21.389 1	74.2189 1
2	1	21.340 1	74.1260 1
2	1	21.145 1	74.250 1
2	1	21.879 1	74.843 1
2	1	21.514 1	74.1334 1
2	1	21.62 1	74.242 1
2	1	21.45 1	74.150 1
2	1	21.852 1	74.1688 1
2	1	21.135 1	74.1338 1
2	1	21.65 1	74.514 1
2	1	21.939 1	74.371 1
2	1	21.281 1	74.578 1
2	1	21.318 1	74.418 1
2	1	21.341 1	74.1259 1
2	1	21.950 1	74.453 1
2	1	21.729 1	74.1164 1
2	1	21.686 1	74.536 1
2	1	21.52 1	74.157 1
2	1	21.86 1	74.70 1
2	1	21.986 1	74.281 1
2	1	21.274 1	74.1262 1
2	1	21.14 1	74.14 1
2	1	21.2 1	74.2 1
2	1	21.200 1	74.641 1
2	1	21.336 1	74.1825 1
2	1	21.1 1	74.1 1
2	1	21.490 1	74.898 1
2	1	21.323 1	74.2173 1
2	1	21.861 1	74.2140 1
2	1	21.255 1	74.1156 1
2	1	21.923 1	74.387 1
2	1	21.258 1	74.522 1
2	1	21.928 1	74.382 1
2	1	21.29 1	74.1986 1
2	1	21.342 1	74.2136 1
2	1	21.854 1	74.1690 1
2	1	21.160 1	74.122 1
2	1	21.620 1	74.1779 1
2	1	21.853 1	74.1689 1
2	1	21.919 1	74.396 1
2	1	21.552 1	74.879 1
2	1	21.925 1	74.385 1
2	1	21.933 1	74.377 1
2	1	21.66 1	74.247 1
2	1	21.899 1	74.1660 1
2	1	21.9 1	74.9 1
2	1	21.962 1	74.97 1
2	1	21.989 1	74.248 1
2	1	21.792 1	74.448 1
2	1	21.123 1	74.177 1
2	1	21.607 1	74.507 1
2	1	21.870 1	74.2060 1
2	1	21.1007 1	74.2070 1
3	2	21.273 1	74.638 1 74.576 0.765
2	1	21.614 1	74.1094 1
2	1	21.184 1	74.1623 1
2	1	21.809 1	74.350 1
2	1	21.973 1	74.58 1
2	1	21.720 1	74.571 1
2	1	21.889 1	74.1894 1
2	1	21.246 1	74.433 1
2	1	21.590 1	74.1573 1
2	1	21.851 1	74.1687 1
2	1	21.19 1	74.19 1
2	1	21.244 1	74.499 1
2	1	21.85 1	74.69 1
3	2	21.531 1 21.793 0.820	74.129 1
2	1	21.629 1	74.1601 1
2	1	21.625 1	74.510 1
2	1	21.272 1	74.575 1
2	1	21.530 1	74.1090 1
2	1	21.132 1	74.1978 1
2	1	21.529 1	74.1091 1
2	1	21.11 1	74.11 1
2	1	21.217 1	74.1383 1
2	1	21.245 1	74.515 1
2	1	21.35 1	74.275 1
2	1	21.382 1	74.1336 1
2	1	21.394 1	74.627 1
2	1	21.857 1	74.490 1
2	1	21.974 1	74.57 1
3	2	21.432 1 21.459 0.714	74.1719 1
2	1	21.858 1	74.489 1
2	1	21.930 1	74.380 1
2	1	21.688 1	74.534 1
2	1	21.114 1	74.1921 1
2	1	21.305 1	74.423 1
2	1	21.597 1	74.2296 1
2	1	21.915 1	74.393 1
2	1	21.708 1	74.524 1
2	1	21.859 1	74.488 1
2	1	21.176 1	74.1221 1
2	1	21.148 1	74.1266 1
2	1	21.408 1	74.1015 1
2	1	21.751 1	74.960 1
2	1	21.826 1	74.1821 1
2	1	21.904 1	74.1983 1
2	1	21.536 1	74.964 1
2	1	21.878 1	74.844 1
2	1	21.910 1	74.1931 1
2	1	21.920 1	74.390 1
2	1	21.105 1	74.1927 1
2	1	21.37 1	74.1936 1
2	1	21.922 1	74.388 1
2	1	21.259 1	74.523 1
4	3	21.643 1	74.1458 0.089 74.594 1 74.653 0.077
2	1	21.155 1	74.270 1
2	1	21.243 1	74.498 1
2	1	21.270 1	74.573 1
2	1	21.707 1	74.525 1
2	1	21.890 1	74.1895 1
2	1	21.233 1	74.2143 1
2	1	21.558 1	74.1658 1
2	1	21.926 1	74.384 1
2	1	21.107 1	74.1268 1
2	1	21.12 1	74.12 1
2	1	21.47 1	74.152 1
2	1	21.326 1	74.496 1
4	4	21.119 1 21.146 0.870	74.174 1 74.160 0.927
2	1	21.727 1	74.1162 1
5	6	21.280 0.351 21.83 1	74.2158 1 74.494 0.360 74.67 0.517
2	1	21.916 1	74.392 1
2	1	21.271 1	74.574 1
2	1	21.613 1	74.1093 1
2	1	21.380 1	74.1618 1
2	1	21.913 1	74.395 1
2	1	21.1000 1	74.2063 1
2	1	21.81 1	74.1989 1
2	1	21.109 1	74.1926 1
2	1	21.28 1	74.1987 1
2	1	21.296 1	74.841 1
2	1	21.306 1	74.424 1
2	1	21.404 1	74.2228 1
2	1	21.234 1	74.323 1
2	1	21.44 1	74.217 1
2	1	21.876 1	74.1665 1
2	1	21.905 1	74.1984 1
2	1	21.31 1	74.272 1
2	1	21.313 1	74.269 1
2	1	21.520 1	74.712 1
2	1	21.628 1	74.2153 1
2	1	21.71 1	74.164 1
2	1	21.627 1	74.1694 1
2	1	21.726 1	74.1160 1
2	1	21.767 1	74.1352 1
2	1	21.431 1	74.1721 1
2	1	21.562 1	74.213 1
2	1	21.988 1	74.279 1
2	1	21.150 1	74.1264 1
2	1	21.287 1	74.466 1
2	1	21.846 1	74.1179 1
3	2	21.897 1	74.1161 0.117 74.1568 1
2	1	21.906 1	74.361 1
2	1	21.935 1	74.375 1
2	1	21.223 1	74.1786 1
2	1	21.941 1	74.369 1
2	1	21.787 1	74.1973 1
2	1	21.975 1	74.56 1
2	1	21.241 1	74.550 1
2	1	21.361 1	74.2212 1
2	1	21.936 1	74.374 1
2	1	21.368 1	74.426 1
2	1	21.995 1	74.322 1
2	1	21.971 1	74.61 1
2	1	21.868 1	74.262 1
2	1	21.319 1	74.419 1
2	1	21.328 1	74.278 1
2	1	21.39 1	74.2042 1
2	1	21.40 1	74.2041 1
4	3	21.612 1 21.619 0.215 21.718 0.253	74.1092 1
5	4	21.634 1	74.1441 1 74.1966 0.057 74.1967 0.170 74.92 0.080
2	1	21.761 1	74.505 1
2	1	21.821 1	74.444 1
2	1	21.924 1	74.386 1
2	1	21.699 1	74.1356 1
3	2	21.117 1 21.606 0.947	74.1792 1
2	1	21.746 1	74.1171 1
2	1	21.791 1	74.1977 1
2	1	21.156 1	74.1917 1
2	1	21.219 1	74.1381 1
3	2	21.604 1	74.1654 1 74.1835 0.682
2	1	21.622 1	74.692 1
2	1	21.89 1	74.404 1
2	1	21.393 1	74.626 1
2	1	21.760 1	74.506 1
2	1	21.900 1	74.355 1
2	1	21.339 1	74.1261 1
2	1	21.401 1	74.2150 1
2	1	21.884 1	74.1886 1
2	1	21.315 1	74.415 1
2	1	21.931 1	74.379 1
2	1	21.983 1	74.283 1
2	1	21.320 1	74.583 1
2	1	21.407 1	74.26 1
2	1	21.681 1	74.981 1
2	1	21.721 1	74.570 1
2	1	21.883 1	74.1885 1
2	1	21.901 1	74.1333 1
2	1	21.499 1	74.1614 1
2	1	21.61 1	74.260 1
2	1	21.790 1	74.1976 1
2	1	21.276 1	74.1838 1
2	1	21.90 1	74.105 1
2	1	21.1001 1	74.2064 1
2	1	21.154 1	74.1661 1
2	1	21.544 1	74.1655 1
2	1	21.687 1	74.535 1
2	1	21.21 1	74.21 1
2	1	21.130 1	74.1980 1
2	1	21.143 1	74.1680 1
2	1	21.239 1	74.548 1
2	1	21.106 1	74.472 1
2	1	21.183 1	74.2232 1
2	1	21.700 1	74.1357 1
2	1	21.929 1	74.381 1
4	3	21.102 1 21.170 0.280 21.372 0.261	74.542 1
2	1	21.24 1	74.364 1
6	5	21.571 1	74.1126 1 74.1749 0.685 74.2579 0.106 74.743 1 74.798 0.575
2	1	21.869 1	74.261 1
2	1	21.491 1	74.2142 1
2	1	21.598 1	74.980 1
2	1	21.785 1	74.1971 1
2	1	21.938 1	74.372 1
2	1	21.8 1	74.8 1
2	1	21.118 1	74.1791 1
2	1	21.497 1	74.1676 1
2	1	21.334 1	74.1827 1
2	1	21.976 1	74.55 1
2	1	21.403 1	74.2227 1
2	1	21.748 1	74.1173 1
2	1	21.95 1	74.399 1
2	1	21.20 1	74.20 1
4	3	21.764 1	74.1455 0.288 74.353 1 74.651 0.260
2	1	21.803 1	74.172 1
2	1	21.850 1	74.1686 1
2	1	21.927 1	74.383 1
2	1	21.202 1	74.2467 1
2	1	21.23 1	74.23 1
2	1	21.392 1	74.625 1
2	1	21.386 1	74.1329 1
2	1	21.69 1	74.162 1
2	1	21.980 1	74.318 1
2	1	21.149 1	74.1265 1
2	1	21.22 1	74.22 1
2	1	21.378 1	74.1351 1
2	1	21.794 1	74.130 1
2	1	21.891 1	74.1896 1
2	1	21.385 1	74.1330 1
2	1	21.730 1	74.1165 1
2	1	21.534 1	74.993 1
2	1	21.101 1	74.402 1
2	1	21.556 1	74.1619 1
2	1	21.56 1	74.1988 1
2	1	21.291 1	74.1599 1
4	4	21.678 1 21.445 0.726	74.1460 1 74.656 0.469
2	1	21.683 1	74.1089 1
2	1	21.961 1	74.98 1
2	1	21.10 1	74.10 1
2	1	21.304 1	74.367 1
2	1	21.375 1	74.1724 1
2	1	21.753 1	74.1174 1
2	1	21.918 1	74.391 1
3	2	21.845 1	74.1454 1 74.650 0.741
2	1	21.561 1	74.214 1
2	1	21.134 1	74.2498 1
2	1	21.191 1	74.1362 1
2	1	21.290 1	74.1600 1
2	1	21.824 1	74.441 1
2	1	21.207 1	74.148 1
2	1	21.49 1	74.154 1
2	1	21.703 1	74.1726 1
2	1	21.487 1	74.768 1
2	1	21.563 1	74.215 1
2	1	21.999 1	74.2062 1
2	1	21.461 1	74.2129 1
2	1	21.765 1	74.220 1
2	1	21.295 1	74.842 1
2	1	21.360 1	74.2211 1
2	1	21.969 1	74.63 1
2	1	21.970 1	74.62 1
2	1	21.68 1	74.249 1
2	1	21.1011 1	74.2083 1
2	1	21.50 1	74.155 1
2	1	21.560 1	74.216 1
2	1	21.955 1	74.561 1
2	1	21.968 1	74.65 1
2	1	21.932 1	74.378 1
2	1	21.311 1	74.425 1
2	1	21.388 1	74.1315 1
2	1	21.728 1	74.1163 1
2	1	21.789 1	74.1975 1
2	1	21.285 1	74.464 1
2	1	21.863 1	74.623 1
2	1	21.249 1	74.668 1
2	1	21.849 1	74.1685 1
2	1	21.888 1	74.1892 1
2	1	21.218 1	74.1382 1
6	8	21.419 0.194 21.505 0.077 21.506 0.156 21.509 1	74.1277 0.101 74.577 1
2	1	21.111 1	74.1924 1
2	1	21.266 1	74.493 1
2	1	21.294 1	74.1597 1
3	2	21.710 1 21.33 0.928	74.958 1
2	1	21.817 1	74.170 1
2	1	21.892 1	74.1897 1
2	1	21.518 1	74.2225 1
2	1	21.754 1	74.1175 1
2	1	21.468 1	74.101 1
2	1	21.48 1	74.153 1
2	1	21.240 1	74.549 1
2	1	21.1012 1	74.2084 1
2	1	21.535 1	74.1570 1
2	1	21.6 1	74.6 1
2	1	21.723 1	74.1159 1
2	1	21.91 1	74.1353 1
2	1	21.96 1	74.400 1
2	1	21.257 1	74.985 1
2	1	21.282 1	74.582 1
2	1	21.588 1	74.2310 1
2	1	21.714 1	74.1360 1
3	2	21.133 1	74.1789 0.193 74.54 1
2	1	21.317 1	74.417 1
2	1	21.698 1	74.1355 1
2	1	21.262 1	74.1780 1
2	1	21.376 1	74.1723 1
2	1	21.515 1	74.621 1
2	1	21.611 1	74.1258 1
2	1	21.848 1	74.1683 1
2	1	21.34 1	74.274 1
3	2	21.478 0.090 21.602 1	74.123 1
2	1	21.402 1	74.2226 1
2	1	21.225 1	74.1824 1
2	1	21.387 1	74.1387 1
2	1	21.496 1	74.2230 1
2	1	21.54 1	74.159 1
2	1	21.144 1	74.1678 1
2	1	21.256 1	74.1155 1
4	3	21.586 0.471 21.589 1 21.595 0.507	74.2026 1
2	1	21.610 1	74.770 1
2	1	21.286 1	74.465 1
8	7	21.866 1	74.1122 0.099 74.1764 0.993 74.2089 0.452 74.2102 0.099 74.725 0.993 74.739 0.099 74.817 1
2	1	21.67 1	74.175 1
3	2	21.206 1 21.797 0.146	74.1852 1
2	1	21.310 1	74.628 1
10	16	21.362 0.296 21.363 1 21.366 0.100 21.507 0.174 21.832 0.134 21.833 0.163 21.834 0.159 21.838 0.194	74.1464 0.776 74.658 1
2	1	21.517 1	74.2224 1
2	1	21.555 1	74.2543 1
2	1	21.733 1	74.1167 1
2	1	21.902 1	74.1596 1
2	1	21.1003 0.760	74.2066 0.760
2	1	21.284 0.853	74.599 0.853
