Size	Relations	OrthoA	OrthoB
2	1	21.43 1	76.669 1
2	1	21.42 1	76.668 1
2	1	21.704 1	76.155 1
2	1	21.942 1	76.332 1
2	1	21.59 1	76.507 1
2	1	21.960 1	76.342 1
2	1	21.127 1	76.68 1
2	1	21.57 1	76.469 1
2	1	21.731 1	76.13 1
2	1	21.173 1	76.614 1
2	1	21.352 1	76.642 1
2	1	21.948 1	76.3 1
2	1	21.567 1	76.600 1
2	1	21.332 1	76.228 1
2	1	21.151 1	76.354 1
2	1	21.152 1	76.355 1
2	1	21.58 1	76.500 1
2	1	21.492 1	76.246 1
2	1	21.335 1	76.225 1
2	1	21.860 1	76.94 1
2	1	21.53 1	76.464 1
2	1	21.3 1	76.422 1
2	1	21.51 1	76.462 1
2	1	21.494 1	76.245 1
4	3	21.990 1 21.155 0.695 21.313 0.785	76.470 1
2	1	21.377 1	76.86 1
2	1	21.4 1	76.423 1
2	1	21.533 1	76.251 1
2	1	21.13 1	76.434 1
3	2	21.186 0.111 21.195 1	76.586 1
2	1	21.751 1	76.346 1
2	1	21.979 1	76.492 1
2	1	21.110 1	76.35 1
2	1	21.126 1	76.5 1
2	1	21.104 1	76.121 1
2	1	21.406 1	76.254 1
2	1	21.871 1	76.302 1
2	1	21.947 1	76.392 1
2	1	21.872 1	76.45 1
2	1	21.825 1	76.175 1
2	1	21.944 1	76.331 1
2	1	21.600 1	76.338 1
2	1	21.84 1	76.552 1
2	1	21.307 1	76.291 1
2	1	21.198 1	76.111 1
2	1	21.959 1	76.341 1
2	1	21.691 1	76.126 1
2	1	21.181 1	76.581 1
2	1	21.759 1	76.621 1
2	1	21.147 1	76.580 1
2	1	21.956 1	76.503 1
3	2	21.201 1 21.523 0.073	76.583 1
2	1	21.18 1	76.443 1
2	1	21.921 1	76.529 1
2	1	21.655 1	76.662 1
4	4	21.214 1 21.203 0.643	76.149 1 76.240 0.644
2	1	21.94 1	76.19 1
2	1	21.231 1	76.192 1
2	1	21.157 1	76.561 1
2	1	21.991 1	76.401 1
2	1	21.865 1	76.307 1
2	1	21.763 1	76.281 1
2	1	21.212 1	76.150 1
2	1	21.288 1	76.172 1
2	1	21.998 1	76.420 1
2	1	21.982 1	76.487 1
2	1	21.228 1	76.194 1
4	3	21.312 1 21.752 0.168 21.78 0.183	76.118 1
2	1	21.142 1	76.630 1
2	1	21.122 1	76.64 1
2	1	21.994 1	76.403 1
2	1	21.847 1	76.311 1
2	1	21.338 1	76.235 1
2	1	21.70 1	76.567 1
2	1	21.521 1	76.204 1
2	1	21.443 1	76.252 1
2	1	21.689 1	76.124 1
2	1	21.745 1	76.181 1
2	1	21.100 1	76.52 1
2	1	21.216 1	76.490 1
2	1	21.433 1	76.504 1
2	1	21.300 1	76.164 1
2	1	21.867 1	76.306 1
2	1	21.993 1	76.402 1
2	1	21.153 1	76.294 1
2	1	21.972 1	76.449 1
2	1	21.113 1	76.38 1
3	2	21.5 0.120 21.522 1	76.424 1
2	1	21.937 1	76.513 1
3	2	21.949 1 21.148 0.765	76.627 1
2	1	21.823 1	76.29 1
2	1	21.353 1	76.369 1
2	1	21.722 1	76.108 1
2	1	21.322 1	76.260 1
2	1	21.911 1	76.604 1
3	2	21.910 1	76.220 0.265 76.605 1
2	1	21.679 1	76.647 1
2	1	21.222 1	76.200 1
2	1	21.957 1	76.502 1
2	1	21.112 1	76.37 1
2	1	21.984 1	76.482 1
2	1	21.898 1	76.628 1
2	1	21.299 1	76.166 1
2	1	21.719 1	76.147 1
2	1	21.822 1	76.28 1
2	1	21.76 1	76.186 1
2	1	21.15 1	76.437 1
2	1	21.909 1	76.542 1
2	1	21.296 1	76.167 1
2	1	21.248 1	76.177 1
2	1	21.395 1	76.115 1
2	1	21.215 1	76.148 1
2	1	21.25 1	76.379 1
2	1	21.276 1	76.74 1
2	1	21.124 1	76.66 1
2	1	21.756 1	76.595 1
2	1	21.197 1	76.113 1
2	1	21.30 1	76.372 1
2	1	21.951 1	76.222 1
2	1	21.755 1	76.596 1
2	1	21.88 1	76.556 1
2	1	21.996 1	76.405 1
2	1	21.882 1	76.323 1
2	1	21.709 1	76.101 1
3	2	21.978 1 21.188 0.921	76.493 1
2	1	21.115 1	76.79 1
2	1	21.309 1	76.337 1
2	1	21.540 1	76.116 1
2	1	21.952 1	76.223 1
2	1	21.333 1	76.227 1
2	1	21.690 1	76.125 1
2	1	21.875 1	76.46 1
2	1	21.908 1	76.543 1
2	1	21.374 1	76.88 1
2	1	21.308 1	76.336 1
2	1	21.662 1	76.210 1
2	1	21.93 1	76.570 1
2	1	21.1008 1	76.410 1
2	1	21.786 1	76.285 1
2	1	21.729 1	76.15 1
2	1	21.747 1	76.183 1
2	1	21.38 1	76.351 1
2	1	21.827 1	76.6 1
2	1	21.7 1	76.428 1
2	1	21.954 1	76.201 1
2	1	21.1010 1	76.412 1
2	1	21.953 1	76.632 1
3	2	21.861 1	76.22 0.087 76.239 1
2	1	21.818 1	76.298 1
2	1	21.120 1	76.89 1
2	1	21.816 1	76.296 1
2	1	21.185 1	76.582 1
3	2	21.604 1	76.339 1 76.645 0.728
2	1	21.497 1	76.575 1
2	1	21.64 1	76.327 1
2	1	21.442 1	76.253 1
2	1	21.907 1	76.544 1
2	1	21.514 1	76.261 1
2	1	21.636 1	76.659 1
2	1	21.693 1	76.128 1
2	1	21.144 1	76.576 1
2	1	21.914 1	76.536 1
2	1	21.351 1	76.640 1
2	1	21.87 1	76.555 1
2	1	21.987 1	76.476 1
2	1	21.1 1	76.416 1
2	1	21.340 1	76.611 1
2	1	21.65 1	76.617 1
2	1	21.86 1	76.554 1
2	1	21.877 1	76.321 1
2	1	21.145 1	76.578 1
2	1	21.682 1	76.117 1
2	1	21.919 1	76.531 1
2	1	21.323 1	76.259 1
2	1	21.341 1	76.612 1
2	1	21.870 1	76.303 1
2	1	21.940 1	76.510 1
2	1	21.258 1	76.625 1
2	1	21.73 1	76.467 1
2	1	21.934 1	76.516 1
2	1	21.90 1	76.61 1
2	1	21.254 1	76.622 1
2	1	21.946 1	76.394 1
2	1	21.899 1	76.626 1
2	1	21.939 1	76.511 1
2	1	21.981 1	76.488 1
2	1	21.281 1	76.635 1
2	1	21.318 1	76.215 1
2	1	21.52 1	76.463 1
2	1	21.384 1	76.209 1
2	1	21.928 1	76.522 1
2	1	21.45 1	76.456 1
2	1	21.123 1	76.65 1
2	1	21.950 1	76.221 1
3	2	21.490 1	76.419 1 76.99 0.846
2	1	21.108 1	76.33 1
2	1	21.792 1	76.290 1
2	1	21.407 1	76.540 1
2	1	21.657 1	76.663 1
2	1	21.962 1	76.344 1
2	1	21.986 1	76.477 1
2	1	21.135 1	76.78 1
2	1	21.925 1	76.525 1
2	1	21.853 1	76.135 1
2	1	21.491 1	76.41 1
2	1	21.63 1	76.328 1
2	1	21.272 1	76.143 1
2	1	21.305 1	76.213 1
2	1	21.1007 1	76.409 1
2	1	21.243 1	76.80 1
2	1	21.62 1	76.329 1
2	1	21.879 1	76.163 1
2	1	21.643 1	76.655 1
2	1	21.705 1	76.156 1
2	1	21.29 1	76.375 1
3	2	21.432 1 21.459 0.763	76.505 1
2	1	21.974 1	76.447 1
2	1	21.47 1	76.458 1
2	1	21.973 1	76.448 1
2	1	21.158 1	76.616 1
2	1	21.607 1	76.643 1
3	2	21.634 1	76.365 0.188 76.665 1
3	2	21.184 1 21.368 0.764	76.435 1
2	1	21.720 1	76.110 1
2	1	21.630 1	76.638 1
2	1	21.988 1	76.475 1
2	1	21.35 1	76.366 1
2	1	21.342 1	76.102 1
2	1	21.9 1	76.430 1
2	1	21.851 1	76.133 1
2	1	21.878 1	76.162 1
2	1	21.933 1	76.517 1
2	1	21.826 1	76.7 1
2	1	21.273 1	76.396 1
2	1	21.852 1	76.134 1
3	2	21.196 1 21.541 0.794	76.112 1
2	1	21.85 1	76.553 1
2	1	21.66 1	76.326 1
2	1	21.859 1	76.93 1
8	12	21.1002 0.400 21.1003 0.098 21.1004 1 21.1006 0.374 21.283 0.693 21.284 0.705	76.138 1 76.139 0.724
2	1	21.28 1	76.376 1
2	1	21.854 1	76.137 1
2	1	21.336 1	76.224 1
2	1	21.857 1	76.90 1
2	1	21.306 1	76.211 1
2	1	21.571 1	76.664 1
2	1	21.11 1	76.432 1
2	1	21.995 1	76.404 1
2	1	21.558 1	76.546 1
2	1	21.594 1	76.299 1
2	1	21.920 1	76.530 1
2	1	21.1000 1	76.406 1
2	1	21.930 1	76.520 1
2	1	21.136 1	76.278 1
2	1	21.255 1	76.623 1
2	1	21.455 1	76.114 1
4	4	21.889 1 21.890 0.827	76.565 1 76.26 0.861
2	1	21.923 1	76.527 1
2	1	21.223 1	76.198 1
2	1	21.905 1	76.318 1
2	1	21.936 1	76.514 1
2	1	21.12 1	76.433 1
2	1	21.60 1	76.374 1
2	1	21.361 1	76.408 1
2	1	21.44 1	76.497 1
2	1	21.107 1	76.32 1
2	1	21.380 1	76.142 1
2	1	21.915 1	76.535 1
2	1	21.726 1	76.151 1
2	1	21.935 1	76.515 1
2	1	21.241 1	76.263 1
2	1	21.922 1	76.528 1
2	1	21.971 1	76.451 1
2	1	21.176 1	76.593 1
2	1	21.897 1	76.395 1
3	2	21.31 1 21.394 0.771	76.371 1
2	1	21.219 1	76.590 1
2	1	21.404 1	76.255 1
2	1	21.916 1	76.534 1
2	1	21.105 1	76.120 1
2	1	21.536 1	76.249 1
2	1	21.760 1	76.594 1
2	1	21.150 1	76.56 1
2	1	21.287 1	76.173 1
2	1	21.358 1	76.315 1
2	1	21.904 1	76.317 1
2	1	21.270 1	76.145 1
2	1	21.707 1	76.157 1
2	1	21.271 1	76.144 1
2	1	21.327 1	76.82 1
2	1	21.924 1	76.526 1
2	1	21.156 1	76.559 1
2	1	21.71 1	76.569 1
2	1	21.37 1	76.352 1
2	1	21.233 1	76.23 1
2	1	21.393 1	76.205 1
2	1	21.906 1	76.545 1
2	1	21.217 1	76.588 1
2	1	21.926 1	76.524 1
2	1	21.945 1	76.393 1
2	1	21.698 1	76.129 1
2	1	21.821 1	76.27 1
2	1	21.39 1	76.666 1
2	1	21.858 1	76.91 1
2	1	21.700 1	76.130 1
2	1	21.95 1	76.54 1
2	1	21.274 1	76.258 1
2	1	21.762 1	76.592 1
2	1	21.868 1	76.305 1
2	1	21.125 1	76.597 1
2	1	21.785 1	76.284 1
2	1	21.913 1	76.537 1
2	1	21.183 1	76.40 1
2	1	21.2 1	76.417 1
2	1	21.114 1	76.2 1
4	3	21.119 1 21.146 0.870 21.683 1	76.72 1
2	1	21.239 1	76.265 1
2	1	21.326 1	76.619 1
2	1	21.375 1	76.87 1
2	1	21.687 1	76.123 1
3	2	21.803 1	76.119 0.131 76.295 1
2	1	21.259 1	76.158 1
2	1	21.320 1	76.639 1
2	1	21.613 1	76.587 1
2	1	21.746 1	76.182 1
2	1	21.976 1	76.445 1
2	1	21.301 1	76.644 1
2	1	21.598 1	76.320 1
3	2	21.280 1 21.83 0.420	76.551 1
2	1	21.938 1	76.512 1
2	1	21.187 1	76.631 1
2	1	21.295 1	76.168 1
4	3	21.412 0.074 21.457 1 21.632 0.068	76.10 1
2	1	21.721 1	76.109 1
2	1	21.202 1	76.187 1
3	2	21.117 1 21.606 0.947	76.62 1
2	1	21.929 1	76.521 1
2	1	21.315 1	76.218 1
2	1	21.292 1	76.170 1
2	1	21.392 1	76.207 1
2	1	21.534 1	76.250 1
2	1	21.891 1	76.564 1
2	1	21.927 1	76.523 1
2	1	21.118 1	76.73 1
2	1	21.869 1	76.304 1
2	1	21.319 1	76.214 1
2	1	21.221 1	76.629 1
2	1	21.791 1	76.288 1
2	1	21.931 1	76.519 1
2	1	21.339 1	76.610 1
2	1	21.401 1	76.97 1
2	1	21.562 1	76.601 1
2	1	21.941 1	76.509 1
2	1	21.24 1	76.380 1
2	1	21.403 1	76.256 1
2	1	21.590 1	76.335 1
2	1	21.23 1	76.385 1
2	1	21.149 1	76.17 1
2	1	21.304 1	76.377 1
2	1	21.748 1	76.184 1
2	1	21.56 1	76.316 1
2	1	21.730 1	76.14 1
2	1	21.863 1	76.272 1
2	1	21.969 1	76.453 1
2	1	21.22 1	76.386 1
2	1	21.240 1	76.264 1
2	1	21.49 1	76.460 1
2	1	21.561 1	76.602 1
2	1	21.330 1	76.9 1
2	1	21.40 1	76.667 1
2	1	21.918 1	76.532 1
2	1	21.96 1	76.53 1
2	1	21.21 1	76.387 1
2	1	21.230 1	76.193 1
2	1	21.563 1	76.603 1
2	1	21.69 1	76.566 1
2	1	21.901 1	76.48 1
2	1	21.849 1	76.25 1
2	1	21.106 1	76.31 1
2	1	21.334 1	76.226 1
2	1	21.385 1	76.208 1
3	2	21.445 1 21.678 0.737	76.478 1
2	1	21.48 1	76.459 1
2	1	21.817 1	76.297 1
2	1	21.218 1	76.589 1
2	1	21.50 1	76.461 1
2	1	21.566 1	76.574 1
2	1	21.753 1	76.648 1
2	1	21.850 1	76.132 1
2	1	21.262 1	76.501 1
2	1	21.434 1	76.382 1
2	1	21.723 1	76.152 1
2	1	21.560 1	76.609 1
2	1	21.961 1	76.343 1
3	2	21.290 1	76.347 1 76.171 1
2	1	21.386 1	76.191 1
2	1	21.912 1	76.649 1
2	1	21.225 1	76.196 1
3	2	21.710 1 21.33 0.928	76.100 1
2	1	21.728 1	76.16 1
2	1	21.133 1	76.238 1
2	1	21.257 1	76.71 1
2	1	21.846 1	76.436 1
2	1	21.917 1	76.533 1
2	1	21.10 1	76.431 1
2	1	21.67 1	76.325 1
2	1	21.430 1	76.107 1
2	1	21.824 1	76.30 1
2	1	21.588 1	76.39 1
2	1	21.6 1	76.427 1
2	1	21.111 1	76.36 1
2	1	21.310 1	76.153 1
2	1	21.140 1	76.58 1
2	1	21.980 1	76.491 1
2	1	21.1012 1	76.414 1
2	1	21.54 1	76.465 1
2	1	21.1011 1	76.413 1
2	1	21.317 1	76.216 1
2	1	21.578 1	76.189 1
2	1	21.546 1	76.104 1
2	1	21.902 1	76.637 1
2	1	21.282 1	76.636 1
2	1	21.378 1	76.85 1
2	1	21.388 1	76.83 1
2	1	21.764 1	76.282 1
2	1	21.848 1	76.312 1
2	1	21.975 1	76.446 1
2	1	21.294 1	76.169 1
2	1	21.714 1	76.203 1
2	1	21.391 1	76.274 1
2	1	21.101 0.907	76.24 0.907
