Size	Relations	OrthoA	OrthoB
2	1	21.43 1	75.123 1
2	1	21.42 1	75.122 1
2	1	21.704 1	75.525 1
2	1	21.59 1	75.285 1
2	1	21.960 1	75.126 1
2	1	21.600 1	75.1293 1
2	1	21.127 1	75.1998 1
2	1	21.57 1	75.273 1
2	1	21.352 1	75.583 1
2	1	21.567 1	75.551 1
2	1	21.731 1	75.1452 1
2	1	21.173 1	75.1511 1
2	1	21.948 1	75.883 1
2	1	21.494 1	75.1299 1
2	1	21.860 1	75.484 1
2	1	21.492 1	75.1301 1
2	1	21.58 1	75.268 1
2	1	21.3 1	75.3 1
2	1	21.126 1	75.2059 1
2	1	21.335 1	75.2036 1
2	1	21.990 1	75.294 1
2	1	21.377 1	75.1904 1
2	1	21.4 1	75.4 1
3	2	21.533 1	75.995 1 75.637 0.779
2	1	21.104 1	75.2137 1
2	1	21.51 1	75.183 1
2	1	21.53 1	75.185 1
2	1	21.784 1	75.2178 1
2	1	21.181 1	75.1833 1
2	1	21.825 1	75.437 1
2	1	21.13 1	75.13 1
2	1	21.195 1	75.1438 1
2	1	21.73 1	75.1874 1
2	1	21.147 1	75.468 1
2	1	21.406 1	75.881 1
2	1	21.979 1	75.315 1
2	1	21.872 1	75.1844 1
2	1	21.248 1	75.666 1
2	1	21.230 1	75.352 1
2	1	21.332 1	75.2040 1
2	1	21.871 1	75.2267 1
2	1	21.110 1	75.2133 1
2	1	21.691 1	75.528 1
2	1	21.959 1	75.127 1
2	1	21.131 1	75.2187 1
2	1	21.157 1	75.2125 1
2	1	21.18 1	75.18 1
2	1	21.998 1	75.280 1
2	1	21.399 1	75.786 1
2	1	21.216 1	75.489 1
2	1	21.921 1	75.384 1
2	1	21.152 1	75.2291 1
2	1	21.84 1	75.68 1
3	2	21.1004 1 21.283 0.705	75.2274 1
2	1	21.142 1	75.446 1
2	1	21.201 1	75.1437 1
2	1	21.94 1	75.404 1
2	1	21.689 1	75.530 1
2	1	21.228 1	75.351 1
2	1	21.288 1	75.464 1
2	1	21.443 1	75.1349 1
2	1	21.956 1	75.2057 1
2	1	21.763 1	75.349 1
2	1	21.300 1	75.515 1
2	1	21.847 1	75.1863 1
2	1	21.433 1	75.1902 1
2	1	21.128 1	75.2190 1
2	1	21.231 1	75.1618 1
2	1	21.865 1	75.272 1
2	1	21.991 1	75.293 1
2	1	21.655 1	75.588 1
4	3	21.312 1 21.752 0.102 21.78 0.116	75.1778 1
2	1	21.100 1	75.396 1
2	1	21.113 1	75.2130 1
2	1	21.740 1	75.768 1
3	2	21.322 1	75.2771 1 75.819 1
3	2	21.949 1 21.308 0.776	75.451 1
2	1	21.307 1	75.443 1
2	1	21.489 1	75.620 1
2	1	21.993 1	75.317 1
2	1	21.138 1	75.1593 1
2	1	21.823 1	75.439 1
2	1	21.951 1	75.449 1
2	1	21.338 1	75.630 1
2	1	21.1002 1	75.2271 1
2	1	21.745 1	75.1456 1
2	1	21.1006 1	75.2275 1
2	1	21.952 1	75.448 1
2	1	21.353 1	75.598 1
2	1	21.122 1	75.203 1
2	1	21.70 1	75.190 1
2	1	21.994 1	75.316 1
2	1	21.937 1	75.368 1
2	1	21.153 1	75.200 1
2	1	21.810 1	75.342 1
2	1	21.882 1	75.2094 1
2	1	21.972 1	75.60 1
2	1	21.212 1	75.338 1
2	1	21.741 1	75.767 1
2	1	21.984 1	75.309 1
2	1	21.855 1	75.1873 1
2	1	21.755 1	75.1463 1
2	1	21.15 1	75.15 1
2	1	21.957 1	75.2058 1
2	1	21.222 1	75.1834 1
2	1	21.396 1	75.459 1
2	1	21.867 1	75.291 1
2	1	21.124 1	75.205 1
2	1	21.395 1	75.536 1
3	2	21.5 0.065 21.522 1	75.5 1
2	1	21.115 1	75.2128 1
2	1	21.719 1	75.570 1
2	1	21.213 1	75.339 1
3	2	21.978 1 21.188 0.850	75.2265 1
2	1	21.442 1	75.1350 1
2	1	21.76 1	75.1565 1
2	1	21.151 1	75.422 1
2	1	21.185 1	75.1439 1
2	1	21.909 1	75.353 1
2	1	21.898 1	75.1841 1
2	1	21.914 1	75.389 1
2	1	21.25 1	75.360 1
2	1	21.112 1	75.2131 1
2	1	21.743 1	75.764 1
3	2	21.203 0.055 21.214 1	75.340 1
2	1	21.722 1	75.567 1
2	1	21.756 1	75.1464 1
2	1	21.996 1	75.248 1
2	1	21.690 1	75.529 1
2	1	21.374 1	75.1907 1
2	1	21.495 1	75.631 1
2	1	21.299 1	75.514 1
2	1	21.7 1	75.7 1
2	1	21.88 1	75.398 1
2	1	21.108 1	75.1553 1
2	1	21.875 1	75.1846 1
2	1	21.327 1	75.494 1
2	1	21.739 1	75.769 1
3	2	21.954 1	75.2041 1 75.188 0.887
2	1	21.1008 1	75.2277 1
3	2	21.679 1	75.2722 1 75.871 1
2	1	21.1010 1	75.2288 1
2	1	21.822 1	75.440 1
2	1	21.30 1	75.295 1
2	1	21.594 1	75.2232 1
2	1	21.351 1	75.582 1
2	1	21.856 1	75.488 1
2	1	21.818 1	75.196 1
2	1	21.215 1	75.341 1
2	1	21.254 1	75.1443 1
2	1	21.87 1	75.635 1
2	1	21.38 1	75.2143 1
2	1	21.827 1	75.2032 1
2	1	21.384 1	75.1586 1
2	1	21.693 1	75.526 1
2	1	21.333 1	75.2038 1
2	1	21.908 1	75.354 1
2	1	21.289 1	75.465 1
2	1	21.540 1	75.789 1
2	1	21.786 1	75.2180 1
2	1	21.309 1	75.30 1
2	1	21.742 1	75.765 1
2	1	21.887 1	75.2101 1
2	1	21.709 1	75.969 1
2	1	21.60 1	75.286 1
2	1	21.816 1	75.198 1
2	1	21.682 1	75.1320 1
2	1	21.981 1	75.313 1
2	1	21.877 1	75.1848 1
2	1	21.911 1	75.2140 1
2	1	21.934 1	75.371 1
2	1	21.987 1	75.307 1
2	1	21.657 1	75.587 1
3	2	21.636 1	75.1255 1 75.2614 1
2	1	21.548 1	75.965 1
3	2	21.591 1	75.1755 1 75.2060 0.607
2	1	21.79 1	75.2198 1
2	1	21.17 1	75.17 1
2	1	21.64 1	75.271 1
2	1	21.705 1	75.524 1
2	1	21.397 1	75.460 1
2	1	21.550 1	75.968 1
2	1	21.706 1	75.523 1
2	1	21.907 1	75.355 1
4	3	21.358 1	75.1206 1 75.1213 1 75.2697 0.458
2	1	21.747 1	75.1458 1
2	1	21.662 1	75.347 1
2	1	21.788 1	75.2182 1
2	1	21.953 1	75.447 1
2	1	21.759 1	75.556 1
2	1	21.895 1	75.134 1
2	1	21.982 1	75.311 1
2	1	21.940 1	75.365 1
2	1	21.389 1	75.2753 1
2	1	21.340 1	75.1546 1
2	1	21.145 1	75.277 1
2	1	21.879 1	75.1114 1
2	1	21.514 1	75.1590 1
2	1	21.62 1	75.269 1
2	1	21.45 1	75.177 1
2	1	21.852 1	75.1870 1
2	1	21.135 1	75.1594 1
2	1	21.65 1	75.511 1
2	1	21.939 1	75.366 1
2	1	21.281 1	75.576 1
2	1	21.318 1	75.413 1
2	1	21.341 1	75.1545 1
2	1	21.950 1	75.450 1
2	1	21.729 1	75.1450 1
2	1	21.686 1	75.533 1
2	1	21.52 1	75.184 1
2	1	21.86 1	75.70 1
2	1	21.986 1	75.308 1
2	1	21.274 1	75.1548 1
2	1	21.14 1	75.14 1
2	1	21.2 1	75.2 1
2	1	21.200 1	75.639 1
2	1	21.336 1	75.2035 1
2	1	21.1 1	75.1 1
2	1	21.490 1	75.1217 1
3	2	21.323 1	75.2770 1 75.820 0.992
2	1	21.255 1	75.1442 1
2	1	21.923 1	75.382 1
2	1	21.258 1	75.519 1
2	1	21.928 1	75.377 1
2	1	21.29 1	75.2194 1
2	1	21.342 1	75.771 1
2	1	21.854 1	75.1872 1
2	1	21.160 1	75.149 1
2	1	21.620 1	75.1959 1
2	1	21.853 1	75.1871 1
2	1	21.919 1	75.391 1
3	2	21.552 1	75.1198 1 75.2706 0.131
2	1	21.925 1	75.380 1
2	1	21.933 1	75.372 1
2	1	21.66 1	75.274 1
2	1	21.899 1	75.1842 1
2	1	21.9 1	75.9 1
2	1	21.962 1	75.124 1
2	1	21.989 1	75.275 1
2	1	21.792 1	75.445 1
2	1	21.123 1	75.204 1
2	1	21.607 1	75.504 1
2	1	21.870 1	75.2266 1
2	1	21.1007 1	75.2276 1
3	2	21.273 1	75.636 1 75.574 0.765
2	1	21.614 1	75.1430 1
2	1	21.184 1	75.1805 1
2	1	21.809 1	75.345 1
2	1	21.973 1	75.58 1
2	1	21.720 1	75.569 1
2	1	21.889 1	75.2104 1
2	1	21.246 1	75.430 1
2	1	21.590 1	75.1756 1
2	1	21.851 1	75.1869 1
2	1	21.19 1	75.19 1
2	1	21.244 1	75.496 1
2	1	21.85 1	75.69 1
3	2	21.531 1 21.793 0.820	75.156 1
2	1	21.629 1	75.1784 1
2	1	21.625 1	75.507 1
2	1	21.272 1	75.573 1
2	1	21.530 1	75.1426 1
2	1	21.132 1	75.2186 1
2	1	21.529 1	75.1427 1
2	1	21.11 1	75.11 1
2	1	21.217 1	75.1637 1
2	1	21.245 1	75.512 1
2	1	21.35 1	75.302 1
2	1	21.382 1	75.1592 1
2	1	21.394 1	75.625 1
2	1	21.857 1	75.487 1
2	1	21.974 1	75.57 1
3	2	21.432 1 21.459 0.714	75.1901 1
2	1	21.858 1	75.486 1
2	1	21.930 1	75.375 1
2	1	21.268 1	75.792 1
2	1	21.688 1	75.531 1
2	1	21.114 1	75.2129 1
2	1	21.305 1	75.418 1
2	1	21.915 1	75.388 1
2	1	21.708 1	75.521 1
2	1	21.859 1	75.485 1
2	1	21.176 1	75.1506 1
2	1	21.148 1	75.1552 1
2	1	21.408 1	75.1351 1
2	1	21.751 1	75.1298 1
2	1	21.826 1	75.2031 1
2	1	21.904 1	75.2191 1
2	1	21.536 1	75.1302 1
2	1	21.878 1	75.1115 1
2	1	21.910 1	75.2139 1
2	1	21.920 1	75.385 1
2	1	21.105 1	75.2135 1
2	1	21.37 1	75.2144 1
2	1	21.922 1	75.383 1
2	1	21.259 1	75.520 1
6	5	21.643 1	75.103 0.091 75.2411 0.078 75.2515 0.078 75.592 1 75.652 0.077
2	1	21.155 1	75.297 1
2	1	21.243 1	75.495 1
2	1	21.270 1	75.571 1
2	1	21.707 1	75.522 1
2	1	21.890 1	75.2105 1
2	1	21.233 1	75.779 1
2	1	21.519 1	75.710 1
2	1	21.558 1	75.1840 1
2	1	21.926 1	75.379 1
2	1	21.107 1	75.1554 1
2	1	21.12 1	75.12 1
2	1	21.47 1	75.179 1
2	1	21.326 1	75.493 1
4	4	21.119 1 21.146 0.870	75.201 1 75.187 0.927
2	1	21.727 1	75.1448 1
2	1	21.916 1	75.387 1
2	1	21.271 1	75.572 1
2	1	21.613 1	75.1429 1
2	1	21.83 1	75.67 1
2	1	21.380 1	75.1800 1
2	1	21.913 1	75.390 1
2	1	21.1000 1	75.2269 1
2	1	21.81 1	75.2197 1
2	1	21.109 1	75.2134 1
2	1	21.861 1	75.775 1
2	1	21.28 1	75.2195 1
2	1	21.296 1	75.1112 1
2	1	21.306 1	75.419 1
2	1	21.404 1	75.880 1
2	1	21.234 1	75.319 1
2	1	21.280 1	75.491 1
2	1	21.44 1	75.244 1
2	1	21.876 1	75.1847 1
2	1	21.905 1	75.2192 1
2	1	21.31 1	75.299 1
2	1	21.313 1	75.296 1
2	1	21.520 1	75.711 1
2	1	21.71 1	75.191 1
2	1	21.627 1	75.1876 1
2	1	21.726 1	75.1446 1
2	1	21.767 1	75.1607 1
2	1	21.431 1	75.1903 1
2	1	21.562 1	75.240 1
2	1	21.988 1	75.306 1
2	1	21.150 1	75.1550 1
2	1	21.287 1	75.463 1
2	1	21.846 1	75.1465 1
3	2	21.897 1	75.1447 0.117 75.1751 1
2	1	21.906 1	75.356 1
2	1	21.935 1	75.370 1
2	1	21.223 1	75.1966 1
2	1	21.941 1	75.364 1
2	1	21.787 1	75.2181 1
2	1	21.975 1	75.56 1
2	1	21.241 1	75.547 1
3	2	21.361 1	75.2729 1 75.864 1
2	1	21.936 1	75.369 1
2	1	21.368 1	75.421 1
2	1	21.995 1	75.318 1
2	1	21.971 1	75.61 1
2	1	21.597 1	75.2399 1
2	1	21.868 1	75.289 1
2	1	21.319 1	75.414 1
2	1	21.328 1	75.305 1
2	1	21.39 1	75.2248 1
2	1	21.40 1	75.2247 1
4	3	21.612 1 21.619 0.215 21.718 0.253	75.1428 1
8	7	21.634 1	75.118 0.799 75.119 0.078 75.2174 0.061 75.2175 0.207 75.2426 1 75.2530 0.106 75.2531 0.143
2	1	21.761 1	75.502 1
2	1	21.821 1	75.441 1
2	1	21.924 1	75.381 1
2	1	21.699 1	75.1611 1
3	2	21.117 1 21.606 0.947	75.2002 1
2	1	21.746 1	75.1457 1
2	1	21.791 1	75.2185 1
2	1	21.156 1	75.2126 1
2	1	21.219 1	75.1635 1
3	2	21.604 1	75.1836 1 75.2046 0.682
2	1	21.622 1	75.691 1
2	1	21.89 1	75.399 1
2	1	21.393 1	75.624 1
2	1	21.760 1	75.503 1
2	1	21.900 1	75.350 1
2	1	21.339 1	75.1547 1
2	1	21.401 1	75.787 1
2	1	21.884 1	75.2096 1
2	1	21.315 1	75.410 1
2	1	21.931 1	75.374 1
2	1	21.983 1	75.310 1
2	1	21.320 1	75.581 1
2	1	21.407 1	75.26 1
2	1	21.681 1	75.1319 1
2	1	21.721 1	75.568 1
2	1	21.883 1	75.2095 1
2	1	21.901 1	75.1589 1
2	1	21.499 1	75.1796 1
2	1	21.61 1	75.287 1
2	1	21.790 1	75.2184 1
2	1	21.276 1	75.2049 1
2	1	21.90 1	75.132 1
2	1	21.1001 1	75.2270 1
2	1	21.154 1	75.1843 1
2	1	21.191 1	75.1617 1
2	1	21.544 1	75.1837 1
2	1	21.687 1	75.532 1
2	1	21.21 1	75.21 1
2	1	21.130 1	75.2188 1
2	1	21.143 1	75.1862 1
2	1	21.239 1	75.545 1
2	1	21.106 1	75.469 1
2	1	21.183 1	75.884 1
2	1	21.700 1	75.1612 1
2	1	21.929 1	75.376 1
4	3	21.102 1 21.170 0.280 21.372 0.261	75.539 1
2	1	21.24 1	75.359 1
3	2	21.571 1	75.1073 1 75.1931 0.428
2	1	21.491 1	75.778 1
2	1	21.598 1	75.1318 1
2	1	21.785 1	75.2179 1
2	1	21.869 1	75.288 1
2	1	21.938 1	75.367 1
2	1	21.8 1	75.8 1
2	1	21.118 1	75.2001 1
3	2	21.445 1	75.2424 1 75.2527 1
2	1	21.497 1	75.1858 1
2	1	21.334 1	75.2037 1
2	1	21.976 1	75.55 1
2	1	21.403 1	75.879 1
2	1	21.748 1	75.1459 1
2	1	21.95 1	75.394 1
2	1	21.20 1	75.20 1
6	5	21.764 1	75.105 0.204 75.2414 0.269 75.2517 0.269 75.348 1 75.649 0.260
2	1	21.803 1	75.199 1
2	1	21.850 1	75.1868 1
2	1	21.927 1	75.378 1
2	1	21.202 1	75.964 1
2	1	21.23 1	75.23 1
2	1	21.392 1	75.623 1
2	1	21.386 1	75.1584 1
2	1	21.69 1	75.189 1
2	1	21.980 1	75.314 1
2	1	21.149 1	75.1551 1
2	1	21.22 1	75.22 1
2	1	21.378 1	75.1606 1
2	1	21.794 1	75.157 1
2	1	21.891 1	75.2106 1
2	1	21.385 1	75.1585 1
2	1	21.730 1	75.1451 1
2	1	21.534 1	75.1331 1
2	1	21.101 1	75.397 1
2	1	21.556 1	75.1801 1
2	1	21.56 1	75.2196 1
5	4	21.678 1	75.100 0.938 75.2408 1 75.2512 1 75.655 0.461
2	1	21.291 1	75.1782 1
2	1	21.683 1	75.1425 1
2	1	21.961 1	75.125 1
2	1	21.10 1	75.10 1
2	1	21.304 1	75.362 1
2	1	21.375 1	75.1906 1
2	1	21.753 1	75.1460 1
2	1	21.918 1	75.386 1
2	1	21.561 1	75.241 1
2	1	21.134 1	75.994 1
2	1	21.290 1	75.1783 1
2	1	21.824 1	75.438 1
2	1	21.845 1	75.648 1
2	1	21.207 1	75.175 1
2	1	21.49 1	75.181 1
2	1	21.703 1	75.1908 1
2	1	21.487 1	75.1048 1
2	1	21.563 1	75.242 1
2	1	21.999 1	75.2268 1
2	1	21.461 1	75.763 1
2	1	21.765 1	75.247 1
2	1	21.295 1	75.1113 1
3	2	21.360 1	75.2730 1 75.863 1
2	1	21.969 1	75.63 1
2	1	21.970 1	75.62 1
2	1	21.68 1	75.276 1
2	1	21.1011 1	75.2289 1
2	1	21.50 1	75.182 1
2	1	21.560 1	75.243 1
3	2	21.955 1	75.559 1 75.2707 0.762
2	1	21.968 1	75.65 1
2	1	21.628 1	75.790 1
2	1	21.932 1	75.373 1
2	1	21.311 1	75.420 1
2	1	21.388 1	75.1570 1
2	1	21.728 1	75.1449 1
2	1	21.789 1	75.2183 1
2	1	21.285 1	75.461 1
2	1	21.863 1	75.621 1
2	1	21.249 1	75.667 1
2	1	21.849 1	75.1867 1
2	1	21.888 1	75.2102 1
2	1	21.218 1	75.1636 1
6	8	21.419 0.194 21.505 0.077 21.506 0.156 21.509 1	75.1563 0.101 75.575 1
2	1	21.111 1	75.2132 1
2	1	21.266 1	75.490 1
2	1	21.294 1	75.1780 1
3	2	21.710 1 21.33 0.928	75.1296 1
2	1	21.817 1	75.197 1
2	1	21.892 1	75.2107 1
2	1	21.518 1	75.877 1
2	1	21.754 1	75.1461 1
2	1	21.468 1	75.128 1
2	1	21.48 1	75.180 1
2	1	21.240 1	75.546 1
2	1	21.1012 1	75.2290 1
2	1	21.535 1	75.1753 1
2	1	21.6 1	75.6 1
2	1	21.723 1	75.1445 1
2	1	21.91 1	75.1608 1
2	1	21.96 1	75.395 1
2	1	21.257 1	75.1323 1
2	1	21.282 1	75.580 1
3	2	21.588 1	75.2385 1 75.2470 1
2	1	21.714 1	75.1615 1
3	2	21.133 1	75.1999 0.193 75.54 1
2	1	21.317 1	75.412 1
2	1	21.698 1	75.1610 1
2	1	21.546 1	75.916 1
2	1	21.262 1	75.1960 1
2	1	21.376 1	75.1905 1
2	1	21.515 1	75.619 1
2	1	21.611 1	75.1544 1
2	1	21.848 1	75.1865 1
2	1	21.34 1	75.301 1
3	2	21.478 0.090 21.602 1	75.150 1
2	1	21.402 1	75.878 1
2	1	21.225 1	75.2034 1
2	1	21.387 1	75.1641 1
2	1	21.496 1	75.882 1
2	1	21.54 1	75.186 1
2	1	21.144 1	75.1860 1
2	1	21.256 1	75.1441 1
4	3	21.586 0.471 21.589 1 21.595 0.507	75.2233 1
2	1	21.610 1	75.1046 1
2	1	21.286 1	75.462 1
10	9	21.866 1	75.1077 0.099 75.1089 1 75.1168 0.099 75.1945 0.993 75.2344 0.993 75.2356 0.099 75.2643 0.993 75.724 0.993 75.736 0.099
2	1	21.67 1	75.202 1
3	2	21.206 1 21.797 0.146	75.2063 1
2	1	21.310 1	75.626 1
12	32	21.362 0.296 21.363 1 21.366 0.100 21.507 0.174 21.832 0.134 21.833 0.163 21.834 0.159 21.838 0.194	75.2407 0.776 75.2509 0.776 75.657 1 75.98 0.804
2	1	21.517 1	75.876 1
2	1	21.555 1	75.1038 1
2	1	21.733 1	75.1453 1
2	1	21.902 1	75.1779 1
2	1	21.1003 0.760	75.2272 0.760
2	1	21.284 0.853	75.597 0.853
