Size	Relations	OrthoA	OrthoB
2	1	42.1765 1	53.48 1
2	1	42.1766 1	53.47 1
2	1	42.1121 1	53.793 1
2	1	42.159 1	53.65 1
2	1	42.1062 1	53.635 1
2	1	42.1762 1	53.1074 1
2	1	42.379 1	53.135 1
2	1	42.1372 1	53.525 1
2	1	42.1416 1	53.384 1
2	1	42.1360 1	53.1057 1
2	1	42.635 1	53.618 1
2	1	42.139 1	53.63 1
2	1	42.666 1	53.168 1
2	1	42.713 1	53.814 1
2	1	42.1505 1	53.364 1
2	1	42.1096 1	53.464 1
2	1	42.1194 1	53.911 1
2	1	42.1093 1	53.466 1
2	1	42.4 1	53.4 1
2	1	42.134 1	53.64 1
2	1	42.322 1	53.890 1
2	1	42.3 1	53.3 1
2	1	42.1523 1	53.134 1
2	1	42.1502 1	53.367 1
2	1	42.188 1	53.1116 1
2	1	42.1025 1	53.427 1
2	1	42.1620 1	53.105 1
2	1	42.398 1	53.400 1
2	1	42.122 1	53.854 1
2	1	42.77 1	53.922 1
2	1	42.242 1	53.277 1
2	1	42.1729 1	53.57 1
2	1	42.1727 1	53.59 1
2	1	42.452 1	53.233 1
2	1	42.14 1	53.13 1
2	1	42.424 1	53.923 1
3	2	42.1003 1	53.1009 1 53.553 0.128
2	1	42.1226 1	53.570 1
2	1	42.1616 1	53.112 1
2	1	42.1362 1	53.433 1
2	1	42.740 1	53.239 1
2	1	42.588 1	53.156 1
2	1	42.206 1	53.1104 1
3	2	42.405 1	53.164 1 53.668 0.594
2	1	42.1842 1	53.18 1
2	1	42.1761 1	53.1073 1
2	1	42.1119 1	53.779 1
2	1	42.277 1	53.1031 1
2	1	42.1870 1	53.1059 1
2	1	42.318 1	53.1060 1
2	1	42.113 1	53.142 1
2	1	42.1784 1	53.375 1
2	1	42.400 1	53.437 1
2	1	42.330 1	53.150 1
5	6	42.70 1 42.72 0.743 42.1402 0.929	53.1131 1 53.317 0.813
2	1	42.241 1	53.276 1
2	1	42.1521 1	53.1067 1
2	1	42.1597 1	53.166 1
2	1	42.637 1	53.846 1
2	1	42.1187 1	53.1130 1
2	1	42.741 1	53.240 1
2	1	42.852 1	53.444 1
2	1	42.1117 1	53.777 1
2	1	42.239 1	53.850 1
2	1	42.299 1	53.92 1
2	1	42.579 1	53.321 1
2	1	42.1129 1	53.331 1
2	1	42.416 1	53.896 1
2	1	42.909 1	53.824 1
2	1	42.110 1	53.139 1
2	1	42.138 1	53.916 1
2	1	42.1408 1	53.966 1
2	1	42.203 1	53.1107 1
2	1	42.754 1	53.278 1
2	1	42.208 1	53.1119 1
3	2	42.478 1	53.119 0.103 53.343 1
2	1	42.1613 1	53.115 1
2	1	42.107 1	53.43 1
2	1	42.289 1	53.96 1
2	1	42.187 1	53.1117 1
2	1	42.324 1	53.888 1
2	1	42.908 1	53.823 1
2	1	42.1294 1	53.356 1
3	2	42.636 1	53.345 1 53.871 0.803
2	1	42.327 1	53.337 1
2	1	42.1709 1	53.873 1
2	1	42.1282 1	53.461 1
2	1	42.771 1	53.146 1
2	1	42.73 1	53.1128 1
2	1	42.1721 1	53.78 1
2	1	42.1248 1	53.370 1
2	1	42.69 1	53.1133 1
2	1	42.1695 1	53.130 1
2	1	42.207 1	53.1120 1
2	1	42.710 1	53.829 1
2	1	42.406 1	53.905 1
2	1	42.1794 1	53.1094 1
2	1	42.1153 1	53.865 1
2	1	42.261 1	53.1047 1
2	1	42.1561 1	53.935 1
2	1	42.1394 1	53.387 1
2	1	42.214 1	53.474 1
2	1	42.201 1	53.1109 1
2	1	42.573 1	53.421 1
2	1	42.1522 1	53.1069 1
2	1	42.451 1	53.272 1
2	1	42.703 1	53.836 1
2	1	42.1693 1	53.132 1
2	1	42.164 1	53.918 1
2	1	42.1013 1	53.304 1
2	1	42.599 1	53.417 1
2	1	42.1845 1	53.15 1
2	1	42.1611 1	53.117 1
2	1	42.1474 1	53.806 1
3	2	42.79 1	53.1102 1 53.678 0.906
2	1	42.1471 1	53.803 1
2	1	42.1614 1	53.114 1
3	2	42.216 1	53.245 0.070 53.476 1
2	1	42.5 1	53.5 1
2	1	42.243 1	53.1018 1
2	1	42.702 1	53.837 1
2	1	42.911 1	53.826 1
2	1	42.851 1	53.443 1
2	1	42.739 1	53.237 1
2	1	42.282 1	53.1024 1
2	1	42.253 1	53.25 1
2	1	42.1118 1	53.778 1
2	1	42.1637 1	53.1122 1
2	1	42.1441 1	53.383 1
2	1	42.516 1	53.1005 1
2	1	42.215 1	53.475 1
2	1	42.7 1	53.7 1
2	1	42.217 1	53.477 1
2	1	42.1249 1	53.468 1
3	2	42.1506 1	53.1066 1 53.39 0.943
2	1	42.291 1	53.89 1
2	1	42.422 1	53.928 1
2	1	42.429 1	53.1000 1
2	1	42.244 1	53.1017 1
2	1	42.189 1	53.30 1
2	1	42.1188 1	53.907 1
2	1	42.925 1	53.88 1
2	1	42.1713 1	53.878 1
2	1	42.1130 1	53.330 1
2	1	42.1172 1	53.361 1
3	2	42.1457 1 42.1829 0.997	53.741 1
2	1	42.395 1	53.397 1
2	1	42.1120 1	53.781 1
2	1	42.325 1	53.887 1
3	2	42.487 1	53.1054 0.526 53.122 1
2	1	42.130 1	53.38 1
2	1	42.67 1	53.1135 1
2	1	42.539 1	53.110 1
2	1	42.735 1	53.292 1
2	1	42.1498 1	53.892 1
2	1	42.778 1	53.407 1
2	1	42.204 1	53.1106 1
2	1	42.952 1	53.932 1
2	1	42.1504 1	53.365 1
2	1	42.1711 1	53.876 1
2	1	42.910 1	53.825 1
2	1	42.1240 1	53.798 1
2	1	42.580 1	53.322 1
2	1	42.1 1	53.1 1
2	1	42.1123 1	53.795 1
2	1	42.1412 1	53.968 1
2	1	42.1867 1	53.1137 1
2	1	42.264 1	53.1044 1
2	1	42.1573 1	53.940 1
2	1	42.1017 1	53.583 1
2	1	42.118 1	53.858 1
2	1	42.137 1	53.70 1
2	1	42.120 1	53.856 1
2	1	42.199 1	53.1112 1
2	1	42.1122 1	53.794 1
2	1	42.135 1	53.68 1
2	1	42.258 1	53.1050 1
2	1	42.160 1	53.66 1
2	1	42.420 1	53.930 1
2	1	42.1223 1	53.765 1
2	1	42.574 1	53.422 1
2	1	42.1239 1	53.597 1
3	2	42.237 1	53.206 0.308 53.976 1
2	1	42.245 1	53.1016 1
2	1	42.907 1	53.822 1
2	1	42.1742 1	53.998 1
2	1	42.1236 1	53.592 1
2	1	42.1114 1	53.773 1
2	1	42.1501 1	53.368 1
2	1	42.1044 1	53.462 1
3	2	42.1047 1	53.230 1 53.949 0.621
2	1	42.143 1	53.154 1
2	1	42.708 1	53.831 1
2	1	42.715 1	53.812 1
2	1	42.1132 1	53.71 1
2	1	42.1735 1	53.51 1
2	1	42.200 1	53.1111 1
2	1	42.102 1	53.84 1
2	1	42.548 1	53.373 1
2	1	42.1763 1	53.1075 1
2	1	42.1295 1	53.411 1
2	1	42.1293 1	53.357 1
2	1	42.259 1	53.1049 1
3	2	42.141 1	53.1114 1 53.1115 0.238
2	1	42.547 1	53.372 1
2	1	42.1127 1	53.296 1
2	1	42.1444 1	53.314 1
2	1	42.2 1	53.2 1
2	1	42.1782 1	53.377 1
2	1	42.409 1	53.901 1
2	1	42.736 1	53.293 1
2	1	42.270 1	53.1038 1
2	1	42.770 1	53.145 1
2	1	42.1042 1	53.599 1
2	1	42.545 1	53.310 1
2	1	42.275 1	53.1033 1
2	1	42.78 1	53.921 1
2	1	42.1728 1	53.58 1
2	1	42.329 1	53.862 1
2	1	42.10 1	53.9 1
2	1	42.106 1	53.29 1
2	1	42.273 1	53.1035 1
2	1	42.1694 1	53.131 1
2	1	42.1764 1	53.1076 1
2	1	42.265 1	53.1043 1
2	1	42.15 1	53.14 1
2	1	42.1741 1	53.167 1
2	1	42.905 1	53.378 1
2	1	42.140 1	53.72 1
2	1	42.1156 1	53.546 1
2	1	42.407 1	53.904 1
2	1	42.1841 1	53.19 1
2	1	42.284 1	53.1029 1
2	1	42.68 1	53.1134 1
2	1	42.408 1	53.902 1
2	1	42.1797 1	53.880 1
2	1	42.953 1	53.933 1
3	2	42.1578 1	53.942 0.695 53.943 1
2	1	42.1272 1	53.416 1
2	1	42.1796 1	53.1095 1
2	1	42.1472 1	53.804 1
2	1	42.1783 1	53.376 1
2	1	42.410 1	53.900 1
4	3	42.924 1 42.1434 0.741 42.1445 0.741	53.309 1
2	1	42.109 1	53.1006 1
4	3	42.401 1	53.436 1 53.533 0.964 53.676 0.725
2	1	42.337 1	53.1061 1
2	1	42.281 1	53.1025 1
2	1	42.458 1	53.236 1
2	1	42.307 1	53.352 1
2	1	42.1189 1	53.908 1
2	1	42.1191 1	53.910 1
2	1	42.129 1	53.37 1
2	1	42.1618 1	53.107 1
2	1	42.1844 1	53.17 1
2	1	42.884 1	53.495 1
2	1	42.268 1	53.1040 1
2	1	42.114 1	53.143 1
2	1	42.1448 1	53.306 1
2	1	42.1125 1	53.797 1
2	1	42.1131 1	53.136 1
2	1	42.310 1	53.335 1
2	1	42.886 1	53.631 1
2	1	42.194 1	53.35 1
2	1	42.883 1	53.496 1
2	1	42.1024 1	53.429 1
2	1	42.105 1	53.28 1
2	1	42.278 1	53.1030 1
2	1	42.840 1	53.434 1
2	1	42.12 1	53.11 1
2	1	42.1097 1	53.577 1
2	1	42.1116 1	53.776 1
3	2	42.1404 1 42.1815 0.085	53.955 1
2	1	42.463 1	53.403 1
2	1	42.1182 1	53.360 1
2	1	42.701 1	53.894 1
2	1	42.717 1	53.810 1
2	1	42.75 1	53.1126 1
2	1	42.751 1	53.267 1
2	1	42.578 1	53.320 1
2	1	42.276 1	53.1032 1
2	1	42.1612 1	53.116 1
2	1	42.1190 1	53.909 1
2	1	42.1126 1	53.297 1
2	1	42.13 1	53.12 1
2	1	42.1497 1	53.891 1
2	1	42.700 1	53.172 1
2	1	42.772 1	53.405 1
2	1	42.1037 1	53.279 1
2	1	42.272 1	53.1036 1
2	1	42.283 1	53.1023 1
2	1	42.421 1	53.929 1
2	1	42.540 1	53.159 1
3	2	42.1708 1 42.492 0.937	53.128 1
2	1	42.1688 1	53.614 1
2	1	42.280 1	53.1026 1
2	1	42.1733 1	53.53 1
2	1	42.1447 1	53.307 1
3	2	42.1221 1	53.622 0.741 53.626 1
2	1	42.1363 1	53.432 1
2	1	42.209 1	53.1121 1
2	1	42.246 1	53.1015 1
2	1	42.768 1	53.489 1
2	1	42.1720 1	53.79 1
2	1	42.1016 1	53.651 1
2	1	42.1579 1	53.944 1
2	1	42.1684 1	53.50 1
6	5	42.344 1	53.126 1 53.155 0.930 53.504 0.830 53.758 0.791 53.766 0.991
2	1	42.1124 1	53.796 1
2	1	42.119 1	53.857 1
2	1	42.709 1	53.830 1
8	12	42.915 1 42.994 0.379	53.420 0.407 53.633 1 53.655 0.467 53.734 0.405 53.739 0.392 53.768 0.455
2	1	42.112 1	53.141 1
2	1	42.1617 1	53.111 1
3	2	42.1012 0.555 42.1785 1	53.374 1
2	1	42.263 1	53.1045 1
2	1	42.381 1	53.273 1
4	3	42.1165 0.216 42.1456 0.840 42.1830 1	53.231 1
2	1	42.198 1	53.1113 1
2	1	42.732 1	53.809 1
2	1	42.108 1	53.1007 1
2	1	42.92 1	53.44 1
2	1	42.115 1	53.861 1
2	1	42.1387 1	53.395 1
2	1	42.262 1	53.1046 1
2	1	42.1798 1	53.1097 1
2	1	42.210 1	53.280 1
2	1	42.1158 1	53.848 1
2	1	42.257 1	53.1051 1
2	1	42.103 1	53.86 1
2	1	42.387 1	53.788 1
2	1	42.765 1	53.787 1
2	1	42.163 1	53.919 1
2	1	42.192 1	53.31 1
2	1	42.308 1	53.353 1
2	1	42.630 1	53.285 1
2	1	42.197 1	53.362 1
2	1	42.292 1	53.90 1
3	2	42.494 1	53.123 0.118 53.653 1
2	1	42.753 1	53.269 1
2	1	42.1598 1	53.165 1
2	1	42.1793 1	53.1093 1
2	1	42.542 1	53.161 1
2	1	42.326 1	53.886 1
2	1	42.628 1	53.283 1
2	1	42.1564 1	53.947 1
2	1	42.274 1	53.1034 1
2	1	42.1092 1	53.344 1
3	2	42.1220 1 42.1817 0.920	53.760 1
2	1	42.1157 1	53.847 1
2	1	42.304 1	53.349 1
2	1	42.93 1	53.45 1
2	1	42.1562 1	53.936 1
2	1	42.1563 1	53.937 1
2	1	42.287 1	53.93 1
3	2	42.508 1 42.731 0.132	53.999 1
2	1	42.121 1	53.855 1
2	1	42.538 1	53.109 1
2	1	42.202 1	53.1108 1
2	1	42.766 1	53.786 1
2	1	42.267 1	53.1041 1
2	1	42.776 1	53.482 1
2	1	42.1473 1	53.805 1
2	1	42.252 1	53.24 1
2	1	42.74 1	53.1127 1
2	1	42.885 1	53.630 1
2	1	42.546 1	53.371 1
3	2	42.147 1	53.1123 1 53.520 0.806
2	1	42.755 1	53.669 1
2	1	42.161 1	53.67 1
2	1	42.1839 1	53.21 1
2	1	42.319 1	53.125 1
2	1	42.117 1	53.859 1
2	1	42.269 1	53.1039 1
2	1	42.865 1	53.459 1
2	1	42.1799 1	53.1098 1
2	1	42.205 1	53.1105 1
2	1	42.1222 1	53.764 1
2	1	42.430 1	53.624 1
2	1	42.1235 1	53.241 1
2	1	42.240 1	53.1002 1
2	1	42.1503 1	53.366 1
2	1	42.260 1	53.1048 1
2	1	42.411 1	53.899 1
2	1	42.417 1	53.151 1
2	1	42.541 1	53.160 1
2	1	42.1359 1	53.235 1
2	1	42.575 1	53.849 1
2	1	42.1838 1	53.22 1
2	1	42.1760 1	53.839 1
2	1	42.1580 1	53.945 1
2	1	42.714 1	53.813 1
2	1	42.1442 1	53.354 1
2	1	42.1364 1	53.431 1
2	1	42.1115 1	53.775 1
3	2	42.1664 1 42.1813 0.902	53.749 1
2	1	42.1687 1	53.613 1
2	1	42.1837 1	53.23 1
2	1	42.323 1	53.889 1
2	1	42.764 1	53.789 1
2	1	42.856 1	53.571 1
2	1	42.1274 1	53.414 1
2	1	42.271 1	53.1037 1
2	1	42.780 1	53.409 1
2	1	42.279 1	53.1028 1
2	1	42.343 1	53.127 1
2	1	42.1840 1	53.20 1
2	1	42.1722 1	53.77 1
2	1	42.716 1	53.811 1
2	1	42.11 1	53.10 1
2	1	42.1205 1	53.108 1
2	1	42.290 1	53.97 1
2	1	42.912 1	53.827 1
2	1	42.396 1	53.398 1
2	1	42.706 1	53.834 1
2	1	42.777 1	53.1003 1
2	1	42.9 1	53.8 1
2	1	42.1868 1	53.1138 1
2	1	42.1730 1	53.56 1
3	2	42.1392 0.298 42.238 1	53.851 1
2	1	42.462 1	53.608 1
2	1	42.769 1	53.401 1
2	1	42.116 1	53.860 1
2	1	42.76 1	53.1125 1
2	1	42.255 1	53.334 1
3	2	42.1002 1	53.1008 0.080 53.554 1
3	2	42.1431 0.193 42.1446 1	53.308 1
2	1	42.162 1	53.920 1
2	1	42.1731 1	53.55 1
2	1	42.142 1	53.75 1
2	1	42.1686 1	53.615 1
2	1	42.1388 1	53.394 1
2	1	42.1710 1	53.874 1
3	2	42.767 1	53.821 1 53.91 0.056
2	1	42.733 1	53.807 1
2	1	42.1638 1	53.852 1
2	1	42.1791 1	53.931 1
2	1	42.887 1	53.424 1
2	1	42.6 1	53.6 1
2	1	42.707 1	53.832 1
2	1	42.704 1	53.817 1
2	1	42.1581 1	53.946 1
2	1	42.549 1	53.1103 1
2	1	42.1225 1	53.295 1
2	1	42.473 1	53.324 1
2	1	42.779 1	53.408 1
2	1	42.472 1	53.323 1
2	1	42.576 1	53.318 1
2	1	42.752 1	53.268 1
2	1	42.266 1	53.1042 1
2	1	42.1227 1	53.144 1
2	1	42.1297 1	53.410 1
2	1	42.394 1	53.792 1
3	2	42.1089 1	53.799 1 53.33 0.904
2	1	42.1615 1	53.113 1
2	1	42.448 1	53.681 1
2	1	42.1353 1	53.590 1
2	1	42.577 1	53.319 1
2	1	42.705 1	53.835 1
2	1	42.1276 1	53.914 1
2	1	42.506 1	53.572 1
2	1	42.412 1	53.898 1
2	1	42.1732 1	53.54 1
2	1	42.1869 1	53.1139 1
2	1	42.288 1	53.94 1
2	1	42.1500 1	53.275 1
2	1	42.111 1	53.140 1
2	1	42.1186 1	53.302 1
2	1	42.761 1	53.801 1
2	1	42.476 1	53.326 1
2	1	42.414 1	53.897 1
2	1	42.640 1	53.726 1
2	1	42.888 1	53.632 1
2	1	42.1712 1	53.877 1
2	1	42.428 1	53.1001 1
2	1	42.1792 1	53.1092 1
2	1	42.1281 1	53.483 1
3	2	42.1800 1 42.378 0.249	53.503 1
2	1	42.475 1	53.325 1
2	1	42.193 1	53.34 1
2	1	42.629 1	53.284 1
2	1	42.1685 1	53.611 1
2	1	42.502 1	53.124 1
7	12	42.1884 1 42.1912 1 42.1917 0.550 42.1888 0.413	53.282 1 53.646 1 53.454 0.050
3	2	42.1437 1 42.313 0.102	53.336 1
2	1	42.1726 1	53.60 1
2	1	42.368 1	53.917 1
2	1	42.425 1	53.872 1
2	1	42.397 1	53.399 1
2	1	42.477 1	53.316 1
2	1	42.306 1	53.351 1
9	14	42.916 0.843 42.993 1	53.419 0.184 53.519 1 53.634 0.344 53.656 0.166 53.735 0.189 53.740 0.190 53.769 0.171
2	1	42.1273 1	53.415 1
2	1	42.1443 1	53.315 1
2	1	42.1015 1	53.893 1
2	1	42.1365 1	53.430 1
2	1	42.104 1	53.62 1
2	1	42.386 1	53.612 1
2	1	42.1275 1	53.413 1
2	1	42.737 1	53.294 1
23	102	42.1465 1 42.1109 1 42.151 0.442 42.1378 0.401 42.99 0.401 42.26 0.373 42.668 0.363 42.1642 0.332 42.1334 0.320 42.1243 0.298 42.27 0.297 42.812 0.284 42.482 0.264 42.1704 0.222 42.1702 0.153 42.370 0.092 42.1066 0.063	53.439 1 53.770 1 53.440 0.699 53.442 0.421 53.657 0.212 53.418 0.064
