Size	Relations	OrthoA	OrthoB
2	1	42.1121 1	55.494 1
2	1	42.487 1	55.1034 1
2	1	42.1766 1	55.81 1
2	1	42.1765 1	55.82 1
2	1	42.1003 1	55.382 1
2	1	42.1054 1	55.336 1
2	1	42.110 1	55.148 1
2	1	42.1093 1	55.324 1
2	1	42.424 1	55.999 1
2	1	42.159 1	55.876 1
2	1	42.701 1	55.1146 1
2	1	42.1364 1	55.44 1
2	1	42.1047 1	55.342 1
2	1	42.242 1	55.752 1
2	1	42.1360 1	55.48 1
2	1	42.1408 1	55.436 1
2	1	42.713 1	55.1159 1
2	1	42.322 1	55.675 1
2	1	42.1523 1	55.1122 1
2	1	42.1062 1	55.330 1
2	1	42.635 1	55.469 1
2	1	42.77 1	55.923 1
2	1	42.1372 1	55.36 1
2	1	42.1742 1	55.94 1
2	1	42.1693 1	55.847 1
2	1	42.379 1	55.1072 1
2	1	42.139 1	55.866 1
2	1	42.1416 1	55.441 1
2	1	42.4 1	55.903 1
2	1	42.1789 1	55.74 1
2	1	42.703 1	55.1148 1
2	1	42.1362 1	55.46 1
2	1	42.111 1	55.149 1
2	1	42.1412 1	55.437 1
2	1	42.907 1	55.365 1
2	1	42.1762 1	55.85 1
2	1	42.1249 1	55.394 1
2	1	42.1505 1	55.1097 1
2	1	42.908 1	55.366 1
2	1	42.1907 1	55.533 1
2	1	42.289 1	55.796 1
2	1	42.486 1	55.1033 1
2	1	42.923 1	55.388 1
2	1	42.117 1	55.155 1
2	1	42.405 1	55.978 1
2	1	42.400 1	55.972 1
2	1	42.1721 1	55.834 1
2	1	42.237 1	55.747 1
2	1	42.14 1	55.894 1
2	1	42.1616 1	55.103 1
2	1	42.324 1	55.673 1
2	1	42.1499 1	55.1091 1
2	1	42.547 1	55.1135 1
2	1	42.1096 1	55.322 1
2	1	42.1226 1	55.314 1
2	1	42.3 1	55.904 1
2	1	42.338 1	55.660 1
2	1	42.134 1	55.861 1
2	1	42.741 1	55.1174 1
2	1	42.102 1	55.140 1
3	2	42.188 1	55.715 1 55.717 0.788
2	1	42.478 1	55.1030 1
2	1	42.113 1	55.151 1
2	1	42.1798 1	55.64 1
2	1	42.1118 1	55.490 1
2	1	42.539 1	55.1128 1
2	1	42.398 1	55.970 1
2	1	42.339 1	55.659 1
2	1	42.666 1	55.1139 1
2	1	42.7 1	55.900 1
2	1	42.1521 1	55.1120 1
2	1	42.1194 1	55.638 1
2	1	42.811 1	55.602 1
2	1	42.1132 1	55.615 1
2	1	42.1783 1	55.77 1
2	1	42.754 1	55.263 1
2	1	42.1239 1	55.286 1
2	1	42.993 1	55.376 1
2	1	42.327 1	55.669 1
2	1	42.1620 1	55.99 1
2	1	42.885 1	55.230 1
2	1	42.241 1	55.751 1
2	1	42.1152 1	55.617 1
2	1	42.1502 1	55.1094 1
2	1	42.852 1	55.239 1
2	1	42.1187 1	55.633 1
2	1	42.116 1	55.154 1
2	1	42.909 1	55.367 1
2	1	42.771 1	55.6 1
2	1	42.1025 1	55.354 1
2	1	42.416 1	55.990 1
2	1	42.421 1	55.996 1
2	1	42.588 1	55.642 1
2	1	42.621 1	55.479 1
2	1	42.206 1	55.733 1
2	1	42.1611 1	55.108 1
2	1	42.1599 1	55.109 1
2	1	42.1182 1	55.629 1
2	1	42.1358 1	55.306 1
2	1	42.187 1	55.714 1
2	1	42.1153 1	55.618 1
2	1	42.574 1	55.652 1
2	1	42.318 1	55.678 1
2	1	42.1314 1	55.15 1
2	1	42.1617 1	55.102 1
2	1	42.1233 1	55.294 1
2	1	42.1743 1	55.93 1
2	1	42.1729 1	55.826 1
2	1	42.1784 1	55.76 1
2	1	42.1842 1	55.890 1
2	1	42.573 1	55.653 1
2	1	42.122 1	55.160 1
2	1	42.1356 1	55.304 1
2	1	42.203 1	55.730 1
2	1	42.740 1	55.1173 1
2	1	42.216 1	55.742 1
2	1	42.388 1	55.954 1
2	1	42.1597 1	55.111 1
2	1	42.1870 1	55.907 1
2	1	42.1186 1	55.632 1
2	1	42.1119 1	55.491 1
2	1	42.1614 1	55.105 1
2	1	42.1727 1	55.828 1
2	1	42.452 1	55.552 1
2	1	42.1905 1	55.534 1
2	1	42.1 1	55.906 1
2	1	42.277 1	55.784 1
2	1	42.1613 1	55.106 1
2	1	42.637 1	55.467 1
2	1	42.1404 1	55.432 1
2	1	42.328 1	55.668 1
2	1	42.772 1	55.7 1
2	1	42.387 1	55.953 1
2	1	42.1785 1	55.75 1
2	1	42.1130 1	55.612 1
2	1	42.1792 1	55.70 1
2	1	42.330 1	55.666 1
2	1	42.299 1	55.802 1
2	1	42.207 1	55.734 1
2	1	42.141 1	55.868 1
2	1	42.518 1	55.1061 1
2	1	42.1012 1	55.347 1
2	1	42.1053 1	55.337 1
2	1	42.1005 1	55.384 1
2	1	42.189 1	55.716 1
2	1	42.1532 1	55.131 1
2	1	42.1129 1	55.611 1
2	1	42.709 1	55.1154 1
2	1	42.1117 1	55.489 1
2	1	42.253 1	55.760 1
2	1	42.579 1	55.647 1
2	1	42.1522 1	55.1121 1
2	1	42.1294 1	55.23 1
2	1	42.67 1	55.913 1
2	1	42.716 1	55.1162 1
2	1	42.395 1	55.967 1
2	1	42.1687 1	55.851 1
2	1	42.861 1	55.213 1
2	1	42.1909 1	55.531 1
2	1	42.1188 1	55.634 1
2	1	42.810 1	55.601 1
2	1	42.136 1	55.863 1
2	1	42.239 1	55.749 1
2	1	42.599 1	55.482 1
2	1	42.323 1	55.674 1
2	1	42.1471 1	55.453 1
2	1	42.636 1	55.468 1
2	1	42.208 1	55.735 1
2	1	42.236 1	55.746 1
2	1	42.1441 1	55.442 1
2	1	42.1024 1	55.353 1
2	1	42.1561 1	55.125 1
2	1	42.879 1	55.234 1
2	1	42.1122 1	55.495 1
2	1	42.1236 1	55.289 1
2	1	42.1867 1	55.910 1
2	1	42.214 1	55.740 1
2	1	42.107 1	55.145 1
2	1	42.911 1	55.369 1
2	1	42.204 1	55.731 1
2	1	42.120 1	55.158 1
2	1	42.1761 1	55.86 1
2	1	42.851 1	55.238 1
2	1	42.1394 1	55.428 1
2	1	42.138 1	55.865 1
2	1	42.13 1	55.895 1
2	1	42.1298 1	55.18 1
2	1	42.162 1	55.879 1
2	1	42.5 1	55.902 1
2	1	42.422 1	55.997 1
2	1	42.865 1	55.209 1
2	1	42.1709 1	55.842 1
2	1	42.1248 1	55.395 1
2	1	42.731 1	55.1164 1
2	1	42.710 1	55.1155 1
2	1	42.1501 1	55.1093 1
2	1	42.1511 1	55.1105 1
2	1	42.743 1	55.1176 1
2	1	42.429 1	55.1002 1
2	1	42.254 1	55.761 1
2	1	42.160 1	55.877 1
2	1	42.430 1	55.1003 1
2	1	42.1123 1	55.496 1
2	1	42.1361 1	55.47 1
2	1	42.114 1	55.152 1
2	1	42.1374 1	55.33 1
2	1	42.767 1	55.278 1
2	1	42.1240 1	55.285 1
2	1	42.1172 1	55.628 1
2	1	42.1695 1	55.845 1
2	1	42.69 1	55.915 1
2	1	42.508 1	55.1055 1
2	1	42.406 1	55.979 1
2	1	42.201 1	55.728 1
2	1	42.1124 1	55.497 1
2	1	42.1794 1	55.68 1
2	1	42.1504 1	55.1096 1
2	1	42.2 1	55.905 1
2	1	42.215 1	55.741 1
2	1	42.70 1	55.916 1
2	1	42.73 1	55.919 1
2	1	42.72 1	55.918 1
2	1	42.1223 1	55.317 1
2	1	42.1402 1	55.429 1
2	1	42.702 1	55.1147 1
2	1	42.1227 1	55.313 1
2	1	42.432 1	55.547 1
2	1	42.1637 1	55.857 1
2	1	42.112 1	55.150 1
2	1	42.883 1	55.232 1
2	1	42.408 1	55.981 1
7	6	42.1071 0.077 42.1341 0.308 42.442 1 42.614 0.154 42.692 0.077 42.900 0.256	55.1068 1
2	1	42.886 1	55.229 1
2	1	42.1573 1	55.120 1
2	1	42.735 1	55.1168 1
4	3	42.223 0.889 42.791 0.889 42.824 1	55.698 1
2	1	42.164 1	55.882 1
2	1	42.915 1	55.375 1
2	1	42.451 1	55.551 1
2	1	42.1498 1	55.1090 1
2	1	42.1282 1	55.415 1
2	1	42.1841 1	55.889 1
2	1	42.1241 1	55.284 1
2	1	42.1296 1	55.21 1
2	1	42.580 1	55.646 1
2	1	42.245 1	55.755 1
2	1	42.1154 1	55.619 1
2	1	42.1797 1	55.65 1
2	1	42.287 1	55.794 1
2	1	42.329 1	55.667 1
2	1	42.540 1	55.1129 1
2	1	42.548 1	55.1136 1
2	1	42.1713 1	55.838 1
2	1	42.433 1	55.548 1
2	1	42.1013 1	55.349 1
2	1	42.291 1	55.798 1
2	1	42.1017 1	55.351 1
2	1	42.106 1	55.144 1
2	1	42.282 1	55.789 1
2	1	42.739 1	55.1172 1
2	1	42.1759 1	55.88 1
2	1	42.516 1	55.1059 1
7	6	42.1065 0.879 42.1781 0.907 42.447 1 42.531 0.914 42.646 0.879 42.870 0.914	55.5 1
2	1	42.1688 1	55.850 1
2	1	42.778 1	55.11 1
2	1	42.1790 1	55.73 1
2	1	42.244 1	55.754 1
2	1	42.910 1	55.368 1
2	1	42.140 1	55.867 1
2	1	42.1474 1	55.456 1
3	2	42.697 1	55.221 1 55.307 0.147
2	1	42.135 1	55.862 1
2	1	42.1295 1	55.22 1
2	1	42.1845 1	55.892 1
2	1	42.1506 1	55.1098 1
2	1	42.217 1	55.743 1
2	1	42.79 1	55.925 1
2	1	42.564 1	55.1079 1
2	1	42.137 1	55.864 1
2	1	42.1694 1	55.846 1
2	1	42.251 1	55.758 1
2	1	42.477 1	55.1029 1
2	1	42.1225 1	55.315 1
2	1	42.310 1	55.682 1
2	1	42.1782 1	55.78 1
2	1	42.401 1	55.973 1
2	1	42.409 1	55.982 1
2	1	42.78 1	55.924 1
13	22	42.1067 0.075 42.1216 0.745 42.1344 0.738 42.1397 0.154 42.1491 0.531 42.1624 0.722 42.1779 0.769 42.445 0.725 42.610 1 42.695 0.730 42.872 0.542	55.251 1 55.309 0.127
2	1	42.1120 1	55.493 1
2	1	42.1276 1	55.414 1
2	1	42.200 1	55.727 1
2	1	42.261 1	55.768 1
2	1	42.243 1	55.753 1
2	1	42.213 1	55.739 1
2	1	42.708 1	55.1153 1
2	1	42.715 1	55.1161 1
2	1	42.163 1	55.880 1
2	1	42.210 1	55.737 1
2	1	42.1114 1	55.485 1
2	1	42.1205 1	55.641 1
2	1	42.1793 1	55.69 1
2	1	42.704 1	55.1149 1
2	1	42.15 1	55.893 1
2	1	42.858 1	55.217 1
2	1	42.1235 1	55.290 1
2	1	42.250 1	55.757 1
2	1	42.736 1	55.1169 1
2	1	42.779 1	55.12 1
2	1	42.1728 1	55.827 1
2	1	42.1002 1	55.381 1
2	1	42.325 1	55.672 1
2	1	42.1579 1	55.116 1
2	1	42.1221 1	55.319 1
2	1	42.732 1	55.1165 1
2	1	42.1578 1	55.117 1
2	1	42.535 1	55.1125 1
2	1	42.1711 1	55.840 1
2	1	42.734 1	55.1167 1
2	1	42.292 1	55.799 1
2	1	42.118 1	55.156 1
2	1	42.770 1	55.281 1
2	1	42.68 1	55.914 1
2	1	42.768 1	55.279 1
2	1	42.1708 1	55.843 1
2	1	42.1058 1	55.332 1
5	4	42.930 1	55.135 1 55.218 0.816 55.331 0.769 55.946 0.714
2	1	42.1042 1	55.190 1
2	1	42.1472 1	55.454 1
2	1	42.381 1	55.948 1
2	1	42.11 1	55.897 1
2	1	42.75 1	55.921 1
2	1	42.1097 1	55.321 1
2	1	42.407 1	55.980 1
2	1	42.507 1	55.1054 1
2	1	42.1274 1	55.412 1
2	1	42.571 1	55.655 1
2	1	42.952 1	55.202 1
2	1	42.199 1	55.726 1
2	1	42.119 1	55.157 1
2	1	42.1717 1	55.836 1
2	1	42.284 1	55.791 1
2	1	42.840 1	55.237 1
2	1	42.1733 1	55.822 1
2	1	42.258 1	55.765 1
2	1	42.1158 1	55.623 1
2	1	42.264 1	55.771 1
2	1	42.1157 1	55.622 1
2	1	42.76 1	55.922 1
2	1	42.246 1	55.756 1
2	1	42.1127 1	55.500 1
2	1	42.143 1	55.870 1
2	1	42.1497 1	55.1089 1
2	1	42.1710 1	55.841 1
2	1	42.859 1	55.216 1
2	1	42.1293 1	55.24 1
2	1	42.417 1	55.991 1
2	1	42.1448 1	55.452 1
2	1	42.700 1	55.1143 1
2	1	42.344 1	55.1077 1
2	1	42.192 1	55.718 1
2	1	42.1533 1	55.130 1
2	1	42.1442 1	55.443 1
2	1	42.485 1	55.1032 1
2	1	42.729 1	55.171 1
2	1	42.307 1	55.685 1
2	1	42.1125 1	55.498 1
2	1	42.105 1	55.143 1
2	1	42.12 1	55.896 1
2	1	42.1612 1	55.107 1
2	1	42.463 1	55.1016 1
2	1	42.1725 1	55.830 1
2	1	42.71 1	55.917 1
2	1	42.777 1	55.10 1
2	1	42.755 1	55.264 1
2	1	42.953 1	55.203 1
2	1	42.506 1	55.1053 1
2	1	42.130 1	55.167 1
2	1	42.288 1	55.795 1
2	1	42.194 1	55.721 1
2	1	42.278 1	55.785 1
2	1	42.1840 1	55.888 1
2	1	42.568 1	55.657 1
2	1	42.699 1	55.1142 1
2	1	42.1238 1	55.287 1
2	1	42.10 1	55.898 1
2	1	42.1735 1	55.820 1
2	1	42.505 1	55.1052 1
2	1	42.577 1	55.649 1
2	1	42.1572 1	55.121 1
2	1	42.572 1	55.654 1
2	1	42.326 1	55.671 1
2	1	42.578 1	55.648 1
2	1	42.1004 1	55.383 1
2	1	42.103 1	55.141 1
2	1	42.1258 1	55.127 1
2	1	42.380 1	55.1071 1
2	1	42.761 1	55.267 1
2	1	42.1354 1	55.302 1
2	1	42.1116 1	55.488 1
2	1	42.1373 1	55.34 1
2	1	42.378 1	55.1073 1
3	2	42.410 1	55.983 1 55.244 0.872
2	1	42.420 1	55.995 1
2	1	42.884 1	55.231 1
2	1	42.663 1	55.458 1
2	1	42.1044 1	55.183 1
2	1	42.1434 1	55.449 1
2	1	42.198 1	55.725 1
2	1	42.545 1	55.1133 1
2	1	42.569 1	55.656 1
2	1	42.161 1	55.878 1
2	1	42.259 1	55.766 1
3	2	42.30 1 42.363 0.879	55.568 1
2	1	42.1800 1	55.62 1
2	1	42.1156 1	55.621 1
2	1	42.921 1	55.386 1
2	1	42.922 1	55.387 1
2	1	42.581 1	55.644 1
2	1	42.1444 1	55.447 1
2	1	42.459 1	55.1012 1
2	1	42.1503 1	55.1095 1
2	1	42.1796 1	55.66 1
2	1	42.492 1	55.1047 1
2	1	42.1222 1	55.318 1
2	1	42.1443 1	55.444 1
2	1	42.1760 1	55.87 1
4	3	42.1888 0.425 42.1912 0.410 42.1917 1	55.502 1
2	1	42.196 1	55.723 1
2	1	42.337 1	55.661 1
2	1	42.458 1	55.1011 1
2	1	42.1479 1	55.1082 1
2	1	42.275 1	55.782 1
2	1	42.924 1	55.389 1
2	1	42.411 1	55.984 1
2	1	42.864 1	55.210 1
2	1	42.1191 1	55.637 1
2	1	42.1598 1	55.110 1
2	1	42.195 1	55.722 1
2	1	42.209 1	55.736 1
2	1	42.714 1	55.1160 1
2	1	42.1189 1	55.635 1
2	1	42.1190 1	55.636 1
2	1	42.1741 1	55.807 1
2	1	42.905 1	55.363 1
2	1	42.925 1	55.391 1
2	1	42.906 1	55.364 1
2	1	42.266 1	55.773 1
2	1	42.538 1	55.1127 1
2	1	42.863 1	55.211 1
2	1	42.1866 1	55.911 1
2	1	42.1224 1	55.316 1
2	1	42.1387 1	55.31 1
2	1	42.1696 1	55.844 1
2	1	42.473 1	55.1026 1
2	1	42.600 1	55.483 1
2	1	42.1801 1	55.61 1
2	1	42.270 1	55.777 1
2	1	42.1131 1	55.614 1
2	1	42.542 1	55.1131 1
2	1	42.1791 1	55.71 1
2	1	42.1730 1	55.825 1
3	2	42.1887 1 42.1918 0.126	55.530 1
2	1	42.273 1	55.780 1
2	1	42.751 1	55.260 1
2	1	42.1126 1	55.499 1
2	1	42.1447 1	55.451 1
2	1	42.546 1	55.1134 1
2	1	42.1403 1	55.431 1
2	1	42.717 1	55.1163 1
2	1	42.1272 1	55.410 1
2	1	42.1043 1	55.189 1
2	1	42.301 1	55.804 1
2	1	42.74 1	55.920 1
2	1	42.462 1	55.1015 1
2	1	42.1016 1	55.350 1
2	1	42.1055 1	55.335 1
2	1	42.1056 1	55.334 1
2	1	42.1275 1	55.413 1
2	1	42.317 1	55.679 1
2	1	42.705 1	55.1150 1
2	1	42.567 1	55.658 1
2	1	42.1580 1	55.115 1
2	1	42.1041 1	55.191 1
2	1	42.298 1	55.801 1
2	1	42.197 1	55.724 1
2	1	42.1473 1	55.455 1
2	1	42.1618 1	55.101 1
2	1	42.431 1	55.546 1
2	1	42.1763 1	55.84 1
2	1	42.575 1	55.651 1
2	1	42.302 1	55.805 1
2	1	42.764 1	55.275 1
5	6	42.16 1 42.1864 0.333	55.1123 0.183 55.586 0.174 55.95 1
2	1	42.1690 1	55.849 1
2	1	42.1919 1	55.529 1
2	1	42.494 1	55.1049 1
2	1	42.92 1	55.932 1
2	1	42.108 1	55.146 1
2	1	42.1363 1	55.45 1
2	1	42.1844 1	55.891 1
2	1	42.549 1	55.1137 1
2	1	42.1037 1	55.359 1
2	1	42.464 1	55.1017 1
2	1	42.639 1	55.465 1
2	1	42.1247 1	55.396 1
2	1	42.1881 1	55.526 1
2	1	42.121 1	55.159 1
2	1	42.202 1	55.729 1
2	1	42.306 1	55.686 1
2	1	42.394 1	55.966 1
2	1	42.1903 1	55.539 1
2	1	42.737 1	55.1170 1
2	1	42.1092 1	55.325 1
2	1	42.6 1	55.901 1
2	1	42.862 1	55.212 1
2	1	42.707 1	55.1152 1
2	1	42.541 1	55.1130 1
2	1	42.1388 1	55.30 1
2	1	42.1562 1	55.124 1
2	1	42.265 1	55.772 1
2	1	42.1833 1	55.884 1
2	1	42.1839 1	55.887 1
2	1	42.276 1	55.783 1
2	1	42.776 1	55.9 1
2	1	42.419 1	55.994 1
2	1	42.1734 1	55.821 1
2	1	42.123 1	55.161 1
2	1	42.738 1	55.1171 1
2	1	42.129 1	55.166 1
2	1	42.1764 1	55.83 1
2	1	42.255 1	55.762 1
2	1	42.115 1	55.153 1
2	1	42.765 1	55.276 1
2	1	42.240 1	55.750 1
2	1	42.1259 1	55.405 1
2	1	42.1684 1	55.854 1
2	1	42.1086 1	55.329 1
2	1	42.1838 1	55.886 1
2	1	42.766 1	55.277 1
2	1	42.1639 1	55.855 1
2	1	42.586 1	55.643 1
2	1	42.931 1	55.397 1
2	1	42.1297 1	55.20 1
2	1	42.252 1	55.759 1
3	2	42.1592 1 42.808 0.162	55.599 1
2	1	42.1720 1	55.835 1
2	1	42.712 1	55.1158 1
2	1	42.109 1	55.147 1
13	22	42.1074 0.936 42.1082 0.851 42.1197 0.979 42.1338 0.979 42.1484 1 42.1631 0.915 42.1771 0.957 42.439 0.787 42.597 0.872 42.617 0.979 42.897 0.915	55.1070 0.061 55.56 1
2	1	42.1692 1	55.848 1
2	1	42.1312 1	55.17 1
2	1	42.481 1	55.712 1
2	1	42.1714 1	55.837 1
2	1	42.319 1	55.676 1
2	1	42.1758 1	55.89 1
2	1	42.377 1	55.1074 1
2	1	42.857 1	55.243 1
2	1	42.1415 1	55.440 1
2	1	42.281 1	55.788 1
2	1	42.1509 1	55.1100 1
2	1	42.1389 1	55.29 1
2	1	42.272 1	55.779 1
2	1	42.628 1	55.475 1
2	1	42.142 1	55.869 1
2	1	42.836 1	55.200 1
2	1	42.1359 1	55.49 1
2	1	42.268 1	55.775 1
2	1	42.1390 1	55.28 1
2	1	42.461 1	55.1014 1
4	3	42.815 1	55.563 1 55.598 1 55.711 1
2	1	42.1353 1	55.301 1
2	1	42.309 1	55.683 1
5	4	42.1253 0.173 42.1342 0.731 42.443 1 42.874 0.731	55.1067 1
2	1	42.769 1	55.280 1
2	1	42.502 1	55.1050 1
2	1	42.753 1	55.262 1
2	1	42.860 1	55.214 1
2	1	42.1414 1	55.439 1
2	1	42.742 1	55.1175 1
2	1	42.205 1	55.732 1
2	1	42.280 1	55.787 1
2	1	42.1666 1	55.709 1
2	1	42.1039 1	55.193 1
2	1	42.308 1	55.684 1
3	2	42.723 1	55.180 1 55.579 0.394
2	1	42.283 1	55.790 1
3	2	42.835 1	55.197 1 55.199 0.741
2	1	42.9 1	55.899 1
2	1	42.274 1	55.781 1
2	1	42.263 1	55.770 1
6	5	42.1332 0.397 42.220 1 42.794 0.895 42.827 0.990 42.839 0.084	55.96 1
2	1	42.1567 1	55.122 1
2	1	42.816 1	55.564 1
2	1	42.1537 1	55.129 1
2	1	42.125 1	55.164 1
2	1	42.504 1	55.1051 1
2	1	42.476 1	55.1028 1
2	1	42.733 1	55.1166 1
2	1	42.269 1	55.776 1
2	1	42.1405 1	55.433 1
2	1	42.414 1	55.988 1
2	1	42.93 1	55.933 1
2	1	42.147 1	55.872 1
2	1	42.158 1	55.875 1
2	1	42.1731 1	55.824 1
2	1	42.1094 1	55.323 1
2	1	42.1908 1	55.532 1
2	1	42.1868 1	55.909 1
2	1	42.1723 1	55.832 1
2	1	42.257 1	55.764 1
2	1	42.1500 1	55.1092 1
2	1	42.1902 1	55.540 1
2	1	42.343 1	55.1076 1
2	1	42.397 1	55.969 1
2	1	42.1563 1	55.123 1
2	1	42.1712 1	55.839 1
2	1	42.1564 1	55.226 1
2	1	42.293 1	55.800 1
2	1	42.304 1	55.688 1
2	1	42.1799 1	55.63 1
2	1	42.193 1	55.720 1
2	1	42.629 1	55.474 1
2	1	42.1313 1	55.16 1
2	1	42.912 1	55.370 1
2	1	42.630 1	55.473 1
2	1	42.262 1	55.769 1
2	1	42.260 1	55.767 1
2	1	42.1732 1	55.823 1
2	1	42.878 1	55.235 1
2	1	42.904 1	55.362 1
2	1	42.510 1	55.1056 1
2	1	42.1615 1	55.104 1
2	1	42.1582 1	55.113 1
2	1	42.396 1	55.968 1
2	1	42.880 1	55.233 1
2	1	42.1529 1	55.132 1
2	1	42.1355 1	55.303 1
2	1	42.1722 1	55.833 1
2	1	42.888 1	55.228 1
2	1	42.450 1	55.550 1
2	1	42.1155 1	55.620 1
2	1	42.1232 1	55.295 1
2	1	42.1115 1	55.487 1
2	1	42.1113 1	55.484 1
2	1	42.1726 1	55.829 1
2	1	42.1287 1	55.699 1
2	1	42.390 1	55.958 1
3	2	42.402 1	55.300 0.075 55.975 1
2	1	42.576 1	55.650 1
2	1	42.267 1	55.774 1
2	1	42.290 1	55.797 1
2	1	42.382 1	55.949 1
2	1	42.1446 1	55.450 1
2	1	42.517 1	55.1060 1
2	1	42.1134 1	55.616 1
2	1	42.1894 1	55.543 1
2	1	42.475 1	55.1027 1
2	1	42.1541 1	55.126 1
2	1	42.780 1	55.13 1
2	1	42.1413 1	55.438 1
2	1	42.1365 1	55.43 1
2	1	42.1066 1	55.1007 1
2	1	42.623 1	55.478 1
2	1	42.1091 1	55.326 1
2	1	42.238 1	55.344 1
2	1	42.1904 1	55.535 1
2	1	42.1183 1	55.630 1
2	1	42.1638 1	55.856 1
2	1	42.305 1	55.687 1
2	1	42.919 1	55.380 1
2	1	42.399 1	55.971 1
2	1	42.448 1	55.549 1
4	3	42.34 0.135 42.359 1 42.60 0.976	55.606 1
4	3	42.151 0.099 42.26 1 42.99 0.129	55.604 1
2	1	42.1837 1	55.885 1
2	1	42.404 1	55.977 1
2	1	42.773 1	55.8 1
2	1	42.1686 1	55.852 1
2	1	42.472 1	55.1025 1
2	1	42.1507 1	55.1099 1
2	1	42.279 1	55.786 1
2	1	42.384 1	55.950 1
2	1	42.856 1	55.242 1
2	1	42.425 1	55.1000 1
2	1	42.1581 1	55.114 1
2	1	42.413 1	55.987 1
3	2	42.1217 0.605 42.696 1	55.584 1
16	28	42.1069 0.700 42.1211 0.800 42.1215 0.600 42.1343 0.800 42.1489 0.600 42.1625 0.800 42.1701 0.500 42.1777 0.600 42.444 0.800 42.496 0.800 42.529 0.800 42.612 0.600 42.873 1 42.902 1	55.3 1 55.702 1
4	3	42.221 1 42.793 1 42.826 1	55.700 1
3	2	42.813 1	55.562 0.789 55.597 1
2	1	42.1575 1	55.118 1
2	1	42.1685 1	55.853 1
2	1	42.1234 1	55.293 1
2	1	42.1237 1	55.288 1
2	1	42.271 1	55.778 1
2	1	42.165 1	55.883 1
2	1	42.1159 1	55.625 1
20	51	42.1486 0.222 42.1629 1 42.1773 0.111 42.441 0.556 42.595 0.222 42.615 0.556 42.899 0.556 42.526 1 42.691 1 42.876 1 42.1033 1 42.1072 1 42.1080 1 42.1196 1 42.1340 1 42.1553 1 42.1698 1	55.1069 1 55.703 0.333 55.57 1
2	1	42.1273 1	55.411 1
6	5	42.1144 0.141 42.1679 0.645 42.1823 1 42.33 0.138 42.59 0.138	55.956 1
2	1	42.627 1	55.476 1
2	1	42.640 1	55.464 1
2	1	42.752 1	55.261 1
2	1	42.706 1	55.1151 1
2	1	42.104 1	55.142 1
2	1	42.1406 1	55.434 1
2	1	42.544 1	55.1132 1
24	80	42.1028 0.761 42.1176 0.070 42.1200 0.652 42.1203 0.826 42.1208 0.870 42.1255 0.094 42.1336 0.652 42.1482 0.935 42.1545 0.129 42.1570 0.223 42.1769 0.717 42.437 1 42.522 0.848 42.619 0.696 42.665 0.543 42.687 0.848 42.720 1 42.805 0.402 42.843 0.870 42.895 0.674	55.224 0.766 55.54 0.894 55.594 1 55.713 0.766
2	1	42.412 1	55.985 1
2	1	42.211 1	55.738 1
2	1	42.1006 1	55.385 1
2	1	42.428 1	55.1001 1
2	1	42.80 1	55.926 1
2	1	42.877 1	55.236 1
2	1	42.286 1	55.793 1
2	1	42.1391 1	55.27 1
2	1	42.1407 1	55.435 1
2	1	42.711 1	55.1157 1
3	2	42.1591 0.192 42.809 1	55.600 1
13	22	42.989 1 42.1368 1 42.1492 0.644 42.455 0.347 42.296 0.186 42.1371 0.161 42.1780 0.088 42.609 0.088 42.871 0.083 42.1623 0.067 42.1345 0.059	55.308 1 55.250 1
2	1	42.1057 1	55.333 1
2	1	42.313 1	55.681 1
2	1	42.1740 1	55.808 1
2	1	42.300 1	55.803 1
2	1	42.385 1	55.952 1
2	1	42.1883 1	55.524 1
2	1	42.1089 1	55.327 1
2	1	42.954 1	55.204 1
4	3	42.224 1 42.790 1 42.823 1	55.697 1
2	1	42.1281 1	55.416 1
3	2	42.1161 1 42.976 0.829	55.592 1
4	3	42.225 1 42.789 1 42.822 1	55.696 1
2	1	42.631 1	55.472 1
2	1	42.23 1	55.566 1
4	4	42.1664 0.907 42.1813 1	55.340 1 55.517 0.875
2	1	42.423 1	55.998 1
2	1	42.750 1	55.256 1
2	1	42.1869 1	55.908 1
5	4	42.228 1 42.786 1 42.819 1 42.939 0.721	55.174 1
2	1	42.667 1	55.1140 1
2	1	42.1087 1	55.328 1
10	21	42.1077 0.076 42.1201 0.209 42.1207 1 42.1481 0.076 42.1768 0.209 42.686 0.209 42.759 0.209	55.282 0.100 55.51 1 55.53 1
4	3	42.226 1 42.788 1 42.821 1	55.695 1
17	52	42.1478 0.200 42.436 1 42.521 1 42.719 0.909 42.804 1 42.842 1 42.894 1 42.1085 0.909 42.1175 1 42.1204 1 42.1256 1 42.1544 1 42.1571 0.909	55.593 1 55.223 0.979 55.544 0.979 55.942 0.979
3	2	42.1162 0.885 42.975 1	55.591 1
2	1	42.634 1	55.470 1
2	1	42.389 1	55.955 1
2	1	42.256 1	55.763 1
2	1	42.1035 1	55.355 1
2	1	42.726 1	55.176 1
2	1	42.1357 1	55.305 1
2	1	42.1393 1	55.427 1
15	14	42.1032 0.700 42.1073 0.700 42.1081 0.300 42.1339 0.900 42.1485 0.900 42.1630 0.900 42.1772 0.900 42.440 0.900 42.525 0.900 42.596 0.900 42.616 0.900 42.690 1 42.722 0.800 42.898 0.900	55.704 1
2	1	42.756 1	55.265 1
11	18	42.1026 0.500 42.1078 1 42.1202 1 42.620 1 42.664 1 42.685 1 42.758 1 42.803 1 42.893 1	55.50 1 55.52 1
2	1	42.415 1	55.989 1
7	10	42.1145 1 42.179 0.972 42.32 0.944 42.361 0.972 42.58 0.944	55.570 1 55.605 0.683
6	8	42.230 1 42.784 0.061 42.801 0.353 42.817 1	55.173 1 55.573 0.492
6	8	42.749 1 42.718 1	55.941 1 55.283 1 55.545 1 55.222 0.778
2	1	42.370 1	55.561 1
2	1	42.1901 1	55.527 1
2	1	42.285 1	55.792 1
5	4	42.1050 1 42.1595 0.939 42.807 0.384 42.849 0.091	55.345 1
2	1	42.1619 1	55.100 1
2	1	42.1877 1	55.1119 1
2	1	42.1610 1	55.943 1
2	1	42.638 1	55.466 1
2	1	42.1795 1	55.67 1
2	1	42.1040 1	55.192 1
