Size	Relations	OrthoA	OrthoB
2	1	42.1765 1	54.45 1
2	1	42.1766 1	54.44 1
2	1	42.1121 1	54.561 1
2	1	42.159 1	54.62 1
2	1	42.1062 1	54.464 1
2	1	42.1762 1	54.761 1
2	1	42.379 1	54.140 1
2	1	42.1416 1	54.305 1
2	1	42.1360 1	54.754 1
2	1	42.139 1	54.60 1
2	1	42.635 1	54.451 1
2	1	42.666 1	54.166 1
2	1	42.713 1	54.586 1
2	1	42.1505 1	54.286 1
2	1	42.1096 1	54.378 1
2	1	42.1093 1	54.380 1
2	1	42.1194 1	54.668 1
2	1	42.134 1	54.61 1
2	1	42.3 1	54.3 1
2	1	42.4 1	54.4 1
2	1	42.322 1	54.647 1
2	1	42.1523 1	54.139 1
2	1	42.1502 1	54.289 1
3	2	42.188 1	54.793 1 54.633 0.813
2	1	42.1620 1	54.105 1
2	1	42.398 1	54.322 1
2	1	42.1025 1	54.345 1
2	1	42.77 1	54.681 1
2	1	42.424 1	54.682 1
2	1	42.452 1	54.176 1
2	1	42.1729 1	54.53 1
2	1	42.122 1	54.622 1
2	1	42.1226 1	54.411 1
2	1	42.1727 1	54.55 1
2	1	42.1362 1	54.354 1
2	1	42.14 1	54.13 1
2	1	42.1616 1	54.112 1
2	1	42.242 1	54.206 1
2	1	42.740 1	54.182 1
2	1	42.588 1	54.154 1
2	1	42.405 1	54.161 1
2	1	42.206 1	54.781 1
2	1	42.1842 1	54.18 1
2	1	42.1761 1	54.760 1
2	1	42.1119 1	54.548 1
2	1	42.113 1	54.144 1
2	1	42.852 1	54.362 1
2	1	42.1597 1	54.163 1
2	1	42.277 1	54.730 1
5	6	42.70 1 42.72 0.745 42.1402 0.888	54.808 1 54.239 0.799
2	1	42.637 1	54.613 1
2	1	42.1187 1	54.807 1
2	1	42.241 1	54.205 1
2	1	42.1117 1	54.546 1
2	1	42.741 1	54.183 1
2	1	42.400 1	54.358 1
2	1	42.299 1	54.91 1
2	1	42.1784 1	54.84 1
2	1	42.239 1	54.617 1
2	1	42.1521 1	54.757 1
2	1	42.1129 1	54.252 1
2	1	42.330 1	54.121 1
2	1	42.579 1	54.243 1
2	1	42.416 1	54.654 1
2	1	42.110 1	54.141 1
2	1	42.138 1	54.675 1
2	1	42.69 1	54.809 1
2	1	42.909 1	54.595 1
2	1	42.203 1	54.784 1
2	1	42.754 1	54.207 1
2	1	42.289 1	54.94 1
2	1	42.187 1	54.794 1
2	1	42.208 1	54.796 1
2	1	42.1613 1	54.115 1
2	1	42.478 1	54.120 1
2	1	42.1294 1	54.278 1
2	1	42.327 1	54.259 1
2	1	42.908 1	54.594 1
2	1	42.1709 1	54.635 1
2	1	42.324 1	54.645 1
2	1	42.1282 1	54.375 1
2	1	42.1695 1	54.135 1
2	1	42.771 1	54.148 1
2	1	42.636 1	54.267 1
2	1	42.73 1	54.805 1
2	1	42.1721 1	54.75 1
2	1	42.1248 1	54.292 1
2	1	42.207 1	54.797 1
2	1	42.710 1	54.601 1
2	1	42.406 1	54.662 1
2	1	42.1561 1	54.692 1
2	1	42.261 1	54.746 1
2	1	42.201 1	54.786 1
2	1	42.1794 1	54.772 1
2	1	42.573 1	54.342 1
2	1	42.164 1	54.677 1
2	1	42.1693 1	54.137 1
2	1	42.451 1	54.201 1
2	1	42.599 1	54.341 1
2	1	42.1013 1	54.226 1
2	1	42.1522 1	54.758 1
2	1	42.703 1	54.608 1
2	1	42.1394 1	54.307 1
2	1	42.1845 1	54.15 1
2	1	42.1611 1	54.117 1
2	1	42.1614 1	54.114 1
2	1	42.1471 1	54.572 1
2	1	42.1474 1	54.575 1
2	1	42.79 1	54.780 1
2	1	42.911 1	54.597 1
2	1	42.739 1	54.180 1
2	1	42.851 1	54.361 1
2	1	42.282 1	54.723 1
2	1	42.243 1	54.720 1
2	1	42.253 1	54.25 1
2	1	42.5 1	54.5 1
2	1	42.516 1	54.712 1
2	1	42.7 1	54.7 1
2	1	42.1441 1	54.304 1
2	1	42.702 1	54.609 1
2	1	42.1118 1	54.547 1
2	1	42.1637 1	54.799 1
2	1	42.1506 1	54.756 1
2	1	42.422 1	54.684 1
2	1	42.291 1	54.88 1
2	1	42.1172 1	54.283 1
2	1	42.925 1	54.87 1
2	1	42.1249 1	54.382 1
2	1	42.429 1	54.128 1
2	1	42.325 1	54.644 1
2	1	42.1130 1	54.251 1
2	1	42.67 1	54.813 1
2	1	42.189 1	54.30 1
2	1	42.244 1	54.719 1
2	1	42.395 1	54.319 1
2	1	42.1713 1	54.641 1
2	1	42.1188 1	54.664 1
2	1	42.1120 1	54.550 1
2	1	42.735 1	54.217 1
2	1	42.580 1	54.244 1
2	1	42.130 1	54.37 1
2	1	42.1504 1	54.287 1
2	1	42.778 1	54.329 1
2	1	42.910 1	54.596 1
2	1	42.1498 1	54.649 1
2	1	42.952 1	54.688 1
2	1	42.1240 1	54.566 1
2	1	42.1573 1	54.697 1
2	1	42.216 1	54.185 1
2	1	42.1003 1	54.715 1
2	1	42.539 1	54.110 1
2	1	42.204 1	54.783 1
2	1	42.1239 1	54.429 1
2	1	42.1 1	54.1 1
2	1	42.1223 1	54.533 1
2	1	42.264 1	54.743 1
2	1	42.120 1	54.624 1
2	1	42.1711 1	54.639 1
2	1	42.1017 1	54.419 1
2	1	42.1123 1	54.563 1
2	1	42.118 1	54.626 1
2	1	42.199 1	54.789 1
2	1	42.574 1	54.343 1
2	1	42.137 1	54.67 1
2	1	42.258 1	54.749 1
2	1	42.420 1	54.686 1
2	1	42.1236 1	54.424 1
2	1	42.1044 1	54.376 1
2	1	42.1114 1	54.542 1
2	1	42.1122 1	54.562 1
2	1	42.135 1	54.65 1
2	1	42.1742 1	54.707 1
2	1	42.245 1	54.718 1
2	1	42.160 1	54.63 1
2	1	42.1295 1	54.335 1
2	1	42.1501 1	54.290 1
2	1	42.907 1	54.593 1
2	1	42.143 1	54.152 1
2	1	42.708 1	54.603 1
2	1	42.715 1	54.584 1
2	1	42.1132 1	54.68 1
2	1	42.1867 1	54.815 1
2	1	42.1293 1	54.279 1
2	1	42.1735 1	54.47 1
2	1	42.548 1	54.295 1
2	1	42.102 1	54.79 1
2	1	42.1763 1	54.762 1
2	1	42.307 1	54.274 1
2	1	42.2 1	54.2 1
2	1	42.200 1	54.788 1
2	1	42.259 1	54.748 1
2	1	42.770 1	54.147 1
2	1	42.1728 1	54.54 1
2	1	42.1444 1	54.236 1
3	2	42.1127 1 42.217 0.784	54.221 1
2	1	42.1782 1	54.86 1
2	1	42.106 1	54.29 1
2	1	42.270 1	54.737 1
2	1	42.545 1	54.232 1
2	1	42.547 1	54.294 1
2	1	42.78 1	54.680 1
2	1	42.275 1	54.732 1
2	1	42.409 1	54.659 1
2	1	42.15 1	54.14 1
2	1	42.10 1	54.9 1
2	1	42.736 1	54.218 1
2	1	42.140 1	54.69 1
3	2	42.141 1	54.791 1 54.792 0.252
2	1	42.905 1	54.296 1
2	1	42.1042 1	54.431 1
2	1	42.1694 1	54.136 1
2	1	42.1764 1	54.763 1
2	1	42.265 1	54.742 1
2	1	42.273 1	54.734 1
2	1	42.407 1	54.661 1
2	1	42.953 1	54.689 1
2	1	42.329 1	54.630 1
2	1	42.1153 1	54.466 1
2	1	42.1156 1	54.489 1
2	1	42.408 1	54.660 1
5	4	42.1578 1	54.699 1 54.700 0.698 54.701 0.323 54.462 0.814
4	3	42.924 1 42.1434 0.741 42.1445 0.741	54.231 1
2	1	42.284 1	54.728 1
2	1	42.1741 1	54.165 1
2	1	42.1472 1	54.573 1
2	1	42.1841 1	54.19 1
2	1	42.68 1	54.812 1
2	1	42.1272 1	54.340 1
2	1	42.1783 1	54.85 1
2	1	42.1796 1	54.773 1
2	1	42.12 1	54.11 1
3	2	42.401 1	54.357 1 54.476 0.876
2	1	42.410 1	54.658 1
2	1	42.109 1	54.713 1
2	1	42.1618 1	54.107 1
3	2	42.458 1 42.317 0.776	54.179 1
2	1	42.884 1	54.403 1
2	1	42.1844 1	54.17 1
2	1	42.1189 1	54.665 1
2	1	42.1191 1	54.667 1
2	1	42.268 1	54.739 1
2	1	42.337 1	54.126 1
2	1	42.114 1	54.145 1
2	1	42.281 1	54.724 1
2	1	42.278 1	54.729 1
2	1	42.194 1	54.34 1
2	1	42.1448 1	54.228 1
2	1	42.310 1	54.257 1
2	1	42.772 1	54.327 1
2	1	42.886 1	54.460 1
2	1	42.1097 1	54.414 1
2	1	42.717 1	54.582 1
2	1	42.1797 1	54.774 1
2	1	42.129 1	54.36 1
2	1	42.105 1	54.28 1
2	1	42.463 1	54.325 1
2	1	42.701 1	54.652 1
2	1	42.1024 1	54.347 1
2	1	42.1116 1	54.545 1
2	1	42.1126 1	54.222 1
2	1	42.1612 1	54.116 1
2	1	42.840 1	54.355 1
2	1	42.883 1	54.404 1
2	1	42.1497 1	54.648 1
2	1	42.1037 1	54.208 1
2	1	42.751 1	54.197 1
2	1	42.276 1	54.731 1
2	1	42.1182 1	54.282 1
2	1	42.272 1	54.735 1
2	1	42.283 1	54.722 1
2	1	42.1124 1	54.564 1
2	1	42.75 1	54.803 1
2	1	42.700 1	54.170 1
2	1	42.1684 1	54.46 1
2	1	42.1190 1	54.666 1
2	1	42.1447 1	54.229 1
2	1	42.1733 1	54.49 1
2	1	42.246 1	54.717 1
2	1	42.280 1	54.725 1
2	1	42.421 1	54.685 1
2	1	42.578 1	54.242 1
2	1	42.1363 1	54.350 1
2	1	42.540 1	54.156 1
2	1	42.1125 1	54.565 1
2	1	42.1688 1	54.447 1
2	1	42.1579 1	54.702 1
4	4	42.344 1 42.492 0.815	54.131 1 54.534 0.881
2	1	42.119 1	54.625 1
2	1	42.1617 1	54.111 1
2	1	42.1708 1	54.133 1
2	1	42.1720 1	54.76 1
2	1	42.209 1	54.798 1
2	1	42.263 1	54.744 1
2	1	42.108 1	54.714 1
2	1	42.1798 1	54.775 1
2	1	42.709 1	54.602 1
2	1	42.732 1	54.581 1
2	1	42.13 1	54.12 1
2	1	42.262 1	54.745 1
2	1	42.1387 1	54.318 1
3	2	42.1012 1 42.1785 0.561	54.83 1
2	1	42.103 1	54.81 1
2	1	42.115 1	54.629 1
2	1	42.1016 1	54.502 1
2	1	42.198 1	54.790 1
2	1	42.210 1	54.209 1
2	1	42.257 1	54.750 1
2	1	42.381 1	54.202 1
2	1	42.92 1	54.41 1
2	1	42.192 1	54.31 1
2	1	42.628 1	54.211 1
2	1	42.308 1	54.275 1
2	1	42.1221 1	54.454 1
2	1	42.197 1	54.284 1
2	1	42.292 1	54.89 1
2	1	42.326 1	54.643 1
2	1	42.494 1	54.504 1
2	1	42.753 1	54.199 1
2	1	42.765 1	54.556 1
2	1	42.163 1	54.678 1
2	1	42.630 1	54.213 1
2	1	42.1598 1	54.162 1
2	1	42.274 1	54.733 1
2	1	42.112 1	54.143 1
2	1	42.1158 1	54.615 1
2	1	42.93 1	54.42 1
2	1	42.1092 1	54.266 1
2	1	42.304 1	54.271 1
2	1	42.1562 1	54.693 1
2	1	42.121 1	54.623 1
3	2	42.508 1 42.731 0.130	54.708 1
2	1	42.1563 1	54.694 1
2	1	42.1793 1	54.771 1
3	2	42.487 1	54.314 0.240 54.751 1
2	1	42.267 1	54.740 1
2	1	42.538 1	54.109 1
2	1	42.766 1	54.555 1
2	1	42.1473 1	54.574 1
2	1	42.768 1	54.397 1
2	1	42.74 1	54.804 1
2	1	42.542 1	54.158 1
2	1	42.287 1	54.92 1
2	1	42.319 1	54.130 1
2	1	42.546 1	54.293 1
2	1	42.202 1	54.785 1
2	1	42.240 1	54.709 1
2	1	42.147 1	54.800 1
2	1	42.1839 1	54.21 1
2	1	42.269 1	54.738 1
2	1	42.430 1	54.612 1
3	2	42.885 1	54.458 0.674 54.459 1
2	1	42.1799 1	54.776 1
2	1	42.1222 1	54.532 1
2	1	42.714 1	54.585 1
8	16	42.1817 1 42.915 1 42.1220 0.924 42.994 0.404	54.99 1 54.253 1 54.101 0.518 54.352 0.389
2	1	42.1274 1	54.338 1
2	1	42.252 1	54.24 1
2	1	42.1157 1	54.614 1
2	1	42.1503 1	54.288 1
2	1	42.1760 1	54.72 1
2	1	42.161 1	54.64 1
2	1	42.205 1	54.782 1
2	1	42.1442 1	54.276 1
2	1	42.411 1	54.657 1
2	1	42.776 1	54.391 1
2	1	42.764 1	54.557 1
2	1	42.1838 1	54.22 1
2	1	42.260 1	54.747 1
2	1	42.777 1	54.710 1
2	1	42.11 1	54.10 1
2	1	42.1205 1	54.108 1
2	1	42.1359 1	54.178 1
2	1	42.417 1	54.149 1
2	1	42.541 1	54.157 1
2	1	42.575 1	54.616 1
2	1	42.856 1	54.412 1
2	1	42.1580 1	54.703 1
2	1	42.780 1	54.333 1
2	1	42.117 1	54.627 1
2	1	42.1115 1	54.544 1
2	1	42.1235 1	54.184 1
2	1	42.343 1	54.132 1
2	1	42.1687 1	54.446 1
2	1	42.1837 1	54.23 1
2	1	42.271 1	54.736 1
2	1	42.865 1	54.372 1
2	1	42.279 1	54.727 1
2	1	42.912 1	54.598 1
2	1	42.462 1	54.440 1
2	1	42.1722 1	54.74 1
2	1	42.1364 1	54.349 1
2	1	42.1227 1	54.146 1
2	1	42.290 1	54.95 1
2	1	42.9 1	54.8 1
2	1	42.162 1	54.679 1
2	1	42.716 1	54.583 1
2	1	42.1730 1	54.52 1
2	1	42.255 1	54.256 1
2	1	42.706 1	54.606 1
2	1	42.779 1	54.330 1
2	1	42.769 1	54.323 1
2	1	42.1731 1	54.51 1
3	2	42.1392 1 42.238 0.242	54.618 1
2	1	42.396 1	54.320 1
4	4	42.1664 0.907 42.1813 1	54.525 1 54.528 0.875
3	2	42.1431 0.184 42.1446 1	54.230 1
2	1	42.1868 1	54.816 1
2	1	42.707 1	54.604 1
2	1	42.1276 1	54.672 1
2	1	42.1686 1	54.448 1
2	1	42.1840 1	54.20 1
2	1	42.323 1	54.646 1
2	1	42.76 1	54.802 1
2	1	42.473 1	54.246 1
2	1	42.142 1	54.71 1
2	1	42.1388 1	54.317 1
2	1	42.394 1	54.560 1
2	1	42.1710 1	54.636 1
2	1	42.733 1	54.579 1
2	1	42.1638 1	54.619 1
2	1	42.116 1	54.628 1
2	1	42.266 1	54.741 1
2	1	42.576 1	54.240 1
2	1	42.472 1	54.245 1
2	1	42.752 1	54.198 1
2	1	42.767 1	54.90 1
2	1	42.1615 1	54.113 1
2	1	42.1297 1	54.334 1
2	1	42.1791 1	54.687 1
2	1	42.6 1	54.6 1
2	1	42.755 1	54.356 1
2	1	42.506 1	54.413 1
2	1	42.412 1	54.656 1
2	1	42.1581 1	54.704 1
2	1	42.288 1	54.93 1
2	1	42.448 1	54.508 1
2	1	42.705 1	54.607 1
2	1	42.1089 1	54.567 1
2	1	42.1500 1	54.204 1
2	1	42.476 1	54.248 1
2	1	42.761 1	54.569 1
2	1	42.1186 1	54.224 1
2	1	42.1869 1	54.817 1
2	1	42.1732 1	54.50 1
2	1	42.577 1	54.241 1
2	1	42.1353 1	54.422 1
2	1	42.1712 1	54.640 1
2	1	42.477 1	54.238 1
2	1	42.414 1	54.655 1
2	1	42.1281 1	54.392 1
2	1	42.475 1	54.247 1
3	2	42.1800 1 42.378 0.247	54.488 1
2	1	42.193 1	54.33 1
2	1	42.1726 1	54.56 1
2	1	42.629 1	54.212 1
2	1	42.111 1	54.142 1
2	1	42.397 1	54.321 1
2	1	42.425 1	54.634 1
2	1	42.1685 1	54.443 1
2	1	42.306 1	54.273 1
2	1	42.368 1	54.676 1
3	2	42.1437 0.162 42.313 1	54.258 1
2	1	42.1792 1	54.770 1
2	1	42.888 1	54.461 1
2	1	42.859 1	54.235 1
2	1	42.1273 1	54.339 1
2	1	42.1361 1	54.383 1
2	1	42.386 1	54.445 1
2	1	42.737 1	54.219 1
2	1	42.863 1	54.492 1
2	1	42.104 1	54.58 1
2	1	42.1365 1	54.348 1
5	4	42.704 1	54.336 0.117 54.467 0.082 54.472 0.284 54.475 1
2	1	42.954 1	54.249 1
