Size	Relations	OrthoA	OrthoB
2	1	42.1121 1	56.126 1
2	1	42.487 1	56.1647 1
2	1	42.1766 1	56.1 1
2	1	42.1765 1	56.2 1
2	1	42.1003 1	56.1679 1
2	1	42.1054 1	56.1326 1
2	1	42.110 1	56.192 1
2	1	42.424 1	56.1394 1
2	1	42.159 1	56.720 1
2	1	42.1364 1	56.587 1
2	1	42.701 1	56.1733 1
2	1	42.242 1	56.371 1
2	1	42.713 1	56.1746 1
2	1	42.1360 1	56.583 1
2	1	42.322 1	56.1520 1
2	1	42.1372 1	56.951 1
2	1	42.1523 1	56.1827 1
2	1	42.635 1	56.154 1
2	1	42.1062 1	56.1023 1
2	1	42.1093 1	56.1258 1
2	1	42.77 1	56.801 1
2	1	42.1742 1	56.12 1
2	1	42.379 1	56.831 1
2	1	42.1693 1	56.72 1
2	1	42.139 1	56.710 1
2	1	42.4 1	56.1092 1
2	1	42.1416 1	56.1152 1
2	1	42.703 1	56.1735 1
2	1	42.1362 1	56.585 1
2	1	42.1789 1	56.1135 1
2	1	42.111 1	56.191 1
2	1	42.811 1	56.1655 1
2	1	42.907 1	56.1061 1
2	1	42.1762 1	56.5 1
2	1	42.1249 1	56.1480 1
2	1	42.1505 1	56.1847 1
2	1	42.1907 1	56.1676 1
2	1	42.908 1	56.1060 1
2	1	42.923 1	56.1571 1
2	1	42.486 1	56.1646 1
2	1	42.289 1	56.269 1
2	1	42.117 1	56.185 1
2	1	42.405 1	56.1372 1
2	1	42.400 1	56.1378 1
2	1	42.237 1	56.376 1
2	1	42.1721 1	56.58 1
2	1	42.324 1	56.1518 1
2	1	42.1226 1	56.1621 1
2	1	42.1616 1	56.1937 1
2	1	42.547 1	56.914 1
2	1	42.1096 1	56.1260 1
2	1	42.14 1	56.1101 1
2	1	42.3 1	56.1091 1
2	1	42.134 1	56.705 1
2	1	42.1499 1	56.1853 1
12	27	42.1344 1 42.695 1 42.445 0.135 42.1216 0.085 42.610 0.909 42.872 0.867 42.1491 0.897 42.1624 1 42.1779 0.909	56.1995 1 56.323 1 56.1803 0.894
2	1	42.741 1	56.1761 1
2	1	42.338 1	56.1505 1
2	1	42.188 1	56.729 1
2	1	42.102 1	56.200 1
2	1	42.113 1	56.189 1
2	1	42.478 1	56.1643 1
3	2	42.25 1 42.371 0.113	56.202 1
2	1	42.1798 1	56.1124 1
2	1	42.398 1	56.1380 1
2	1	42.539 1	56.922 1
2	1	42.1118 1	56.130 1
2	1	42.7 1	56.1095 1
2	1	42.339 1	56.1504 1
2	1	42.666 1	56.1724 1
2	1	42.1521 1	56.1829 1
2	1	42.1783 1	56.1138 1
2	1	42.1132 1	56.112 1
2	1	42.754 1	56.622 1
2	1	42.1239 1	56.1616 1
2	1	42.993 1	56.1563 1
2	1	42.327 1	56.1514 1
2	1	42.1620 1	56.1933 1
2	1	42.241 1	56.372 1
2	1	42.1152 1	56.420 1
2	1	42.1502 1	56.1850 1
2	1	42.885 1	56.1232 1
2	1	42.852 1	56.1586 1
2	1	42.1187 1	56.439 1
2	1	42.909 1	56.1059 1
2	1	42.116 1	56.186 1
2	1	42.771 1	56.879 1
2	1	42.421 1	56.1391 1
2	1	42.416 1	56.1360 1
2	1	42.588 1	56.1339 1
2	1	42.1025 1	56.1172 1
2	1	42.621 1	56.144 1
2	1	42.206 1	56.749 1
2	1	42.1611 1	56.1942 1
2	1	42.1822 1	56.984 1
2	1	42.1599 1	56.1943 1
2	1	42.187 1	56.728 1
2	1	42.1153 1	56.421 1
2	1	42.1182 1	56.435 1
2	1	42.318 1	56.1528 1
2	1	42.1233 1	56.1709 1
2	1	42.1617 1	56.1936 1
2	1	42.1729 1	56.51 1
2	1	42.975 1	56.286 1
2	1	42.1784 1	56.1137 1
2	1	42.573 1	56.1195 1
2	1	42.1842 1	56.1106 1
2	1	42.122 1	56.180 1
2	1	42.574 1	56.1196 1
2	1	42.740 1	56.1760 1
2	1	42.203 1	56.746 1
2	1	42.388 1	56.821 1
2	1	42.1597 1	56.1945 1
2	1	42.1815 1	56.106 1
2	1	42.808 1	56.1659 1
2	1	42.216 1	56.758 1
2	1	42.1905 1	56.1675 1
2	1	42.1119 1	56.129 1
2	1	42.1870 1	56.1088 1
2	1	42.1381 1	56.412 1
2	1	42.1727 1	56.53 1
2	1	42.1614 1	56.1939 1
2	1	42.1186 1	56.438 1
2	1	42.24 1	56.358 1
2	1	42.1 1	56.1089 1
2	1	42.452 1	56.1407 1
2	1	42.637 1	56.157 1
2	1	42.277 1	56.256 1
2	1	42.1613 1	56.1940 1
2	1	42.772 1	56.878 1
2	1	42.1130 1	56.115 1
2	1	42.299 1	56.278 1
2	1	42.207 1	56.750 1
2	1	42.1785 1	56.1136 1
2	1	42.330 1	56.1511 1
2	1	42.328 1	56.1513 1
2	1	42.1792 1	56.1131 1
2	1	42.481 1	56.445 1
2	1	42.1012 1	56.1498 1
2	1	42.1053 1	56.1325 1
2	1	42.1117 1	56.131 1
2	1	42.1129 1	56.116 1
2	1	42.1383 1	56.1795 1
2	1	42.579 1	56.1344 1
2	1	42.189 1	56.730 1
2	1	42.395 1	56.1383 1
2	1	42.141 1	56.712 1
2	1	42.1522 1	56.1828 1
2	1	42.1294 1	56.1980 1
2	1	42.253 1	56.363 1
2	1	42.67 1	56.791 1
2	1	42.861 1	56.1592 1
2	1	42.1687 1	56.78 1
2	1	42.716 1	56.1749 1
2	1	42.1188 1	56.440 1
2	1	42.709 1	56.1741 1
4	4	42.1813 1 42.1664 1	56.103 1 56.448 0.894
2	1	42.239 1	56.374 1
2	1	42.1471 1	56.168 1
2	1	42.208 1	56.751 1
2	1	42.599 1	56.138 1
2	1	42.1532 1	56.1579 1
2	1	42.136 1	56.707 1
2	1	42.1024 1	56.1173 1
2	1	42.1561 1	56.1961 1
2	1	42.1441 1	56.1151 1
2	1	42.236 1	56.377 1
2	1	42.323 1	56.1519 1
2	1	42.107 1	56.195 1
2	1	42.120 1	56.182 1
2	1	42.214 1	56.756 1
2	1	42.1236 1	56.1613 1
2	1	42.1867 1	56.1085 1
2	1	42.1122 1	56.125 1
2	1	42.1358 1	56.581 1
2	1	42.138 1	56.709 1
2	1	42.1761 1	56.6 1
2	1	42.204 1	56.747 1
2	1	42.387 1	56.822 1
2	1	42.13 1	56.1100 1
2	1	42.851 1	56.1587 1
2	1	42.162 1	56.723 1
2	1	42.5 1	56.1093 1
2	1	42.1248 1	56.1479 1
2	1	42.731 1	56.1751 1
2	1	42.422 1	56.1392 1
2	1	42.710 1	56.1742 1
2	1	42.1709 1	56.67 1
2	1	42.1511 1	56.1837 1
2	1	42.1501 1	56.1851 1
5	6	42.1020 0.320 42.1754 0.240 42.551 1	56.1552 0.348 56.233 1
2	1	42.810 1	56.1657 1
2	1	42.254 1	56.362 1
2	1	42.429 1	56.1399 1
2	1	42.865 1	56.1687 1
2	1	42.160 1	56.721 1
2	1	42.380 1	56.830 1
2	1	42.1374 1	56.948 1
2	1	42.1123 1	56.124 1
2	1	42.114 1	56.188 1
2	1	42.1361 1	56.584 1
2	1	42.767 1	56.209 1
2	1	42.911 1	56.1057 1
2	1	42.535 1	56.924 1
2	1	42.69 1	56.793 1
2	1	42.1695 1	56.70 1
2	1	42.1240 1	56.1617 1
2	1	42.1172 1	56.434 1
2	1	42.1005 1	56.1567 1
2	1	42.1124 1	56.123 1
2	1	42.201 1	56.744 1
2	1	42.1504 1	56.1848 1
2	1	42.1645 1	56.306 1
2	1	42.406 1	56.1371 1
7	6	42.1065 0.734 42.1781 0.797 42.447 1 42.531 0.812 42.646 0.734 42.870 0.812	56.761 1
2	1	42.1794 1	56.1129 1
2	1	42.1821 1	56.981 1
2	1	42.2 1	56.1090 1
3	2	42.70 1 42.1402 0.909	56.794 1
2	1	42.73 1	56.797 1
3	2	42.1456 0.538 42.1830 1	56.553 1
2	1	42.215 1	56.757 1
2	1	42.702 1	56.1734 1
2	1	42.1223 1	56.1769 1
5	4	42.1341 1 42.614 0.071 42.692 0.464 42.900 0.393	56.1672 1
2	1	42.432 1	56.1402 1
2	1	42.883 1	56.1234 1
2	1	42.1637 1	56.84 1
2	1	42.112 1	56.190 1
2	1	42.1356 1	56.578 1
2	1	42.1227 1	56.1620 1
2	1	42.408 1	56.1369 1
2	1	42.1573 1	56.1955 1
2	1	42.886 1	56.1231 1
2	1	42.735 1	56.1755 1
2	1	42.1564 1	56.1193 1
2	1	42.164 1	56.726 1
2	1	42.915 1	56.1562 1
2	1	42.451 1	56.1406 1
2	1	42.1282 1	56.301 1
2	1	42.1841 1	56.1107 1
2	1	42.106 1	56.196 1
2	1	42.580 1	56.1343 1
2	1	42.1498 1	56.1854 1
2	1	42.245 1	56.368 1
2	1	42.287 1	56.267 1
2	1	42.636 1	56.155 1
2	1	42.540 1	56.921 1
2	1	42.1909 1	56.1431 1
2	1	42.1154 1	56.422 1
2	1	42.1797 1	56.1125 1
2	1	42.1713 1	56.63 1
2	1	42.72 1	56.796 1
2	1	42.548 1	56.913 1
2	1	42.329 1	56.1512 1
2	1	42.291 1	56.271 1
2	1	42.1013 1	56.1177 1
2	1	42.1241 1	56.1618 1
2	1	42.282 1	56.261 1
2	1	42.433 1	56.1403 1
2	1	42.739 1	56.1759 1
2	1	42.1017 1	56.1175 1
2	1	42.858 1	56.1597 1
2	1	42.516 1	56.1773 1
2	1	42.16 1	56.1298 1
2	1	42.778 1	56.872 1
2	1	42.244 1	56.369 1
2	1	42.1688 1	56.77 1
2	1	42.910 1	56.1058 1
2	1	42.1790 1	56.1134 1
2	1	42.135 1	56.706 1
2	1	42.1474 1	56.165 1
2	1	42.1506 1	56.1846 1
2	1	42.140 1	56.711 1
2	1	42.217 1	56.759 1
2	1	42.251 1	56.365 1
2	1	42.1845 1	56.1103 1
2	1	42.310 1	56.1534 1
4	3	42.223 0.978 42.791 0.978 42.824 1	56.1049 1
2	1	42.79 1	56.1300 1
2	1	42.1572 1	56.1956 1
2	1	42.137 1	56.708 1
2	1	42.1658 1	56.936 1
2	1	42.477 1	56.1642 1
2	1	42.409 1	56.1368 1
2	1	42.1782 1	56.1139 1
6	5	42.1049 0.316 42.1326 0.368 42.1385 0.350 42.1596 0.342 42.806 1	56.489 1
2	1	42.401 1	56.1377 1
2	1	42.1120 1	56.127 1
2	1	42.261 1	56.240 1
2	1	42.78 1	56.1299 1
2	1	42.200 1	56.743 1
2	1	42.708 1	56.1740 1
2	1	42.243 1	56.370 1
2	1	42.1694 1	56.71 1
2	1	42.715 1	56.1748 1
2	1	42.163 1	56.724 1
2	1	42.1793 1	56.1130 1
2	1	42.1114 1	56.134 1
2	1	42.250 1	56.366 1
2	1	42.210 1	56.753 1
2	1	42.930 1	56.211 1
3	2	42.154 1 42.1540 0.073	56.468 1
2	1	42.1710 1	56.66 1
2	1	42.1725 1	56.55 1
2	1	42.213 1	56.755 1
2	1	42.1205 1	56.1338 1
2	1	42.704 1	56.1736 1
2	1	42.15 1	56.1102 1
2	1	42.736 1	56.1756 1
2	1	42.779 1	56.871 1
2	1	42.1728 1	56.52 1
2	1	42.1002 1	56.1678 1
2	1	42.1235 1	56.1612 1
2	1	42.1579 1	56.1951 1
2	1	42.292 1	56.272 1
2	1	42.732 1	56.1752 1
3	2	42.1161 1 42.976 0.781	56.285 1
2	1	42.1711 1	56.65 1
2	1	42.118 1	56.184 1
2	1	42.1826 1	56.1662 1
2	1	42.1578 1	56.1952 1
2	1	42.325 1	56.1517 1
2	1	42.1276 1	56.411 1
2	1	42.1708 1	56.68 1
2	1	42.770 1	56.880 1
2	1	42.1640 1	56.805 1
2	1	42.768 1	56.210 1
2	1	42.734 1	56.1754 1
2	1	42.11 1	56.1098 1
2	1	42.407 1	56.1370 1
2	1	42.75 1	56.799 1
2	1	42.68 1	56.792 1
2	1	42.381 1	56.829 1
2	1	42.1472 1	56.167 1
3	2	42.1274 1	56.1279 1 56.1719 1
2	1	42.1042 1	56.1608 1
2	1	42.1097 1	56.1261 1
2	1	42.119 1	56.183 1
2	1	42.952 1	56.1904 1
2	1	42.199 1	56.742 1
2	1	42.1759 1	56.8 1
2	1	42.258 1	56.237 1
2	1	42.1717 1	56.60 1
2	1	42.840 1	56.1588 1
3	2	42.284 1	56.263 1 56.615 0.650
2	1	42.1158 1	56.426 1
2	1	42.1733 1	56.47 1
2	1	42.1157 1	56.425 1
4	3	42.358 1 42.61 0.422 42.651 0.401	56.541 1
2	1	42.143 1	56.714 1
2	1	42.76 1	56.800 1
2	1	42.264 1	56.243 1
2	1	42.1293 1	56.1981 1
2	1	42.859 1	56.1596 1
2	1	42.1127 1	56.120 1
2	1	42.1497 1	56.1855 1
2	1	42.246 1	56.367 1
2	1	42.417 1	56.1359 1
3	2	42.925 1 42.1222 0.747	56.1574 1
2	1	42.485 1	56.1645 1
2	1	42.1115 1	56.133 1
2	1	42.1448 1	56.169 1
2	1	42.1125 1	56.122 1
2	1	42.192 1	56.734 1
2	1	42.344 1	56.835 1
2	1	42.700 1	56.1729 1
2	1	42.1823 1	56.985 1
2	1	42.307 1	56.1538 1
2	1	42.1442 1	56.1150 1
2	1	42.105 1	56.197 1
2	1	42.1533 1	56.1578 1
2	1	42.463 1	56.1629 1
2	1	42.1612 1	56.1941 1
2	1	42.12 1	56.1099 1
2	1	42.71 1	56.795 1
2	1	42.953 1	56.1905 1
2	1	42.755 1	56.621 1
2	1	42.130 1	56.1925 1
2	1	42.777 1	56.875 1
2	1	42.194 1	56.737 1
2	1	42.568 1	56.1502 1
2	1	42.1412 1	56.1156 1
5	4	42.1332 0.281 42.220 0.866 42.794 1 42.827 0.867	56.405 1
2	1	42.278 1	56.257 1
2	1	42.699 1	56.1728 1
2	1	42.1840 1	56.1108 1
2	1	42.288 1	56.268 1
2	1	42.1238 1	56.1615 1
2	1	42.1735 1	56.45 1
6	8	42.30 1 42.363 0.750	56.1050 0.667 56.1352 1 56.506 0.133 56.935 0.467
2	1	42.577 1	56.1346 1
2	1	42.326 1	56.1516 1
2	1	42.1004 1	56.1680 1
2	1	42.103 1	56.199 1
2	1	42.10 1	56.1097 1
2	1	42.572 1	56.1194 1
2	1	42.1116 1	56.132 1
2	1	42.578 1	56.1345 1
2	1	42.884 1	56.1233 1
2	1	42.420 1	56.1390 1
3	2	42.1434 1 42.1445 0.750	56.172 1
2	1	42.1354 1	56.575 1
2	1	42.1044 1	56.1462 1
2	1	42.198 1	56.741 1
2	1	42.761 1	56.618 1
2	1	42.259 1	56.238 1
2	1	42.1156 1	56.424 1
3	2	42.1902 1	56.1673 0.325 56.531 1
2	1	42.410 1	56.1367 1
2	1	42.569 1	56.1501 1
2	1	42.1800 1	56.1122 1
2	1	42.921 1	56.1569 1
2	1	42.922 1	56.1570 1
2	1	42.266 1	56.245 1
2	1	42.161 1	56.722 1
2	1	42.1444 1	56.174 1
4	3	42.1888 1 42.1912 0.209 42.1917 0.432	56.1884 1
2	1	42.581 1	56.1342 1
2	1	42.663 1	56.163 1
2	1	42.196 1	56.739 1
2	1	42.1443 1	56.1149 1
2	1	42.1796 1	56.1126 1
2	1	42.1760 1	56.7 1
2	1	42.1666 1	56.450 1
2	1	42.1503 1	56.1849 1
2	1	42.275 1	56.254 1
2	1	42.337 1	56.1506 1
2	1	42.864 1	56.1688 1
2	1	42.411 1	56.1366 1
2	1	42.1191 1	56.443 1
2	1	42.430 1	56.1400 1
4	3	42.1887 1	56.1433 0.081 56.1881 1 56.513 0.189
2	1	42.1598 1	56.1944 1
2	1	42.195 1	56.738 1
2	1	42.1189 1	56.441 1
2	1	42.209 1	56.752 1
2	1	42.459 1	56.1624 1
2	1	42.1190 1	56.442 1
2	1	42.1741 1	56.17 1
2	1	42.1646 1	56.908 1
2	1	42.905 1	56.1064 1
2	1	42.714 1	56.1747 1
2	1	42.378 1	56.832 1
8	15	42.1420 1 42.356 1 42.652 0.944 42.62 0.917 42.935 0.861	56.542 1 56.295 1 56.1978 0.634
2	1	42.1696 1	56.69 1
2	1	42.1866 1	56.1084 1
2	1	42.473 1	56.1639 1
2	1	42.1791 1	56.1132 1
2	1	42.270 1	56.249 1
2	1	42.538 1	56.923 1
2	1	42.1387 1	56.944 1
2	1	42.1876 1	56.1877 1
2	1	42.1131 1	56.113 1
2	1	42.1730 1	56.50 1
2	1	42.542 1	56.919 1
2	1	42.508 1	56.1790 1
2	1	42.751 1	56.625 1
2	1	42.1447 1	56.170 1
2	1	42.273 1	56.252 1
2	1	42.546 1	56.915 1
2	1	42.1126 1	56.121 1
3	2	42.1272 1	56.1277 1 56.1721 1
2	1	42.1818 1	56.1165 1
2	1	42.74 1	56.798 1
2	1	42.717 1	56.1750 1
2	1	42.462 1	56.1628 1
2	1	42.1043 1	56.1609 1
5	4	42.1330 0.107 42.231 1 42.783 0.582 42.829 0.948	56.493 1
2	1	42.1047 1	56.790 1
2	1	42.1016 1	56.1176 1
2	1	42.1669 1	56.1440 1
2	1	42.1479 1	56.1965 1
2	1	42.317 1	56.1529 1
2	1	42.1690 1	56.75 1
3	2	42.1275 1	56.1280 1 56.1718 1
2	1	42.1580 1	56.1950 1
2	1	42.1473 1	56.166 1
2	1	42.1041 1	56.1607 1
2	1	42.1618 1	56.1935 1
2	1	42.567 1	56.1503 1
2	1	42.705 1	56.1737 1
2	1	42.1373 1	56.949 1
2	1	42.197 1	56.740 1
3	2	42.1220 0.875 42.1817 1	56.907 1
2	1	42.1225 1	56.1764 1
2	1	42.1056 1	56.1329 1
2	1	42.431 1	56.1401 1
2	1	42.1763 1	56.4 1
2	1	42.458 1	56.1623 1
2	1	42.764 1	56.206 1
7	10	42.29 1 42.364 0.814	56.1081 0.190 56.1083 0.109 56.507 1 56.651 0.116 56.932 0.255
2	1	42.1363 1	56.586 1
2	1	42.92 1	56.1218 1
2	1	42.23 1	56.357 1
2	1	42.554 1	56.1549 1
2	1	42.108 1	56.194 1
2	1	42.1819 1	56.977 1
2	1	42.1660 1	56.1332 1
2	1	42.1751 1	56.887 1
2	1	42.1680 1	56.897 1
2	1	42.1668 1	56.176 1
2	1	42.1037 1	56.1896 1
2	1	42.549 1	56.912 1
2	1	42.121 1	56.181 1
15	44	42.1074 0.800 42.1082 0.533 42.1197 0.933 42.1338 0.933 42.1484 1 42.1631 0.733 42.1771 0.867 42.439 0.333 42.597 0.600 42.617 0.933 42.897 0.733	56.389 0.400 56.548 0.067 56.677 1 56.838 0.533
2	1	42.545 1	56.917 1
2	1	42.639 1	56.159 1
2	1	42.737 1	56.1757 1
2	1	42.255 1	56.361 1
2	1	42.1247 1	56.1478 1
2	1	42.202 1	56.745 1
2	1	42.306 1	56.1539 1
2	1	42.862 1	56.1690 1
2	1	42.394 1	56.1384 1
2	1	42.464 1	56.1630 1
2	1	42.1562 1	56.1960 1
2	1	42.6 1	56.1094 1
2	1	42.265 1	56.244 1
2	1	42.863 1	56.1689 1
2	1	42.123 1	56.179 1
2	1	42.707 1	56.1739 1
2	1	42.541 1	56.920 1
3	2	42.1757 1	56.1267 1 56.938 0.312
2	1	42.1388 1	56.943 1
2	1	42.419 1	56.1389 1
2	1	42.1677 1	56.487 1
2	1	42.205 1	56.748 1
2	1	42.276 1	56.255 1
3	2	42.359 1 42.60 0.918	56.454 1
2	1	42.776 1	56.876 1
2	1	42.1824 1	56.986 1
2	1	42.129 1	56.1924 1
2	1	42.1734 1	56.46 1
2	1	42.1764 1	56.3 1
2	1	42.240 1	56.373 1
2	1	42.115 1	56.187 1
2	1	42.765 1	56.207 1
2	1	42.1684 1	56.81 1
2	1	42.738 1	56.1758 1
2	1	42.766 1	56.208 1
2	1	42.1838 1	56.1111 1
2	1	42.674 1	56.1870 1
2	1	42.252 1	56.364 1
2	1	42.1720 1	56.59 1
2	1	42.712 1	56.1745 1
2	1	42.109 1	56.193 1
2	1	42.1224 1	56.1768 1
3	2	42.1399 1 42.552 0.879	56.1551 1
2	1	42.784 1	56.559 1
2	1	42.1665 1	56.449 1
2	1	42.1825 1	56.1663 1
2	1	42.377 1	56.833 1
3	2	42.35 1	56.1288 1 56.335 1
2	1	42.1692 1	56.73 1
2	1	42.1661 1	56.813 1
2	1	42.1639 1	56.82 1
4	3	42.1919 1	56.1434 1 56.409 0.557 56.532 0.443
2	1	42.272 1	56.251 1
2	1	42.1295 1	56.1492 1
2	1	42.281 1	56.260 1
2	1	42.1839 1	56.1109 1
5	6	42.1018 0.312 42.1752 1 42.553 0.688	56.1550 1 56.231 0.100
2	1	42.1509 1	56.1844 1
2	1	42.1389 1	56.942 1
2	1	42.1378 1	56.1041 1
2	1	42.268 1	56.247 1
2	1	42.142 1	56.713 1
2	1	42.1166 1	56.642 1
2	1	42.723 1	56.1887 1
5	4	42.1253 0.112 42.1342 0.708 42.443 1 42.874 0.708	56.1180 1
2	1	42.1359 1	56.582 1
2	1	42.815 1	56.702 1
2	1	42.1345 1	56.1982 1
2	1	42.1715 1	56.61 1
2	1	42.455 1	56.1994 1
2	1	42.1327 1	56.1322 1
2	1	42.1353 1	56.574 1
2	1	42.309 1	56.1536 1
3	2	42.1808 1	56.1451 1 56.99 0.491
6	5	42.183 1	56.1000 0.917 56.1414 1 56.1815 0.833 56.1900 0.750 56.678 0.667
2	1	42.628 1	56.148 1
2	1	42.753 1	56.623 1
2	1	42.1258 1	56.119 1
2	1	42.298 1	56.276 1
5	4	42.1458 1 42.1827 0.141 42.1828 0.091 42.977 0.067	56.1188 1
2	1	42.280 1	56.259 1
2	1	42.283 1	56.262 1
2	1	42.1758 1	56.9 1
2	1	42.263 1	56.242 1
2	1	42.26 1	56.671 1
2	1	42.308 1	56.1537 1
2	1	42.1807 1	56.1452 1
2	1	42.274 1	56.253 1
2	1	42.1092 1	56.1029 1
2	1	42.1039 1	56.1605 1
2	1	42.860 1	56.1593 1
2	1	42.586 1	56.1340 1
2	1	42.1801 1	56.1121 1
2	1	42.238 1	56.375 1
2	1	42.1537 1	56.1577 1
2	1	42.476 1	56.1641 1
2	1	42.575 1	56.1197 1
2	1	42.733 1	56.1753 1
3	2	42.1464 1	56.1584 0.385 56.37 1
2	1	42.414 1	56.1362 1
2	1	42.1567 1	56.1958 1
2	1	42.1908 1	56.1677 1
2	1	42.1655 1	56.1169 1
2	1	42.1816 1	56.108 1
2	1	42.769 1	56.814 1
2	1	42.924 1	56.1572 1
2	1	42.269 1	56.248 1
2	1	42.1731 1	56.49 1
2	1	42.1833 1	56.1115 1
2	1	42.1563 1	56.1959 1
2	1	42.1296 1	56.654 1
2	1	42.257 1	56.236 1
2	1	42.1094 1	56.1259 1
2	1	42.571 1	56.1500 1
2	1	42.158 1	56.719 1
2	1	42.93 1	56.1217 1
4	3	42.99 1	56.1162 0.094 56.1867 1 56.471 0.182
3	2	42.36 1	56.1286 1 56.333 1
4	3	42.1318 1 42.480 0.073 42.51 0.076	56.478 1
2	1	42.147 1	56.716 1
2	1	42.1642 1	56.399 1
2	1	42.1723 1	56.56 1
3	2	42.230 1 42.817 1	56.1048 1
2	1	42.600 1	56.136 1
2	1	42.1712 1	56.64 1
2	1	42.343 1	56.834 1
2	1	42.1809 1	56.100 1
2	1	42.1868 1	56.1086 1
2	1	42.1843 1	56.1105 1
3	2	42.1910 1	56.343 1 56.520 0.200
2	1	42.9 1	56.1096 1
3	2	42.1755 1 42.560 0.374	56.1991 1
2	1	42.944 1	56.1891 1
2	1	42.1500 1	56.1852 1
8	7	42.1070 1 42.1214 1 42.1488 1 42.1776 0.400 42.497 0.400 42.528 0.200 42.613 1	56.312 1
2	1	42.1913 1	56.1439 1
2	1	42.397 1	56.1381 1
2	1	42.629 1	56.149 1
2	1	42.193 1	56.736 1
4	3	42.471 1	56.1010 1 56.1289 0.223 56.336 0.223
7	12	42.555 1 42.645 0.560 42.833 0.720 42.997 0.880	56.1548 0.259 56.1818 1 56.644 0.778
2	1	42.912 1	56.1553 1
4	4	42.1050 1 42.1595 0.756	56.1660 0.385 56.1822 1
2	1	42.260 1	56.239 1
2	1	42.304 1	56.1541 1
2	1	42.1799 1	56.1123 1
2	1	42.262 1	56.241 1
2	1	42.630 1	56.150 1
2	1	42.904 1	56.1065 1
2	1	42.1732 1	56.48 1
3	2	42.151 1	56.699 1 56.810 0.085
5	6	42.1322 1 42.1382 1 42.49 0.625	56.1071 1 56.476 0.200
2	1	42.1615 1	56.1938 1
2	1	42.1582 1	56.1948 1
2	1	42.1814 1	56.105 1
2	1	42.396 1	56.1382 1
2	1	42.1415 1	56.1153 1
3	2	42.1163 1 42.974 0.421	56.613 1
2	1	42.906 1	56.1063 1
4	3	42.1060 0.154 42.153 1 42.372 0.240	56.1445 1
2	1	42.1641 1	56.400 1
2	1	42.1894 1	56.779 1
3	2	42.1106 0.187 42.17 1	56.1297 1
3	2	42.1217 0.477 42.696 1	56.1423 1
2	1	42.857 1	56.218 1
2	1	42.1055 1	56.1328 1
2	1	42.1877 1	56.672 1
2	1	42.1722 1	56.57 1
2	1	42.1232 1	56.1710 1
2	1	42.450 1	56.1405 1
2	1	42.1155 1	56.423 1
2	1	42.602 1	56.140 1
2	1	42.1287 1	56.403 1
2	1	42.880 1	56.1235 1
2	1	42.1667 1	56.1003 1
2	1	42.1113 1	56.135 1
2	1	42.1726 1	56.54 1
2	1	42.267 1	56.246 1
2	1	42.576 1	56.1198 1
11	30	42.1200 0.333 42.1336 0.556 42.1769 1 42.619 0.778 42.895 0.667	56.1495 0.091 56.1653 0.091 56.1775 0.545 56.675 0.091 56.85 0.727 56.911 1
2	1	42.1835 1	56.1114 1
2	1	42.321 1	56.1521 1
2	1	42.1857 1	56.1184 1
2	1	42.290 1	56.270 1
2	1	42.835 1	56.1600 1
2	1	42.517 1	56.1770 1
2	1	42.1365 1	56.588 1
4	3	42.1644 1	56.1039 1 56.1420 0.456 56.397 1
2	1	42.1904 1	56.1674 1
2	1	42.382 1	56.828 1
2	1	42.1314 1	56.1484 1
2	1	42.1375 1	56.947 1
2	1	42.623 1	56.145 1
2	1	42.1541 1	56.1962 1
2	1	42.1529 1	56.1580 1
4	3	42.222 1 42.792 1 42.825 1	56.329 1
2	1	42.1134 1	56.111 1
2	1	42.780 1	56.870 1
3	2	42.1882 1 42.1923 0.805	56.1876 1
2	1	42.305 1	56.1540 1
2	1	42.1091 1	56.1027 1
2	1	42.1446 1	56.171 1
2	1	42.399 1	56.1379 1
2	1	42.1837 1	56.1112 1
2	1	42.404 1	56.1373 1
2	1	42.1638 1	56.83 1
2	1	42.1518 1	56.1831 1
2	1	42.1183 1	56.436 1
12	36	42.1211 1 42.1343 1 42.1625 1 42.444 1 42.496 1 42.529 1	56.1670 1 56.1781 1 56.1997 1 56.311 1 56.414 1 56.803 1
2	1	42.448 1	56.1404 1
2	1	42.472 1	56.1638 1
2	1	42.813 1	56.681 1
2	1	42.1750 1	56.886 1
4	3	42.228 1 42.786 1 42.819 1	56.396 1
2	1	42.814 1	56.1868 1
2	1	42.279 1	56.258 1
2	1	42.773 1	56.877 1
2	1	42.856 1	56.217 1
2	1	42.1678 1	56.568 1
2	1	42.1355 1	56.576 1
2	1	42.390 1	56.819 1
4	3	42.221 1 42.793 1 42.826 1	56.330 1
2	1	42.1507 1	56.1845 1
2	1	42.413 1	56.1363 1
30	221	42.441 1 42.615 1 42.899 1 42.526 1 42.595 1 42.691 1 42.876 1 42.1033 1 42.1072 1 42.1080 1 42.1196 1 42.1340 1 42.1486 1 42.1553 1 42.1629 1 42.1698 1 42.1773 1	56.1416 1 56.305 1 56.314 1 56.540 1 56.550 1 56.840 1 56.973 1 56.1044 1 56.1316 1 56.1683 1 56.1786 1 56.1813 1 56.1919 1
2	1	42.1581 1	56.1949 1
2	1	42.1686 1	56.79 1
2	1	42.1663 1	56.319 1
2	1	42.1691 1	56.74 1
2	1	42.425 1	56.1396 1
2	1	42.1086 1	56.1024 1
2	1	42.1237 1	56.1614 1
4	3	42.1682 1	56.1427 0.623 56.958 1 56.959 0.976
2	1	42.1689 1	56.76 1
2	1	42.271 1	56.250 1
2	1	42.1234 1	56.1708 1
3	2	42.1643 1	56.1040 1 56.309 0.125
2	1	42.1575 1	56.1953 1
2	1	42.854 1	56.1817 1
2	1	42.294 1	56.274 1
2	1	42.1714 1	56.62 1
2	1	42.1512 1	56.1203 1
3	2	42.1273 1	56.1278 1 56.1720 1
2	1	42.1685 1	56.80 1
2	1	42.165 1	56.727 1
2	1	42.809 1	56.1658 1
6	5	42.1181 1	56.1263 0.202 56.1408 0.643 56.1555 0.100 56.1834 0.193 56.953 1
2	1	42.461 1	56.1627 1
2	1	42.752 1	56.624 1
2	1	42.1674 1	56.452 1
2	1	42.672 1	56.1869 1
2	1	42.706 1	56.1738 1
2	1	42.604 1	56.142 1
3	2	42.22 1	56.1056 1 56.1871 0.815
2	1	42.544 1	56.918 1
2	1	42.171 1	56.902 1
2	1	42.104 1	56.198 1
2	1	42.426 1	56.1397 1
5	4	42.1230 1	56.1181 0.485 56.1349 0.745 56.1490 0.532 56.643 1
2	1	42.1681 1	56.1353 1
2	1	42.412 1	56.1365 1
2	1	42.428 1	56.1398 1
2	1	42.1671 1	56.884 1
4	3	42.224 1 42.790 1 42.823 1	56.392 1
2	1	42.303 1	56.1544 1
2	1	42.191 1	56.733 1
2	1	42.1159 1	56.428 1
2	1	42.211 1	56.754 1
2	1	42.570 1	56.988 1
2	1	42.101 1	56.201 1
2	1	42.938 1	56.844 1
4	3	42.373 0.066 42.489 0.072 42.650 1	56.1161 1
2	1	42.80 1	56.1301 1
2	1	42.293 1	56.273 1
3	2	42.1675 1 42.41 1	56.485 1
2	1	42.402 1	56.573 1
2	1	42.945 1	56.495 1
2	1	42.190 1	56.732 1
2	1	42.1151 1	56.109 1
2	1	42.1221 1	56.1637 1
2	1	42.313 1	56.1532 1
2	1	42.300 1	56.279 1
2	1	42.719 1	56.1293 1
3	2	42.173 1	56.294 0.896 56.866 1
2	1	42.132 1	56.704 1
2	1	42.1128 1	56.118 1
3	2	42.1008 1	56.1245 1 56.931 0.135
2	1	42.1089 1	56.1026 1
2	1	42.385 1	56.824 1
2	1	42.1006 1	56.1568 1
2	1	42.954 1	56.1906 1
2	1	42.1281 1	56.300 1
2	1	42.1883 1	56.967 1
2	1	42.1890 1	56.1879 1
3	2	42.960 1	56.354 1 56.882 0.855
7	6	42.1786 1	56.1419 0.286 56.1494 1 56.387 0.857 56.537 0.310 56.546 0.857 56.557 0.429
2	1	42.286 1	56.266 1
2	1	42.627 1	56.147 1
2	1	42.1889 1	56.225 1
2	1	42.727 1	56.562 1
2	1	42.320 1	56.1522 1
4	3	42.225 1 42.789 1 42.822 1	56.842 1
2	1	42.1413 1	56.1155 1
3	2	42.1462 1	56.39 1 56.94 1
2	1	42.1463 1	56.92 1
2	1	42.423 1	56.1393 1
2	1	42.631 1	56.151 1
22	120	42.436 1 42.521 1 42.804 1 42.842 1 42.894 1 42.1085 0.909 42.1175 1 42.1204 1 42.1256 1 42.1478 1 42.1544 1 42.1571 0.909	56.86 1 56.215 0.979 56.302 0.979 56.385 0.979 56.674 0.979 56.686 0.979 56.940 0.979 56.1565 0.979 56.1652 0.979 56.1774 0.979
4	3	42.1673 1	56.1974 0.333 56.863 1 56.903 0.333
2	1	42.1836 1	56.1113 1
2	1	42.1032 1	56.839 1
13	42	42.1269 1 42.659 1 42.1517 1 42.42 0.875 42.1169 0.500 42.349 0.375 42.1850 0.125	56.987 1 56.1330 1 56.999 0.857 56.1282 0.375 56.1716 0.375 56.1310 0.284
3	2	42.1914 1	56.1875 1 56.339 0.129
2	1	42.1231 1	56.572 1
2	1	42.1875 1	56.1436 1
10	16	42.1339 1 42.1485 1 42.1772 1 42.440 1 42.525 1 42.596 1 42.616 1 42.898 1	56.1315 1 56.1787 1
2	1	42.1869 1	56.1087 1
2	1	42.634 1	56.153 1
5	6	42.226 1 42.788 1 42.821 1	56.394 0.222 56.843 1
2	1	42.690 1	56.315 1
10	25	42.1145 0.909 42.179 1 42.32 0.955 42.361 1 42.58 0.955	56.1014 0.679 56.1020 0.483 56.1047 1 56.455 1 56.504 0.839
5	4	42.1309 1 42.1426 0.169 42.466 0.139 42.932 0.128	56.1458 1
2	1	42.1087 1	56.1025 1
2	1	42.1510 1	56.1843 1
3	2	42.1906 0.482 42.1916 1	56.600 1
8	12	42.1168 0.231 42.1851 1	56.1250 1 56.1311 1 56.1387 0.914 56.1972 0.914 56.659 0.200 56.861 1
2	1	42.1778 1	56.223 1
2	1	42.1676 1	56.486 1
12	11	42.1264 0.318 42.1421 0.363 42.355 0.337 42.38 0.217 42.557 0.303 42.63 0.337 42.643 1 42.653 0.363 42.831 0.985 42.934 0.781 42.999 0.985	56.1546 1
2	1	42.418 1	56.1358 1
4	3	42.1313 1	56.1874 1 56.340 0.330 56.518 0.287
2	1	42.389 1	56.820 1
2	1	42.1496 1	56.1856 1
2	1	42.931 1	56.1477 1
2	1	42.756 1	56.620 1
2	1	42.1657 1	56.781 1
2	1	42.1110 1	56.698 1
14	48	42.1078 1 42.1202 1 42.620 1 42.664 1 42.685 1 42.758 1 42.803 1 42.893 1	56.1016 1 56.1776 1 56.1777 1 56.1963 1 56.216 1 56.691 1
2	1	42.1038 1	56.1895 1
2	1	42.1398 1	56.889 1
2	1	42.1414 1	56.1154 1
2	1	42.1475 1	56.164 1
2	1	42.1647 1	56.1033 1
2	1	42.726 1	56.563 1
2	1	42.415 1	56.1361 1
3	2	42.718 1	56.1141 1 56.941 0.105
2	1	42.1357 1	56.580 1
14	48	42.830 1 42.1672 1 42.354 0.488 42.1000 0.313 42.654 0.174 42.1422 0.126 42.1265 0.102 42.1137 0.060	56.881 1 56.1006 1 56.1253 1 56.1654 0.212 56.850 0.113 56.910 0.105
2	1	42.724 1	56.1450 1
16	48	42.1022 0.609 42.1401 0.435 42.1428 0.435 42.1546 0.435 42.1584 0.435 42.1683 1 42.1737 0.435 42.348 0.435 42.465 0.348 42.64 0.435 42.660 0.435 42.955 0.522	56.1426 0.636 56.1703 0.773 56.492 1 56.960 0.727
2	1	42.1921 1	56.525 1
15	36	42.1307 1 42.1805 1 42.983 0.422	56.1467 1 56.1908 1 56.500 0.515 56.1585 0.456 56.910 0.279 56.1986 0.235 56.1976 0.098 56.1073 0.096 56.1075 0.096 56.1654 0.085 56.649 0.073 56.1545 0.066
19	48	42.1177 1 42.1083 1 42.1075 0.403 42.438 0.390 42.1770 0.376 42.523 0.350 42.618 0.350 42.896 0.350 42.1337 0.337 42.598 0.331 42.1029 0.305 42.1569 0.259 42.1632 0.187 42.1483 0.173 42.1198 0.062 42.688 0.058	56.556 1 56.554 1 56.1922 0.109
2	1	42.285 1	56.264 1
3	2	42.155 1	56.1052 1 56.1967 0.103
2	1	42.1619 1	56.1934 1
2	1	42.1795 1	56.1127 1
5	6	42.229 1 42.785 1 42.818 1	56.560 1 56.769 0.769
2	1	42.888 1	56.1229 1
2	1	42.1740 1	56.18 1
2	1	42.460 1	56.1626 1
2	1	42.1648 1	56.1032 1
2	1	42.475 1	56.1640 1
2	1	42.368 1	56.1209 1
2	1	42.585 1	56.1341 1
2	1	42.638 1	56.158 1
2	1	42.1040 1	56.1606 1
2	1	42.311 1	56.1533 1
