Size	Relations	OrthoA	OrthoB
2	1	34.51 1	62.385 1
2	1	34.50 1	62.384 1
2	1	34.743 1	62.1193 1
2	1	34.75 1	62.97 1
2	1	34.1005 1	62.388 1
2	1	34.605 1	62.1789 1
2	1	34.163 1	62.861 1
2	1	34.387 1	62.1111 1
2	1	34.215 1	62.1060 1
2	1	34.589 1	62.1147 1
2	1	34.65 1	62.109 1
2	1	34.979 1	62.1972 1
2	1	34.767 1	62.1013 1
2	1	34.368 1	62.916 1
2	1	34.512 1	62.1781 1
2	1	34.514 1	62.1783 1
2	1	34.74 1	62.125 1
2	1	34.861 1	62.1281 1
2	1	34.3 1	62.309 1
2	1	34.371 1	62.919 1
2	1	34.4 1	62.310 1
3	2	34.545 1	62.569 1 62.2125 0.764
2	1	34.469 1	62.1511 1
2	1	34.160 1	62.1871 1
2	1	34.156 1	62.634 1
2	1	34.399 1	62.2044 1
2	1	34.841 1	62.1326 1
2	1	34.61 1	62.439 1
2	1	34.875 1	62.352 1
2	1	34.59 1	62.437 1
2	1	34.1047 1	62.87 1
2	1	34.13 1	62.319 1
2	1	34.805 1	62.1629 1
2	1	34.229 1	62.1401 1
2	1	34.128 1	62.2019 1
2	1	34.478 1	62.1970 1
2	1	34.200 1	62.1286 1
2	1	34.876 1	62.2097 1
2	1	34.236 1	62.51 1
2	1	34.1035 1	62.64 1
2	1	34.275 1	62.371 1
2	1	34.71 1	62.1399 1
2	1	34.89 1	62.2063 1
2	1	34.985 1	62.1984 1
2	1	34.248 1	62.50 1
2	1	34.1004 1	62.389 1
2	1	34.729 1	62.1190 1
2	1	34.182 1	62.1618 1
2	1	34.1054 1	62.101 1
2	1	34.19 1	62.263 1
2	1	34.208 1	62.2027 1
2	1	34.948 1	62.495 1
2	1	34.192 1	62.1318 1
2	1	34.491 1	62.1568 1
2	1	34.189 1	62.1276 1
2	1	34.1062 1	62.298 1
2	1	34.727 1	62.1188 1
2	1	34.108 1	62.514 1
2	1	34.98 1	62.343 1
2	1	34.274 1	62.370 1
2	1	34.486 1	62.2046 1
2	1	34.276 1	62.897 1
2	1	34.797 1	62.1145 1
2	1	34.320 1	62.1293 1
2	1	34.999 1	62.921 1
2	1	34.777 1	62.1751 1
2	1	34.801 1	62.365 1
2	1	34.869 1	62.121 1
2	1	34.848 1	62.2076 1
2	1	34.335 1	62.1223 1
3	2	34.1063 1 34.1065 1	62.299 1
2	1	34.360 1	62.26 1
2	1	34.988 1	62.1313 1
2	1	34.839 1	62.1324 1
2	1	34.179 1	62.1654 1
2	1	34.1038 1	62.67 1
2	1	34.1050 1	62.62 1
2	1	34.751 1	62.1377 1
2	1	34.302 1	62.1517 1
2	1	34.341 1	62.1321 1
2	1	34.865 1	62.1657 1
3	2	34.351 1 34.816 0.777	62.1146 1
2	1	34.991 1	62.1316 1
2	1	34.1048 1	62.88 1
2	1	34.131 1	62.2022 1
2	1	34.113 1	62.507 1
2	1	34.784 1	62.1017 1
2	1	34.818 1	62.452 1
2	1	34.508 1	62.2155 1
2	1	34.776 1	62.1752 1
2	1	34.990 1	62.1315 1
2	1	34.1059 1	62.295 1
2	1	34.86 1	62.444 1
2	1	34.149 1	62.455 1
2	1	34.188 1	62.553 1
2	1	34.374 1	62.2131 1
2	1	34.327 1	62.1480 1
2	1	34.964 1	62.479 1
2	1	34.888 1	62.1918 1
2	1	34.1026 1	62.227 1
2	1	34.1051 1	62.63 1
2	1	34.151 1	62.457 1
2	1	34.1040 1	62.69 1
2	1	34.1000 1	62.922 1
2	1	34.490 1	62.1567 1
2	1	34.348 1	62.850 1
2	1	34.463 1	62.1299 1
2	1	34.1064 1	62.536 1
2	1	34.15 1	62.321 1
2	1	34.266 1	62.1402 1
2	1	34.461 1	62.1181 1
2	1	34.220 1	62.620 1
2	1	34.919 1	62.2101 1
2	1	34.158 1	62.407 1
2	1	34.18 1	62.264 1
2	1	34.792 1	62.1026 1
2	1	34.759 1	62.1137 1
2	1	34.5 1	62.311 1
3	2	34.1033 1 34.680 0.906	62.1717 1
2	1	34.756 1	62.1134 1
2	1	34.936 1	62.372 1
2	1	34.871 1	62.91 1
2	1	34.26 1	62.158 1
2	1	34.234 1	62.52 1
2	1	34.243 1	62.423 1
2	1	34.130 1	62.2021 1
2	1	34.133 1	62.2024 1
2	1	34.31 1	62.86 1
2	1	34.345 1	62.254 1
2	1	34.793 1	62.1027 1
2	1	34.879 1	62.2095 1
2	1	34.884 1	62.1469 1
2	1	34.1067 1	62.301 1
2	1	34.941 1	62.500 1
2	1	34.779 1	62.1749 1
2	1	34.1053 1	62.142 1
2	1	34.516 1	62.2130 1
2	1	34.68 1	62.1398 1
3	2	34.993 1 34.40 0.932	62.915 1
2	1	34.728 1	62.1189 1
2	1	34.7 1	62.313 1
2	1	34.396 1	62.2041 1
2	1	34.366 1	62.1271 1
2	1	34.838 1	62.1323 1
2	1	34.716 1	62.575 1
2	1	34.103 1	62.510 1
2	1	34.935 1	62.373 1
2	1	34.102 1	62.2127 1
2	1	34.825 1	62.448 1
2	1	34.989 1	62.1314 1
2	1	34.369 1	62.917 1
2	1	34.329 1	62.1222 1
2	1	34.39 1	62.2008 1
2	1	34.388 1	62.1098 1
2	1	34.289 1	62.1004 1
2	1	34.386 1	62.1115 1
2	1	34.731 1	62.1192 1
2	1	34.126 1	62.1384 1
2	1	34.518 1	62.2078 1
2	1	34.775 1	62.1753 1
2	1	34.321 1	62.1292 1
2	1	34.748 1	62.626 1
2	1	34.778 1	62.1750 1
2	1	34.413 1	62.563 1
2	1	34.857 1	62.1277 1
2	1	34.121 1	62.2014 1
2	1	34.844 1	62.1334 1
2	1	34.106 1	62.404 1
2	1	34.344 1	62.253 1
2	1	34.191 1	62.668 1
2	1	34.744 1	62.1194 1
2	1	34.713 1	62.36 1
2	1	34.554 1	62.1514 1
4	3	34.619 1 34.217 0.831 34.1019 0.703	62.1404 1
2	1	34.881 1	62.2093 1
2	1	34.961 1	62.482 1
2	1	34.574 1	62.1576 1
2	1	34.745 1	62.1195 1
2	1	34.855 1	62.2065 1
2	1	34.80 1	62.122 1
2	1	34.1043 1	62.71 1
2	1	34.724 1	62.1184 1
2	1	34.786 1	62.1019 1
2	1	34.809 1	62.1625 1
2	1	34.823 1	62.450 1
2	1	34.1037 1	62.66 1
2	1	34.1 1	62.307 1
2	1	34.807 1	62.1627 1
2	1	34.464 1	62.1298 1
2	1	34.570 1	62.625 1
2	1	34.76 1	62.96 1
2	1	34.696 1	62.15 1
2	1	34.912 1	62.408 1
2	1	34.93 1	62.1663 1
2	1	34.992 1	62.1317 1
2	1	34.313 1	62.1129 1
2	1	34.885 1	62.1470 1
2	1	34.934 1	62.374 1
2	1	34.67 1	62.1397 1
2	1	34.1069 1	62.303 1
2	1	34.509 1	62.1528 1
2	1	34.81 1	62.1238 1
2	1	34.78 1	62.124 1
2	1	34.2 1	62.308 1
2	1	34.356 1	62.524 1
2	1	34.53 1	62.431 1
2	1	34.852 1	62.2068 1
2	1	34.920 1	62.2100 1
2	1	34.198 1	62.105 1
2	1	34.567 1	62.622 1
2	1	34.187 1	62.551 1
2	1	34.966 1	62.477 1
3	2	34.634 1	62.117 1 62.1450 1
2	1	34.893 1	62.1922 1
2	1	34.290 1	62.1002 1
2	1	34.376 1	62.1064 1
2	1	34.1006 1	62.387 1
2	1	34.821 1	62.1985 1
2	1	34.60 1	62.438 1
2	1	34.361 1	62.27 1
3	2	34.377 1	62.1063 1 62.1579 0.787
2	1	34.14 1	62.320 1
2	1	34.573 1	62.1534 1
2	1	34.813 1	62.1319 1
2	1	34.950 1	62.493 1
2	1	34.1042 1	62.70 1
2	1	34.241 1	62.421 1
2	1	34.874 1	62.1718 1
2	1	34.531 1	62.1966 1
2	1	34.308 1	62.1389 1
2	1	34.946 1	62.502 1
2	1	34.955 1	62.488 1
2	1	34.211 1	62.413 1
2	1	34.765 1	62.1011 1
2	1	34.90 1	62.1100 1
2	1	34.9 1	62.315 1
2	1	34.150 1	62.456 1
2	1	34.967 1	62.476 1
3	2	34.294 1	62.1199 1 62.361 0.784
2	1	34.82 1	62.108 1
2	1	34.1007 1	62.386 1
4	4	34.1045 0.155 34.1046 1	62.107 1 62.1870 0.847
2	1	34.854 1	62.2066 1
2	1	34.960 1	62.483 1
2	1	34.952 1	62.491 1
2	1	34.557 1	62.230 1
2	1	34.237 1	62.426 1
2	1	34.1014 1	62.696 1
2	1	34.378 1	62.1755 1
2	1	34.232 1	62.1359 1
2	1	34.135 1	62.216 1
2	1	34.306 1	62.1131 1
3	2	34.330 0.326 34.895 1	62.1925 1
2	1	34.197 1	62.2084 1
2	1	34.30 1	62.1658 1
3	2	34.307 1	62.2126 1 62.1130 0.718
2	1	34.853 1	62.2067 1
2	1	34.100 1	62.345 1
3	2	34.245 1 34.455 0.165	62.415 1
2	1	34.757 1	62.1135 1
2	1	34.1027 1	62.229 1
2	1	34.125 1	62.1383 1
2	1	34.548 1	62.1780 1
2	1	34.635 1	62.1263 1
2	1	34.36 1	62.77 1
2	1	34.460 1	62.2150 1
4	3	34.994 1	62.134 0.060 62.255 1 62.256 0.093
2	1	34.339 1	62.527 1
2	1	34.79 1	62.123 1
2	1	34.542 1	62.1441 1
3	2	34.485 1 34.511 0.627	62.2048 1
2	1	34.929 1	62.1655 1
2	1	34.20 1	62.262 1
2	1	34.860 1	62.1280 1
2	1	34.38 1	62.2007 1
2	1	34.541 1	62.1442 1
2	1	34.859 1	62.1279 1
2	1	34.201 1	62.1385 1
2	1	34.408 1	62.554 1
3	2	34.851 1	62.2069 1 62.1556 0.806
2	1	34.1057 1	62.293 1
2	1	34.123 1	62.2017 1
2	1	34.183 1	62.1619 1
2	1	34.843 1	62.1335 1
2	1	34.858 1	62.1278 1
2	1	34.957 1	62.486 1
2	1	34.726 1	62.1187 1
2	1	34.896 1	62.1926 1
2	1	34.304 1	62.1133 1
2	1	34.1066 1	62.300 1
2	1	34.747 1	62.1197 1
2	1	34.942 1	62.499 1
2	1	34.132 1	62.2023 1
2	1	34.11 1	62.317 1
2	1	34.406 1	62.1366 1
2	1	34.99 1	62.344 1
2	1	34.746 1	62.1196 1
3	2	34.287 1	62.1237 1 62.715 0.171
2	1	34.29 1	62.1659 1
2	1	34.340 1	62.528 1
2	1	34.905 1	62.1372 1
2	1	34.943 1	62.498 1
2	1	34.947 1	62.496 1
2	1	34.295 1	62.1198 1
2	1	34.105 1	62.397 1
2	1	34.763 1	62.1009 1
2	1	34.148 1	62.453 1
2	1	34.846 1	62.268 1
2	1	34.279 1	62.1508 1
2	1	34.365 1	62.1272 1
2	1	34.940 1	62.501 1
2	1	34.949 1	62.494 1
2	1	34.953 1	62.490 1
2	1	34.260 1	62.894 1
2	1	34.483 1	62.1552 1
2	1	34.880 1	62.2094 1
2	1	34.127 1	62.2018 1
2	1	34.342 1	62.1328 1
2	1	34.471 1	62.1512 1
3	2	34.918 1	62.519 1 62.689 0.101
2	1	34.474 1	62.1969 1
2	1	34.95 1	62.1662 1
2	1	34.223 1	62.1043 1
3	2	34.52 1 34.677 0.878	62.146 1
2	1	34.394 1	62.1080 1
2	1	34.12 1	62.318 1
2	1	34.319 1	62.1294 1
2	1	34.1029 1	62.231 1
2	1	34.808 1	62.1626 1
2	1	34.933 1	62.375 1
2	1	34.55 1	62.433 1
2	1	34.305 1	62.1132 1
2	1	34.267 1	62.864 1
2	1	34.280 1	62.60 1
2	1	34.1044 1	62.72 1
2	1	34.1052 1	62.61 1
2	1	34.690 1	62.1855 1
2	1	34.762 1	62.1007 1
4	3	34.596 1	62.1140 0.103 62.1141 1 62.1172 0.191
2	1	34.962 1	62.481 1
2	1	34.968 1	62.475 1
2	1	34.969 1	62.2102 1
3	2	34.146 1 34.16 0.733	62.856 1
2	1	34.249 1	62.1262 1
2	1	34.32 1	62.83 1
2	1	34.938 1	62.1747 1
3	2	34.139 1 34.144 0.590	62.215 1
2	1	34.87 1	62.445 1
2	1	34.286 1	62.1269 1
2	1	34.437 1	62.1515 1
2	1	34.585 1	62.150 1
2	1	34.837 1	62.1322 1
2	1	34.101 1	62.851 1
2	1	34.42 1	62.1671 1
2	1	34.812 1	62.1621 1
2	1	34.963 1	62.480 1
2	1	34.510 1	62.1507 1
2	1	34.872 1	62.93 1
2	1	34.930 1	62.1656 1
2	1	34.1025 1	62.226 1
2	1	34.357 1	62.525 1
2	1	34.284 1	62.1164 1
2	1	34.207 1	62.2026 1
2	1	34.262 1	62.896 1
2	1	34.587 1	62.151 1
2	1	34.785 1	62.1018 1
2	1	34.203 1	62.1387 1
2	1	34.862 1	62.714 1
2	1	34.798 1	62.1264 1
2	1	34.77 1	62.95 1
2	1	34.800 1	62.1297 1
2	1	34.799 1	62.1265 1
4	3	34.244 0.516 34.255 1 34.671 0.234	62.430 1
2	1	34.181 1	62.1652 1
2	1	34.353 1	62.521 1
2	1	34.737 1	62.541 1
2	1	34.8 1	62.314 1
2	1	34.889 1	62.1919 1
2	1	34.924 1	62.920 1
3	2	34.645 1 34.652 0.572	62.1407 1
2	1	34.758 1	62.1136 1
2	1	34.890 1	62.1920 1
2	1	34.951 1	62.492 1
2	1	34.358 1	62.1122 1
2	1	34.484 1	62.2045 1
2	1	34.782 1	62.549 1
4	3	34.97 1	62.1274 0.402 62.1519 0.151 62.342 1
2	1	34.109 1	62.505 1
2	1	34.282 1	62.1166 1
2	1	34.806 1	62.1628 1
2	1	34.811 1	62.1623 1
2	1	34.104 1	62.511 1
2	1	34.196 1	62.2077 1
2	1	34.43 1	62.1670 1
2	1	34.921 1	62.369 1
2	1	34.958 1	62.485 1
2	1	34.736 1	62.542 1
2	1	34.897 1	62.2031 1
2	1	34.124 1	62.1285 1
2	1	34.370 1	62.918 1
2	1	34.25 1	62.159 1
3	2	34.251 0.099 34.543 1	62.427 1
2	1	34.57 1	62.435 1
2	1	34.956 1	62.487 1
2	1	34.850 1	62.2070 1
2	1	34.817 1	62.2098 1
2	1	34.810 1	62.1624 1
2	1	34.710 1	62.392 1
2	1	34.395 1	62.73 1
2	1	34.453 1	62.2151 1
3	2	34.343 1	62.1329 1 62.1745 0.892
2	1	34.770 1	62.2061 1
2	1	34.1039 1	62.68 1
2	1	34.219 1	62.617 1
2	1	34.375 1	62.1065 1
2	1	34.715 1	62.576 1
7	6	34.802 1	62.1379 0.145 62.1819 0.070 62.1842 0.088 62.236 0.087 62.364 1 62.886 0.125
2	1	34.231 1	62.1973 1
2	1	34.738 1	62.540 1
2	1	34.954 1	62.489 1
2	1	34.10 1	62.316 1
2	1	34.1058 1	62.294 1
2	1	34.23 1	62.259 1
2	1	34.1013 1	62.504 1
2	1	34.1030 1	62.251 1
2	1	34.922 1	62.562 1
2	1	34.202 1	62.1386 1
2	1	34.216 1	62.552 1
2	1	34.22 1	62.260 1
2	1	34.546 1	62.1570 1
2	1	34.708 1	62.565 1
2	1	34.725 1	62.1186 1
2	1	34.965 1	62.478 1
2	1	34.584 1	62.149 1
2	1	34.840 1	62.1325 1
2	1	34.64 1	62.1661 1
2	1	34.717 1	62.1440 1
2	1	34.787 1	62.1020 1
2	1	34.473 1	62.1968 1
5	4	34.704 1	62.1808 1 62.466 0.106 62.969 0.161 62.971 0.112
2	1	34.730 1	62.1191 1
2	1	34.945 1	62.497 1
2	1	34.505 1	62.1584 1
3	2	34.1031 1 34.46 0.111	62.708 1
2	1	34.347 1	62.529 1
2	1	34.400 1	62.550 1
2	1	34.764 1	62.1010 1
2	1	34.1036 1	62.65 1
2	1	34.174 1	62.2124 1
2	1	34.24 1	62.258 1
2	1	34.452 1	62.2152 1
2	1	34.85 1	62.443 1
3	2	34.998 1	62.1142 1 62.1620 0.750
3	2	34.526 1	62.561 1 62.557 0.830
2	1	34.147 1	62.857 1
2	1	34.300 1	62.1275 1
2	1	34.116 1	62.509 1
2	1	34.21 1	62.261 1
3	2	34.247 1 34.670 1	62.429 1
2	1	34.322 1	62.1373 1
2	1	34.790 1	62.1021 1
2	1	34.780 1	62.1748 1
2	1	34.579 1	62.1365 1
2	1	34.58 1	62.436 1
2	1	34.819 1	62.451 1
2	1	34.873 1	62.94 1
2	1	34.45 1	62.1577 1
2	1	34.157 1	62.635 1
2	1	34.414 1	62.564 1
7	10	34.137 1 34.140 1	62.240 1 62.1958 1 62.772 0.610 62.950 0.602 62.281 0.063
2	1	34.959 1	62.484 1
2	1	34.397 1	62.2042 1
2	1	34.803 1	62.143 1
2	1	34.847 1	62.2071 1
2	1	34.261 1	62.895 1
2	1	34.766 1	62.1012 1
2	1	34.1023 1	62.224 1
2	1	34.186 1	62.567 1
2	1	34.84 1	62.106 1
2	1	34.1070 1	62.304 1
2	1	34.6 1	62.312 1
2	1	34.110 1	62.506 1
2	1	34.317 1	62.1296 1
2	1	34.326 1	62.1479 1
3	2	34.646 1 34.653 0.203	62.1406 1
3	2	34.749 1 34.34 0.928	62.1786 1
2	1	34.760 1	62.1006 1
2	1	34.898 1	62.2030 1
2	1	34.393 1	62.1081 1
2	1	34.476 1	62.1705 1
2	1	34.479 1	62.1062 1
2	1	34.894 1	62.1923 1
2	1	34.824 1	62.449 1
2	1	34.56 1	62.434 1
2	1	34.565 1	62.1983 1
2	1	34.669 1	62.1338 1
2	1	34.742 1	62.2040 1
2	1	34.791 1	62.1022 1
2	1	34.1071 1	62.305 1
2	1	34.448 1	62.1236 1
2	1	34.583 1	62.147 1
2	1	34.1022 1	62.222 1
2	1	34.1056 1	62.292 1
2	1	34.269 1	62.1332 1
2	1	34.283 1	62.1165 1
2	1	34.398 1	62.2043 1
2	1	34.325 1	62.1375 1
2	1	34.1024 1	62.225 1
2	1	34.239 1	62.416 1
2	1	34.35 1	62.78 1
2	1	34.691 1	62.2153 1
2	1	34.697 1	62.1423 1
2	1	34.293 1	62.572 1
2	1	34.180 1	62.1653 1
3	2	34.240 0.189 34.254 1	62.418 1
2	1	34.527 1	62.2156 1
2	1	34.315 1	62.1376 1
2	1	34.472 1	62.1967 1
2	1	34.525 1	62.2074 1
2	1	34.849 1	62.2075 1
2	1	34.338 1	62.156 1
2	1	34.346 1	62.2149 1
3	2	34.705 1	62.1171 1 62.2142 0.065
2	1	34.783 1	62.1016 1
2	1	34.62 1	62.440 1
3	2	34.495 1	62.176 1 62.645 0.524
2	1	34.129 1	62.2020 1
3	2	34.184 1	62.252 1 62.860 0.130
2	1	34.586 1	62.148 1
2	1	34.864 1	62.2154 1
2	1	34.311 1	62.1575 1
2	1	34.355 1	62.523 1
2	1	34.517 1	62.1971 1
2	1	34.576 1	62.1578 1
2	1	34.568 1	62.623 1
2	1	34.323 1	62.1374 1
3	2	34.662 1	62.53 0.165 62.960 1
2	1	34.769 1	62.1014 1
2	1	34.1055 1	62.383 1
2	1	34.314 1	62.1123 1
2	1	34.631 0.993	62.442 0.993
4	3	34.199 1 34.209 0.928 34.429 0.841	62.666 0.923
3	2	34.47 0.855 34.1060 0.818	62.1101 0.836
