Size	Relations	OrthoA	OrthoB
2	1	34.51 1	61.63 1
2	1	34.50 1	61.62 1
2	1	34.743 1	61.231 1
2	1	34.75 1	61.984 1
2	1	34.1005 1	61.66 1
2	1	34.605 1	61.1269 1
2	1	34.163 1	61.948 1
2	1	34.387 1	61.1137 1
2	1	34.589 1	61.1144 1
2	1	34.65 1	61.1124 1
2	1	34.215 1	61.341 1
2	1	34.767 1	61.408 1
2	1	34.979 1	61.1305 1
2	1	34.512 1	61.1180 1
2	1	34.514 1	61.1178 1
2	1	34.861 1	61.153 1
2	1	34.74 1	61.1119 1
2	1	34.3 1	61.473 1
2	1	34.4 1	61.472 1
2	1	34.371 1	61.547 1
3	2	34.545 1	61.774 1 61.1248 0.745
2	1	34.841 1	61.192 1
2	1	34.156 1	61.800 1
2	1	34.469 1	61.804 1
2	1	34.121 1	61.652 1
2	1	34.399 1	61.904 1
2	1	34.61 1	61.1230 1
2	1	34.160 1	61.148 1
2	1	34.59 1	61.1232 1
2	1	34.875 1	61.122 1
2	1	34.1047 1	61.994 1
2	1	34.229 1	61.98 1
2	1	34.805 1	61.515 1
2	1	34.13 1	61.463 1
2	1	34.478 1	61.1303 1
2	1	34.1035 1	61.1369 1
2	1	34.236 1	61.703 1
2	1	34.876 1	61.721 1
2	1	34.200 1	61.378 1
2	1	34.128 1	61.648 1
2	1	34.275 1	61.52 1
2	1	34.1004 1	61.67 1
2	1	34.89 1	61.744 1
2	1	34.1054 1	61.980 1
2	1	34.19 1	61.458 1
2	1	34.729 1	61.821 1
2	1	34.248 1	61.704 1
2	1	34.208 1	61.1057 1
2	1	34.182 1	61.690 1
2	1	34.948 1	61.20 1
2	1	34.192 1	61.873 1
2	1	34.189 1	61.1149 1
2	1	34.1062 1	61.129 1
2	1	34.108 1	61.172 1
2	1	34.491 1	61.143 1
2	1	34.274 1	61.53 1
2	1	34.727 1	61.823 1
2	1	34.98 1	61.859 1
2	1	34.797 1	61.1140 1
2	1	34.276 1	61.677 1
2	1	34.320 1	61.374 1
2	1	34.777 1	61.269 1
2	1	34.999 1	61.881 1
2	1	34.801 1	61.55 1
2	1	34.335 1	61.222 1
2	1	34.179 1	61.687 1
2	1	34.848 1	61.733 1
2	1	34.1063 1	61.130 1
2	1	34.869 1	61.1123 1
2	1	34.839 1	61.879 1
2	1	34.486 1	61.902 1
2	1	34.988 1	61.868 1
2	1	34.1038 1	61.1372 1
2	1	34.360 1	61.1257 1
2	1	34.751 1	61.346 1
2	1	34.865 1	61.928 1
2	1	34.302 1	61.810 1
2	1	34.1050 1	61.1367 1
2	1	34.991 1	61.871 1
2	1	34.113 1	61.1069 1
2	1	34.131 1	61.645 1
2	1	34.341 1	61.876 1
2	1	34.508 1	61.299 1
2	1	34.776 1	61.270 1
2	1	34.784 1	61.404 1
2	1	34.818 1	61.1046 1
2	1	34.1048 1	61.993 1
2	1	34.990 1	61.870 1
4	4	34.1059 1 34.316 0.726	61.126 1 61.127 0.718
2	1	34.374 1	61.1323 1
2	1	34.855 1	61.743 1
2	1	34.86 1	61.1225 1
2	1	34.1064 1	61.191 1
2	1	34.149 1	61.1049 1
2	1	34.964 1	61.36 1
2	1	34.1026 1	61.1341 1
2	1	34.1040 1	61.1374 1
2	1	34.1051 1	61.1368 1
2	1	34.888 1	61.246 1
2	1	34.1000 1	61.882 1
2	1	34.463 1	61.368 1
3	2	34.816 1 34.351 0.814	61.996 1
2	1	34.266 1	61.97 1
2	1	34.15 1	61.461 1
2	1	34.871 1	61.990 1
2	1	34.151 1	61.1051 1
2	1	34.759 1	61.1035 1
2	1	34.368 1	61.550 1
2	1	34.490 1	61.144 1
2	1	34.90 1	61.552 1
3	2	34.1033 1 34.680 0.906	61.120 1
2	1	34.936 1	61.51 1
2	1	34.5 1	61.471 1
2	1	34.461 1	61.504 1
2	1	34.756 1	61.1038 1
2	1	34.779 1	61.267 1
2	1	34.133 1	61.1054 1
2	1	34.188 1	61.1131 1
2	1	34.26 1	61.44 1
2	1	34.793 1	61.433 1
2	1	34.130 1	61.646 1
2	1	34.234 1	61.702 1
2	1	34.31 1	61.995 1
2	1	34.516 1	61.1324 1
2	1	34.501 1	61.940 1
2	1	34.792 1	61.432 1
2	1	34.941 1	61.15 1
2	1	34.884 1	61.423 1
2	1	34.345 1	61.116 1
2	1	34.7 1	61.469 1
2	1	34.993 1	61.382 1
2	1	34.1053 1	61.1334 1
2	1	34.728 1	61.822 1
2	1	34.879 1	61.723 1
2	1	34.1014 1	61.587 1
2	1	34.1067 1	61.132 1
2	1	34.366 1	61.1394 1
2	1	34.103 1	61.239 1
3	2	34.102 1 34.101 0.739	61.1246 1
2	1	34.396 1	61.907 1
2	1	34.838 1	61.878 1
2	1	34.935 1	61.50 1
10	9	34.245 1 34.243 0.794 34.411 0.854 34.455 0.854 34.614 0.780 34.615 0.854 34.663 0.889 34.675 0.790 34.831 0.697	61.210 1
2	1	34.369 1	61.549 1
2	1	34.39 1	61.1263 1
2	1	34.386 1	61.1136 1
2	1	34.825 1	61.1218 1
2	1	34.731 1	61.232 1
2	1	34.857 1	61.1150 1
2	1	34.989 1	61.869 1
2	1	34.289 1	61.698 1
2	1	34.126 1	61.936 1
2	1	34.329 1	61.448 1
2	1	34.748 1	61.973 1
2	1	34.716 1	61.778 1
2	1	34.321 1	61.375 1
2	1	34.554 1	61.807 1
2	1	34.413 1	61.1322 1
2	1	34.744 1	61.230 1
2	1	34.745 1	61.229 1
2	1	34.775 1	61.271 1
2	1	34.844 1	61.543 1
2	1	34.961 1	61.33 1
2	1	34.807 1	61.517 1
2	1	34.464 1	61.369 1
2	1	34.1043 1	61.1376 1
2	1	34.823 1	61.1216 1
2	1	34.786 1	61.402 1
2	1	34.696 1	61.1258 1
2	1	34.881 1	61.725 1
2	1	34.1037 1	61.1371 1
2	1	34.220 1	61.326 1
2	1	34.80 1	61.1122 1
2	1	34.809 1	61.519 1
2	1	34.1 1	61.475 1
2	1	34.105 1	61.72 1
2	1	34.76 1	61.985 1
2	1	34.78 1	61.1120 1
2	1	34.376 1	61.1272 1
2	1	34.912 1	61.1312 1
2	1	34.724 1	61.826 1
2	1	34.885 1	61.422 1
2	1	34.852 1	61.740 1
2	1	34.567 1	61.969 1
2	1	34.778 1	61.268 1
2	1	34.93 1	61.923 1
2	1	34.570 1	61.972 1
2	1	34.310 1	61.1398 1
2	1	34.53 1	61.1238 1
2	1	34.1069 1	61.897 1
2	1	34.509 1	61.557 1
2	1	34.520 1	61.619 1
2	1	34.356 1	61.181 1
2	1	34.893 1	61.333 1
2	1	34.187 1	61.1129 1
2	1	34.81 1	61.481 1
2	1	34.934 1	61.49 1
2	1	34.966 1	61.38 1
2	1	34.1006 1	61.65 1
2	1	34.2 1	61.474 1
2	1	34.361 1	61.1256 1
2	1	34.290 1	61.699 1
2	1	34.377 1	61.1271 1
2	1	34.1042 1	61.1375 1
2	1	34.14 1	61.462 1
2	1	34.198 1	61.108 1
2	1	34.313 1	61.1043 1
2	1	34.765 1	61.410 1
2	1	34.992 1	61.872 1
2	1	34.521 1	61.618 1
2	1	34.950 1	61.22 1
2	1	34.438 1	61.571 1
2	1	34.60 1	61.1231 1
2	1	34.813 1	61.874 1
2	1	34.150 1	61.1050 1
2	1	34.874 1	61.121 1
2	1	34.211 1	61.209 1
2	1	34.294 1	61.225 1
2	1	34.388 1	61.1288 1
2	1	34.967 1	61.39 1
2	1	34.372 1	61.546 1
2	1	34.9 1	61.467 1
2	1	34.946 1	61.13 1
2	1	34.955 1	61.27 1
2	1	34.82 1	61.105 1
2	1	34.510 1	61.138 1
2	1	34.854 1	61.742 1
2	1	34.952 1	61.24 1
2	1	34.1007 1	61.64 1
2	1	34.960 1	61.32 1
2	1	34.985 1	61.747 1
2	1	34.378 1	61.273 1
2	1	34.853 1	61.741 1
2	1	34.18 1	61.459 1
2	1	34.557 1	61.1171 1
2	1	34.100 1	61.712 1
2	1	34.125 1	61.937 1
2	1	34.232 1	61.628 1
4	4	34.1045 1 34.1046 0.182	61.106 1 61.887 0.687
3	2	34.485 1 34.511 0.636	61.901 1
2	1	34.1027 1	61.1170 1
2	1	34.306 1	61.1041 1
2	1	34.757 1	61.1037 1
3	2	34.307 1	61.1247 1 61.1042 0.721
3	2	34.330 0.334 34.895 1	61.290 1
2	1	34.30 1	61.927 1
2	1	34.635 1	61.489 1
2	1	34.408 1	61.1132 1
2	1	34.79 1	61.1121 1
2	1	34.851 1	61.739 1
2	1	34.460 1	61.943 1
2	1	34.548 1	61.1181 1
2	1	34.929 1	61.930 1
3	2	34.860 1	61.1153 1 61.154 0.407
2	1	34.896 1	61.291 1
2	1	34.20 1	61.457 1
2	1	34.38 1	61.1262 1
2	1	34.541 1	61.1102 1
2	1	34.957 1	61.29 1
2	1	34.1066 1	61.131 1
2	1	34.339 1	61.184 1
2	1	34.542 1	61.1101 1
2	1	34.132 1	61.1053 1
2	1	34.183 1	61.691 1
2	1	34.843 1	61.542 1
2	1	34.123 1	61.650 1
2	1	34.36 1	61.1382 1
2	1	34.531 1	61.1299 1
2	1	34.859 1	61.1152 1
2	1	34.304 1	61.1039 1
2	1	34.858 1	61.1151 1
2	1	34.942 1	61.16 1
7	10	34.148 1 34.41 0.960 34.209 0.925 34.429 0.840 34.717 0.855	61.1047 1 61.1228 0.895
2	1	34.287 1	61.482 1
2	1	34.201 1	61.935 1
2	1	34.260 1	61.674 1
2	1	34.286 1	61.1392 1
2	1	34.747 1	61.227 1
2	1	34.905 1	61.1204 1
2	1	34.947 1	61.19 1
2	1	34.365 1	61.1355 1
2	1	34.763 1	61.412 1
2	1	34.99 1	61.860 1
2	1	34.348 1	61.608 1
2	1	34.483 1	61.762 1
2	1	34.279 1	61.139 1
2	1	34.726 1	61.824 1
2	1	34.1057 1	61.124 1
2	1	34.11 1	61.465 1
2	1	34.280 1	61.1365 1
2	1	34.29 1	61.926 1
2	1	34.949 1	61.21 1
2	1	34.127 1	61.649 1
2	1	34.953 1	61.25 1
2	1	34.295 1	61.226 1
4	3	34.217 1 34.619 0.710 34.1019 0.766	61.1399 1
2	1	34.746 1	61.228 1
2	1	34.943 1	61.17 1
2	1	34.95 1	61.924 1
2	1	34.474 1	61.1302 1
2	1	34.158 1	61.1311 1
2	1	34.223 1	61.436 1
2	1	34.471 1	61.805 1
2	1	34.587 1	61.1279 1
2	1	34.940 1	61.14 1
2	1	34.340 1	61.185 1
3	2	34.52 1 34.677 0.878	61.1330 1
2	1	34.12 1	61.464 1
2	1	34.1029 1	61.1172 1
2	1	34.319 1	61.373 1
2	1	34.394 1	61.1414 1
2	1	34.1044 1	61.1377 1
2	1	34.305 1	61.1040 1
2	1	34.690 1	61.249 1
2	1	34.55 1	61.1236 1
2	1	34.880 1	61.724 1
2	1	34.933 1	61.48 1
2	1	34.782 1	61.1127 1
2	1	34.969 1	61.440 1
2	1	34.798 1	61.490 1
2	1	34.808 1	61.518 1
2	1	34.1052 1	61.1366 1
2	1	34.799 1	61.491 1
2	1	34.308 1	61.1274 1
2	1	34.994 1	61.117 1
2	1	34.32 1	61.997 1
2	1	34.87 1	61.1224 1
2	1	34.930 1	61.929 1
2	1	34.962 1	61.34 1
2	1	34.203 1	61.933 1
2	1	34.267 1	61.1196 1
2	1	34.518 1	61.731 1
2	1	34.812 1	61.522 1
2	1	34.1025 1	61.1340 1
3	2	34.146 1 34.16 0.733	61.953 1
2	1	34.846 1	61.434 1
2	1	34.968 1	61.40 1
2	1	34.484 1	61.903 1
2	1	34.437 1	61.808 1
2	1	34.872 1	61.988 1
2	1	34.357 1	61.182 1
2	1	34.596 1	61.1079 1
2	1	34.963 1	61.35 1
2	1	34.837 1	61.877 1
2	1	34.585 1	61.1280 1
2	1	34.785 1	61.403 1
2	1	34.762 1	61.1402 1
3	2	34.645 0.574 34.652 1	61.136 1
2	1	34.262 1	61.676 1
2	1	34.301 1	61.617 1
2	1	34.800 1	61.370 1
2	1	34.207 1	61.1056 1
2	1	34.104 1	61.240 1
2	1	34.181 1	61.689 1
2	1	34.951 1	61.23 1
2	1	34.197 1	61.728 1
2	1	34.353 1	61.178 1
2	1	34.811 1	61.521 1
2	1	34.889 1	61.245 1
8	7	34.117 0.139 34.119 0.121 34.204 1 34.481 0.090 34.539 0.121 34.693 0.121 34.835 0.272	61.1078 1
3	2	34.685 1 34.689 0.708	61.678 1
2	1	34.890 1	61.244 1
2	1	34.526 1	61.348 1
2	1	34.758 1	61.1036 1
2	1	34.109 1	61.1071 1
2	1	34.921 1	61.54 1
2	1	34.124 1	61.379 1
2	1	34.395 1	61.1378 1
3	2	34.97 1	61.1353 0.299 61.811 1
2	1	34.1058 1	61.125 1
2	1	34.196 1	61.732 1
3	2	34.199 1 34.40 0.941	61.377 1
2	1	34.358 1	61.1135 1
2	1	34.806 1	61.516 1
2	1	34.77 1	61.986 1
2	1	34.956 1	61.28 1
2	1	34.958 1	61.30 1
2	1	34.23 1	61.454 1
2	1	34.370 1	61.548 1
2	1	34.25 1	61.45 1
2	1	34.231 1	61.1306 1
2	1	34.922 1	61.349 1
2	1	34.473 1	61.1301 1
2	1	34.810 1	61.520 1
2	1	34.1039 1	61.1373 1
2	1	34.22 1	61.455 1
2	1	34.1030 1	61.1173 1
7	6	34.135 1	61.1348 0.193 61.578 1 61.693 0.592 61.717 0.117 61.956 0.181 61.979 0.187
2	1	34.375 1	61.1273 1
2	1	34.453 1	61.944 1
2	1	34.850 1	61.738 1
2	1	34.715 1	61.779 1
2	1	34.249 1	61.968 1
2	1	34.840 1	61.880 1
2	1	34.873 1	61.987 1
2	1	34.708 1	61.1320 1
2	1	34.965 1	61.37 1
2	1	34.202 1	61.934 1
2	1	34.64 1	61.925 1
2	1	34.918 1	61.177 1
2	1	34.1036 1	61.1370 1
2	1	34.505 1	61.830 1
2	1	34.343 1	61.264 1
2	1	34.546 1	61.360 1
2	1	34.770 1	61.746 1
3	2	34.802 1	61.296 0.132 61.56 1
2	1	34.970 1	61.642 1
2	1	34.725 1	61.825 1
2	1	34.787 1	61.401 1
2	1	34.938 1	61.611 1
2	1	34.10 1	61.466 1
2	1	34.736 1	61.1125 1
2	1	34.954 1	61.26 1
2	1	34.406 1	61.623 1
17	30	34.137 0.735 34.140 1	61.1387 0.755 61.1421 0.689 61.156 0.050 61.220 0.060 61.252 0.792 61.256 1 61.309 0.619 61.445 0.596 61.495 0.237 61.505 0.556 61.532 0.381 61.563 0.086 61.574 0.281 61.600 0.093 61.755 0.736
2	1	34.452 1	61.945 1
2	1	34.584 1	61.1281 1
2	1	34.8 1	61.468 1
2	1	34.24 1	61.453 1
2	1	34.400 1	61.1128 1
2	1	34.945 1	61.18 1
2	1	34.446 1	61.485 1
2	1	34.85 1	61.1226 1
2	1	34.116 1	61.1068 1
2	1	34.324 1	61.1207 1
2	1	34.414 1	61.1321 1
2	1	34.147 1	61.952 1
2	1	34.338 1	61.42 1
2	1	34.790 1	61.400 1
2	1	34.764 1	61.411 1
2	1	34.21 1	61.456 1
2	1	34.1013 1	61.11 1
2	1	34.579 1	61.625 1
2	1	34.766 1	61.409 1
2	1	34.58 1	61.1233 1
2	1	34.397 1	61.906 1
2	1	34.322 1	61.1205 1
2	1	34.780 1	61.266 1
2	1	34.84 1	61.107 1
2	1	34.157 1	61.801 1
2	1	34.300 1	61.1148 1
2	1	34.346 1	61.942 1
2	1	34.57 1	61.1234 1
2	1	34.959 1	61.31 1
2	1	34.110 1	61.1070 1
2	1	34.186 1	61.773 1
2	1	34.261 1	61.675 1
2	1	34.547 1	61.1428 1
2	1	34.1070 1	61.896 1
2	1	34.803 1	61.1333 1
2	1	34.583 1	61.1329 1
2	1	34.630 1	61.322 1
2	1	34.847 1	61.737 1
2	1	34.317 1	61.371 1
2	1	34.393 1	61.1413 1
2	1	34.107 1	61.1126 1
2	1	34.212 1	61.250 1
2	1	34.6 1	61.470 1
2	1	34.1056 1	61.123 1
2	1	34.269 1	61.545 1
2	1	34.1023 1	61.1338 1
2	1	34.760 1	61.1403 1
2	1	34.1022 1	61.855 1
3	2	34.34 1 34.749 0.928	61.1384 1
2	1	34.398 1	61.905 1
2	1	34.56 1	61.1235 1
2	1	34.669 1	61.570 1
2	1	34.791 1	61.399 1
2	1	34.1071 1	61.895 1
3	2	34.646 1 34.653 0.208	61.135 1
2	1	34.824 1	61.1217 1
2	1	34.323 1	61.1206 1
2	1	34.180 1	61.688 1
2	1	34.315 1	61.398 1
2	1	34.472 1	61.1300 1
2	1	34.479 1	61.1270 1
2	1	34.894 1	61.332 1
2	1	34.565 1	61.630 1
2	1	34.710 1	61.68 1
3	2	34.184 1	61.1174 1 61.949 0.233
2	1	34.35 1	61.1383 1
2	1	34.753 1	61.237 1
2	1	34.347 1	61.186 1
2	1	34.527 1	61.298 1
2	1	34.862 1	61.910 1
2	1	34.1024 1	61.1339 1
2	1	34.129 1	61.647 1
2	1	34.174 1	61.1249 1
3	2	34.495 1	61.195 0.714 61.427 1
2	1	34.293 1	61.775 1
4	3	34.409 1 34.454 0.125 34.617 0.071	61.679 1
2	1	34.705 1	61.1080 1
2	1	34.783 1	61.405 1
2	1	34.864 1	61.300 1
2	1	34.586 1	61.1328 1
2	1	34.530 1	61.1298 1
2	1	34.750 1	61.1292 1
2	1	34.849 1	61.735 1
2	1	34.517 1	61.1304 1
2	1	34.730 1	61.233 1
2	1	34.769 1	61.407 1
2	1	34.239 1	61.211 1
2	1	34.355 1	61.180 1
2	1	34.742 1	61.908 1
2	1	34.817 1	61.720 1
2	1	34.1055 1	61.61 1
2	1	34.568 1	61.970 1
2	1	34.819 1	61.1214 1
3	2	34.240 1 34.254 0.232	61.147 1
2	1	34.576 1	61.835 1
2	1	34.83 1	61.1048 1
12	11	34.136 1	61.1388 0.941 61.214 0.955 61.219 0.158 61.253 0.162 61.257 0.101 61.337 0.171 61.386 0.103 61.575 0.699 61.756 1 61.766 0.077 61.785 0.168
2	1	34.326 1	61.421 1
2	1	34.631 0.993	61.1227 0.993
2	1	34.62 0.805	61.1229 0.805
3	2	34.47 0.855 34.1060 0.818	61.1287 0.836
