Size	Relations	OrthoA	OrthoB
2	1	34.743 1	63.707 1
2	1	34.50 1	63.56 1
2	1	34.51 1	63.57 1
2	1	34.75 1	63.85 1
2	1	34.179 1	63.174 1
2	1	34.65 1	63.83 1
2	1	34.979 1	63.944 1
2	1	34.387 1	63.372 1
2	1	34.767 1	63.731 1
2	1	34.514 1	63.469 1
3	2	34.391 1	63.376 1 63.670 0.302
2	1	34.163 1	63.168 1
2	1	34.160 1	63.166 1
2	1	34.1005 1	63.966 1
2	1	34.917 1	63.901 1
2	1	34.589 1	63.524 1
2	1	34.605 1	63.529 1
2	1	34.875 1	63.844 1
2	1	34.876 1	63.845 1
2	1	34.4 1	63.4 1
2	1	34.478 1	63.447 1
2	1	34.841 1	63.804 1
2	1	34.912 1	63.888 1
2	1	34.1015 1	63.974 1
2	1	34.215 1	63.207 1
2	1	34.473 1	63.440 1
2	1	34.86 1	63.100 1
2	1	34.512 1	63.467 1
2	1	34.399 1	63.382 1
2	1	34.861 1	63.831 1
2	1	34.3 1	63.3 1
2	1	34.156 1	63.129 1
2	1	34.275 1	63.258 1
2	1	34.228 1	63.218 1
2	1	34.368 1	63.351 1
2	1	34.486 1	63.458 1
2	1	34.74 1	63.84 1
2	1	34.113 1	63.121 1
2	1	34.134 1	63.143 1
2	1	34.13 1	63.13 1
2	1	34.545 1	63.492 1
2	1	34.274 1	63.255 1
2	1	34.1047 1	63.1002 1
3	2	34.371 1	63.355 1 63.581 0.756
2	1	34.128 1	63.137 1
2	1	34.121 1	63.127 1
2	1	34.464 1	63.431 1
2	1	34.341 1	63.330 1
2	1	34.792 1	63.763 1
2	1	34.988 1	63.554 1
2	1	34.182 1	63.177 1
2	1	34.846 1	63.811 1
2	1	34.200 1	63.196 1
2	1	34.469 1	63.436 1
2	1	34.248 1	63.234 1
2	1	34.59 1	63.66 1
2	1	34.151 1	63.158 1
2	1	34.491 1	63.460 1
2	1	34.463 1	63.430 1
2	1	34.1035 1	63.992 1
2	1	34.1054 1	63.1009 1
2	1	34.805 1	63.782 1
2	1	34.848 1	63.814 1
2	1	34.61 1	63.68 1
2	1	34.839 1	63.802 1
2	1	34.350 1	63.678 1
2	1	34.89 1	63.103 1
2	1	34.235 1	63.224 1
2	1	34.19 1	63.18 1
2	1	34.236 1	63.225 1
2	1	34.914 1	63.889 1
2	1	34.948 1	63.920 1
2	1	34.276 1	63.260 1
2	1	34.729 1	63.695 1
2	1	34.751 1	63.717 1
2	1	34.208 1	63.201 1
2	1	34.1004 1	63.965 1
2	1	34.257 1	63.577 1
2	1	34.360 1	63.344 1
2	1	34.797 1	63.767 1
2	1	34.320 1	63.305 1
2	1	34.516 1	63.470 1
2	1	34.1029 1	63.986 1
2	1	34.192 1	63.187 1
2	1	34.727 1	63.693 1
2	1	34.229 1	63.219 1
2	1	34.380 1	63.364 1
2	1	34.1048 1	63.1003 1
2	1	34.335 1	63.324 1
2	1	34.158 1	63.165 1
2	1	34.241 1	63.227 1
2	1	34.615 1	63.568 1
2	1	34.1038 1	63.995 1
2	1	34.126 1	63.135 1
2	1	34.461 1	63.428 1
2	1	34.243 1	63.228 1
2	1	34.133 1	63.142 1
2	1	34.49 1	63.398 1
2	1	34.869 1	63.838 1
2	1	34.93 1	63.108 1
2	1	34.250 1	63.235 1
2	1	34.801 1	63.774 1
2	1	34.189 1	63.240 1
2	1	34.352 1	63.335 1
2	1	34.131 1	63.140 1
2	1	34.188 1	63.182 1
2	1	34.999 1	63.953 1
2	1	34.26 1	63.25 1
2	1	34.180 1	63.175 1
2	1	34.108 1	63.118 1
2	1	34.621 1	63.173 1
2	1	34.706 1	63.487 1
2	1	34.1050 1	63.1005 1
2	1	34.1064 1	63.1018 1
2	1	34.542 1	63.489 1
3	2	34.1059 1 34.47 0.853	63.1013 1
2	1	34.1062 1	63.1016 1
2	1	34.130 1	63.139 1
2	1	34.286 1	63.275 1
2	1	34.376 1	63.360 1
2	1	34.936 1	63.911 1
2	1	34.728 1	63.694 1
2	1	34.351 1	63.334 1
2	1	34.1063 1	63.1017 1
2	1	34.127 1	63.136 1
2	1	34.1051 1	63.1006 1
2	1	34.7 1	63.7 1
2	1	34.149 1	63.156 1
2	1	34.1040 1	63.997 1
2	1	34.396 1	63.379 1
2	1	34.386 1	63.371 1
2	1	34.471 1	63.438 1
2	1	34.855 1	63.821 1
2	1	34.302 1	63.288 1
2	1	34.816 1	63.792 1
2	1	34.1065 1	63.1019 1
2	1	34.475 1	63.144 1
2	1	34.991 1	63.557 1
2	1	34.1017 1	63.976 1
2	1	34.524 1	63.477 1
2	1	34.98 1	63.552 1
2	1	34.990 1	63.556 1
2	1	34.935 1	63.910 1
2	1	34.756 1	63.718 1
2	1	34.574 1	63.511 1
2	1	34.818 1	63.793 1
2	1	34.316 1	63.300 1
2	1	34.810 1	63.787 1
2	1	34.1000 1	63.958 1
2	1	34.31 1	63.30 1
2	1	34.888 1	63.873 1
2	1	34.411 1	63.631 1
2	1	34.490 1	63.459 1
2	1	34.374 1	63.358 1
2	1	34.776 1	63.742 1
2	1	34.18 1	63.17 1
2	1	34.388 1	63.373 1
2	1	34.420 1	63.611 1
2	1	34.94 1	63.109 1
2	1	34.784 1	63.756 1
2	1	34.919 1	63.891 1
2	1	34.5 1	63.5 1
2	1	34.570 1	63.508 1
2	1	34.879 1	63.863 1
2	1	34.1026 1	63.983 1
2	1	34.1067 1	63.1021 1
2	1	34.740 1	63.705 1
2	1	34.327 1	63.312 1
2	1	34.748 1	63.712 1
2	1	34.825 1	63.798 1
2	1	34.716 1	63.683 1
2	1	34.862 1	63.832 1
2	1	34.871 1	63.840 1
2	1	34.718 1	63.685 1
2	1	34.508 1	63.541 1
2	1	34.348 1	63.726 1
4	3	34.255 1 34.244 1 34.671 0.948	63.237 1
2	1	34.455 1	63.603 1
2	1	34.865 1	63.592 1
2	1	34.419 1	63.612 1
2	1	34.941 1	63.913 1
2	1	34.496 1	63.463 1
2	1	34.614 1	63.635 1
2	1	34.1 1	63.1 1
2	1	34.989 1	63.555 1
2	1	34.329 1	63.314 1
2	1	34.234 1	63.223 1
2	1	34.321 1	63.306 1
2	1	34.79 1	63.90 1
2	1	34.310 1	63.295 1
2	1	34.369 1	63.352 1
2	1	34.793 1	63.764 1
2	1	34.1053 1	63.1008 1
2	1	34.1033 1	63.991 1
2	1	34.339 1	63.328 1
2	1	34.964 1	63.936 1
2	1	34.90 1	63.104 1
2	1	34.1045 1	63.183 1
2	1	34.773 1	63.736 1
2	1	34.582 1	63.516 1
2	1	34.732 1	63.698 1
2	1	34.844 1	63.807 1
2	1	34.266 1	63.251 1
2	1	34.345 1	63.957 1
2	1	34.1046 1	63.1001 1
2	1	34.408 1	63.390 1
3	2	34.616 1 34.832 0.059	63.632 1
2	1	34.777 1	63.743 1
2	1	34.587 1	63.521 1
2	1	34.811 1	63.788 1
2	1	34.759 1	63.721 1
2	1	34.63 1	63.76 1
2	1	34.210 1	63.202 1
2	1	34.554 1	63.500 1
2	1	34.745 1	63.709 1
2	1	34.807 1	63.784 1
3	2	34.1019 1 34.217 0.926	63.559 1
2	1	34.483 1	63.449 1
2	1	34.103 1	63.113 1
2	1	34.2 1	63.2 1
2	1	34.857 1	63.823 1
2	1	34.992 1	63.558 1
2	1	34.1037 1	63.994 1
2	1	34.366 1	63.349 1
2	1	34.111 1	63.120 1
2	1	34.744 1	63.708 1
2	1	34.78 1	63.89 1
2	1	34.1043 1	63.999 1
2	1	34.537 1	63.486 1
2	1	34.838 1	63.801 1
3	2	34.518 1	63.472 1 63.588 0.743
2	1	34.731 1	63.697 1
2	1	34.150 1	63.157 1
2	1	34.290 1	63.278 1
2	1	34.993 1	63.946 1
2	1	34.858 1	63.824 1
2	1	34.407 1	63.389 1
4	4	34.485 1 34.511 0.774	63.457 1 63.562 0.805
2	1	34.1060 1	63.1014 1
2	1	34.107 1	63.117 1
2	1	34.880 1	63.864 1
2	1	34.15 1	63.15 1
2	1	34.680 1	63.662 1
2	1	34.337 1	63.326 1
2	1	34.14 1	63.14 1
2	1	34.104 1	63.114 1
2	1	34.277 1	63.261 1
2	1	34.1069 1	63.1023 1
2	1	34.20 1	63.19 1
2	1	34.934 1	63.909 1
2	1	34.505 1	63.544 1
2	1	34.580 1	63.515 1
2	1	34.76 1	63.86 1
2	1	34.765 1	63.729 1
2	1	34.786 1	63.758 1
2	1	34.413 1	63.403 1
2	1	34.920 1	63.892 1
2	1	34.813 1	63.790 1
2	1	34.60 1	63.67 1
2	1	34.852 1	63.818 1
2	1	34.946 1	63.918 1
2	1	34.504 1	63.545 1
2	1	34.245 1	63.571 1
2	1	34.724 1	63.689 1
2	1	34.421 1	63.610 1
2	1	34.915 1	63.899 1
2	1	34.81 1	63.92 1
2	1	34.55 1	63.62 1
2	1	34.289 1	63.277 1
2	1	34.300 1	63.287 1
2	1	34.306 1	63.292 1
2	1	34.809 1	63.786 1
2	1	34.893 1	63.878 1
2	1	34.80 1	63.91 1
2	1	34.520 1	63.474 1
2	1	34.854 1	63.820 1
2	1	34.961 1	63.933 1
2	1	34.82 1	63.93 1
2	1	34.181 1	63.176 1
2	1	34.770 1	63.733 1
2	1	34.372 1	63.356 1
2	1	34.187 1	63.181 1
3	2	34.377 1	63.361 1 63.848 0.786
2	1	34.567 1	63.506 1
2	1	34.895 1	63.880 1
2	1	34.972 1	63.80 1
2	1	34.294 1	63.283 1
2	1	34.344 1	63.956 1
2	1	34.39 1	63.37 1
2	1	34.531 1	63.481 1
2	1	34.1009 1	63.971 1
2	1	34.853 1	63.819 1
2	1	34.117 1	63.123 1
2	1	34.361 1	63.345 1
2	1	34.573 1	63.510 1
2	1	34.198 1	63.194 1
2	1	34.696 1	63.418 1
2	1	34.1042 1	63.998 1
2	1	34.146 1	63.152 1
2	1	34.224 1	63.211 1
2	1	34.764 1	63.728 1
2	1	34.823 1	63.796 1
2	1	34.119 1	63.125 1
2	1	34.757 1	63.719 1
2	1	34.303 1	63.289 1
2	1	34.619 1	63.531 1
2	1	34.966 1	63.938 1
2	1	34.12 1	63.12 1
2	1	34.884 1	63.870 1
2	1	34.1066 1	63.1020 1
2	1	34.125 1	63.134 1
2	1	34.779 1	63.745 1
2	1	34.30 1	63.29 1
2	1	34.132 1	63.141 1
2	1	34.484 1	63.456 1
2	1	34.191 1	63.652 1
2	1	34.356 1	63.340 1
2	1	34.384 1	63.368 1
2	1	34.772 1	63.735 1
2	1	34.799 1	63.769 1
2	1	34.881 1	63.865 1
2	1	34.53 1	63.60 1
2	1	34.695 1	63.419 1
2	1	34.874 1	63.843 1
2	1	34.840 1	63.803 1
2	1	34.1028 1	63.985 1
3	2	34.40 1 34.429 0.933	63.44 1
2	1	34.389 1	63.374 1
2	1	34.918 1	63.890 1
3	2	34.336 1	63.325 1 63.570 0.837
3	2	34.102 1 34.101 0.737	63.112 1
2	1	34.9 1	63.9 1
2	1	34.308 1	63.294 1
2	1	34.585 1	63.519 1
2	1	34.313 1	63.297 1
2	1	34.722 1	63.687 1
3	2	34.390 1	63.375 1 63.671 0.249
2	1	34.1057 1	63.1011 1
2	1	34.349 1	63.569 1
2	1	34.1014 1	63.319 1
2	1	34.761 1	63.723 1
2	1	34.985 1	63.282 1
2	1	34.541 1	63.488 1
2	1	34.746 1	63.710 1
2	1	34.118 1	63.124 1
2	1	34.148 1	63.154 1
2	1	34.304 1	63.290 1
2	1	34.778 1	63.744 1
3	2	34.197 1 34.607 0.706	63.189 1
3	2	34.645 1 34.652 0.256	63.808 1
2	1	34.109 1	63.119 1
2	1	34.365 1	63.348 1
2	1	34.543 1	63.490 1
2	1	34.837 1	63.800 1
2	1	34.330 1	63.318 1
2	1	34.725 1	63.691 1
2	1	34.785 1	63.757 1
2	1	34.967 1	63.939 1
2	1	34.714 1	63.681 1
2	1	34.873 1	63.842 1
2	1	34.412 1	63.400 1
2	1	34.378 1	63.362 1
2	1	34.183 1	63.178 1
2	1	34.513 1	63.468 1
2	1	34.1021 1	63.978 1
2	1	34.955 1	63.927 1
2	1	34.401 1	63.749 1
2	1	34.933 1	63.908 1
2	1	34.299 1	63.286 1
2	1	34.860 1	63.826 1
2	1	34.213 1	63.206 1
2	1	34.207 1	63.200 1
2	1	34.190 1	63.651 1
2	1	34.561 1	63.649 1
2	1	34.843 1	63.806 1
2	1	34.726 1	63.692 1
2	1	34.36 1	63.34 1
2	1	34.267 1	63.252 1
2	1	34.950 1	63.922 1
2	1	34.460 1	63.427 1
2	1	34.747 1	63.711 1
2	1	34.952 1	63.924 1
2	1	34.1027 1	63.984 1
2	1	34.814 1	63.791 1
2	1	34.717 1	63.684 1
2	1	34.196 1	63.188 1
2	1	34.340 1	63.329 1
2	1	34.631 1	63.532 1
2	1	34.872 1	63.841 1
2	1	34.1025 1	63.982 1
2	1	34.521 1	63.475 1
2	1	34.11 1	63.11 1
2	1	34.201 1	63.197 1
2	1	34.431 1	63.668 1
2	1	34.635 1	63.533 1
2	1	34.733 1	63.699 1
2	1	34.280 1	63.270 1
2	1	34.226 1	63.213 1
2	1	34.885 1	63.871 1
2	1	34.947 1	63.919 1
2	1	34.1006 1	63.967 1
2	1	34.29 1	63.28 1
5	4	34.775 1	63.738 0.234 63.739 1 63.740 0.668 63.741 0.469
2	1	34.509 1	63.540 1
2	1	34.630 1	63.672 1
2	1	34.1044 1	63.1000 1
2	1	34.319 1	63.304 1
2	1	34.260 1	63.246 1
2	1	34.223 1	63.210 1
2	1	34.383 1	63.367 1
2	1	34.730 1	63.696 1
2	1	34.394 1	63.378 1
2	1	34.422 1	63.609 1
2	1	34.771 1	63.734 1
2	1	34.896 1	63.881 1
2	1	34.405 1	63.387 1
2	1	34.32 1	63.31 1
2	1	34.77 1	63.87 1
2	1	34.42 1	63.46 1
2	1	34.347 1	63.332 1
2	1	34.211 1	63.203 1
2	1	34.1024 1	63.981 1
2	1	34.315 1	63.299 1
2	1	34.450 1	63.563 1
2	1	34.850 1	63.816 1
2	1	34.930 1	63.904 1
2	1	34.697 1	63.417 1
2	1	34.808 1	63.785 1
2	1	34.358 1	63.342 1
2	1	34.548 1	63.495 1
2	1	34.549 1	63.496 1
2	1	34.774 1	63.737 1
2	1	34.493 1	63.461 1
2	1	34.293 1	63.280 1
2	1	34.1007 1	63.968 1
2	1	34.8 1	63.8 1
2	1	34.547 1	63.494 1
2	1	34.960 1	63.932 1
2	1	34.305 1	63.291 1
2	1	34.95 1	63.110 1
2	1	34.1052 1	63.1007 1
2	1	34.225 1	63.212 1
2	1	34.562 1	63.952 1
2	1	34.584 1	63.518 1
2	1	34.123 1	63.132 1
2	1	34.506 1	63.543 1
2	1	34.851 1	63.817 1
2	1	34.301 1	63.856 1
2	1	34.232 1	63.222 1
2	1	34.798 1	63.768 1
2	1	34.723 1	63.688 1
2	1	34.57 1	63.64 1
2	1	34.627 1	63.829 1
2	1	34.859 1	63.825 1
2	1	34.474 1	63.441 1
2	1	34.100 1	63.550 1
2	1	34.38 1	63.36 1
2	1	34.690 1	63.548 1
2	1	34.97 1	63.549 1
2	1	34.553 1	63.499 1
2	1	34.1022 1	63.979 1
2	1	34.287 1	63.276 1
2	1	34.406 1	63.388 1
2	1	34.452 1	63.424 1
2	1	34.762 1	63.724 1
2	1	34.120 1	63.126 1
2	1	34.392 1	63.553 1
2	1	34.566 1	63.505 1
4	4	34.199 1 34.209 0.990	63.195 1 63.370 0.957
2	1	34.517 1	63.471 1
2	1	34.99 1	63.551 1
2	1	34.295 1	63.284 1
2	1	34.87 1	63.101 1
2	1	34.906 1	63.779 1
2	1	34.37 1	63.35 1
2	1	34.311 1	63.296 1
2	1	34.929 1	63.903 1
2	1	34.949 1	63.921 1
2	1	34.887 1	63.872 1
2	1	34.363 1	63.346 1
2	1	34.533 1	63.482 1
3	2	34.646 0.058 34.653 1	63.805 1
2	1	34.942 1	63.914 1
2	1	34.766 1	63.730 1
2	1	34.820 1	63.795 1
2	1	34.1001 1	63.960 1
2	1	34.1056 1	63.1010 1
2	1	34.45 1	63.48 1
2	1	34.536 1	63.485 1
2	1	34.184 1	63.179 1
2	1	34.715 1	63.682 1
2	1	34.905 1	63.565 1
2	1	34.787 1	63.759 1
2	1	34.203 1	63.199 1
2	1	34.641 1	63.538 1
2	1	34.370 1	63.353 1
2	1	34.41 1	63.41 1
2	1	34.1008 1	63.970 1
2	1	34.763 1	63.727 1
2	1	34.186 1	63.954 1
2	1	34.523 1	63.476 1
2	1	34.953 1	63.925 1
2	1	34.957 1	63.929 1
2	1	34.940 1	63.912 1
2	1	34.817 1	63.855 1
3	2	34.466 0.055 34.602 1	63.675 1
2	1	34.262 1	63.248 1
2	1	34.381 1	63.365 1
2	1	34.10 1	63.10 1
2	1	34.1058 1	63.1012 1
2	1	34.758 1	63.720 1
2	1	34.870 1	63.839 1
2	1	34.323 1	63.308 1
2	1	34.922 1	63.898 1
2	1	34.204 1	63.243 1
2	1	34.21 1	63.20 1
2	1	34.819 1	63.794 1
2	1	34.1049 1	63.1004 1
2	1	34.975 1	63.82 1
2	1	34.105 1	63.115 1
2	1	34.357 1	63.341 1
2	1	34.22 1	63.21 1
2	1	34.414 1	63.404 1
2	1	34.279 1	63.262 1
2	1	34.782 1	63.241 1
2	1	34.889 1	63.874 1
2	1	34.738 1	63.703 1
2	1	34.742 1	63.706 1
2	1	34.943 1	63.915 1
2	1	34.1016 1	63.975 1
2	1	34.894 1	63.879 1
2	1	34.458 1	63.527 1
2	1	34.959 1	63.931 1
2	1	34.737 1	63.702 1
2	1	34.453 1	63.425 1
2	1	34.307 1	63.293 1
2	1	34.194 1	63.654 1
2	1	34.1020 1	63.977 1
2	1	34.124 1	63.133 1
2	1	34.791 1	63.762 1
2	1	34.23 1	63.22 1
2	1	34.231 1	63.221 1
2	1	34.432 1	63.647 1
2	1	34.575 1	63.512 1
2	1	34.812 1	63.789 1
2	1	34.962 1	63.934 1
2	1	34.968 1	63.940 1
2	1	34.892 1	63.877 1
3	2	34.52 1 34.677 0.878	63.59 1
2	1	34.579 1	63.514 1
2	1	34.446 1	63.754 1
2	1	34.64 1	63.77 1
2	1	34.710 1	63.268 1
2	1	34.956 1	63.928 1
2	1	34.25 1	63.24 1
2	1	34.437 1	63.567 1
2	1	34.626 1	63.830 1
2	1	34.951 1	63.923 1
2	1	34.259 1	63.575 1
2	1	34.572 1	63.509 1
2	1	34.359 1	63.343 1
2	1	34.221 1	63.208 1
2	1	34.314 1	63.298 1
2	1	34.736 1	63.701 1
2	1	34.326 1	63.311 1
2	1	34.43 1	63.47 1
2	1	34.449 1	63.564 1
2	1	34.222 1	63.209 1
2	1	34.17 1	63.16 1
2	1	34.576 1	63.513 1
2	1	34.58 1	63.65 1
2	1	34.806 1	63.783 1
2	1	34.691 1	63.423 1
2	1	34.897 1	63.882 1
2	1	34.890 1	63.875 1
2	1	34.284 1	63.274 1
2	1	34.640 1	63.537 1
2	1	34.157 1	63.130 1
2	1	34.1023 1	63.980 1
2	1	34.338 1	63.327 1
2	1	34.400 1	63.383 1
3	2	34.415 1 34.416 0.670	63.614 1
2	1	34.497 1	63.464 1
2	1	34.373 1	63.357 1
2	1	34.1036 1	63.993 1
2	1	34.802 1	63.775 1
2	1	34.864 1	63.834 1
2	1	34.963 1	63.935 1
2	1	34.503 1	63.869 1
2	1	34.282 1	63.272 1
2	1	34.84 1	63.95 1
2	1	34.202 1	63.198 1
2	1	34.375 1	63.359 1
2	1	34.998 1	63.947 1
2	1	34.6 1	63.6 1
2	1	34.96 1	63.111 1
2	1	34.318 1	63.303 1
2	1	34.565 1	63.504 1
2	1	34.324 1	63.309 1
2	1	34.530 1	63.480 1
2	1	34.346 1	63.331 1
2	1	34.355 1	63.339 1
2	1	34.965 1	63.937 1
2	1	34.467 1	63.674 1
2	1	34.795 1	63.766 1
2	1	34.393 1	63.377 1
2	1	34.1039 1	63.996 1
2	1	34.353 1	63.337 1
2	1	34.938 1	63.601 1
2	1	34.116 1	63.122 1
2	1	34.147 1	63.153 1
2	1	34.227 1	63.214 1
2	1	34.263 1	63.249 1
2	1	34.945 1	63.917 1
2	1	34.1030 1	63.987 1
2	1	34.535 1	63.484 1
2	1	34.385 1	63.369 1
2	1	34.291 1	63.279 1
2	1	34.606 1	63.530 1
2	1	34.735 1	63.700 1
2	1	34.958 1	63.930 1
2	1	34.969 1	63.943 1
2	1	34.800 1	63.770 1
2	1	34.826 1	63.799 1
2	1	34.856 1	63.822 1
2	1	34.921 1	63.893 1
2	1	34.85 1	63.99 1
2	1	34.916 1	63.900 1
2	1	34.35 1	63.33 1
3	2	34.240 1 34.254 0.799	63.226 1
2	1	34.398 1	63.381 1
3	2	34.247 1 34.670 0.844	63.236 1
2	1	34.28 1	63.27 1
2	1	34.24 1	63.23 1
2	1	34.322 1	63.307 1
2	1	34.546 1	63.493 1
2	1	34.760 1	63.722 1
2	1	34.849 1	63.815 1
2	1	34.708 1	63.409 1
2	1	34.803 1	63.776 1
2	1	34.239 1	63.230 1
2	1	34.56 1	63.63 1
2	1	34.1070 1	63.1024 1
2	1	34.954 1	63.926 1
2	1	34.397 1	63.380 1
2	1	34.62 1	63.69 1
2	1	34.636 1	63.534 1
2	1	34.750 1	63.714 1
2	1	34.382 1	63.366 1
2	1	34.500 1	63.566 1
2	1	34.939 1	63.501 1
2	1	34.866 1	63.835 1
2	1	34.216 1	63.690 1
2	1	34.836 1	63.232 1
2	1	34.465 1	63.432 1
2	1	34.804 1	63.777 1
2	1	34.867 1	63.836 1
2	1	34.27 1	63.26 1
2	1	34.379 1	63.363 1
2	1	34.891 1	63.876 1
2	1	34.269 1	63.254 1
2	1	34.48 1	63.399 1
2	1	34.498 1	63.465 1
2	1	34.583 1	63.517 1
2	1	34.780 1	63.748 1
2	1	34.637 1	63.535 1
2	1	34.479 1	63.448 1
2	1	34.638 1	63.536 1
2	1	34.83 1	63.94 1
2	1	34.847 1	63.813 1
2	1	34.230 1	63.220 1
2	1	34.261 1	63.247 1
2	1	34.472 1	63.439 1
2	1	34.44 1	63.160 1
2	1	34.1018 1	63.42 1
2	1	34.283 1	63.273 1
2	1	34.468 1	63.435 1
2	1	34.268 1	63.253 1
2	1	34.588 1	63.522 1
2	1	34.845 1	63.810 1
2	1	34.495 1	63.462 1
2	1	34.709 1	63.263 1
7	6	34.654 1	63.402 0.255 63.407 0.067 63.408 0.064 63.445 0.634 63.446 0.584 63.638 1
2	1	34.604 1	63.394 1
2	1	34.54 1	63.61 1
2	1	34.528 1	63.479 1
2	1	34.1068 1	63.1022 1
2	1	34.1032 1	63.990 1
2	1	34.476 1	63.964 1
2	1	34.824 1	63.797 1
2	1	34.563 1	63.502 1
2	1	34.790 1	63.761 1
2	1	34.265 1	63.250 1
2	1	34.258 1	63.576 1
2	1	34.783 1	63.755 1
2	1	34.898 1	63.883 1
2	1	34.519 1	63.473 1
2	1	34.325 1	63.310 1
2	1	34.552 1	63.498 1
2	1	34.550 1	63.497 1
2	1	34.317 1	63.302 1
2	1	34.129 1	63.138 1
2	1	34.364 1	63.347 1
2	1	34.527 1	63.478 1
3	2	34.749 1 34.34 0.928	63.713 1
2	1	34.669 1	63.264 1
3	2	34.409 1 34.454 0.054	63.604 1
2	1	34.470 1	63.437 1
2	1	34.507 1	63.542 1
2	1	34.1071 1	63.1025 1
2	1	34.367 1	63.350 1
2	1	34.597 1	63.528 1
2	1	34.568 1	63.507 1
2	1	34.564 1	63.503 1
2	1	34.794 1	63.765 1
7	12	34.620 1 34.155 1 34.624 0.113	63.40 1 63.131 1 63.951 0.205 63.941 0.051
2	1	34.900 1	63.885 1
2	1	34.769 1	63.732 1
2	1	34.899 1	63.884 1
2	1	34.92 1	63.750 1
2	1	34.944 1	63.916 1
2	1	34.878 1	63.862 1
2	1	34.1061 1	63.1015 1
2	1	34.145 1	63.151 1
2	1	34.586 1	63.520 1
2	1	34.739 1	63.704 1
2	1	34.534 1	63.483 1
2	1	34.544 1	63.491 1
2	1	34.877 1	63.861 1
2	1	34.788 1	63.760 1
2	1	34.166 1	63.455 1
2	1	34.88 1	63.102 1
2	1	34.863 1	63.833 1
3	2	34.91 1	63.105 1 63.645 0.266
2	1	34.256 1	63.578 1
2	1	34.354 1	63.338 1
2	1	34.459 1	63.426 1
2	1	34.666 1	63.216 1
2	1	34.974 1	63.79 1
2	1	34.704 1	63.416 1
2	1	34.33 1	63.32 1
4	3	34.154 1	63.128 0.147 63.667 1 63.942 0.113
2	1	34.911 0.933	63.266 0.933
