Size	Relations	OrthoA	OrthoB
2	1	19.81 1	76.669 1
2	1	19.80 1	76.668 1
2	1	19.1560 1	76.155 1
2	1	19.1827 1	76.507 1
2	1	19.84 1	76.342 1
2	1	19.2419 1	76.68 1
2	1	19.2602 1	76.642 1
2	1	19.1836 1	76.469 1
2	1	19.1268 1	76.600 1
2	1	19.234 1	76.3 1
2	1	19.1724 1	76.614 1
2	1	19.388 1	76.228 1
2	1	19.1032 1	76.13 1
2	1	19.2532 1	76.5 1
2	1	19.1842 1	76.500 1
2	1	19.1699 1	76.94 1
2	1	19.4 1	76.422 1
2	1	19.5 1	76.423 1
2	1	19.2703 1	76.246 1
2	1	19.1454 1	76.45 1
2	1	19.2921 1	76.302 1
2	1	19.382 1	76.195 1
2	1	19.385 1	76.225 1
2	1	19.1795 1	76.504 1
2	1	19.2947 1	76.462 1
2	1	19.2165 1	76.35 1
2	1	19.232 1	76.254 1
2	1	19.2949 1	76.464 1
2	1	19.533 1	76.470 1
2	1	19.1102 1	76.586 1
2	1	19.396 1	76.251 1
2	1	19.14 1	76.434 1
2	1	19.2435 1	76.245 1
2	1	19.266 1	76.291 1
2	1	19.1798 1	76.86 1
2	1	19.261 1	76.175 1
2	1	19.624 1	76.210 1
2	1	19.2160 1	76.121 1
2	1	19.1510 1	76.330 1
2	1	19.74 1	76.552 1
2	1	19.24 1	76.355 1
2	1	19.239 1	76.354 1
2	1	19.2955 1	76.567 1
2	1	19.2534 1	76.503 1
2	1	19.675 1	76.52 1
2	1	19.1103 1	76.583 1
2	1	19.1870 1	76.580 1
2	1	19.556 1	76.403 1
2	1	19.85 1	76.341 1
2	1	19.2391 1	76.338 1
2	1	19.2731 1	76.581 1
2	1	19.1271 1	76.621 1
2	1	19.19 1	76.443 1
2	1	19.663 1	76.529 1
2	1	19.1557 1	76.126 1
2	1	19.532 1	76.401 1
2	1	19.628 1	76.194 1
2	1	19.551 1	76.487 1
2	1	19.2019 1	76.19 1
2	1	19.2273 1	76.177 1
2	1	19.878 1	76.64 1
2	1	19.2173 1	76.561 1
2	1	19.2559 1	76.172 1
2	1	19.1317 1	76.252 1
2	1	19.3076 1	76.192 1
2	1	19.1899 1	76.164 1
2	1	19.880 1	76.66 1
2	1	19.1837 1	76.307 1
2	1	19.157 1	76.498 1
2	1	19.626 1	76.281 1
2	1	19.2167 1	76.37 1
2	1	19.2335 1	76.235 1
2	1	19.557 1	76.402 1
2	1	19.1934 1	76.181 1
2	1	19.1775 1	76.311 1
2	1	19.1900 1	76.166 1
2	1	19.263 1	76.29 1
2	1	19.1831 1	76.420 1
2	1	19.1555 1	76.124 1
2	1	19.182 1	76.260 1
2	1	19.1677 1	76.490 1
2	1	19.2168 1	76.38 1
2	1	19.6 1	76.424 1
2	1	19.1066 1	76.118 1
2	1	19.1428 1	76.108 1
2	1	19.2533 1	76.502 1
2	1	19.3154 1	76.449 1
2	1	19.638 1	76.379 1
2	1	19.875 1	76.294 1
2	1	19.1450 1	76.628 1
2	1	19.530 1	76.306 1
2	1	19.3165 1	76.337 1
2	1	19.647 1	76.513 1
2	1	19.2051 1	76.147 1
2	1	19.2787 1	76.232 1
2	1	19.2910 1	76.410 1
2	1	19.2024 1	76.556 1
2	1	19.1966 1	76.595 1
2	1	19.2091 1	76.101 1
2	1	19.549 1	76.482 1
2	1	19.1173 1	76.611 1
2	1	19.630 1	76.542 1
2	1	19.16 1	76.437 1
2	1	19.412 1	76.186 1
2	1	19.2516 1	76.323 1
2	1	19.883 1	76.405 1
2	1	19.2873 1	76.285 1
2	1	19.631 1	76.543 1
2	1	19.2 1	76.416 1
2	1	19.447 1	76.167 1
2	1	19.2170 1	76.79 1
2	1	19.2923 1	76.493 1
2	1	19.905 1	76.22 1
2	1	19.2730 1	76.200 1
2	1	19.27 1	76.412 1
2	1	19.534 1	76.372 1
2	1	19.2171 1	76.558 1
2	1	19.387 1	76.227 1
2	1	19.1279 1	76.116 1
2	1	19.1794 1	76.505 1
2	1	19.871 1	76.298 1
2	1	19.1556 1	76.125 1
2	1	19.1801 1	76.88 1
2	1	19.264 1	76.28 1
2	1	19.1514 1	76.115 1
2	1	19.1904 1	76.617 1
2	1	19.1838 1	76.327 1
2	1	19.8 1	76.428 1
2	1	19.632 1	76.544 1
2	1	19.1936 1	76.183 1
4	3	19.389 1 19.1871 0.853 19.2641 0.739	76.201 1
2	1	19.1418 1	76.46 1
2	1	19.1965 1	76.596 1
2	1	19.2861 1	76.351 1
2	1	19.873 1	76.296 1
2	1	19.2622 1	76.640 1
2	1	19.555 1	76.492 1
2	1	19.1559 1	76.128 1
2	1	19.547 1	76.476 1
2	1	19.381 1	76.6 1
2	1	19.449 1	76.162 1
3	2	19.1138 1 19.1172 0.975	76.612 1
2	1	19.2911 1	76.409 1
2	1	19.671 1	76.531 1
2	1	19.2710 1	76.117 1
2	1	19.2084 1	76.187 1
2	1	19.1316 1	76.253 1
2	1	19.2673 1	76.261 1
2	1	19.548 1	76.477 1
2	1	19.1568 1	76.625 1
2	1	19.2922 1	76.303 1
2	1	19.2948 1	76.463 1
2	1	19.76 1	76.554 1
2	1	19.650 1	76.516 1
2	1	19.1180 1	76.33 1
2	1	19.118 1	76.61 1
2	1	19.1832 1	76.578 1
2	1	19.1426 1	76.110 1
3	2	19.1072 0.075 19.3007 1	76.299 1
2	1	19.1034 1	76.15 1
2	1	19.1416 1	76.321 1
2	1	19.1561 1	76.156 1
2	1	19.2282 1	76.555 1
2	1	19.644 1	76.510 1
2	1	19.645 1	76.511 1
2	1	19.1101 1	76.582 1
2	1	19.270 1	76.290 1
2	1	19.1475 1	76.622 1
2	1	19.1451 1	76.626 1
2	1	19.879 1	76.65 1
2	1	19.1782 1	76.135 1
2	1	19.2943 1	76.458 1
2	1	19.669 1	76.536 1
2	1	19.158 1	76.375 1
2	1	19.2662 1	76.215 1
2	1	19.75 1	76.553 1
2	1	19.183 1	76.259 1
2	1	19.2941 1	76.456 1
2	1	19.384 1	76.224 1
3	2	19.2046 1 19.2281 1	76.396 1
2	1	19.552 1	76.488 1
3	2	19.568 1	76.149 0.164 76.240 1
3	2	19.899 1	76.419 1 76.99 0.824
2	1	19.1841 1	76.329 1
2	1	19.770 1	76.606 1
2	1	19.906 1	76.41 1
2	1	19.3062 1	76.154 1
2	1	19.10 1	76.430 1
2	1	19.2675 1	76.209 1
3	2	19.2854 1	76.220 0.535 76.605 1
2	1	19.656 1	76.522 1
2	1	19.3157 1	76.447 1
2	1	19.82 1	76.344 1
2	1	19.395 1	76.71 1
2	1	19.448 1	76.163 1
2	1	19.616 1	76.204 1
2	1	19.659 1	76.525 1
2	1	19.1781 1	76.134 1
2	1	19.1181 1	76.32 1
2	1	19.13 1	76.433 1
2	1	19.1698 1	76.93 1
2	1	19.1780 1	76.133 1
2	1	19.2045 1	76.635 1
2	1	19.664 1	76.530 1
2	1	19.83 1	76.343 1
2	1	19.1835 1	76.326 1
2	1	19.2111 1	76.222 1
2	1	19.542 1	76.366 1
2	1	19.2648 1	76.75 1
2	1	19.1783 1	76.137 1
2	1	19.927 1	76.102 1
2	1	19.2659 1	76.213 1
2	1	19.3156 1	76.448 1
2	1	19.877 1	76.63 1
2	1	19.672 1	76.233 1
2	1	19.2331 1	76.643 1
2	1	19.2422 1	76.198 1
2	1	19.12 1	76.432 1
2	1	19.159 1	76.376 1
2	1	19.1679 1	76.90 1
2	1	19.651 1	76.517 1
3	2	19.2500 1	76.565 1 76.26 0.827
2	1	19.2919 1	76.406 1
2	1	19.1826 1	76.374 1
2	1	19.380 1	76.7 1
5	6	19.2912 1 19.2913 1 19.2915 0.279	76.139 1 76.138 1
2	1	19.204 1	76.408 1
2	1	19.1474 1	76.623 1
2	1	19.1478 1	76.151 1
2	1	19.1041 1	76.368 1
3	2	19.538 1 19.1231 0.748	76.371 1
2	1	19.2267 1	76.315 1
2	1	19.2172 1	76.559 1
2	1	19.1564 1	76.157 1
2	1	19.2022 1	76.57 1
2	1	19.2558 1	76.173 1
3	2	19.2430 0.572 19.2704 1	76.249 1
2	1	19.3059 1	76.616 1
2	1	19.156 1	76.318 1
2	1	19.1233 1	76.207 1
2	1	19.2242 1	76.78 1
23	42	19.2994 1 19.2571 1 19.594 0.750 19.678 0.750 19.699 0.750 19.998 0.750 19.2342 0.749 19.1147 0.747 19.1977 0.737 19.806 0.733 19.826 0.733 19.3146 0.665 19.3113 0.612 19.297 0.593 19.1185 0.568 19.1123 0.145 19.3088 0.130 19.1638 0.126 19.1039 0.087 19.2742 0.078 19.2800 0.053	76.665 1 76.365 1
2	1	19.1935 1	76.182 1
2	1	19.648 1	76.514 1
2	1	19.662 1	76.528 1
2	1	19.2676 1	76.208 1
2	1	19.1067 1	76.570 1
2	1	19.654 1	76.520 1
4	3	19.1284 1 19.1675 0.383 19.73 0.512	76.551 1
2	1	19.3075 1	76.590 1
2	1	19.668 1	76.535 1
2	1	19.3153 1	76.451 1
2	1	19.2623 1	76.639 1
2	1	19.2049 1	76.144 1
2	1	19.558 1	76.404 1
2	1	19.661 1	76.527 1
2	1	19.2162 1	76.120 1
2	1	19.1263 1	76.263 1
2	1	19.1044 1	76.142 1
2	1	19.1673 1	76.619 1
2	1	19.265 1	76.27 1
2	1	19.907 1	76.23 1
2	1	19.231 1	76.255 1
2	1	19.124 1	76.221 1
2	1	19.1823 1	76.305 1
2	1	19.2646 1	76.587 1
2	1	19.2595 1	76.627 1
2	1	19.2956 1	76.569 1
2	1	19.2303 1	76.497 1
2	1	19.2050 1	76.145 1
2	1	19.2862 1	76.352 1
2	1	19.673 1	76.54 1
2	1	19.2925 1	76.243 1
2	1	19.2218 1	76.129 1
2	1	19.649 1	76.515 1
2	1	19.1771 1	76.576 1
2	1	19.1773 1	76.575 1
2	1	19.1717 1	76.593 1
2	1	19.543 1	76.620 1
2	1	19.2857 1	76.604 1
2	1	19.2872 1	76.284 1
2	1	19.660 1	76.526 1
2	1	19.155 1	76.317 1
2	1	19.1177 1	76.56 1
2	1	19.1553 1	76.123 1
2	1	19.2216 1	76.130 1
2	1	19.667 1	76.534 1
4	3	19.876 1 19.2149 0.913 19.2951 1	76.72 1
2	1	19.2958 1	76.666 1
2	1	19.230 1	76.256 1
2	1	19.1261 1	76.265 1
2	1	19.373 1	76.58 1
2	1	19.1967 1	76.436 1
2	1	19.658 1	76.524 1
2	1	19.2415 1	76.62 1
2	1	19.271 1	76.630 1
2	1	19.1567 1	76.158 1
2	1	19.646 1	76.512 1
2	1	19.1427 1	76.109 1
2	1	19.2047 1	76.143 1
2	1	19.2946 1	76.461 1
2	1	19.674 1	76.53 1
2	1	19.393 1	76.273 1
2	1	19.2169 1	76.2 1
2	1	19.633 1	76.545 1
2	1	19.1175 1	76.258 1
2	1	19.2498 1	76.564 1
2	1	19.2555 1	76.592 1
2	1	19.235 1	76.40 1
2	1	19.3 1	76.417 1
2	1	19.1232 1	76.205 1
2	1	19.2418 1	76.238 1
2	1	19.2868 1	76.283 1
2	1	19.655 1	76.521 1
2	1	19.1278 1	76.97 1
2	1	19.2330 1	76.594 1
2	1	19.1800 1	76.87 1
2	1	19.238 1	76.435 1
2	1	19.670 1	76.537 1
2	1	19.391 1	76.74 1
3	2	19.874 1	76.119 0.138 76.295 1
2	1	19.2661 1	76.214 1
2	1	19.1174 1	76.610 1
2	1	19.3159 1	76.445 1
2	1	19.2306 1	76.602 1
2	1	19.7 1	76.427 1
2	1	19.657 1	76.523 1
2	1	19.1417 1	76.47 1
2	1	19.2416 1	76.73 1
2	1	19.2565 1	76.31 1
2	1	19.2665 1	76.218 1
4	4	19.1265 1 19.862 0.080	76.277 0.403 76.499 1
2	1	19.1033 1	76.14 1
2	1	19.262 1	76.30 1
2	1	19.3176 1	76.386 1
2	1	19.2944 1	76.459 1
3	2	19.1139 1 19.1171 0.987	76.613 1
2	1	19.1235 1	76.272 1
2	1	19.1779 1	76.132 1
2	1	19.653 1	76.519 1
2	1	19.1937 1	76.184 1
2	1	19.643 1	76.509 1
2	1	19.1178 1	76.17 1
2	1	19.3175 1	76.385 1
2	1	19.1345 1	76.250 1
2	1	19.1035 1	76.16 1
2	1	19.1824 1	76.304 1
2	1	19.2305 1	76.603 1
2	1	19.637 1	76.380 1
2	1	19.2076 1	76.104 1
2	1	19.2945 1	76.460 1
2	1	19.571 1	76.148 1
2	1	19.26 1	76.413 1
3	2	19.2325 1	76.584 0.332 76.585 1
3	2	19.2394 1 19.540 0.928	76.100 1
2	1	19.2881 1	76.288 1
2	1	19.3073 1	76.588 1
2	1	19.160 1	76.316 1
2	1	19.2307 1	76.601 1
2	1	19.383 1	76.196 1
2	1	19.11 1	76.431 1
2	1	19.665 1	76.532 1
2	1	19.3158 1	76.446 1
2	1	19.2166 1	76.36 1
2	1	19.2658 1	76.211 1
2	1	19.2864 1	76.333 1
2	1	19.1060 1	76.320 1
2	1	19.2950 1	76.465 1
3	2	19.2674 1 19.2827 0.165	76.48 1
2	1	19.3151 1	76.453 1
2	1	19.546 1	76.475 1
2	1	19.386 1	76.226 1
2	1	19.2954 1	76.566 1
3	2	19.1061 1	76.347 1 76.171 1
2	1	19.1262 1	76.264 1
3	2	19.1403 1 19.2677 0.916	76.191 1
2	1	19.1513 1	76.314 1
2	1	19.3074 1	76.589 1
2	1	19.1778 1	76.25 1
2	1	19.629 1	76.193 1
2	1	19.1477 1	76.152 1
2	1	19.3177 1	76.387 1
2	1	19.1234 1	76.274 1
2	1	19.410 1	76.467 1
2	1	19.553 1	76.491 1
2	1	19.2959 1	76.667 1
2	1	19.872 1	76.297 1
2	1	19.2863 1	76.289 1
2	1	19.1065 1	76.637 1
2	1	19.25 1	76.414 1
2	1	19.666 1	76.533 1
2	1	19.2222 1	76.85 1
2	1	19.1945 1	76.648 1
3	2	19.2220 1	76.335 1 76.631 0.068
2	1	19.1043 1	76.557 1
2	1	19.1063 1	76.170 1
2	1	19.858 1	76.501 1
2	1	19.1064 1	76.169 1
2	1	19.2018 1	76.548 1
3	2	19.1729 1 19.827 0.051	76.468 1
2	1	19.2304 1	76.609 1
2	1	19.539 1	76.370 1
6	8	19.1029 0.444 19.137 0.055 19.1656 0.344 19.2383 1	76.179 0.052 76.39 1
2	1	19.2511 1	76.426 1
2	1	19.2624 1	76.636 1
2	1	19.541 1	76.367 1
2	1	19.625 1	76.282 1
2	1	19.2663 1	76.216 1
2	1	19.2025 0.907	76.24 0.907
