Size	Relations	OrthoA	OrthoB
2	1	19.1560 1	78.1377 1
2	1	19.80 1	78.1001 1
2	1	19.81 1	78.1000 1
2	1	19.1072 1	78.585 1
2	1	19.2273 1	78.748 1
6	5	19.1003 1 19.2989 0.128 19.599 0.395 19.684 0.228 19.705 0.228	78.768 1
2	1	19.1454 1	78.1323 1
2	1	19.1827 1	78.413 1
2	1	19.2937 1	78.1072 1
2	1	19.230 1	78.1199 1
2	1	19.234 1	78.1203 1
2	1	19.2532 1	78.133 1
2	1	19.2391 1	78.728 1
2	1	19.1032 1	78.34 1
2	1	19.629 1	78.121 1
2	1	19.1268 1	78.856 1
2	1	19.2921 1	78.192 1
2	1	19.261 1	78.633 1
2	1	19.2419 1	78.460 1
2	1	19.2602 1	78.1158 1
2	1	19.5 1	78.167 1
2	1	19.1836 1	78.314 1
2	1	19.880 1	78.355 1
2	1	19.232 1	78.1201 1
2	1	19.2435 1	78.733 1
2	1	19.84 1	78.997 1
2	1	19.1965 1	78.45 1
2	1	19.119 1	78.989 1
2	1	19.4 1	78.168 1
2	1	19.624 1	78.93 1
2	1	19.925 1	78.1276 1
2	1	19.2336 1	78.821 1
2	1	19.124 1	78.984 1
2	1	19.1842 1	78.324 1
2	1	19.14 1	78.158 1
2	1	19.2955 1	78.368 1
2	1	19.2165 1	78.232 1
2	1	19.2619 1	78.589 1
2	1	19.2703 1	78.735 1
2	1	19.396 1	78.935 1
2	1	19.675 1	78.664 1
2	1	19.263 1	78.631 1
2	1	19.382 1	78.300 1
2	1	19.533 1	78.404 1
2	1	19.1066 1	78.978 1
2	1	19.1724 1	78.1187 1
2	1	19.1699 1	78.274 1
2	1	19.1173 1	78.1183 1
2	1	19.1798 1	78.945 1
2	1	19.1103 1	78.905 1
2	1	19.924 1	78.1277 1
2	1	19.1071 1	78.586 1
2	1	19.385 1	78.297 1
2	1	19.628 1	78.122 1
2	1	19.3158 1	78.1113 1
2	1	19.1180 1	78.1065 1
2	1	19.2879 1	78.609 1
2	1	19.2534 1	78.137 1
2	1	19.266 1	78.628 1
2	1	19.1677 1	78.576 1
2	1	19.3076 1	78.787 1
2	1	19.1556 1	78.1381 1
2	1	19.149 1	78.1090 1
9	8	19.1000 0.188 19.1149 0.281 19.2992 1 19.596 0.250 19.680 0.250 19.701 0.250 19.804 0.188 19.824 0.188	78.765 1
2	1	19.8 1	78.164 1
2	1	19.2609 1	78.598 1
2	1	19.1775 1	78.1335 1
2	1	19.2947 1	78.375 1
2	1	19.2615 1	78.1142 1
2	1	19.1870 1	78.281 1
2	1	19.75 1	78.1006 1
2	1	19.1317 1	78.485 1
2	1	19.2243 1	78.435 1
2	1	19.1417 1	78.1326 1
2	1	19.2082 1	78.1246 1
2	1	19.2593 1	78.619 1
2	1	19.2990 1	78.767 1
2	1	19.74 1	78.1007 1
2	1	19.239 1	78.636 1
2	1	19.532 1	78.405 1
2	1	19.19 1	78.813 1
2	1	19.2554 1	78.291 1
2	1	19.2553 1	78.292 1
2	1	19.1102 1	78.904 1
2	1	19.2171 1	78.238 1
2	1	19.2949 1	78.373 1
2	1	19.923 1	78.1278 1
2	1	19.2170 1	78.237 1
2	1	19.1904 1	78.724 1
2	1	19.2880 1	78.610 1
2	1	19.388 1	78.294 1
2	1	19.663 1	78.676 1
2	1	19.24 1	78.171 1
2	1	19.1831 1	78.417 1
2	1	19.1271 1	78.854 1
2	1	19.1557 1	78.1380 1
2	1	19.2731 1	78.888 1
2	1	19.551 1	78.389 1
3	2	19.2530 1	78.129 1 78.318 0.693
3	2	19.2576 1 19.724 1	78.595 1
2	1	19.556 1	78.385 1
2	1	19.2167 1	78.234 1
2	1	19.638 1	78.703 1
2	1	19.1899 1	78.712 1
2	1	19.1673 1	78.571 1
2	1	19.2559 1	78.286 1
2	1	19.2173 1	78.240 1
3	2	19.297 1 19.3113 0.737	78.763 1
2	1	19.1555 1	78.1382 1
2	1	19.1900 1	78.713 1
2	1	19.2533 1	78.136 1
2	1	19.2306 1	78.347 1
2	1	19.1676 1	78.575 1
2	1	19.1801 1	78.948 1
2	1	19.2168 1	78.235 1
3	2	19.1321 0.457 19.53 1	78.599 1
2	1	19.2268 1	78.1266 1
2	1	19.182 1	78.509 1
2	1	19.85 1	78.996 1
2	1	19.27 1	78.174 1
2	1	19.2910 1	78.176 1
2	1	19.626 1	78.91 1
2	1	19.72 1	78.1103 1
2	1	19.2051 1	78.842 1
2	1	19.1935 1	78.39 1
2	1	19.3165 1	78.1119 1
2	1	19.157 1	78.1094 1
2	1	19.1514 1	78.1392 1
6	8	19.1692 0.158 19.2405 0.109 19.2765 0.309 19.59 1	78.594 1 78.753 0.550
2	1	19.534 1	78.403 1
2	1	19.1276 1	78.1302 1
2	1	19.2516 1	78.141 1
2	1	19.73 1	78.1008 1
2	1	19.262 1	78.632 1
2	1	19.552 1	78.388 1
2	1	19.1035 1	78.31 1
2	1	19.2085 1	78.263 1
2	1	19.1834 1	78.312 1
2	1	19.2622 1	78.1156 1
2	1	19.1837 1	78.320 1
2	1	19.1561 1	78.1376 1
2	1	19.557 1	78.384 1
2	1	19.921 1	78.1280 1
2	1	19.1934 1	78.38 1
2	1	19.875 1	78.360 1
2	1	19.410 1	78.62 1
2	1	19.1284 1	78.1296 1
2	1	19.3152 1	78.1107 1
2	1	19.6 1	78.166 1
2	1	19.2160 1	78.228 1
2	1	19.2873 1	78.606 1
2	1	19.2912 1	78.178 1
2	1	19.1316 1	78.486 1
2	1	19.1418 1	78.1325 1
2	1	19.13 1	78.159 1
2	1	19.2335 1	78.822 1
2	1	19.1450 1	78.1320 1
2	1	19.1278 1	78.1301 1
2	1	19.2913 1	78.179 1
2	1	19.2915 1	78.1014 1
2	1	19.878 1	78.357 1
2	1	19.1826 1	78.412 1
2	1	19.384 1	78.298 1
2	1	19.3 1	78.169 1
2	1	19.2787 1	78.1134 1
2	1	19.3154 1	78.1109 1
2	1	19.387 1	78.295 1
2	1	19.2091 1	78.259 1
2	1	19.549 1	78.391 1
4	3	19.1302 0.064 19.1530 0.073 19.2102 1	78.470 1
2	1	19.2 1	78.170 1
2	1	19.1795 1	78.942 1
2	1	19.1966 1	78.46 1
2	1	19.883 1	78.340 1
2	1	19.1824 1	78.410 1
2	1	19.1236 1	78.1249 1
2	1	19.2267 1	78.1265 1
2	1	19.2089 1	78.260 1
2	1	19.2505 1	78.145 1
2	1	19.233 1	78.1202 1
3	2	19.1305 0.769 19.1527 1	78.836 1
2	1	19.1564 1	78.1374 1
2	1	19.859 1	78.1046 1
2	1	19.1101 1	78.903 1
2	1	19.2710 1	78.1139 1
2	1	19.447 1	78.1232 1
2	1	19.632 1	78.118 1
2	1	19.158 1	78.1095 1
2	1	19.2730 1	78.889 1
2	1	19.2163 1	78.231 1
2	1	19.1782 1	78.1345 1
2	1	19.669 1	78.671 1
2	1	19.639 1	78.702 1
2	1	19.871 1	78.364 1
2	1	19.2307 1	78.348 1
3	2	19.1406 1	78.1362 1 78.495 0.054
2	1	19.1510 1	78.1399 1
2	1	19.1840 1	78.322 1
2	1	19.270 1	78.626 1
2	1	19.922 1	78.1279 1
2	1	19.2560 1	78.285 1
2	1	19.1451 1	78.1321 1
2	1	19.2923 1	78.202 1
2	1	19.530 1	78.407 1
2	1	19.1279 1	78.1299 1
2	1	19.381 1	78.301 1
2	1	19.2024 1	78.660 1
2	1	19.630 1	78.120 1
2	1	19.631 1	78.119 1
6	9	19.1621 1 19.1528 1 19.1304 0.062	78.226 1 78.797 1 78.223 0.365
2	1	19.76 1	78.1005 1
2	1	19.647 1	78.692 1
2	1	19.3007 1	78.265 1
2	1	19.16 1	78.156 1
2	1	19.1235 1	78.1248 1
2	1	19.1179 1	78.1066 1
2	1	19.1841 1	78.323 1
2	1	19.1559 1	78.1378 1
2	1	19.1428 1	78.845 1
2	1	19.1781 1	78.1344 1
2	1	19.389 1	78.1155 1
4	3	19.1297 1 19.1534 0.579 19.585 0.092	78.471 1
3	2	19.1138 1 19.1172 0.928	78.1184 1
2	1	19.264 1	78.630 1
2	1	19.2278 1	78.739 1
2	1	19.118 1	78.992 1
2	1	19.395 1	78.1141 1
2	1	19.1835 1	78.313 1
2	1	19.2642 1	78.1081 1
2	1	19.3157 1	78.1112 1
2	1	19.879 1	78.356 1
2	1	19.2675 1	78.941 1
2	1	19.3052 1	78.479 1
2	1	19.2922 1	78.201 1
2	1	19.2592 1	78.1163 1
2	1	19.1838 1	78.321 1
2	1	19.673 1	78.666 1
2	1	19.164 1	78.1101 1
2	1	19.2154 1	78.536 1
2	1	19.1474 1	78.22 1
2	1	19.1475 1	78.24 1
2	1	19.1823 1	78.409 1
2	1	19.2023 1	78.659 1
2	1	19.1936 1	78.40 1
2	1	19.555 1	78.386 1
2	1	19.561 1	78.102 1
2	1	19.1791 1	78.1351 1
2	1	19.2499 1	78.149 1
2	1	19.3153 1	78.1108 1
13	12	19.1165 0.767 19.1339 0.388 19.1362 1 19.610 0.767 19.695 0.767 19.716 0.767 19.790 0.738 19.810 0.738 19.492 0.745 19.1025 0.880 19.1419 0.880 19.2296 0.880	78.219 1
2	1	19.1783 1	78.1346 1
2	1	19.1065 1	78.979 1
2	1	19.2948 1	78.374 1
2	1	19.2659 1	78.640 1
2	1	19.2500 1	78.148 1
2	1	19.1426 1	78.843 1
2	1	19.873 1	78.362 1
2	1	19.1794 1	78.1354 1
2	1	19.2704 1	78.736 1
2	1	19.2911 1	78.177 1
2	1	19.15 1	78.157 1
2	1	19.1181 1	78.1064 1
2	1	19.559 1	78.382 1
2	1	19.2676 1	78.940 1
2	1	19.1034 1	78.32 1
2	1	19.2943 1	78.379 1
2	1	19.2951 1	78.371 1
2	1	19.449 1	78.1235 1
2	1	19.1718 1	78.1176 1
2	1	19.2565 1	78.280 1
2	1	19.548 1	78.392 1
2	1	19.876 1	78.359 1
2	1	19.2272 1	78.749 1
2	1	19.2149 1	78.538 1
2	1	19.547 1	78.393 1
2	1	19.11 1	78.161 1
2	1	19.2641 1	78.1082 1
2	1	19.2422 1	78.465 1
2	1	19.2221 1	78.439 1
2	1	19.650 1	78.689 1
2	1	19.1568 1	78.1237 1
2	1	19.380 1	78.302 1
2	1	19.986 1	78.1286 1
2	1	19.1432 1	78.1357 1
2	1	19.1832 1	78.310 1
2	1	19.2050 1	78.841 1
2	1	19.644 1	78.695 1
2	1	19.2022 1	78.658 1
2	1	19.2097 1	78.107 1
2	1	19.2919 1	78.1017 1
2	1	19.538 1	78.401 1
2	1	19.2415 1	78.455 1
2	1	19.2660 1	78.641 1
2	1	19.2329 1	78.565 1
2	1	19.671 1	78.669 1
2	1	19.2861 1	78.972 1
2	1	19.3120 1	78.1252 1
2	1	19.2662 1	78.643 1
2	1	19.159 1	78.1096 1
2	1	19.1233 1	78.778 1
2	1	19.568 1	78.96 1
2	1	19.1717 1	78.1175 1
2	1	19.1774 1	78.1334 1
2	1	19.12 1	78.160 1
2	1	19.1716 1	78.1174 1
2	1	19.3051 1	78.480 1
2	1	19.265 1	78.629 1
2	1	19.1478 1	78.27 1
2	1	19.311 1	78.1 1
2	1	19.183 1	78.510 1
2	1	19.3077 1	78.786 1
2	1	19.2941 1	78.381 1
2	1	19.448 1	78.1234 1
2	1	19.2169 1	78.236 1
3	2	19.1210 1 19.1211 0.965	78.150 1
22	40	19.1912 1 19.782 1 19.1388 0.232 19.1766 0.209 19.462 0.180 19.1160 0.177 19.605 0.177 19.690 0.177 19.711 0.177 19.795 0.175 19.815 0.175 19.1712 0.174 19.2200 0.144 19.1438 0.113 19.745 0.108 19.227 0.104 19.401 0.089 19.400 0.069 19.2402 0.053 19.2545 0.053	78.1228 1 78.1313 1
2	1	19.1175 1	78.1308 1
3	2	19.2282 1	78.737 1 78.657 0.797
2	1	19.633 1	78.117 1
2	1	19.1416 1	78.1327 1
2	1	19.2046 1	78.838 1
2	1	19.2674 1	78.430 1
2	1	19.664 1	78.675 1
2	1	19.2019 1	78.655 1
2	1	19.2330 1	78.564 1
2	1	19.1044 1	78.1057 1
2	1	19.1558 1	78.1379 1
3	2	19.2673 1	78.431 1 78.432 0.868
2	1	19.1042 1	78.1055 1
2	1	19.1258 1	78.1403 1
2	1	19.899 1	78.1291 1
2	1	19.874 1	78.361 1
2	1	19.10 1	78.162 1
2	1	19.2172 1	78.239 1
2	1	19.2281 1	78.738 1
2	1	19.645 1	78.694 1
2	1	19.2552 1	78.293 1
2	1	19.2595 1	78.620 1
2	1	19.1041 1	78.1241 1
2	1	19.2557 1	78.288 1
2	1	19.1554 1	78.1383 1
2	1	19.542 1	78.398 1
2	1	19.3156 1	78.1111 1
2	1	19.905 1	78.1272 1
2	1	19.2111 1	78.622 1
2	1	19.3063 1	78.518 1
2	1	19.1679 1	78.271 1
2	1	19.2045 1	78.837 1
2	1	19.2087 1	78.261 1
2	1	19.1780 1	78.1343 1
2	1	19.2623 1	78.895 1
2	1	19.1698 1	78.273 1
2	1	19.2331 1	78.563 1
2	1	19.870 1	78.365 1
2	1	19.9 1	78.163 1
2	1	19.544 1	78.396 1
2	1	19.674 1	78.665 1
2	1	19.927 1	78.1274 1
2	1	19.3080 1	78.782 1
2	1	19.3039 1	78.1307 1
2	1	19.2558 1	78.287 1
2	1	19.2549 1	78.1159 1
2	1	19.1476 1	78.25 1
2	1	19.906 1	78.1270 1
2	1	19.2870 1	78.604 1
2	1	19.386 1	78.296 1
2	1	19.1038 1	78.29 1
2	1	19.659 1	78.680 1
2	1	19.2536 1	78.1173 1
2	1	19.1562 1	78.1375 1
2	1	19.661 1	78.678 1
2	1	19.652 1	78.687 1
2	1	19.2014 1	78.651 1
2	1	19.2075 1	78.1212 1
2	1	19.364 1	78.309 1
2	1	19.1033 1	78.33 1
2	1	19.3166 1	78.1120 1
2	1	19.656 1	78.683 1
2	1	19.2946 1	78.376 1
2	1	19.558 1	78.383 1
2	1	19.204 1	78.554 1
2	1	19.1902 1	78.723 1
2	1	19.636 1	78.705 1
2	1	19.3178 1	78.811 1
2	1	19.877 1	78.358 1
2	1	19.3151 1	78.1106 1
2	1	19.1567 1	78.1236 1
2	1	19.1789 1	78.1349 1
2	1	19.1825 1	78.411 1
2	1	19.122 1	78.985 1
2	1	19.83 1	78.998 1
2	1	19.2624 1	78.896 1
2	1	19.18 1	78.814 1
2	1	19.1779 1	78.1342 1
2	1	19.1280 1	78.1298 1
2	1	19.2049 1	78.840 1
4	3	19.1155 0.539 19.2370 0.596 19.2446 1	78.771 1
2	1	19.2277 1	78.740 1
2	1	19.2629 1	78.880 1
2	1	19.2920 1	78.1018 1
2	1	19.2274 1	78.747 1
2	1	19.1177 1	78.1068 1
2	1	19.2645 1	78.1079 1
2	1	19.2242 1	78.437 1
2	1	19.156 1	78.1093 1
18	17	19.1016 0.902 19.1164 0.843 19.1443 0.941 19.1485 0.902 19.1602 1 19.1988 0.941 19.2206 0.725 19.222 0.765 19.2248 0.980 19.2295 0.784 19.469 0.118 19.609 0.843 19.694 0.843 19.715 0.843 19.776 0.745 19.791 0.843 19.811 0.843	78.1254 1
2	1	19.231 1	78.1200 1
2	1	19.2498 1	78.244 1
2	1	19.1773 1	78.1333 1
2	1	19.2162 1	78.230 1
2	1	19.1174 1	78.1182 1
4	3	19.1322 1 19.2606 1 19.52 1	78.600 1
35	66	19.1714 1 19.1880 1 19.1437 0.934 19.1713 0.929 19.1159 0.917 19.689 0.917 19.710 0.917 19.796 0.917 19.816 0.917 19.604 0.905 19.1994 0.876 19.2982 0.830 19.1371 0.751 19.3107 0.320 19.797 0.297 19.817 0.297 19.2373 0.295 19.2816 0.295 19.1158 0.287 19.603 0.287 19.688 0.287 19.709 0.287 19.1493 0.283 19.1436 0.267 19.2983 0.229 19.1457 0.228 19.784 0.220 19.1008 0.219 19.2197 0.212 19.3129 0.080 19.2198 0.055 19.1596 0.053 19.1023 0.052	78.269 1 78.1314 1
3	2	19.78 1	78.1003 1 78.900 0.106
2	1	19.1871 1	78.282 1
2	1	19.2878 1	78.608 1
2	1	19.238 1	78.637 1
2	1	19.3059 1	78.50 1
2	1	19.2418 1	78.459 1
2	1	19.269 1	78.627 1
2	1	19.2976 1	78.220 1
2	1	19.2548 1	78.1160 1
2	1	19.651 1	78.688 1
2	1	19.2709 1	78.1138 1
2	1	19.2638 1	78.257 1
2	1	19.1937 1	78.41 1
2	1	19.1045 1	78.1058 1
2	1	19.2216 1	78.443 1
2	1	19.2220 1	78.440 1
2	1	19.2958 1	78.800 1
2	1	19.1946 1	78.43 1
2	1	19.1036 1	78.30 1
2	1	19.2246 1	78.434 1
2	1	19.907 1	78.1269 1
2	1	19.2195 1	78.762 1
2	1	19.985 1	78.1285 1
2	1	19.82 1	78.999 1
2	1	19.444 1	78.1126 1
2	1	19.2537 1	78.153 1
2	1	19.441 1	78.1128 1
2	1	19.2862 1	78.971 1
2	1	19.228 1	78.1197 1
3	2	19.2857 1	78.857 0.414 78.975 1
2	1	19.442 1	78.1127 1
2	1	19.7 1	78.165 1
2	1	19.2874 1	78.607 1
2	1	19.2547 1	78.1161 1
2	1	19.2121 1	78.1049 1
2	1	19.2072 1	78.1208 1
3	2	19.1139 0.972 19.1171 1	78.1185 1
2	1	19.2743 1	78.764 1
2	1	19.2555 1	78.290 1
2	1	19.545 1	78.395 1
2	1	19.412 1	78.1052 1
2	1	19.637 1	78.704 1
2	1	19.155 1	78.1092 1
2	1	19.1427 1	78.844 1
2	1	19.3062 1	78.56 1
2	1	19.662 1	78.677 1
2	1	19.1043 1	78.1056 1
3	2	19.1309 0.385 19.2145 1	78.759 1
2	1	19.203 1	78.555 1
2	1	19.1950 1	78.601 1
2	1	19.2956 1	78.367 1
2	1	19.202 1	78.556 1
2	1	19.3073 1	78.790 1
2	1	19.2872 1	78.605 1
2	1	19.1282 1	78.1297 1
2	1	19.1234 1	78.779 1
2	1	19.926 1	78.1275 1
2	1	19.1802 1	78.949 1
2	1	19.1784 1	78.1347 1
2	1	19.668 1	78.672 1
2	1	19.483 1	78.957 1
2	1	19.3119 1	78.1251 1
2	1	19.2881 1	78.612 1
2	1	19.2303 1	78.344 1
2	1	19.2174 1	78.241 1
2	1	19.3177 1	78.810 1
2	1	19.658 1	78.681 1
2	1	19.2333 1	78.823 1
2	1	19.237 1	78.1205 1
2	1	19.3061 1	78.52 1
2	1	19.3121 1	78.1253 1
6	5	19.1295 0.685 19.1537 1 19.2095 0.137 19.2782 0.424 19.577 0.329	78.109 1
2	1	19.550 1	78.390 1
2	1	19.2942 1	78.380 1
2	1	19.1947 1	78.44 1
2	1	19.2047 1	78.839 1
2	1	19.2355 1	78.61 1
2	1	19.368 1	78.306 1
2	1	19.654 1	78.685 1
2	1	19.2101 1	78.104 1
2	1	19.634 1	78.706 1
2	1	19.2522 1	78.618 1
2	1	19.627 1	78.123 1
2	1	19.670 1	78.670 1
2	1	19.1473 1	78.21 1
2	1	19.3176 1	78.809 1
2	1	19.1771 1	78.1330 1
2	1	19.271 1	78.625 1
2	1	19.3058 1	78.87 1
2	1	19.667 1	78.673 1
2	1	19.1070 1	78.587 1
2	1	19.1905 1	78.725 1
2	1	19.531 1	78.406 1
2	1	19.1062 1	78.982 1
2	1	19.1265 1	78.862 1
2	1	19.1452 1	78.1322 1
2	1	19.3160 1	78.1117 1
2	1	19.616 1	78.1259 1
2	1	19.2925 1	78.205 1
2	1	19.660 1	78.679 1
2	1	19.180 1	78.505 1
26	25	19.1221 0.181 19.1242 0.181 19.1311 0.613 19.1398 0.417 19.1518 0.815 19.1609 0.349 19.178 0.750 19.1844 0.726 19.1949 0.105 19.2029 0.766 19.2147 0.556 19.2158 0.117 19.2285 0.750 19.2366 0.750 19.2488 0.790 19.2584 0.596 19.2604 1 19.2824 0.154 19.2833 0.742 19.2883 0.734 19.408 0.637 19.452 0.774 19.50 1 19.733 0.596 19.739 0.349	78.602 1
2	1	19.1347 1	78.491 1
2	1	19.2218 1	78.441 1
2	1	19.553 1	78.387 1
2	1	19.1553 1	78.1387 1
2	1	19.1796 1	78.944 1
2	1	19.1833 1	78.311 1
2	1	19.2661 1	78.642 1
2	1	19.3075 1	78.788 1
3	2	19.536 1	78.402 1 78.855 0.376
2	1	19.563 1	78.98 1
2	1	19.1178 1	78.1067 1
2	1	19.235 1	78.1204 1
2	1	19.649 1	78.690 1
2	1	19.207 1	78.548 1
2	1	19.1176 1	78.1069 1
2	1	19.1261 1	78.868 1
2	1	19.440 1	78.1129 1
2	1	19.2076 1	78.1213 1
2	1	19.1064 1	78.980 1
2	1	19.3049 1	78.481 1
2	1	19.655 1	78.684 1
2	1	19.625 1	78.92 1
2	1	19.643 1	78.696 1
2	1	19.567 1	78.97 1
2	1	19.1828 1	78.414 1
2	1	19.1925 1	78.581 1
5	4	19.1299 0.094 19.2099 1 19.2518 0.079 19.584 0.079	78.106 1
2	1	19.2417 1	78.458 1
2	1	19.2918 1	78.1016 1
2	1	19.763 1	78.1303 1
2	1	19.868 1	78.366 1
2	1	19.89 1	78.994 1
2	1	19.1785 1	78.1348 1
2	1	19.541 1	78.399 1
2	1	19.70 1	78.1104 1
2	1	19.2395 1	78.731 1
2	1	19.1565 1	78.1373 1
2	1	19.1829 1	78.415 1
2	1	19.201 1	78.557 1
2	1	19.2018 1	78.654 1
2	1	19.160 1	78.1099 1
2	1	19.1929 1	78.35 1
2	1	19.26 1	78.173 1
2	1	19.3163 1	78.1118 1
2	1	19.543 1	78.397 1
2	1	19.648 1	78.691 1
2	1	19.1263 1	78.866 1
2	1	19.2222 1	78.438 1
2	1	19.2854 1	78.246 1
24	23	19.1001 0.476 19.1098 0.476 19.1150 0.571 19.1383 0.571 19.1588 0.667 19.1811 0.571 19.1981 0.429 19.2261 0.571 19.2315 0.381 19.2346 0.524 19.2477 0.667 19.2806 0.571 19.2991 1 19.3094 0.476 19.3141 0.571 19.41 0.238 19.520 0.095 19.597 0.571 19.681 0.524 19.702 0.524 19.803 0.476 19.823 0.476 19.937 0.571	78.766 1
2	1	19.2945 1	78.377 1
2	1	19.1777 1	78.1336 1
2	1	19.22 1	78.812 1
2	1	19.1251 1	78.1284 1
2	1	19.2416 1	78.456 1
2	1	19.1232 1	78.777 1
2	1	19.2507 1	78.144 1
3	2	19.2424 0.099 19.2711 1	78.1140 1
2	1	19.1552 1	78.1389 1
2	1	19.28 1	78.175 1
2	1	19.3159 1	78.1116 1
2	1	19.2501 1	78.147 1
2	1	19.1055 1	78.1060 1
2	1	19.2393 1	78.729 1
3	2	19.334 0.258 19.721 1	78.1143 1
2	1	19.2155 1	78.535 1
2	1	19.2524 1	78.1328 1
2	1	19.646 1	78.693 1
2	1	19.2016 1	78.652 1
2	1	19.2301 1	78.343 1
2	1	19.928 1	78.1273 1
2	1	19.2959 1	78.801 1
2	1	19.1262 1	78.867 1
2	1	19.87 1	78.995 1
2	1	19.2363 1	78.846 1
2	1	19.2362 1	78.849 1
2	1	19.2633 1	78.878 1
2	1	19.872 1	78.363 1
2	1	19.2944 1	78.378 1
2	1	19.2570 1	78.1083 1
2	1	19.2325 1	78.568 1
2	1	19.1068 1	78.977 1
2	1	19.1046 1	78.1059 1
2	1	19.2304 1	78.345 1
2	1	19.2865 1	78.966 1
2	1	19.2094 1	78.908 1
2	1	19.2665 1	78.646 1
2	1	19.1800 1	78.947 1
2	1	19.1830 1	78.416 1
2	1	19.2025 1	78.661 1
2	1	19.2663 1	78.644 1
2	1	19.1477 1	78.26 1
3	2	19.1873 1 19.2561 0.079	78.283 1
2	1	19.2166 1	78.233 1
2	1	19.2954 1	78.369 1
2	1	19.653 1	78.686 1
2	1	19.2217 1	78.442 1
2	1	19.1799 1	78.946 1
2	1	19.920 1	78.1255 1
3	2	19.1403 0.781 19.2677 1	78.939 1
2	1	19.2864 1	78.967 1
2	1	19.3053 1	78.477 1
2	1	19.1063 1	78.981 1
2	1	19.1468 1	78.218 1
2	1	19.860 1	78.1045 1
2	1	19.3060 1	78.51 1
2	1	19.2081 1	78.1247 1
2	1	19.1550 1	78.1390 1
2	1	19.375 1	78.304 1
20	36	19.1168 0.105 19.1230 0.684 19.1257 1 19.1423 0.632 19.1449 0.526 19.1479 0.526 19.1938 0.316 19.2214 0.526 19.2666 0.579 19.3038 0.158 19.613 0.105 19.698 0.105 19.719 0.105 19.771 0.526 19.787 0.105 19.807 0.105 19.881 0.737 19.963 0.105	78.1370 0.263 78.206 1
2	1	19.3175 1	78.808 1
2	1	19.2017 1	78.653 1
11	18	19.1085 0.565 19.1525 1 19.1689 0.522 19.1914 0.261 19.2136 0.609 19.2612 0.609 19.328 0.565 19.57 0.609 19.725 0.391	78.596 1 78.755 0.407
2	1	19.229 1	78.1198 1
2	1	19.1967 1	78.815 1
2	1	19.2423 1	78.466 1
2	1	19.987 1	78.1287 1
2	1	19.621 1	78.94 1
2	1	19.546 1	78.394 1
2	1	19.2950 1	78.372 1
2	1	19.2326 1	78.567 1
2	1	19.528 1	78.503 1
2	1	19.665 1	78.674 1
2	1	19.882 1	78.341 1
2	1	19.1345 1	78.483 1
2	1	19.2632 1	78.879 1
2	1	19.2084 1	78.562 1
2	1	19.2664 1	78.645 1
2	1	19.2496 1	78.242 1
2	1	19.327 1	78.250 1
2	1	19.2305 1	78.346 1
2	1	19.2953 1	78.370 1
2	1	19.383 1	78.299 1
2	1	19.2133 1	78.251 1
2	1	19.1674 1	78.572 1
2	1	19.2086 1	78.262 1
2	1	19.366 1	78.307 1
2	1	19.2556 1	78.289 1
2	1	19.657 1	78.682 1
2	1	19.1266 1	78.861 1
26	25	19.1166 0.717 19.1228 0.742 19.1341 0.250 19.1360 0.102 19.1420 0.908 19.1446 0.711 19.1482 0.128 19.1576 0.130 19.218 0.732 19.2251 0.516 19.2669 0.711 19.2683 0.054 19.2693 0.138 19.2748 1 19.2974 0.932 19.3084 0.139 19.611 0.717 19.696 0.717 19.717 0.717 19.773 0.828 19.789 0.213 19.809 0.213 19.959 0.155 19.965 0.098 19.979 0.076	78.217 1
2	1	19.1350 1	78.488 1
2	1	19.1790 1	78.1350 1
2	1	19.2520 1	78.140 1
2	1	19.3079 1	78.784 1
2	1	19.1250 1	78.1283 1
2	1	19.3155 1	78.1110 1
2	1	19.2497 1	78.243 1
2	1	19.560 1	78.103 1
2	1	19.1778 1	78.1341 1
2	1	19.2658 1	78.639 1
2	1	19.2074 1	78.1211 1
2	1	19.571 1	78.95 1
2	1	19.1926 1	78.582 1
7	6	19.1296 1 19.1535 0.238 19.2096 0.381 19.2232 0.476 19.2963 0.143 19.579 1	78.472 1
2	1	19.1945 1	78.42 1
2	1	19.765 1	78.110 1
2	1	19.411 1	78.63 1
2	1	19.3074 1	78.789 1
2	1	19.1061 1	78.983 1
2	1	19.3173 1	78.1122 1
2	1	19.539 1	78.400 1
2	1	19.672 1	78.667 1
2	1	19.641 1	78.698 1
3	2	19.2434 1 19.2700 0.248	78.734 1
2	1	19.3174 1	78.807 1
2	1	19.1069 1	78.976 1
2	1	19.2515 1	78.142 1
9	8	19.1300 1 19.1532 1 19.1807 0.974 19.2100 0.842 19.2228 1 19.281 0.868 19.305 1 19.583 0.921	78.105 1
5	6	19.1793 1 19.2714 1	78.1353 1 78.732 1 78.1214 0.054
2	1	19.2512 1	78.143 1
2	1	19.1547 1	78.1144 1
2	1	19.205 1	78.553 1
2	1	19.2705 1	78.549 1
3	2	19.2394 1 19.540 0.928	78.730 1
2	1	19.1349 1	78.489 1
2	1	19.2503 1	78.146 1
2	1	19.1923 1	78.950 1
2	1	19.1237 1	78.1250 1
2	1	19.79 1	78.1002 1
2	1	19.3118 1	78.1372 1
2	1	19.2853 1	78.247 1
2	1	19.759 1	78.1166 1
15	36	19.2093 1 19.299 1 19.414 1 19.768 1 19.914 1 19.1058 1 19.1314 1 19.1540 1 19.1897 0.920 19.2240 1 19.2784 1 19.3010 0.920	78.803 1 78.907 1 78.115 0.987
10	9	19.1014 0.875 19.1366 0.875 19.1441 0.917 19.1600 0.875 19.1709 1 19.1990 0.917 19.2204 0.750 19.224 0.625 19.2293 0.062	78.1229 1
2	1	19.1792 1	78.1352 1
3	2	19.918 1	78.112 1 78.5 0.396
7	6	19.1156 1 19.2194 0.754 19.2371 0.991 19.3102 0.978 19.799 0.978 19.819 0.978	78.772 1
2	1	19.1515 1	78.1391 1
2	1	19.3150 1	78.1105 1
2	1	19.1231 1	78.773 1
2	1	19.25 1	78.172 1
2	1	19.294 1	78.825 1
2	1	19.760 1	78.1167 1
2	1	19.1729 1	78.487 1
26	25	19.1167 1 19.1229 0.875 19.1421 0.802 19.1447 0.750 19.1480 0.750 19.1574 0.688 19.1607 0.688 19.1701 0.562 19.217 0.702 19.2212 0.562 19.2252 1 19.2298 0.802 19.2668 1 19.2747 0.812 19.2973 0.688 19.3082 0.502 19.612 1 19.67 0.502 19.697 1 19.718 1 19.772 0.688 19.788 1 19.808 1 19.964 1 19.980 1	78.211 1
2	1	19.161 1	78.1100 1
2	1	19.2328 1	78.566 1
2	1	19.642 1	78.697 1
2	1	19.2510 1	78.75 1
2	1	19.313 1	78.454 1
4	3	19.1536 1 19.2233 1 19.578 0.583	78.108 1
2	1	19.166 1	78.1102 1
2	1	19.2421 1	78.464 1
2	1	19.2779 1	78.1207 1
2	1	19.1348 1	78.490 1
2	1	19.2526 1	78.127 1
2	1	19.3078 1	78.785 1
2	1	19.588 1	78.2 1
2	1	19.485 1	78.761 1
13	12	19.1131 0.818 19.1400 1 19.176 1 19.2026 0.636 19.2283 0.545 19.2364 0.727 19.2490 0.545 19.2651 0.636 19.2826 0.636 19.2908 0.727 19.451 0.259 19.738 0.545	78.245 1
2	1	19.640 1	78.699 1
2	1	19.2863 1	78.968 1
2	1	19.120 1	78.988 1
2	1	19.1932 1	78.37 1
10	16	19.1057 1 19.1293 0.400 19.1571 0.400 19.1898 0.400 19.1969 1 19.2241 1 19.298 1 19.866 1	78.802 0.700 78.906 1
2	1	19.2215 1	78.444 1
7	6	19.1303 0.178 19.2103 0.161 19.2224 0.204 19.276 1 19.427 0.479 19.438 0.141	78.593 1
9	8	19.1255 0.755 19.1409 0.177 19.1752 0.177 19.2299 0.717 19.2439 0.755 19.3117 1 19.488 0.642 19.961 0.830	78.210 1
2	1	19.917 1	78.955 1
2	1	19.2493 1	78.183 1
2	1	19.562 1	78.101 1
2	1	19.856 1	78.1135 1
2	1	19.2646 1	78.1317 1
26	25	19.1015 0.980 19.1163 0.980 19.1365 0.959 19.1442 0.980 19.1464 0.327 19.1581 1 19.1601 0.980 19.1708 0.980 19.1989 0.980 19.214 0.451 19.2205 0.949 19.223 0.949 19.2247 0.980 19.2754 0.344 19.2967 0.929 19.2977 0.745 19.352 0.877 19.468 0.816 19.608 0.980 19.693 0.980 19.714 0.980 19.777 0.980 19.792 0.980 19.812 0.980 19.974 0.745	78.1230 1
3	2	19.416 1 19.766 1	78.113 1
2	1	19.1931 1	78.36 1
3	2	19.1315 1 19.2332 0.286	78.116 1
2	1	19.2420 1	78.461 1
2	1	19.1249 1	78.1282 1
26	25	19.1256 0.443 19.1342 0.557 19.1359 0.525 19.1422 0.508 19.1448 0.557 19.1573 0.426 19.1608 0.415 19.1700 0.557 19.1751 0.410 19.198 0.505 19.2213 0.574 19.2253 0.557 19.2300 0.574 19.260 0.539 19.2667 0.557 19.2681 0.607 19.2746 0.541 19.287 0.328 19.2972 1 19.3037 0.541 19.3081 0.574 19.359 0.165 19.68 0.118 19.962 0.574 19.981 0.557	78.208 1
3	2	19.1569 1	78.1221 1 78.832 0.284
2	1	19.1963 1	78.752 1
2	1	19.761 1	78.1168 1
2	1	19.1901 1	78.1154 1
2	1	19.2271 1	78.1194 1
2	1	19.3040 1	78.1306 1
