Size	Relations	OrthoA	OrthoB
2	1	19.1560 1	77.540 1
2	1	19.1072 1	77.1637 1
2	1	19.3007 1	77.2042 1
2	1	19.80 1	77.96 1
2	1	19.2273 1	77.682 1
2	1	19.81 1	77.97 1
2	1	19.1454 1	77.1706 1
7	10	19.1003 1 19.599 1 19.684 0.182 19.705 0.182 19.2989 0.077	77.1000 1 77.1250 1
2	1	19.1967 1	77.1355 1
2	1	19.230 1	77.812 1
2	1	19.1827 1	77.259 1
2	1	19.629 1	77.327 1
2	1	19.234 1	77.816 1
2	1	19.2391 1	77.1083 1
2	1	19.1032 1	77.1341 1
2	1	19.1268 1	77.566 1
2	1	19.261 1	77.449 1
2	1	19.2921 1	77.2067 1
2	1	19.124 1	77.107 1
2	1	19.2419 1	77.1831 1
2	1	19.2435 1	77.1090 1
2	1	19.880 1	77.178 1
2	1	19.1836 1	77.246 1
2	1	19.5 1	77.4 1
2	1	19.1965 1	77.1353 1
2	1	19.2602 1	77.597 1
2	1	19.2550 1	77.471 1
2	1	19.3006 1	77.2043 1
2	1	19.232 1	77.814 1
2	1	19.925 1	77.719 1
2	1	19.84 1	77.100 1
2	1	19.924 1	77.718 1
2	1	19.2336 1	77.647 1
2	1	19.675 1	77.372 1
2	1	19.2879 1	77.1995 1
2	1	19.72 1	77.46 1
2	1	19.1071 1	77.1638 1
2	1	19.388 1	77.1871 1
2	1	19.149 1	77.2001 1
2	1	19.1795 1	77.1766 1
2	1	19.2955 1	77.164 1
2	1	19.624 1	77.322 1
2	1	19.382 1	77.1865 1
2	1	19.2703 1	77.1092 1
2	1	19.396 1	77.917 1
2	1	19.1842 1	77.241 1
2	1	19.4 1	77.3 1
2	1	19.2165 1	77.1963 1
2	1	19.1173 1	77.1433 1
2	1	19.14 1	77.13 1
2	1	19.263 1	77.451 1
2	1	19.2593 1	77.466 1
2	1	19.1103 1	77.1326 1
2	1	19.8 1	77.7 1
2	1	19.3158 1	77.36 1
2	1	19.533 1	77.270 1
2	1	19.2592 1	77.467 1
2	1	19.1066 1	77.1641 1
2	1	19.1180 1	77.1441 1
2	1	19.1798 1	77.1768 1
3	2	19.1548 0.183 19.2619 1	77.746 1
2	1	19.1699 1	77.499 1
2	1	19.2534 1	77.1887 1
2	1	19.1724 1	77.1400 1
2	1	19.1556 1	77.544 1
2	1	19.3076 1	77.1504 1
2	1	19.385 1	77.1868 1
2	1	19.266 1	77.455 1
2	1	19.2268 1	77.705 1
2	1	19.75 1	77.50 1
2	1	19.628 1	77.326 1
2	1	19.1317 1	77.1141 1
2	1	19.2880 1	77.1996 1
2	1	19.1677 1	77.504 1
2	1	19.2243 1	77.1480 1
2	1	19.923 1	77.717 1
2	1	19.1775 1	77.1725 1
2	1	19.1673 1	77.508 1
2	1	19.1870 1	77.482 1
2	1	19.1904 1	77.526 1
2	1	19.532 1	77.269 1
2	1	19.1510 1	77.556 1
2	1	19.2554 1	77.474 1
2	1	19.2160 1	77.1967 1
2	1	19.2171 1	77.1957 1
2	1	19.2947 1	77.157 1
2	1	19.2082 1	77.879 1
2	1	19.2170 1	77.1958 1
2	1	19.239 1	77.397 1
2	1	19.1417 1	77.1709 1
2	1	19.19 1	77.18 1
2	1	19.2553 1	77.473 1
2	1	19.2530 1	77.1891 1
2	1	19.551 1	77.286 1
2	1	19.2173 1	77.1955 1
2	1	19.1102 1	77.1327 1
2	1	19.1676 1	77.505 1
2	1	19.2949 1	77.159 1
2	1	19.24 1	77.2095 1
2	1	19.1557 1	77.543 1
2	1	19.1271 1	77.571 1
2	1	19.2731 1	77.1695 1
2	1	19.2167 1	77.1961 1
2	1	19.2168 1	77.1960 1
2	1	19.663 1	77.360 1
2	1	19.2019 1	77.379 1
2	1	19.859 1	77.1822 1
12	11	19.1000 0.826 19.1149 0.846 19.1890 0.477 19.2992 1 19.3093 0.110 19.596 0.839 19.680 0.839 19.701 0.839 19.748 0.458 19.804 0.826 19.824 0.826	77.874 1
8	7	19.1002 0.411 19.1743 0.356 19.2990 1 19.598 0.400 19.802 0.411 19.822 0.411 19.833 0.378	77.872 1
2	1	19.1035 1	77.1338 1
2	1	19.556 1	77.290 1
2	1	19.2306 1	77.214 1
2	1	19.638 1	77.336 1
2	1	19.1899 1	77.530 1
2	1	19.1555 1	77.545 1
2	1	19.2559 1	77.478 1
2	1	19.1284 1	77.743 1
2	1	19.1900 1	77.529 1
2	1	19.534 1	77.271 1
2	1	19.2532 1	77.1890 1
2	1	19.1834 1	77.248 1
2	1	19.3152 1	77.42 1
2	1	19.2533 1	77.1888 1
2	1	19.1801 1	77.1771 1
2	1	19.410 1	77.1449 1
2	1	19.73 1	77.47 1
2	1	19.1675 1	77.506 1
2	1	19.182 1	77.756 1
2	1	19.2910 1	77.2080 1
2	1	19.1514 1	77.551 1
2	1	19.1935 1	77.1346 1
2	1	19.2051 1	77.584 1
2	1	19.1678 1	77.503 1
2	1	19.626 1	77.324 1
2	1	19.557 1	77.291 1
2	1	19.2622 1	77.596 1
2	1	19.2085 1	77.897 1
2	1	19.262 1	77.450 1
2	1	19.27 1	77.2092 1
3	2	19.2609 1 19.2837 0.154	77.232 1
2	1	19.2516 1	77.1923 1
2	1	19.1278 1	77.735 1
2	1	19.13 1	77.12 1
2	1	19.921 1	77.715 1
2	1	19.85 1	77.101 1
2	1	19.2873 1	77.1992 1
2	1	19.157 1	77.2005 1
2	1	19.1561 1	77.539 1
2	1	19.552 1	77.287 1
2	1	19.1837 1	77.245 1
2	1	19.2645 1	77.1318 1
8	12	19.1302 0.731 19.1530 1	77.1106 0.755 77.1151 0.630 77.1426 0.719 77.1515 1 77.1755 0.677 77.913 0.720
2	1	19.1316 1	77.1142 1
2	1	19.875 1	77.173 1
2	1	19.1824 1	77.263 1
2	1	19.2787 1	77.1458 1
2	1	19.6 1	77.5 1
2	1	19.1934 1	77.1345 1
2	1	19.2524 1	77.1895 1
2	1	19.1418 1	77.1708 1
2	1	19.2335 1	77.646 1
2	1	19.384 1	77.1867 1
2	1	19.1450 1	77.1703 1
2	1	19.1276 1	77.734 1
2	1	19.233 1	77.815 1
2	1	19.2673 1	77.1477 1
2	1	19.639 1	77.337 1
11	24	19.1158 1 19.1436 0.562 19.1493 0.271 19.603 1 19.688 1 19.709 1 19.797 0.396 19.817 0.396	77.1254 1 77.868 1 77.997 0.994
2	1	19.393 1	77.1880 1
2	1	19.2091 1	77.901 1
2	1	19.1718 1	77.1396 1
2	1	19.878 1	77.176 1
2	1	19.2912 1	77.2078 1
2	1	19.3 1	77.2 1
2	1	19.387 1	77.1870 1
2	1	19.2710 1	77.1112 1
2	1	19.1966 1	77.1354 1
2	1	19.2089 1	77.900 1
2	1	19.549 1	77.284 1
2	1	19.3154 1	77.40 1
2	1	19.1564 1	77.537 1
2	1	19.2505 1	77.1930 1
2	1	19.2642 1	77.1315 1
2	1	19.883 1	77.221 1
2	1	19.1475 1	77.1332 1
2	1	19.2646 1	77.1319 1
2	1	19.2 1	77.1 1
2	1	19.1432 1	77.1700 1
2	1	19.1782 1	77.1734 1
2	1	19.530 1	77.267 1
2	1	19.632 1	77.331 1
2	1	19.871 1	77.169 1
2	1	19.3157 1	77.37 1
2	1	19.2163 1	77.1964 1
2	1	19.2560 1	77.479 1
2	1	19.1236 1	77.636 1
2	1	19.381 1	77.1864 1
2	1	19.2730 1	77.1696 1
3	2	19.1138 1 19.1172 0.757	77.1432 1
2	1	19.1831 1	77.253 1
2	1	19.1179 1	77.1440 1
2	1	19.2024 1	77.374 1
2	1	19.164 1	77.2010 1
2	1	19.412 1	77.1453 1
2	1	19.158 1	77.2006 1
2	1	19.1101 1	77.1328 1
2	1	19.1279 1	77.737 1
2	1	19.270 1	77.459 1
2	1	19.1451 1	77.1704 1
2	1	19.673 1	77.370 1
2	1	19.2278 1	77.653 1
2	1	19.2307 1	77.213 1
2	1	19.631 1	77.330 1
2	1	19.2913 1	77.612 1
2	1	19.669 1	77.365 1
2	1	19.922 1	77.716 1
2	1	19.1235 1	77.637 1
2	1	19.1840 1	77.243 1
2	1	19.2675 1	77.1474 1
16	48	19.1159 0.857 19.1437 1 19.1713 0.694 19.1880 0.612 19.1994 0.286 19.2982 0.245 19.3129 0.364 19.604 0.796 19.689 0.857 19.710 0.857 19.796 0.857 19.816 0.857	77.1042 0.176 77.1256 1 77.866 1 77.995 0.902
2	1	19.1835 1	77.247 1
2	1	19.1428 1	77.581 1
2	1	19.1181 1	77.1442 1
2	1	19.16 1	77.15 1
11	18	19.1321 0.669 19.1521 0.669 19.1684 0.537 19.2288 0.587 19.2397 0.215 19.2581 1 19.2608 0.052 19.2821 0.521 19.53 0.657	77.1489 0.610 77.398 1
2	1	19.879 1	77.177 1
2	1	19.1794 1	77.1765 1
2	1	19.2659 1	77.393 1
2	1	19.2923 1	77.2065 1
2	1	19.1841 1	77.242 1
2	1	19.2154 1	77.1618 1
2	1	19.898 1	77.1027 1
2	1	19.389 1	77.1872 1
3	2	19.1305 0.805 19.1527 1	77.1517 1
8	7	19.1545 0.060 19.1692 0.335 19.2405 0.282 19.2574 0.227 19.2615 0.558 19.2765 0.490 19.59 1	77.1050 1
2	1	19.1034 1	77.1339 1
2	1	19.1781 1	77.1733 1
2	1	19.559 1	77.293 1
2	1	19.76 1	77.51 1
2	1	19.1936 1	77.1347 1
2	1	19.395 1	77.1115 1
2	1	19.647 1	77.344 1
6	8	19.1297 1 19.1534 0.461	77.1512 1 77.1751 0.823 77.910 0.806 77.924 0.484
2	1	19.555 1	77.289 1
2	1	19.2922 1	77.2066 1
7	6	19.2104 1	77.1149 0.058 77.119 0.326 77.1428 1 77.1859 0.865 77.631 0.278 77.915 0.058
2	1	19.2676 1	77.1473 1
2	1	19.3153 1	77.41 1
2	1	19.2272 1	77.683 1
2	1	19.548 1	77.283 1
2	1	19.2565 1	77.483 1
2	1	19.1559 1	77.541 1
2	1	19.2499 1	77.1934 1
2	1	19.561 1	77.313 1
2	1	19.2084 1	77.896 1
2	1	19.905 1	77.725 1
2	1	19.3062 1	77.1614 1
2	1	19.634 1	77.333 1
2	1	19.1478 1	77.1335 1
2	1	19.15 1	77.14 1
2	1	19.1474 1	77.1331 1
2	1	19.264 1	77.452 1
2	1	19.2937 1	77.2055 1
6	8	19.2013 1 19.837 0.340	77.1006 0.984 77.1243 0.984 77.311 0.922 77.876 1
2	1	19.3063 1	77.1615 1
2	1	19.2951 1	77.161 1
2	1	19.1791 1	77.1739 1
2	1	19.2023 1	77.375 1
2	1	19.873 1	77.171 1
2	1	19.2500 1	77.1933 1
11	10	19.1160 0.935 19.1438 1 19.1712 0.886 19.2200 0.782 19.605 0.942 19.690 0.935 19.711 0.935 19.782 0.834 19.795 0.935 19.815 0.935	77.1257 1
2	1	19.11 1	77.10 1
2	1	19.876 1	77.174 1
2	1	19.2948 1	77.158 1
20	84	19.1147 0.478 19.1185 0.632 19.1977 0.468 19.2342 0.481 19.297 0.931 19.2994 0.240 19.3113 1 19.3146 0.246 19.594 0.491 19.678 0.486 19.699 0.486 19.806 0.455 19.826 0.455 19.998 0.486	77.1393 0.251 77.1691 0.120 77.1819 1 77.210 0.306 77.704 0.288 77.822 0.162
2	1	19.449 1	77.962 1
2	1	19.74 1	77.48 1
2	1	19.986 1	77.1008 1
2	1	19.1783 1	77.1735 1
2	1	19.2221 1	77.1494 1
2	1	19.2919 1	77.2069 1
2	1	19.1426 1	77.583 1
2	1	19.2422 1	77.1829 1
2	1	19.1233 1	77.639 1
2	1	19.2911 1	77.2079 1
2	1	19.2943 1	77.153 1
2	1	19.2704 1	77.1093 1
13	12	19.1084 0.890 19.1690 0.167 19.1764 0.695 19.1960 0.823 19.2404 0.083 19.2576 1 19.2613 0.946 19.2764 0.876 19.3148 0.146 19.329 0.053 19.58 0.958 19.724 1	77.237 1
2	1	19.644 1	77.341 1
2	1	19.671 1	77.367 1
2	1	19.547 1	77.282 1
2	1	19.1065 1	77.1642 1
2	1	19.2641 1	77.1314 1
2	1	19.2662 1	77.388 1
2	1	19.874 1	77.172 1
2	1	19.1832 1	77.250 1
2	1	19.2329 1	77.517 1
2	1	19.2330 1	77.518 1
2	1	19.1568 1	77.534 1
2	1	19.2647 1	77.1320 1
2	1	19.380 1	77.1863 1
2	1	19.633 1	77.332 1
2	1	19.2623 1	77.595 1
2	1	19.650 1	77.347 1
2	1	19.2050 1	77.585 1
2	1	19.538 1	77.274 1
2	1	19.3051 1	77.931 1
2	1	19.1553 1	77.547 1
2	1	19.2415 1	77.1835 1
2	1	19.183 1	77.757 1
2	1	19.2282 1	77.651 1
2	1	19.1044 1	77.1662 1
2	1	19.2523 1	77.1896 1
4	3	19.1048 1	77.1179 0.896 77.1280 0.881 77.433 1
2	1	19.1476 1	77.1333 1
2	1	19.1717 1	77.1395 1
2	1	19.159 1	77.2007 1
2	1	19.448 1	77.961 1
2	1	19.12 1	77.11 1
2	1	19.2861 1	77.1974 1
2	1	19.1774 1	77.1724 1
2	1	19.568 1	77.316 1
2	1	19.1042 1	77.1664 1
2	1	19.2301 1	77.219 1
2	1	19.664 1	77.361 1
2	1	19.674 1	77.371 1
2	1	19.2267 1	77.707 1
2	1	19.3077 1	77.1503 1
2	1	19.2674 1	77.1476 1
2	1	19.2087 1	77.899 1
2	1	19.2169 1	77.1959 1
2	1	19.542 1	77.277 1
2	1	19.2558 1	77.477 1
2	1	19.1175 1	77.1436 1
3	2	19.3120 1	77.1912 0.613 77.490 1
2	1	19.3080 1	77.1501 1
2	1	19.2274 1	77.681 1
2	1	19.1258 1	77.557 1
2	1	19.1780 1	77.1732 1
2	1	19.2281 1	77.652 1
2	1	19.2571 1	77.972 1
2	1	19.2552 1	77.472 1
2	1	19.265 1	77.453 1
2	1	19.2941 1	77.152 1
2	1	19.2548 1	77.469 1
2	1	19.1416 1	77.1710 1
2	1	19.1554 1	77.546 1
2	1	19.2557 1	77.476 1
2	1	19.2046 1	77.588 1
3	2	19.2915 1	77.2074 1 77.2072 0.987
2	1	19.2549 1	77.470 1
2	1	19.1041 1	77.1666 1
2	1	19.1562 1	77.538 1
2	1	19.2331 1	77.519 1
2	1	19.2595 1	77.465 1
2	1	19.1826 1	77.261 1
2	1	19.652 1	77.349 1
2	1	19.899 1	77.1026 1
2	1	19.1232 1	77.640 1
2	1	19.645 1	77.342 1
2	1	19.1825 1	77.262 1
2	1	19.2045 1	77.590 1
2	1	19.616 1	77.318 1
2	1	19.2277 1	77.654 1
2	1	19.3156 1	77.38 1
2	1	19.364 1	77.1858 1
2	1	19.2709 1	77.1111 1
2	1	19.386 1	77.1869 1
2	1	19.3178 1	77.20 1
2	1	19.544 1	77.279 1
2	1	19.2624 1	77.594 1
2	1	19.2075 1	77.840 1
4	3	19.479 1	77.1385 0.232 77.1796 1 77.629 0.207
2	1	19.442 1	77.946 1
2	1	19.3039 1	77.122 1
2	1	19.621 1	77.321 1
2	1	19.1033 1	77.1340 1
2	1	19.2111 1	77.463 1
2	1	19.636 1	77.334 1
2	1	19.661 1	77.358 1
2	1	19.1823 1	77.265 1
2	1	19.927 1	77.721 1
2	1	19.1779 1	77.1731 1
2	1	19.1038 1	77.1336 1
2	1	19.2362 1	77.579 1
2	1	19.2172 1	77.1956 1
2	1	19.1062 1	77.1645 1
2	1	19.1698 1	77.500 1
2	1	19.1902 1	77.527 1
2	1	19.2914 1	77.2075 1
2	1	19.877 1	77.175 1
2	1	19.1789 1	77.1737 1
2	1	19.2536 1	77.1531 1
2	1	19.656 1	77.353 1
2	1	19.2049 1	77.586 1
2	1	19.2418 1	77.1832 1
2	1	19.2920 1	77.2068 1
2	1	19.1433 1	77.1701 1
2	1	19.1871 1	77.481 1
2	1	19.1177 1	77.1438 1
2	1	19.1567 1	77.535 1
2	1	19.204 1	77.798 1
2	1	19.2072 1	77.837 1
2	1	19.2537 1	77.1143 1
2	1	19.659 1	77.356 1
2	1	19.543 1	77.278 1
2	1	19.2868 1	77.1988 1
2	1	19.3151 1	77.43 1
2	1	19.2022 1	77.376 1
2	1	19.1838 1	77.244 1
4	3	19.2979 1	77.1258 1 77.863 1 77.992 1
2	1	19.444 1	77.947 1
2	1	19.1406 1	77.1467 1
2	1	19.2242 1	77.1481 1
2	1	19.1043 1	77.1663 1
2	1	19.2946 1	77.156 1
2	1	19.28 1	77.2091 1
2	1	19.1234 1	77.638 1
2	1	19.862 1	77.1821 1
2	1	19.1280 1	77.738 1
2	1	19.2021 1	77.377 1
2	1	19.1946 1	77.1350 1
2	1	19.238 1	77.396 1
2	1	19.236 1	77.818 1
2	1	19.1070 1	77.1639 1
2	1	19.231 1	77.813 1
2	1	19.985 1	77.1007 1
2	1	19.9 1	77.8 1
2	1	19.545 1	77.280 1
2	1	19.1427 1	77.582 1
11	18	19.1518 0.179 19.2029 0.357 19.2366 0.429 19.2488 1 19.2604 0.107 19.2833 0.179 19.2883 0.571 19.452 0.250 19.50 0.107	77.226 1 77.401 1
2	1	19.7 1	77.6 1
2	1	19.630 1	77.329 1
2	1	19.83 1	77.99 1
2	1	19.2498 1	77.1935 1
16	39	19.1166 0.387 19.1228 0.440 19.1420 0.800 19.1446 0.373 19.218 0.420 19.2251 0.135 19.2669 0.373 19.2748 1 19.2974 0.853 19.611 0.387 19.696 0.387 19.717 0.387 19.773 0.627	77.1264 1 77.857 1 77.987 1
2	1	19.2162 1	77.1965 1
2	1	19.1231 1	77.641 1
2	1	19.3049 1	77.930 1
2	1	19.156 1	77.2004 1
2	1	19.208 1	77.801 1
2	1	19.2216 1	77.1498 1
2	1	19.18 1	77.17 1
2	1	19.2220 1	77.1495 1
2	1	19.2547 1	77.468 1
2	1	19.1178 1	77.1439 1
3	2	19.146 1 19.48 0.987	77.702 1
3	2	19.1139 0.951 19.1171 1	77.1431 1
2	1	19.478 1	77.1797 1
2	1	19.2958 1	77.2047 1
2	1	19.1045 1	77.1661 1
2	1	19.2638 1	77.1302 1
2	1	19.2878 1	77.1994 1
2	1	19.1036 1	77.1337 1
3	2	19.2323 1	77.1180 1 77.1281 0.500
2	1	19.907 1	77.728 1
2	1	19.2872 1	77.1991 1
2	1	19.1873 1	77.480 1
2	1	19.2393 1	77.1085 1
2	1	19.2925 1	77.2064 1
2	1	19.2246 1	77.1479 1
2	1	19.1802 1	77.1772 1
2	1	19.70 1	77.45 1
2	1	19.1937 1	77.1348 1
7	6	19.2629 1	77.1139 0.116 77.1543 0.943 77.1564 1 77.1580 0.883 77.1596 0.111 77.2119 0.943
2	1	19.651 1	77.348 1
2	1	19.3073 1	77.1520 1
7	6	19.1322 1 19.1520 0.385 19.2606 1 19.454 0.385 19.52 1 19.851 0.077	77.399 1
2	1	19.203 1	77.797 1
10	9	19.2095 1	77.112 0.586 77.1130 1 77.1189 0.586 77.1205 0.172 77.1419 0.759 77.1509 0.690 77.1948 0.448 77.764 0.069 77.907 0.586
2	1	19.3177 1	77.21 1
2	1	19.1264 1	77.563 1
2	1	19.550 1	77.285 1
2	1	19.2881 1	77.1997 1
2	1	19.662 1	77.359 1
2	1	19.477 1	77.1798 1
18	17	19.1031 0.188 19.1628 0.115 19.1668 0.839 19.1756 0.120 19.2123 0.129 19.2390 0.865 19.2589 0.629 19.2798 0.576 19.2829 0.847 19.285 0.875 19.29 0.298 19.397 1 19.435 0.068 19.500 0.537 19.676 0.330 19.757 0.074 19.908 0.844	77.625 1
2	1	19.627 1	77.325 1
2	1	19.637 1	77.335 1
2	1	19.2874 1	77.1993 1
2	1	19.2303 1	77.217 1
2	1	19.3160 1	77.34 1
2	1	19.3176 1	77.22 1
2	1	19.2956 1	77.165 1
2	1	19.1558 1	77.542 1
2	1	19.82 1	77.98 1
2	1	19.89 1	77.103 1
2	1	19.1473 1	77.1330 1
2	1	19.1282 1	77.739 1
2	1	19.10 1	77.9 1
2	1	19.155 1	77.2003 1
2	1	19.1784 1	77.1736 1
3	2	19.1004 1 19.105 0.971	77.1392 1
2	1	19.180 1	77.774 1
2	1	19.1513 1	77.552 1
2	1	19.2417 1	77.1833 1
2	1	19.2711 1	77.1113 1
2	1	19.2103 1	77.914 1
2	1	19.2395 1	77.1087 1
2	1	19.2854 1	77.1969 1
2	1	19.440 1	77.944 1
2	1	19.558 1	77.292 1
6	8	19.1374 0.432 19.1455 0.432 19.2195 1 19.509 0.351	77.869 1 77.998 1
2	1	19.2333 1	77.644 1
2	1	19.668 1	77.364 1
2	1	19.202 1	77.793 1
2	1	19.658 1	77.355 1
2	1	19.1060 1	77.1647 1
2	1	19.1796 1	77.1767 1
2	1	19.1679 1	77.502 1
4	3	19.1891 0.129 19.2743 1 19.2993 0.355	77.875 1
2	1	19.654 1	77.351 1
5	4	19.483 1	77.1162 1 77.1236 0.097 77.414 0.250 77.673 0.278
5	4	19.1467 1	77.1263 0.982 77.1301 0.190 77.858 0.976 77.988 1
2	1	19.1176 1	77.1437 1
2	1	19.271 1	77.460 1
2	1	19.3122 1	77.1910 1
2	1	19.1104 1	77.1325 1
2	1	19.531 1	77.268 1
2	1	19.2870 1	77.1990 1
6	8	19.492 1 19.1025 0.768 19.1419 0.768 19.2296 0.768	77.1379 0.890 77.1791 1
2	1	19.563 1	77.314 1
2	1	19.2222 1	77.1493 1
2	1	19.2047 1	77.587 1
2	1	19.269 1	77.458 1
4	3	19.1591 0.166 19.1986 1 19.600 1	77.302 1
2	1	19.1565 1	77.536 1
2	1	19.2076 1	77.841 1
2	1	19.447 1	77.959 1
2	1	19.2663 1	77.387 1
2	1	19.235 1	77.817 1
2	1	19.2865 1	77.1984 1
2	1	19.1261 1	77.560 1
5	4	19.2099 1	77.1134 1 77.115 0.264 77.1655 0.700 77.925 0.767
2	1	19.1174 1	77.1435 1
2	1	19.906 1	77.727 1
2	1	19.1929 1	77.1342 1
2	1	19.2661 1	77.389 1
2	1	19.667 1	77.363 1
2	1	19.3075 1	77.1518 1
3	2	19.1465 1 19.2976 0.155	77.1300 1
2	1	19.2413 1	77.1846 1
2	1	19.670 1	77.366 1
19	34	19.745 1 19.2139 1 19.2400 0.467 19.1687 0.432 19.1502 0.325 19.1852 0.325 19.2037 0.289 19.461 0.273 19.2760 0.239 19.401 0.236 19.2610 0.173 19.1524 0.139 19.56 0.119 19.2292 0.112 19.2838 0.109 19.1318 0.099 19.1958 0.085	77.234 1 77.233 1
2	1	19.660 1	77.357 1
2	1	19.2860 1	77.1972 1
2	1	19.2224 1	77.1194 1
2	1	19.441 1	77.945 1
2	1	19.625 1	77.323 1
2	1	19.868 1	77.166 1
2	1	19.1777 1	77.1727 1
2	1	19.2016 1	77.382 1
2	1	19.649 1	77.346 1
2	1	19.2507 1	77.1929 1
2	1	19.2420 1	77.1830 1
2	1	19.2495 1	77.1612 1
2	1	19.541 1	77.276 1
2	1	19.22 1	77.19 1
2	1	19.1064 1	77.1643 1
2	1	19.1477 1	77.1334 1
2	1	19.160 1	77.2008 1
2	1	19.643 1	77.340 1
2	1	19.567 1	77.315 1
2	1	19.1828 1	77.258 1
2	1	19.201 1	77.794 1
2	1	19.655 1	77.352 1
2	1	19.2018 1	77.380 1
2	1	19.2416 1	77.1834 1
2	1	19.872 1	77.170 1
2	1	19.1833 1	77.249 1
2	1	19.205 1	77.799 1
2	1	19.553 1	77.288 1
8	7	19.763 1	77.1541 1 77.1556 0.576 77.1579 0.423 77.1588 0.641 77.1600 0.145 77.2117 0.565 77.2145 0.423
2	1	19.560 1	77.312 1
15	50	19.1517 1 19.3116 1 19.2586 0.333 19.735 0.333 19.2148 0.167	77.402 1 77.1272 1 77.1742 1 77.498 1 77.849 1 77.979 1 77.225 0.800 77.486 0.450 77.124 0.148 77.1921 0.050
2	1	19.3053 1	77.935 1
2	1	19.2918 1	77.2070 1
2	1	19.2988 1	77.870 1
2	1	19.2945 1	77.155 1
2	1	19.1262 1	77.561 1
2	1	19.1749 1	77.999 1
2	1	19.2665 1	77.385 1
2	1	19.26 1	77.2093 1
2	1	19.1452 1	77.1705 1
2	1	19.1550 1	77.549 1
2	1	19.1799 1	77.1769 1
2	1	19.2363 1	77.580 1
2	1	19.2857 1	77.1971 1
2	1	19.2864 1	77.1983 1
2	1	19.648 1	77.345 1
2	1	19.2501 1	77.1932 1
2	1	19.2959 1	77.2046 1
3	2	19.1496 1 19.1750 0.280	77.648 1
2	1	19.2660 1	77.390 1
2	1	19.1552 1	77.548 1
2	1	19.2166 1	77.1962 1
2	1	19.1830 1	77.255 1
2	1	19.1263 1	77.562 1
2	1	19.2944 1	77.154 1
2	1	19.620 1	77.320 1
2	1	19.928 1	77.722 1
2	1	19.2174 1	77.1954 1
2	1	19.920 1	77.714 1
2	1	19.2304 1	77.216 1
2	1	19.1061 1	77.1646 1
2	1	19.1800 1	77.1770 1
2	1	19.229 1	77.811 1
2	1	19.2525 1	77.1894 1
2	1	19.869 1	77.167 1
2	1	19.2954 1	77.163 1
2	1	19.546 1	77.281 1
2	1	19.646 1	77.343 1
3	2	19.3119 1	77.1377 0.908 77.1789 1
2	1	19.2081 1	77.878 1
2	1	19.3159 1	77.35 1
2	1	19.858 1	77.1824 1
2	1	19.237 1	77.819 1
2	1	19.536 1	77.272 1
2	1	19.2423 1	77.1828 1
2	1	19.2953 1	77.162 1
2	1	19.2680 1	77.1469 1
2	1	19.2149 1	77.1622 1
2	1	19.2025 1	77.373 1
2	1	19.987 1	77.1009 1
2	1	19.2234 1	77.1204 1
2	1	19.2325 1	77.514 1
2	1	19.2633 1	77.1582 1
2	1	19.2950 1	77.160 1
2	1	19.3008 1	77.2041 1
2	1	19.3054 1	77.936 1
2	1	19.415 1	77.1456 1
26	48	19.1117 0.790 19.1220 0.660 19.1243 0.660 19.1310 0.590 19.1323 0.770 19.1519 0.820 19.1610 1 19.1665 0.058 19.1682 0.722 19.1845 0.720 19.1950 0.860 19.2030 0.740 19.2286 0.452 19.2367 0.770 19.2487 0.680 19.2583 0.640 19.2605 0.760 19.2737 0.770 19.2823 0.770 19.2834 0.760 19.317 0.730 19.51 0.770 19.732 0.700 19.740 0.800	77.227 1 77.400 0.909
2	1	19.383 1	77.1866 1
2	1	19.653 1	77.350 1
2	1	19.919 1	77.1455 1
2	1	19.2017 1	77.381 1
2	1	19.2217 1	77.1497 1
2	1	19.1723 1	77.1399 1
2	1	19.411 1	77.1450 1
3	2	19.1403 0.767 19.2677 1	77.1472 1
2	1	19.2271 1	77.684 1
2	1	19.2705 1	77.712 1
2	1	19.2779 1	77.836 1
2	1	19.3052 1	77.934 1
2	1	19.313 1	77.1847 1
3	2	19.276 1 19.427 0.124	77.1427 1
2	1	19.1674 1	77.507 1
2	1	19.2658 1	77.394 1
2	1	19.2664 1	77.386 1
2	1	19.887 1	77.513 1
6	9	19.1584 1 19.2178 0.795 19.836 0.872	77.1005 0.921 77.1145 0.868 77.1244 1
8	12	19.2932 1 19.2931 1	77.148 1 77.446 1 77.74 0.287 77.94 0.287 77.1289 0.157 77.1186 0.148
2	1	19.1415 1	77.1711 1
2	1	19.3175 1	77.23 1
2	1	19.2503 1	77.1931 1
28	75	19.2991 1 19.1888 1 19.1588 0.811 19.2477 0.811 19.1150 0.757 19.1383 0.757 19.1811 0.757 19.2261 0.757 19.2806 0.757 19.3141 0.757 19.597 0.757 19.937 0.757 19.2346 0.730 19.681 0.730 19.702 0.730 19.1001 0.703 19.1098 0.703 19.3094 0.703 19.803 0.703 19.823 0.703 19.1981 0.676 19.2315 0.649 19.41 0.567 19.520 0.486 19.3021 0.186	77.1247 1 77.1003 1 77.873 1
2	1	19.1772 1	77.1720 1
2	1	19.2077 1	77.843 1
2	1	19.3155 1	77.39 1
6	5	19.496 1	77.1181 0.222 77.1282 0.198 77.435 0.160 77.85 0.198 77.86 1
2	1	19.882 1	77.220 1
2	1	19.1266 1	77.564 1
2	1	19.77 1	77.52 1
2	1	19.1931 1	77.1343 1
2	1	19.1905 1	77.525 1
24	95	19.1168 0.190 19.1230 0.714 19.1257 1 19.1423 0.667 19.1449 0.571 19.1479 0.571 19.1938 0.381 19.2214 0.571 19.2254 0.095 19.2666 0.619 19.3038 0.238 19.613 0.190 19.698 0.190 19.719 0.190 19.771 0.571 19.787 0.190 19.807 0.190 19.881 0.762 19.963 0.190	77.1273 0.913 77.1741 0.913 77.295 0.913 77.848 1 77.978 0.783
2	1	19.181 1	77.755 1
2	1	19.617 1	77.319 1
3	2	19.3121 1	77.1911 0.681 77.489 1
2	1	19.2510 1	77.1926 1
2	1	19.1947 1	77.1352 1
2	1	19.2648 1	77.1321 1
2	1	19.657 1	77.354 1
2	1	19.3169 1	77.28 1
4	3	19.494 1	77.1220 0.985 77.1376 0.982 77.1788 1
2	1	19.665 1	77.362 1
2	1	19.2326 1	77.515 1
2	1	19.2086 1	77.898 1
2	1	19.1790 1	77.1738 1
9	18	19.2909 1 19.891 1 19.892 1	77.2081 1 77.1444 1 77.610 1 77.1044 0.127 77.2017 0.057 77.428 0.052
2	1	19.2305 1	77.215 1
6	5	19.2632 1	77.1138 0.083 77.1544 0.333 77.1565 1 77.1581 0.667 77.1595 0.500
2	1	19.2556 1	77.475 1
2	1	19.1716 1	77.1394 1
26	144	19.1300 1 19.1532 1 19.1807 0.875 19.2100 0.250 19.2228 1 19.281 0.375 19.305 1 19.583 0.625	77.1105 1 77.1120 0.583 77.1135 0.750 77.1152 1 77.116 1 77.1198 0.833 77.1408 0.583 77.1425 1 77.1514 0.833 77.1656 0.833 77.1753 1 77.1756 1 77.1941 0.917 77.2031 0.833 77.2085 0.833 77.760 0.667 77.912 1 77.926 0.667
2	1	19.1345 1	77.1123 1
2	1	19.392 1	77.1879 1
2	1	19.2521 1	77.1922 1
2	1	19.641 1	77.339 1
2	1	19.390 1	77.1878 1
5	6	19.2318 1 19.491 0.935	77.1216 0.961 77.1380 1 77.1792 0.141
2	1	19.1773 1	77.1723 1
2	1	19.2302 1	77.218 1
2	1	19.2497 1	77.1936 1
2	1	19.2863 1	77.1982 1
21	90	19.2096 1 19.579 1 19.1296 1 19.1535 1 19.2232 1 19.2963 1	77.1101 0.900 77.113 0.900 77.1132 0.900 77.1187 0.900 77.1202 0.700 77.1412 0.300 77.1421 0.900 77.1511 0.800 77.1653 0.600 77.1750 0.900 77.1760 0.900 77.1840 0.600 77.1946 1 77.909 0.900 77.2035 1
7	6	19.1538 1	77.1098 0.817 77.111 0.756 77.1190 0.829 77.1207 0.768 77.1763 1 77.906 0.829
2	1	19.1269 1	77.567 1
2	1	19.379 1	77.1862 1
2	1	19.2392 1	77.1084 1
2	1	19.394 1	77.1882 1
3	2	19.2434 1 19.2700 0.157	77.1091 1
2	1	19.2627 1	77.592 1
4	4	19.1671 0.203 19.2706 1	77.1693 0.114 77.1881 1
2	1	19.571 1	77.317 1
2	1	19.1945 1	77.1349 1
2	1	19.926 1	77.720 1
2	1	19.1511 1	77.555 1
2	1	19.3173 1	77.25 1
2	1	19.267 1	77.456 1
2	1	19.765 1	77.687 1
2	1	19.1778 1	77.1730 1
2	1	19.1515 1	77.550 1
2	1	19.1569 1	77.533 1
2	1	19.2083 1	77.880 1
2	1	19.2708 1	77.1110 1
2	1	19.762 1	77.1536 1
2	1	19.886 1	77.512 1
2	1	19.2074 1	77.838 1
2	1	19.3074 1	77.1519 1
2	1	19.672 1	77.369 1
2	1	19.466 1	77.1036 1
2	1	19.2218 1	77.1496 1
2	1	19.3040 1	77.123 1
2	1	19.485 1	77.1234 1
2	1	19.2926 1	77.2062 1
2	1	19.2714 1	77.1088 1
2	1	19.2515 1	77.1924 1
2	1	19.1260 1	77.559 1
21	68	19.1013 0.217 19.1162 0.195 19.1334 0.430 19.1440 0.217 19.1487 0.122 19.213 0.922 19.2203 0.168 19.225 1 19.2687 0.493 19.2755 0.062 19.3124 0.748 19.607 0.217 19.692 0.217 19.713 0.217 19.779 0.174 19.793 0.217 19.813 0.217	77.1259 1 77.1908 0.363 77.862 1 77.991 1
2	1	19.1270 1	77.570 1
2	1	19.241 1	77.407 1
2	1	19.3166 1	77.26 1
3	2	19.474 1	77.1805 0.939 77.691 1
2	1	19.2512 1	77.1925 1
2	1	19.1933 1	77.1344 1
4	3	19.487 1	77.1032 1 77.1064 0.867 77.1226 0.167
2	1	19.948 1	77.956 1
2	1	19.2120 1	77.632 1
2	1	19.3058 1	77.1619 1
11	24	19.1014 1 19.1366 1 19.1441 0.917 19.1600 1 19.1709 0.833 19.1990 0.917 19.2204 0.722 19.224 0.556	77.1219 0.354 77.1378 1 77.1790 0.986
2	1	19.2098 1	77.762 1
2	1	19.759 1	77.1534 1
3	2	19.2394 1 19.540 0.928	77.1086 1
2	1	19.1771 1	77.1722 1
3	2	19.1672 1	77.1694 1 77.807 0.225
7	10	19.2322 0.358 19.495 1	77.1221 0.958 77.1375 0.410 77.1787 0.967 77.202 0.967 77.775 1
5	4	19.2930 1	77.149 0.332 77.1986 0.619 77.2015 0.702 77.72 1
3	2	19.1621 0.058 19.510 1	77.741 1
2	1	19.1959 1	77.236 1
2	1	19.2626 1	77.591 1
2	1	19.86 1	77.102 1
2	1	19.857 1	77.1329 1
2	1	19.2509 1	77.1928 1
2	1	19.760 1	77.1535 1
2	1	19.2106 1	77.2036 1
2	1	19.640 1	77.338 1
2	1	19.2328 1	77.516 1
2	1	19.3161 1	77.33 1
4	4	19.2223 0.118 19.311 1	77.773 0.111 77.948 1
2	1	19.1055 1	77.1658 1
7	10	19.290 0.793 19.900 1	77.1388 1 77.1813 0.861 77.203 0.105 77.698 0.562 77.830 0.104
2	1	19.2867 1	77.1987 1
2	1	19.1237 1	77.635 1
2	1	19.2672 1	77.1478 1
2	1	19.1570 1	77.532 1
2	1	19.2020 1	77.378 1
11	30	19.1255 0.606 19.2299 0.545 19.2439 0.606 19.3117 1 19.488 0.424 19.961 0.727	77.1030 1 77.1058 0.059 77.1270 0.500 77.496 0.529 77.851 0.324
2	1	19.1346 1	77.1122 1
2	1	19.25 1	77.2094 1
2	1	19.2526 1	77.1893 1
4	3	19.1307 1 19.134 0.094 19.722 0.082	77.2103 1
2	1	19.161 1	77.2009 1
3	2	19.2493 1	77.1610 1 77.624 0.975
2	1	19.2789 1	77.1465 1
29	204	19.2093 1 19.768 0.182 19.299 1 19.414 1 19.914 1 19.1058 1 19.1314 1 19.1540 1 19.1897 0.920 19.2240 1 19.2784 1 19.3010 0.920	77.1095 0.333 77.1447 0.833 77.1460 0.333 77.1952 1 77.2048 0.833 77.656 0.333 77.108 0.987 77.239 0.987 77.769 0.987 77.903 0.987 77.1193 0.987 77.1209 0.987 77.1624 0.987 77.1636 0.987 77.1649 0.987 77.1845 0.987 77.1851 0.987
12	27	19.1536 1 19.2233 1 19.578 0.167	77.1100 0.867 77.1131 0.467 77.1188 0.867 77.1203 1 77.1413 0.800 77.1749 0.867 77.1761 0.733 77.1841 0.733 77.908 0.867
9	8	19.292 1	77.1298 1 77.1391 0.860 77.1687 0.965 77.1816 0.789 77.206 0.248 77.409 0.768 77.701 0.947 77.825 0.877
2	1	19.3150 1	77.44 1
2	1	19.2161 1	77.1966 1
2	1	19.1267 1	77.565 1
2	1	19.228 1	77.810 1
8	12	19.486 1 19.1315 1	77.1225 1 77.938 1 77.1012 0.218 77.1020 0.194 77.1288 0.105 77.93 0.095
2	1	19.366 1	77.710 1
2	1	19.165 1	77.2011 1
2	1	19.1721 1	77.1398 1
6	5	19.1057 1 19.1969 1 19.2241 1 19.298 1 19.866 1	77.1852 1
28	75	19.1015 1 19.1163 1 19.1365 0.988 19.1442 1 19.1464 0.238 19.1581 0.988 19.1601 1 19.1708 1 19.1989 1 19.214 0.391 19.2205 0.975 19.223 0.925 19.2247 1 19.2754 0.257 19.2967 0.900 19.2977 0.675 19.352 0.837 19.468 0.787 19.608 1 19.693 1 19.714 1 19.777 1 19.792 1 19.812 1 19.974 0.712	77.1261 1 77.860 0.926 77.990 0.603
2	1	19.1829 1	77.256 1
5	4	19.472 1	77.1680 0.101 77.1806 1 77.693 0.371 77.832 0.153
2	1	19.17 1	77.16 1
2	1	19.3174 1	77.24 1
2	1	19.3078 1	77.1502 1
2	1	19.1251 1	77.977 1
2	1	19.2987 1	77.1873 1
2	1	19.1063 1	77.1644 1
2	1	19.1133 1	77.1434 1
2	1	19.431 1	77.1403 1
3	2	19.484 1	77.1779 1 77.193 1
3	2	19.1943 1 19.975 0.124	77.488 1
7	6	19.490 1	77.1228 1 77.1364 0.353 77.1778 0.294 77.192 0.294 77.1920 0.529 77.889 0.235
2	1	19.1776 1	77.1726 1
2	1	19.3170 1	77.27 1
4	3	19.482 1	77.1213 1 77.1795 0.961 77.627 0.366
2	1	19.537 1	77.273 1
3	2	19.2155 1	77.2167 1 77.2174 0.986
10	24	19.1029 0.275 19.1656 1 19.1973 0.095 19.2383 0.332	77.1175 0.155 77.1276 0.146 77.1668 0.050 77.2194 1 77.425 0.170 77.662 0.149
2	1	19.123 1	77.106 1
2	1	19.1046 1	77.1660 1
29	100	19.2746 1 19.2300 1 19.1342 0.877 19.1448 0.877 19.1700 0.877 19.2253 0.877 19.2667 0.877 19.3081 0.877 19.3037 0.860 19.962 0.842 19.1359 0.825 19.1422 0.825 19.2681 0.825 19.2213 0.807 19.981 0.807 19.260 0.754 19.198 0.716 19.1256 0.702 19.1573 0.702 19.1751 0.650 19.1608 0.639 19.287 0.560 19.2972 0.456 19.68 0.333 19.359 0.136	77.296 1 77.1271 1 77.850 1 77.980 1
3	2	19.2905 1	77.2171 1 77.2224 0.314
2	1	19.365 1	77.2188 1
2	1	19.1939 1	77.1914 1
16	55	19.1054 0.175 19.1122 0.632 19.1636 0.618 19.2471 0.574 19.2715 0.067 19.2740 0.071 19.2793 0.275 19.2800 0.100 19.3088 0.076 19.589 0.160 19.855 1	77.1294 0.103 77.1692 0.906 77.792 1 77.796 0.144 77.821 0.894
2	1	19.2792 1	77.1466 1
8	7	19.2961 1	77.1079 1 77.1222 0.057 77.1484 0.452 77.1631 0.199 77.1786 0.112 77.200 0.112 77.223 0.163
2	1	19.3045 1	77.974 1
