Size	Relations	OrthoA	OrthoB
2	1	19.1560 1	79.884 1
2	1	19.1072 1	79.519 1
2	1	19.3007 1	79.3 1
2	1	19.2273 1	79.776 1
2	1	19.80 1	79.586 1
2	1	19.81 1	79.585 1
2	1	19.2937 1	79.254 1
2	1	19.1454 1	79.212 1
2	1	19.1967 1	79.501 1
2	1	19.230 1	79.710 1
2	1	19.1827 1	79.717 1
2	1	19.629 1	79.478 1
2	1	19.1032 1	79.488 1
2	1	19.234 1	79.453 1
8	7	19.1003 1 19.2989 0.186 19.599 0.434 19.684 0.278 19.705 0.278 19.801 0.077 19.821 0.077	79.349 1
2	1	19.1268 1	79.1028 1
2	1	19.124 1	79.470 1
2	1	19.2391 1	79.933 1
2	1	19.261 1	79.36 1
2	1	19.2921 1	79.645 1
2	1	19.2419 1	79.733 1
2	1	19.880 1	79.422 1
2	1	19.2435 1	79.510 1
2	1	19.72 1	79.357 1
2	1	19.1965 1	79.499 1
2	1	19.5 1	79.952 1
2	1	19.1836 1	79.726 1
2	1	19.3006 1	79.2 1
2	1	19.2602 1	79.774 1
2	1	19.232 1	79.708 1
2	1	19.925 1	79.403 1
2	1	19.149 1	79.801 1
2	1	19.924 1	79.402 1
2	1	19.1071 1	79.518 1
2	1	19.675 1	79.630 1
2	1	19.2879 1	79.807 1
2	1	19.2336 1	79.778 1
2	1	19.2592 1	79.102 1
2	1	19.84 1	79.544 1
2	1	19.119 1	79.467 1
2	1	19.388 1	79.174 1
2	1	19.2955 1	79.276 1
2	1	19.1795 1	79.583 1
2	1	19.2593 1	79.191 1
2	1	19.396 1	79.11 1
2	1	19.1173 1	79.70 1
2	1	19.382 1	79.180 1
2	1	19.2165 1	79.340 1
2	1	19.624 1	79.972 1
2	1	19.2703 1	79.507 1
2	1	19.14 1	79.962 1
2	1	19.4 1	79.951 1
2	1	19.8 1	79.955 1
2	1	19.1842 1	79.731 1
2	1	19.3158 1	79.366 1
2	1	19.1103 1	79.433 1
2	1	19.263 1	79.34 1
2	1	19.533 1	79.839 1
2	1	19.1066 1	79.759 1
2	1	19.1180 1	79.77 1
2	1	19.1556 1	79.879 1
2	1	19.1798 1	79.947 1
2	1	19.2619 1	79.409 1
2	1	19.2534 1	79.307 1
2	1	19.2765 1	79.892 1
2	1	19.1724 1	79.206 1
2	1	19.1699 1	79.185 1
2	1	19.2268 1	79.644 1
2	1	19.3076 1	79.164 1
2	1	19.266 1	79.31 1
2	1	19.385 1	79.177 1
2	1	19.1317 1	79.45 1
2	1	19.75 1	79.354 1
2	1	19.2160 1	79.344 1
2	1	19.2880 1	79.806 1
2	1	19.628 1	79.479 1
2	1	19.923 1	79.401 1
2	1	19.1673 1	79.456 1
2	1	19.1677 1	79.460 1
2	1	19.2243 1	79.528 1
2	1	19.1904 1	79.1036 1
2	1	19.1870 1	79.13 1
2	1	19.1775 1	79.792 1
2	1	19.1510 1	79.149 1
2	1	19.2170 1	79.335 1
2	1	19.2554 1	79.22 1
2	1	19.532 1	79.838 1
2	1	19.239 1	79.65 1
2	1	19.859 1	79.854 1
2	1	19.2524 1	79.980 1
2	1	19.2171 1	79.334 1
2	1	19.2082 1	79.1047 1
2	1	19.2947 1	79.283 1
2	1	19.1417 1	79.209 1
2	1	19.74 1	79.355 1
2	1	19.410 1	79.37 1
2	1	19.19 1	79.749 1
2	1	19.2609 1	79.694 1
2	1	19.2173 1	79.332 1
2	1	19.2553 1	79.23 1
2	1	19.551 1	79.1014 1
2	1	19.2167 1	79.338 1
2	1	19.1102 1	79.434 1
2	1	19.2306 1	79.867 1
2	1	19.1557 1	79.880 1
2	1	19.24 1	79.1004 1
2	1	19.2532 1	79.590 1
2	1	19.1831 1	79.721 1
2	1	19.2168 1	79.337 1
2	1	19.1271 1	79.166 1
11	10	19.1000 0.748 19.1149 0.777 19.1890 0.243 19.2992 1 19.596 0.767 19.680 0.767 19.701 0.767 19.748 0.286 19.804 0.748 19.824 0.748	79.388 1
2	1	19.1676 1	79.459 1
2	1	19.2949 1	79.281 1
2	1	19.2731 1	79.703 1
2	1	19.663 1	79.618 1
2	1	19.2019 1	79.744 1
2	1	19.1284 1	79.80 1
2	1	19.2530 1	79.591 1
2	1	19.73 1	79.356 1
2	1	19.1035 1	79.485 1
2	1	19.638 1	79.816 1
2	1	19.1834 1	79.724 1
2	1	19.1900 1	79.975 1
2	1	19.1675 1	79.458 1
2	1	19.556 1	79.1018 1
2	1	19.3152 1	79.360 1
2	1	19.534 1	79.840 1
3	2	19.1210 0.913 19.1211 1	79.863 1
2	1	19.1899 1	79.976 1
2	1	19.1514 1	79.147 1
2	1	19.1555 1	79.878 1
2	1	19.2533 1	79.308 1
2	1	19.2559 1	79.17 1
2	1	19.2787 1	79.923 1
2	1	19.1801 1	79.944 1
2	1	19.262 1	79.35 1
2	1	19.1561 1	79.885 1
2	1	19.557 1	79.1019 1
2	1	19.1678 1	79.461 1
2	1	19.2051 1	79.563 1
2	1	19.2910 1	79.313 1
2	1	19.13 1	79.961 1
2	1	19.2516 1	79.928 1
2	1	19.1935 1	79.493 1
2	1	19.2085 1	79.898 1
2	1	19.2622 1	79.773 1
2	1	19.2873 1	79.810 1
2	1	19.182 1	79.57 1
2	1	19.552 1	79.1015 1
2	1	19.27 1	79.1001 1
2	1	19.639 1	79.815 1
2	1	19.921 1	79.399 1
2	1	19.1278 1	79.53 1
2	1	19.3052 1	79.850 1
2	1	19.85 1	79.543 1
2	1	19.1824 1	79.714 1
2	1	19.1316 1	79.44 1
2	1	19.1837 1	79.727 1
3	2	19.1321 1 19.53 0.474	79.695 1
2	1	19.2335 1	79.779 1
2	1	19.1934 1	79.492 1
2	1	19.1418 1	79.210 1
2	1	19.6 1	79.953 1
2	1	19.233 1	79.454 1
2	1	19.384 1	79.178 1
2	1	19.875 1	79.427 1
2	1	19.2673 1	79.525 1
2	1	19.1718 1	79.505 1
2	1	19.1826 1	79.716 1
2	1	19.1276 1	79.54 1
2	1	19.3062 1	79.914 1
4	3	19.1185 0.204 19.297 0.851 19.3113 1	79.991 1
2	1	19.2710 1	79.8 1
2	1	19.393 1	79.1038 1
2	1	19.2091 1	79.61 1
2	1	19.1432 1	79.221 1
2	1	19.2642 1	79.259 1
2	1	19.1475 1	79.439 1
2	1	19.1564 1	79.887 1
2	1	19.549 1	79.1012 1
2	1	19.878 1	79.424 1
2	1	19.1966 1	79.500 1
2	1	19.3 1	79.950 1
2	1	19.2089 1	79.895 1
2	1	19.387 1	79.175 1
11	10	19.1158 1 19.1436 0.661 19.1493 0.435 19.2373 0.194 19.2816 0.097 19.603 1 19.688 1 19.709 1 19.797 0.532 19.817 0.532	79.151 1
2	1	19.2912 1	79.311 1
10	9	19.1002 1 19.1096 0.057 19.1381 0.171 19.1743 0.934 19.2990 0.807 19.598 0.996 19.802 1 19.822 1 19.833 0.865	79.348 1
2	1	19.3154 1	79.362 1
2	1	19.1782 1	79.678 1
2	1	19.2505 1	79.320 1
9	8	19.1084 0.781 19.1764 0.401 19.1960 0.646 19.2576 1 19.2613 0.893 19.2764 0.753 19.58 0.916 19.724 1	79.415 1
3	2	19.2915 1	79.650 1 79.649 0.987
2	1	19.883 1	79.87 1
3	2	19.2913 1	79.310 1 79.84 0.909
2	1	19.2730 1	79.702 1
2	1	19.634 1	79.473 1
2	1	19.381 1	79.181 1
2	1	19.2 1	79.949 1
2	1	19.2267 1	79.643 1
2	1	19.530 1	79.229 1
2	1	19.3157 1	79.365 1
2	1	19.1179 1	79.76 1
2	1	19.447 1	79.129 1
2	1	19.871 1	79.431 1
2	1	19.395 1	79.10 1
2	1	19.2560 1	79.16 1
3	2	19.1138 1 19.1172 0.609	79.69 1
2	1	19.1101 1	79.435 1
2	1	19.632 1	79.475 1
2	1	19.2163 1	79.341 1
2	1	19.1236 1	79.242 1
2	1	19.412 1	79.39 1
2	1	19.1958 1	79.693 1
2	1	19.2024 1	79.632 1
2	1	19.2307 1	79.866 1
2	1	19.2333 1	79.780 1
2	1	19.270 1	79.29 1
2	1	19.1279 1	79.994 1
2	1	19.1181 1	79.78 1
2	1	19.673 1	79.628 1
2	1	19.118 1	79.466 1
2	1	19.2272 1	79.777 1
2	1	19.158 1	79.47 1
2	1	19.1838 1	79.728 1
2	1	19.559 1	79.1021 1
2	1	19.1840 1	79.729 1
2	1	19.922 1	79.400 1
2	1	19.1794 1	79.582 1
2	1	19.1841 1	79.730 1
2	1	19.2278 1	79.786 1
2	1	19.2675 1	79.192 1
2	1	19.898 1	79.186 1
2	1	19.1936 1	79.494 1
2	1	19.1235 1	79.985 1
2	1	19.2565 1	79.1053 1
2	1	19.669 1	79.623 1
2	1	19.1428 1	79.566 1
2	1	19.879 1	79.423 1
2	1	19.1835 1	79.725 1
2	1	19.631 1	79.476 1
2	1	19.1034 1	79.486 1
2	1	19.2659 1	79.906 1
2	1	19.3153 1	79.361 1
2	1	19.76 1	79.353 1
2	1	19.1065 1	79.760 1
2	1	19.2923 1	79.190 1
2	1	19.1823 1	79.713 1
2	1	19.16 1	79.964 1
2	1	19.1781 1	79.679 1
2	1	19.555 1	79.1017 1
2	1	19.630 1	79.477 1
2	1	19.389 1	79.173 1
2	1	19.647 1	79.602 1
2	1	19.1478 1	79.442 1
2	1	19.1450 1	79.217 1
2	1	19.1559 1	79.883 1
2	1	19.561 1	79.1023 1
2	1	19.2676 1	79.193 1
2	1	19.2922 1	79.189 1
2	1	19.2660 1	79.907 1
2	1	19.548 1	79.1011 1
2	1	19.2499 1	79.325 1
2	1	19.3063 1	79.224 1
2	1	19.1474 1	79.438 1
2	1	19.2084 1	79.899 1
2	1	19.11 1	79.958 1
14	13	19.1159 0.923 19.1371 0.319 19.1437 1 19.1713 0.835 19.1880 0.791 19.1994 0.615 19.2982 0.593 19.3129 0.470 19.604 0.890 19.689 0.923 19.710 0.923 19.796 0.923 19.816 0.923	79.1029 1
2	1	19.15 1	79.963 1
2	1	19.157 1	79.46 1
2	1	19.873 1	79.429 1
2	1	19.2951 1	79.279 1
2	1	19.986 1	79.92 1
2	1	19.264 1	79.33 1
2	1	19.876 1	79.426 1
2	1	19.2500 1	79.324 1
2	1	19.2948 1	79.282 1
2	1	19.449 1	79.132 1
2	1	19.1233 1	79.983 1
2	1	19.626 1	79.200 1
2	1	19.1426 1	79.564 1
2	1	19.2550 1	79.25 1
2	1	19.2919 1	79.647 1
2	1	19.2422 1	79.735 1
2	1	19.1791 1	79.579 1
2	1	19.2221 1	79.531 1
2	1	19.1783 1	79.677 1
2	1	19.2911 1	79.312 1
2	1	19.874 1	79.428 1
2	1	19.2943 1	79.287 1
2	1	19.2704 1	79.506 1
2	1	19.2641 1	79.258 1
2	1	19.2330 1	79.836 1
2	1	19.380 1	79.182 1
2	1	19.671 1	79.625 1
2	1	19.183 1	79.58 1
2	1	19.2623 1	79.772 1
2	1	19.1553 1	79.876 1
2	1	19.644 1	79.599 1
11	10	19.1160 0.895 19.1438 0.692 19.1712 0.844 19.2200 0.826 19.605 0.887 19.690 0.895 19.711 0.895 19.782 1 19.795 0.893 19.815 0.893	79.1030 1
2	1	19.2329 1	79.837 1
2	1	19.538 1	79.825 1
2	1	19.547 1	79.1010 1
2	1	19.1832 1	79.722 1
2	1	19.2662 1	79.909 1
2	1	19.652 1	79.607 1
2	1	19.633 1	79.474 1
2	1	19.650 1	79.605 1
2	1	19.1568 1	79.890 1
2	1	19.2050 1	79.562 1
2	1	19.2523 1	79.979 1
2	1	19.1042 1	79.941 1
2	1	19.1476 1	79.440 1
2	1	19.3051 1	79.849 1
2	1	19.1044 1	79.939 1
5	4	19.1297 1 19.1534 0.698 19.585 0.313 19.982 0.253	79.140 1
2	1	19.2415 1	79.98 1
2	1	19.2282 1	79.788 1
2	1	19.159 1	79.48 1
2	1	19.674 1	79.629 1
2	1	19.2674 1	79.524 1
2	1	19.1717 1	79.504 1
2	1	19.171 1	79.549 1
2	1	19.2274 1	79.775 1
2	1	19.2861 1	79.596 1
2	1	19.2549 1	79.640 1
2	1	19.448 1	79.131 1
2	1	19.2087 1	79.896 1
2	1	19.2172 1	79.333 1
2	1	19.3121 1	79.114 1
2	1	19.1780 1	79.680 1
2	1	19.2548 1	79.639 1
2	1	19.1621 1	79.894 1
2	1	19.1175 1	79.72 1
2	1	19.2169 1	79.336 1
2	1	19.2709 1	79.7 1
2	1	19.664 1	79.619 1
2	1	19.2558 1	79.18 1
2	1	19.2362 1	79.109 1
2	1	19.2571 1	79.739 1
2	1	19.1554 1	79.877 1
2	1	19.542 1	79.822 1
2	1	19.1825 1	79.715 1
2	1	19.2557 1	79.19 1
2	1	19.265 1	79.32 1
2	1	19.2941 1	79.289 1
2	1	19.1049 1	79.576 1
2	1	19.2624 1	79.771 1
2	1	19.1562 1	79.886 1
2	1	19.2281 1	79.787 1
2	1	19.3080 1	79.266 1
2	1	19.10 1	79.957 1
2	1	19.2552 1	79.24 1
2	1	19.1041 1	79.264 1
2	1	19.1416 1	79.833 1
2	1	19.3120 1	79.115 1
2	1	19.2046 1	79.558 1
2	1	19.2075 1	79.447 1
2	1	19.3178 1	79.752 1
2	1	19.621 1	79.973 1
2	1	19.899 1	79.188 1
2	1	19.645 1	79.600 1
2	1	19.2277 1	79.785 1
2	1	19.2331 1	79.835 1
2	1	19.386 1	79.176 1
2	1	19.441 1	79.124 1
2	1	19.3156 1	79.364 1
2	1	19.560 1	79.1022 1
2	1	19.364 1	79.689 1
2	1	19.1698 1	79.464 1
2	1	19.1779 1	79.681 1
8	7	19.1161 1 19.1439 0.126 19.1711 0.167 19.691 1 19.712 1 19.794 0.913 19.814 0.913	79.111 1
2	1	19.237 1	79.451 1
2	1	19.926 1	79.404 1
2	1	19.2014 1	79.747 1
2	1	19.2045 1	79.557 1
2	1	19.636 1	79.818 1
2	1	19.543 1	79.821 1
2	1	19.1871 1	79.14 1
2	1	19.1774 1	79.793 1
2	1	19.661 1	79.616 1
2	1	19.442 1	79.125 1
2	1	19.558 1	79.1020 1
2	1	19.9 1	79.956 1
2	1	19.1033 1	79.487 1
2	1	19.1679 1	79.462 1
2	1	19.1177 1	79.74 1
2	1	19.2914 1	79.651 1
2	1	19.2920 1	79.646 1
2	1	19.3039 1	79.1055 1
2	1	19.544 1	79.820 1
2	1	19.2072 1	79.449 1
2	1	19.444 1	79.126 1
2	1	19.1062 1	79.763 1
2	1	19.2418 1	79.732 1
2	1	19.1451 1	79.216 1
2	1	19.2023 1	79.633 1
2	1	19.2049 1	79.561 1
2	1	19.2383 1	79.43 1
2	1	19.877 1	79.425 1
2	1	19.1873 1	79.15 1
2	1	19.656 1	79.611 1
2	1	19.2537 1	79.707 1
2	1	19.2021 1	79.742 1
2	1	19.927 1	79.405 1
2	1	19.2242 1	79.529 1
2	1	19.204 1	79.251 1
2	1	19.2946 1	79.284 1
2	1	19.1043 1	79.940 1
2	1	19.1567 1	79.889 1
2	1	19.411 1	79.38 1
2	1	19.1070 1	79.517 1
2	1	19.2870 1	79.812 1
2	1	19.862 1	79.855 1
2	1	19.3151 1	79.359 1
2	1	19.1174 1	79.71 1
2	1	19.659 1	79.614 1
2	1	19.1946 1	79.497 1
2	1	19.2547 1	79.638 1
2	1	19.238 1	79.66 1
2	1	19.1773 1	79.794 1
2	1	19.1234 1	79.984 1
2	1	19.122 1	79.469 1
2	1	19.985 1	79.91 1
2	1	19.2555 1	79.21 1
2	1	19.2918 1	79.648 1
2	1	19.170 1	79.550 1
2	1	19.1280 1	79.995 1
16	15	19.1031 0.135 19.1628 0.067 19.1668 0.815 19.1756 0.073 19.2123 0.079 19.2390 0.844 19.2589 0.585 19.2798 0.526 19.2829 0.823 19.285 0.856 19.29 0.250 19.397 1 19.500 0.481 19.676 0.278 19.908 0.821	79.386 1
2	1	19.1231 1	79.271 1
2	1	19.1427 1	79.565 1
2	1	19.269 1	79.30 1
4	3	19.2029 1 19.2488 0.208 19.452 0.167	79.697 1
3	2	19.1139 0.895 19.1171 1	79.68 1
2	1	19.2711 1	79.9 1
2	1	19.3049 1	79.848 1
2	1	19.545 1	79.819 1
2	1	19.1749 1	79.350 1
2	1	19.231 1	79.709 1
2	1	19.164 1	79.134 1
2	1	19.2498 1	79.326 1
2	1	19.83 1	79.545 1
2	1	19.2925 1	79.385 1
2	1	19.18 1	79.748 1
3	2	19.1406 1 19.2680 0.173	79.96 1
2	1	19.2638 1	79.257 1
2	1	19.440 1	79.123 1
2	1	19.870 1	79.432 1
2	1	19.156 1	79.798 1
2	1	19.1178 1	79.75 1
2	1	19.2162 1	79.342 1
2	1	19.2958 1	79.107 1
2	1	19.7 1	79.954 1
2	1	19.1473 1	79.437 1
2	1	19.2246 1	79.527 1
2	1	19.2872 1	79.811 1
2	1	19.2301 1	79.871 1
2	1	19.1937 1	79.495 1
2	1	19.2216 1	79.302 1
2	1	19.2878 1	79.808 1
2	1	19.1265 1	79.247 1
2	1	19.2881 1	79.805 1
2	1	19.1036 1	79.484 1
2	1	19.1045 1	79.938 1
2	1	19.70 1	79.358 1
2	1	19.2393 1	79.515 1
2	1	19.2507 1	79.319 1
2	1	19.3176 1	79.754 1
2	1	19.2857 1	79.208 1
2	1	19.907 1	79.269 1
2	1	19.550 1	79.1013 1
2	1	19.2868 1	79.813 1
2	1	19.2854 1	79.207 1
4	3	19.2813 1 19.685 1 19.706 1	79.393 1
2	1	19.2413 1	79.420 1
2	1	19.1620 1	79.155 1
2	1	19.2862 1	79.595 1
6	5	19.1322 1 19.1520 0.273 19.2606 1 19.454 0.273 19.52 1	79.696 1
2	1	19.2874 1	79.809 1
2	1	19.3073 1	79.1060 1
2	1	19.1176 1	79.73 1
2	1	19.203 1	79.250 1
2	1	19.3160 1	79.368 1
2	1	19.3177 1	79.753 1
2	1	19.651 1	79.606 1
2	1	19.2303 1	79.870 1
2	1	19.1558 1	79.881 1
2	1	19.1802 1	79.943 1
2	1	19.637 1	79.817 1
2	1	19.662 1	79.617 1
2	1	19.82 1	79.546 1
2	1	19.202 1	79.249 1
2	1	19.2942 1	79.288 1
2	1	19.3059 1	79.918 1
2	1	19.1046 1	79.937 1
2	1	19.180 1	79.847 1
2	1	19.1282 1	79.996 1
2	1	19.2395 1	79.513 1
2	1	19.2417 1	79.101 1
2	1	19.627 1	79.201 1
2	1	19.2956 1	79.275 1
2	1	19.3122 1	79.293 1
5	4	19.1374 0.222 19.1455 0.222 19.2195 1 19.509 0.111	79.152 1
2	1	19.3058 1	79.919 1
2	1	19.155 1	79.799 1
2	1	19.858 1	79.853 1
2	1	19.235 1	79.452 1
2	1	19.1796 1	79.584 1
2	1	19.1891 1	79.387 1
2	1	19.1348 1	79.413 1
2	1	19.1771 1	79.795 1
2	1	19.1716 1	79.502 1
2	1	19.658 1	79.613 1
2	1	19.3053 1	79.851 1
2	1	19.368 1	79.684 1
2	1	19.668 1	79.622 1
2	1	19.2076 1	79.446 1
2	1	19.379 1	79.183 1
2	1	19.654 1	79.609 1
2	1	19.1565 1	79.888 1
2	1	19.1467 1	79.989 1
2	1	19.1347 1	79.412 1
2	1	19.2222 1	79.530 1
2	1	19.2174 1	79.331 1
2	1	19.1829 1	79.719 1
2	1	19.3061 1	79.915 1
2	1	19.1261 1	79.162 1
2	1	19.26 1	79.1002 1
2	1	19.3077 1	79.163 1
2	1	19.1468 1	79.990 1
2	1	19.271 1	79.28 1
2	1	19.1922 1	79.480 1
2	1	19.2663 1	79.910 1
2	1	19.563 1	79.1025 1
2	1	19.660 1	79.615 1
2	1	19.670 1	79.624 1
2	1	19.553 1	79.1016 1
6	5	19.1295 0.273 19.1537 0.273 19.2095 1 19.2782 0.299 19.577 0.220	79.142 1
2	1	19.3075 1	79.1058 1
2	1	19.667 1	79.621 1
2	1	19.868 1	79.195 1
2	1	19.2661 1	79.908 1
2	1	19.2016 1	79.746 1
6	5	19.1079 0.392 19.1143 0.128 19.1144 0.299 19.1546 1 19.2845 0.580	79.893 1
2	1	19.2155 1	79.262 1
2	1	19.1929 1	79.489 1
2	1	19.2420 1	79.734 1
2	1	19.541 1	79.823 1
2	1	19.1477 1	79.441 1
2	1	19.1947 1	79.498 1
2	1	19.2511 1	79.926 1
3	2	19.1465 1 19.2976 0.209	79.113 1
2	1	19.2437 1	79.511 1
3	2	19.3119 1	79.116 0.421 79.381 1
2	1	19.201 1	79.248 1
2	1	19.649 1	79.604 1
2	1	19.1785 1	79.676 1
2	1	19.22 1	79.751 1
2	1	19.445 1	79.127 1
2	1	19.1777 1	79.790 1
2	1	19.1232 1	79.299 1
2	1	19.2735 1	79.698 1
2	1	19.643 1	79.598 1
2	1	19.1064 1	79.761 1
2	1	19.1828 1	79.718 1
2	1	19.928 1	79.406 1
2	1	19.655 1	79.610 1
2	1	19.531 1	79.228 1
2	1	19.1902 1	79.1037 1
2	1	19.2074 1	79.448 1
2	1	19.872 1	79.430 1
2	1	19.2416 1	79.99 1
2	1	19.391 1	79.1039 1
2	1	19.2931 1	79.904 1
2	1	19.1055 1	79.936 1
2	1	19.1552 1	79.875 1
2	1	19.2945 1	79.285 1
2	1	19.2665 1	79.912 1
2	1	19.2382 1	79.42 1
2	1	19.864 1	79.857 1
2	1	19.1799 1	79.946 1
2	1	19.2496 1	79.328 1
2	1	19.1830 1	79.720 1
2	1	19.2304 1	79.869 1
2	1	19.2959 1	79.106 1
2	1	19.1263 1	79.160 1
2	1	19.1262 1	79.161 1
4	3	19.1155 0.968 19.2370 1 19.2446 0.827	79.51 1
2	1	19.2705 1	79.397 1
2	1	19.546 1	79.1009 1
2	1	19.2166 1	79.339 1
2	1	19.920 1	79.398 1
2	1	19.2944 1	79.286 1
2	1	19.3159 1	79.367 1
2	1	19.648 1	79.603 1
2	1	19.2953 1	79.278 1
2	1	19.1061 1	79.764 1
2	1	19.1800 1	79.945 1
2	1	19.2525 1	79.589 1
2	1	19.2521 1	79.930 1
24	23	19.1001 0.577 19.1098 0.577 19.1150 0.654 19.1383 0.654 19.1588 0.731 19.1811 0.654 19.1981 0.538 19.2261 0.654 19.2315 0.500 19.2346 0.615 19.2477 0.731 19.2806 0.654 19.2991 1 19.3094 0.577 19.3141 0.654 19.41 0.384 19.520 0.269 19.597 0.654 19.681 0.615 19.702 0.615 19.803 0.577 19.823 0.577 19.937 0.654	79.389 1
2	1	19.646 1	79.601 1
2	1	19.2077 1	79.444 1
2	1	19.1550 1	79.874 1
2	1	19.1067 1	79.758 1
2	1	19.1063 1	79.762 1
2	1	19.377 1	79.184 1
2	1	19.20 1	79.750 1
2	1	19.229 1	79.711 1
2	1	19.2853 1	79.347 1
2	1	19.3054 1	79.852 1
2	1	19.2779 1	79.450 1
2	1	19.769 1	79.243 1
2	1	19.228 1	79.317 1
2	1	19.2081 1	79.1048 1
2	1	19.2954 1	79.277 1
2	1	19.1068 1	79.757 1
2	1	19.2503 1	79.321 1
2	1	19.1878 1	79.1031 1
2	1	19.2423 1	79.736 1
2	1	19.1931 1	79.490 1
2	1	19.383 1	79.179 1
2	1	19.169 1	79.551 1
2	1	19.987 1	79.93 1
2	1	19.2664 1	79.911 1
2	1	19.653 1	79.608 1
2	1	19.3040 1	79.1054 1
2	1	19.2025 1	79.631 1
2	1	19.2022 1	79.635 1
2	1	19.2017 1	79.745 1
2	1	19.2950 1	79.280 1
2	1	19.366 1	79.687 1
2	1	19.1452 1	79.214 1
2	1	19.2789 1	79.925 1
3	2	19.1377 1 19.2192 0.194	79.41 1
2	1	19.3155 1	79.363 1
2	1	19.672 1	79.627 1
2	1	19.1789 1	79.577 1
2	1	19.77 1	79.352 1
2	1	19.3008 1	79.4 1
2	1	19.625 1	79.187 1
2	1	19.1515 1	79.872 1
2	1	19.2438 1	79.104 1
3	2	19.1671 1	79.455 1 79.920 0.112
3	2	19.2628 1	79.555 1 79.556 0.235
2	1	19.2658 1	79.905 1
2	1	19.1569 1	79.891 1
2	1	19.1674 1	79.457 1
2	1	19.3175 1	79.755 1
2	1	19.882 1	79.88 1
2	1	19.2702 1	79.508 1
2	1	19.2361 1	79.110 1
2	1	19.1511 1	79.148 1
10	9	19.1085 0.545 19.1525 1 19.1689 0.500 19.1914 0.227 19.2136 0.591 19.2612 0.591 19.328 0.545 19.57 0.591 19.725 0.364	79.226 1
2	1	19.2047 1	79.559 1
2	1	19.869 1	79.194 1
2	1	19.1905 1	79.1035 1
2	1	19.2305 1	79.868 1
2	1	19.2392 1	79.932 1
2	1	19.370 1	79.683 1
2	1	19.665 1	79.620 1
2	1	19.2520 1	79.929 1
2	1	19.2094 1	79.935 1
2	1	19.2501 1	79.322 1
2	1	19.3060 1	79.916 1
2	1	19.2048 1	79.560 1
2	1	19.2434 1	79.509 1
2	1	19.657 1	79.612 1
2	1	19.1345 1	79.411 1
2	1	19.1453 1	79.213 1
2	1	19.2086 1	79.897 1
2	1	19.2497 1	79.327 1
2	1	19.2556 1	79.20 1
2	1	19.394 1	79.858 1
8	7	19.117 0.098 19.1305 1 19.1527 0.952 19.1928 0.058 19.2492 0.062 19.274 0.097 19.3064 0.052	79.1057 1
2	1	19.2627 1	79.554 1
2	1	19.892 1	79.903 1
7	6	19.2232 1 19.579 1 19.1296 1 19.1535 1 19.2096 1 19.2963 1	79.141 1
2	1	19.446 1	79.128 1
2	1	19.1790 1	79.578 1
2	1	19.539 1	79.824 1
2	1	19.166 1	79.553 1
2	1	19.2083 1	79.314 1
2	1	19.1778 1	79.682 1
2	1	19.3074 1	79.1059 1
2	1	19.1945 1	79.496 1
2	1	19.160 1	79.138 1
2	1	19.1100 1	79.436 1
2	1	19.163 1	79.136 1
2	1	19.888 1	79.516 1
24	44	19.1015 1 19.1163 1 19.1365 0.974 19.1442 1 19.1581 0.974 19.1601 1 19.1708 1 19.1989 1 19.2205 0.949 19.223 0.846 19.2247 1 19.2967 0.795 19.2977 0.333 19.352 0.666 19.468 0.564 19.608 1 19.693 1 19.714 1 19.777 1 19.792 1 19.812 1 19.974 0.410	79.292 0.774 79.987 1
20	19	19.1013 1 19.1162 0.920 19.1334 0.340 19.1440 1 19.1463 0.052 19.1487 0.336 19.1710 0.137 19.1991 0.202 19.213 0.190 19.2203 0.285 19.225 0.345 19.2755 0.103 19.3124 0.224 19.607 1 19.692 1 19.713 1 19.779 0.266 19.793 1 19.813 1	79.112 1
2	1	19.1547 1	79.52 1
2	1	19.2531 1	79.593 1
2	1	19.1269 1	79.841 1
2	1	19.2714 1	79.512 1
2	1	19.367 1	79.686 1
2	1	19.2926 1	79.383 1
2	1	19.1959 1	79.692 1
2	1	19.765 1	79.143 1
2	1	19.2707 1	79.567 1
2	1	19.2515 1	79.927 1
2	1	19.860 1	79.158 1
2	1	19.1270 1	79.165 1
2	1	19.2708 1	79.5 1
2	1	19.1792 1	79.580 1
2	1	19.2929 1	79.253 1
2	1	19.86 1	79.542 1
2	1	19.2733 1	79.705 1
2	1	19.2732 1	79.704 1
2	1	19.906 1	79.268 1
2	1	19.79 1	79.587 1
2	1	19.12 1	79.959 1
2	1	19.1516 1	79.873 1
3	2	19.2394 1 19.540 0.928	79.514 1
2	1	19.3166 1	79.239 1
2	1	19.2020 1	79.743 1
2	1	19.1237 1	79.241 1
2	1	19.365 1	79.688 1
10	16	19.2463 1 19.187 1 19.194 0.987 19.31 0.196 19.720 0.163 19.1758 0.101 19.1108 0.095 19.677 0.070	79.860 1 79.861 1
2	1	19.642 1	79.597 1
2	1	19.1833 1	79.723 1
2	1	19.3161 1	79.369 1
3	2	19.1570 1	79.300 1 79.931 0.114
2	1	19.2509 1	79.318 1
3	2	19.2681 0.077 19.2972 1	79.120 1
2	1	19.120 1	79.468 1
2	1	19.1433 1	79.220 1
2	1	19.25 1	79.1003 1
2	1	19.3182 1	79.948 1
2	1	19.450 1	79.133 1
14	24	19.2093 1 19.299 1 19.414 1 19.768 1 19.914 1 19.1058 1 19.1314 1 19.1540 1 19.1897 0.920 19.2240 1 19.2784 1 19.3010 0.920	79.238 1 79.934 0.083
2	1	19.161 1	79.137 1
2	1	19.1267 1	79.246 1
11	10	19.1369 1 19.1462 0.129 19.1877 0.286 19.2201 0.136 19.2353 0.066 19.2757 0.129 19.2970 0.171 19.3126 0.181 19.606 0.126 19.781 0.372	79.1032 1
3	2	19.2364 1 19.2908 1	79.699 1
2	1	19.1932 1	79.491 1
2	1	19.2751 1	79.294 1
2	1	19.165 1	79.234 1
2	1	19.1513 1	79.291 1
10	9	19.1156 1 19.1867 0.057 19.2194 0.769 19.2371 0.992 19.258 0.068 19.3035 0.068 19.3102 0.979 19.799 0.979 19.819 0.979	79.395 1
2	1	19.1776 1	79.791 1
2	1	19.562 1	79.1024 1
2	1	19.485 1	79.117 1
2	1	19.1111 1	79.828 1
9	8	19.1255 0.764 19.1409 0.199 19.1752 0.199 19.2299 0.727 19.2439 0.764 19.3117 1 19.488 0.655 19.961 0.836	79.119 1
2	1	19.1209 1	79.316 1
2	1	19.537 1	79.826 1
2	1	19.89 1	79.573 1
2	1	19.2933 1	79.1046 1
2	1	19.1407 1	79.273 1
2	1	19.2723 1	79.575 1
2	1	19.2161 1	79.343 1
2	1	19.1963 1	79.417 1
12	11	19.1299 0.728 19.1533 0.700 19.1808 0.351 19.2099 1 19.2229 0.684 19.2518 0.723 19.2597 0.096 19.282 0.207 19.304 0.693 19.425 0.353 19.584 0.723	79.139 1
