Size	Relations	OrthoA	OrthoB
2	1	31.45 1	63.56 1
2	1	31.597 1	63.707 1
2	1	31.46 1	63.57 1
2	1	31.65 1	63.85 1
2	1	31.617 1	63.731 1
2	1	31.60 1	63.83 1
2	1	31.141 1	63.174 1
2	1	31.785 1	63.944 1
2	1	31.388 1	63.469 1
2	1	31.315 1	63.372 1
2	1	31.139 1	63.168 1
2	1	31.799 1	63.966 1
2	1	31.136 1	63.166 1
2	1	31.103 1	63.974 1
2	1	31.709 1	63.845 1
2	1	31.466 1	63.524 1
2	1	31.479 1	63.529 1
2	1	31.676 1	63.804 1
2	1	31.4 1	63.4 1
2	1	31.708 1	63.844 1
2	1	31.359 1	63.447 1
2	1	31.168 1	63.207 1
2	1	31.386 1	63.467 1
2	1	31.3 1	63.3 1
2	1	31.79 1	63.100 1
2	1	31.177 1	63.218 1
2	1	31.321 1	63.670 1
2	1	31.211 1	63.258 1
2	1	31.734 1	63.888 1
2	1	31.487 1	63.442 1
2	1	31.696 1	63.831 1
2	1	31.745 1	63.129 1
2	1	31.329 1	63.382 1
2	1	31.323 1	63.376 1
2	1	31.122 1	63.143 1
2	1	31.295 1	63.351 1
2	1	31.64 1	63.84 1
2	1	31.417 1	63.492 1
3	2	31.298 1	63.355 1 63.581 0.770
2	1	31.833 1	63.1002 1
2	1	31.116 1	63.137 1
2	1	31.110 1	63.127 1
2	1	31.269 1	63.330 1
2	1	31.348 1	63.431 1
2	1	31.134 1	63.158 1
2	1	31.210 1	63.255 1
2	1	31.144 1	63.177 1
2	1	31.789 1	63.554 1
2	1	31.99 1	63.121 1
2	1	31.370 1	63.460 1
2	1	31.13 1	63.13 1
2	1	31.353 1	63.436 1
2	1	31.156 1	63.196 1
2	1	31.357 1	63.440 1
2	1	31.639 1	63.763 1
2	1	31.188 1	63.234 1
2	1	31.54 1	63.66 1
2	1	31.531 1	63.602 1
2	1	31.347 1	63.430 1
2	1	31.652 1	63.782 1
2	1	31.18 1	63.18 1
2	1	31.56 1	63.68 1
2	1	31.682 1	63.814 1
2	1	31.840 1	63.1009 1
2	1	31.183 1	63.224 1
2	1	31.366 1	63.458 1
2	1	31.821 1	63.992 1
2	1	31.674 1	63.802 1
2	1	31.187 1	63.225 1
2	1	31.788 1	63.887 1
2	1	31.532 1	63.603 1
2	1	31.244 1	63.889 1
2	1	31.584 1	63.695 1
2	1	31.787 1	63.886 1
2	1	31.834 1	63.1003 1
2	1	31.178 1	63.219 1
2	1	31.274 1	63.678 1
2	1	31.165 1	63.201 1
2	1	31.798 1	63.965 1
2	1	31.199 1	63.577 1
2	1	31.761 1	63.920 1
2	1	31.287 1	63.344 1
2	1	31.254 1	63.305 1
2	1	31.643 1	63.767 1
2	1	31.151 1	63.187 1
2	1	31.824 1	63.995 1
2	1	31.264 1	63.324 1
2	1	31.316 1	63.717 1
2	1	31.391 1	63.470 1
2	1	31.846 1	63.240 1
2	1	31.582 1	63.693 1
2	1	31.212 1	63.260 1
2	1	31.121 1	63.142 1
2	1	31.163 1	63.103 1
2	1	31.647 1	63.774 1
2	1	31.95 1	63.118 1
2	1	31.702 1	63.838 1
2	1	31.119 1	63.140 1
2	1	31.346 1	63.428 1
2	1	31.148 1	63.182 1
2	1	31.25 1	63.25 1
2	1	31.276 1	63.334 1
2	1	31.849 1	63.1016 1
2	1	31.88 1	63.552 1
2	1	31.114 1	63.135 1
2	1	31.844 1	63.1013 1
2	1	31.813 1	63.986 1
2	1	31.626 1	63.742 1
3	2	31.123 1 31.847 0.121	63.144 1
2	1	31.836 1	63.1005 1
2	1	31.220 1	63.275 1
2	1	31.101 1	63.976 1
2	1	31.850 1	63.1017 1
2	1	31.852 1	63.1019 1
2	1	31.680 1	63.811 1
2	1	31.410 1	63.489 1
2	1	31.132 1	63.156 1
2	1	31.826 1	63.997 1
2	1	31.232 1	63.288 1
2	1	31.837 1	63.1006 1
2	1	31.795 1	63.953 1
2	1	31.605 1	63.718 1
2	1	31.118 1	63.139 1
2	1	31.314 1	63.371 1
2	1	31.791 1	63.556 1
2	1	31.271 1	63.957 1
2	1	31.83 1	63.108 1
2	1	31.663 1	63.792 1
2	1	31.303 1	63.360 1
2	1	31.752 1	63.911 1
2	1	31.690 1	63.821 1
2	1	31.792 1	63.557 1
2	1	31.126 1	63.1018 1
2	1	31.17 1	63.17 1
2	1	31.301 1	63.358 1
2	1	31.30 1	63.30 1
2	1	31.261 1	63.312 1
2	1	31.277 1	63.335 1
2	1	31.704 1	63.840 1
2	1	31.150 1	63.753 1
2	1	31.191 1	63.235 1
2	1	31.7 1	63.7 1
2	1	31.308 1	63.364 1
2	1	31.369 1	63.459 1
2	1	31.583 1	63.694 1
2	1	31.632 1	63.756 1
2	1	31.383 1	63.541 1
2	1	31.720 1	63.873 1
2	1	31.440 1	63.511 1
2	1	31.250 1	63.300 1
2	1	31.810 1	63.983 1
2	1	31.355 1	63.438 1
2	1	31.326 1	63.379 1
2	1	31.665 1	63.793 1
2	1	31.816 1	63.726 1
2	1	31.317 1	63.373 1
2	1	31.552 1	63.652 1
2	1	31.796 1	63.958 1
2	1	31.480 1	63.592 1
2	1	31.602 1	63.712 1
2	1	31.712 1	63.863 1
2	1	31.627 1	63.743 1
2	1	31.697 1	63.832 1
2	1	31.539 1	63.568 1
2	1	31.84 1	63.109 1
3	2	31.392 1	63.472 1 63.588 0.833
2	1	31.5 1	63.5 1
2	1	31.437 1	63.508 1
3	2	31.197 1 31.502 0.857	63.237 1
2	1	31.149 1	63.754 1
2	1	31.245 1	63.295 1
2	1	31.374 1	63.463 1
2	1	31.736 1	63.891 1
2	1	31.725 1	63.878 1
2	1	31.777 1	63.936 1
2	1	31.566 1	63.683 1
2	1	31.790 1	63.555 1
2	1	31.839 1	63.1008 1
2	1	31.754 1	63.913 1
2	1	31.751 1	63.910 1
2	1	31.670 1	63.798 1
2	1	31.595 1	63.705 1
2	1	31.1 1	63.1 1
2	1	31.464 1	63.521 1
2	1	31.206 1	63.251 1
3	2	31.819 1	63.991 1 63.662 0.906
2	1	31.182 1	63.223 1
2	1	31.263 1	63.314 1
2	1	31.854 1	63.1021 1
2	1	31.255 1	63.306 1
2	1	31.267 1	63.328 1
2	1	31.640 1	63.764 1
2	1	31.142 1	63.175 1
2	1	31.292 1	63.349 1
2	1	31.713 1	63.864 1
2	1	31.678 1	63.807 1
2	1	31.429 1	63.500 1
2	1	31.58 1	63.76 1
2	1	31.654 1	63.784 1
2	1	31.115 1	63.136 1
2	1	31.608 1	63.721 1
2	1	31.296 1	63.352 1
2	1	31.553 1	63.651 1
2	1	31.599 1	63.709 1
2	1	31.363 1	63.449 1
2	1	31.540 1	63.632 1
2	1	31.166 1	63.202 1
2	1	31.488 1	63.635 1
2	1	31.586 1	63.697 1
2	1	31.856 1	63.1023 1
2	1	31.587 1	63.698 1
2	1	31.673 1	63.801 1
2	1	31.831 1	63.183 1
2	1	31.692 1	63.823 1
2	1	31.693 1	63.824 1
2	1	31.2 1	63.2 1
2	1	31.741 1	63.104 1
3	2	31.108 1	63.398 0.097 63.945 1
2	1	31.41 1	63.559 1
2	1	31.397 1	63.477 1
2	1	31.829 1	63.999 1
2	1	31.92 1	63.113 1
2	1	31.15 1	63.15 1
2	1	31.457 1	63.516 1
2	1	31.270 1	63.956 1
2	1	31.794 1	63.946 1
2	1	31.299 1	63.356 1
2	1	31.365 1	63.457 1
2	1	31.14 1	63.14 1
2	1	31.408 1	63.486 1
2	1	31.133 1	63.157 1
2	1	31.598 1	63.708 1
2	1	31.634 1	63.758 1
2	1	31.265 1	63.326 1
2	1	31.336 1	63.403 1
2	1	31.793 1	63.558 1
2	1	31.380 1	63.544 1
2	1	31.660 1	63.790 1
2	1	31.223 1	63.278 1
2	1	31.615 1	63.729 1
2	1	31.93 1	63.114 1
2	1	31.759 1	63.918 1
2	1	31.222 1	63.277 1
2	1	31.434 1	63.506 1
2	1	31.579 1	63.689 1
2	1	31.623 1	63.736 1
2	1	31.657 1	63.787 1
2	1	31.340 1	63.418 1
2	1	31.68 1	63.89 1
2	1	31.66 1	63.86 1
2	1	31.70 1	63.91 1
2	1	31.98 1	63.120 1
2	1	31.688 1	63.819 1
2	1	31.656 1	63.786 1
2	1	31.687 1	63.818 1
2	1	31.823 1	63.994 1
2	1	31.845 1	63.1014 1
2	1	31.689 1	63.820 1
2	1	31.19 1	63.19 1
2	1	31.38 1	63.37 1
2	1	31.658 1	63.788 1
2	1	31.439 1	63.510 1
2	1	31.394 1	63.474 1
2	1	31.750 1	63.909 1
2	1	31.774 1	63.933 1
2	1	31.94 1	63.117 1
2	1	31.226 1	63.283 1
2	1	31.333 1	63.389 1
2	1	31.737 1	63.892 1
2	1	31.544 1	63.613 1
2	1	31.288 1	63.345 1
2	1	31.283 1	63.340 1
3	2	31.304 1	63.361 1 63.848 0.779
2	1	31.411 1	63.80 1
2	1	31.668 1	63.796 1
3	2	31.534 1	63.531 1 63.161 0.819
2	1	31.173 1	63.211 1
2	1	31.628 1	63.744 1
2	1	31.828 1	63.998 1
2	1	31.69 1	63.90 1
2	1	31.236 1	63.292 1
2	1	31.707 1	63.843 1
2	1	31.620 1	63.733 1
2	1	31.334 1	63.390 1
2	1	31.55 1	63.67 1
2	1	31.275 1	63.282 1
2	1	31.402 1	63.481 1
2	1	31.803 1	63.971 1
2	1	31.106 1	63.125 1
2	1	31.72 1	63.93 1
2	1	31.104 1	63.123 1
2	1	31.154 1	63.194 1
2	1	31.238 1	63.294 1
2	1	31.89 1	63.551 1
2	1	31.476 1	63.673 1
2	1	31.779 1	63.938 1
2	1	31.147 1	63.181 1
2	1	31.477 1	63.674 1
2	1	31.478 1	63.675 1
2	1	31.48 1	63.60 1
2	1	31.780 1	63.939 1
2	1	31.842 1	63.1011 1
3	2	31.727 0.066 31.728 1	63.880 1
2	1	31.606 1	63.719 1
2	1	31.71 1	63.92 1
2	1	31.629 1	63.745 1
2	1	31.716 1	63.870 1
2	1	31.528 1	63.319 1
2	1	31.29 1	63.29 1
2	1	31.472 1	63.808 1
2	1	31.91 1	63.112 1
2	1	31.714 1	63.865 1
2	1	31.740 1	63.672 1
2	1	31.812 1	63.985 1
2	1	31.113 1	63.134 1
2	1	31.853 1	63.1020 1
3	2	31.153 1 31.436 0.718	63.189 1
2	1	31.247 1	63.297 1
2	1	31.39 1	63.44 1
2	1	31.318 1	63.374 1
2	1	31.9 1	63.9 1
2	1	31.379 1	63.545 1
2	1	31.364 1	63.456 1
2	1	31.233 1	63.289 1
2	1	31.749 1	63.908 1
2	1	31.96 1	63.119 1
2	1	31.120 1	63.141 1
2	1	31.127 1	63.152 1
2	1	31.387 1	63.468 1
2	1	31.143 1	63.176 1
2	1	31.230 1	63.287 1
2	1	31.533 1	63.604 1
2	1	31.291 1	63.348 1
2	1	31.633 1	63.757 1
2	1	31.305 1	63.362 1
2	1	31.462 1	63.519 1
2	1	31.645 1	63.769 1
2	1	31.735 1	63.890 1
2	1	31.335 1	63.400 1
2	1	31.580 1	63.691 1
2	1	31.409 1	63.488 1
2	1	31.695 1	63.826 1
2	1	31.395 1	63.475 1
2	1	31.50 1	63.62 1
2	1	31.672 1	63.800 1
2	1	31.768 1	63.927 1
2	1	31.35 1	63.34 1
2	1	31.90 1	63.550 1
2	1	31.600 1	63.710 1
2	1	31.312 1	63.368 1
2	1	31.414 1	63.490 1
2	1	31.11 1	63.11 1
2	1	31.234 1	63.290 1
2	1	31.765 1	63.924 1
2	1	31.811 1	63.984 1
5	4	31.625 1	63.738 0.230 63.739 1 63.740 0.666 63.741 0.466
2	1	31.806 1	63.978 1
2	1	31.614 1	63.728 1
2	1	31.800 1	63.967 1
2	1	31.581 1	63.692 1
2	1	31.677 1	63.806 1
2	1	31.446 1	63.515 1
2	1	31.145 1	63.178 1
2	1	31.164 1	63.200 1
2	1	31.384 1	63.540 1
2	1	31.760 1	63.919 1
2	1	31.146 1	63.954 1
2	1	31.686 1	63.817 1
2	1	31.345 1	63.427 1
2	1	31.655 1	63.785 1
2	1	31.706 1	63.842 1
2	1	31.202 1	63.246 1
2	1	31.763 1	63.922 1
2	1	31.12 1	63.12 1
2	1	31.562 1	63.681 1
2	1	31.675 1	63.803 1
2	1	31.158 1	63.197 1
2	1	31.428 1	63.548 1
2	1	31.152 1	63.188 1
2	1	31.325 1	63.378 1
2	1	31.42 1	63.46 1
2	1	31.542 1	63.615 1
2	1	31.611 1	63.723 1
2	1	31.729 1	63.881 1
2	1	31.214 1	63.270 1
2	1	31.28 1	63.28 1
2	1	31.519 1	63.533 1
2	1	31.773 1	63.932 1
2	1	31.172 1	63.210 1
2	1	31.181 1	63.222 1
2	1	31.801 1	63.968 1
2	1	31.279 1	63.749 1
2	1	31.743 1	63.904 1
2	1	31.129 1	63.154 1
2	1	31.358 1	63.441 1
2	1	31.543 1	63.614 1
2	1	31.705 1	63.841 1
2	1	31.85 1	63.110 1
2	1	31.175 1	63.213 1
2	1	31.830 1	63.1000 1
2	1	31.111 1	63.132 1
2	1	31.167 1	63.203 1
2	1	31.253 1	63.304 1
2	1	31.273 1	63.332 1
2	1	31.44 1	63.48 1
2	1	31.486 1	63.443 1
2	1	31.585 1	63.696 1
2	1	31.87 1	63.549 1
2	1	31.207 1	63.252 1
2	1	31.588 1	63.699 1
2	1	31.622 1	63.735 1
2	1	31.31 1	63.31 1
2	1	31.373 1	63.461 1
2	1	31.561 1	63.206 1
2	1	31.268 1	63.329 1
2	1	31.322 1	63.553 1
2	1	31.568 1	63.685 1
2	1	31.838 1	63.1007 1
2	1	31.612 1	63.724 1
2	1	31.311 1	63.367 1
2	1	31.473 1	63.805 1
2	1	31.621 1	63.734 1
2	1	31.809 1	63.982 1
2	1	31.339 1	63.417 1
2	1	31.343 1	63.424 1
2	1	31.235 1	63.291 1
2	1	31.332 1	63.388 1
2	1	31.285 1	63.342 1
2	1	31.567 1	63.684 1
2	1	31.717 1	63.871 1
2	1	31.80 1	63.101 1
2	1	31.140 1	63.276 1
2	1	31.341 1	63.419 1
2	1	31.36 1	63.35 1
2	1	31.577 1	63.687 1
2	1	31.75 1	63.268 1
2	1	31.755 1	63.914 1
2	1	31.249 1	63.299 1
2	1	31.667 1	63.795 1
2	1	31.742 1	63.903 1
2	1	31.37 1	63.36 1
2	1	31.613 1	63.727 1
2	1	31.762 1	63.921 1
2	1	31.67 1	63.87 1
2	1	31.331 1	63.387 1
2	1	31.371 1	63.565 1
2	1	31.644 1	63.768 1
2	1	31.160 1	63.199 1
2	1	31.227 1	63.284 1
2	1	31.297 1	63.353 1
2	1	31.412 1	63.82 1
2	1	31.601 1	63.711 1
2	1	31.421 1	63.496 1
2	1	31.664 1	63.855 1
2	1	31.155 1	63.195 1
2	1	31.105 1	63.124 1
2	1	31.461 1	63.518 1
2	1	31.578 1	63.688 1
2	1	31.766 1	63.925 1
2	1	31.770 1	63.929 1
2	1	31.8 1	63.8 1
2	1	31.284 1	63.341 1
2	1	31.624 1	63.737 1
2	1	31.229 1	63.286 1
2	1	31.362 1	63.243 1
2	1	31.468 1	63.527 1
2	1	31.753 1	63.912 1
2	1	31.174 1	63.212 1
2	1	31.420 1	63.495 1
2	1	31.661 1	63.791 1
2	1	31.739 1	63.898 1
2	1	31.841 1	63.1010 1
2	1	31.102 1	63.975 1
2	1	31.204 1	63.248 1
2	1	31.257 1	63.308 1
2	1	31.694 1	63.825 1
2	1	31.703 1	63.839 1
2	1	31.427 1	63.499 1
2	1	31.213 1	63.262 1
2	1	31.843 1	63.1012 1
2	1	31.289 1	63.346 1
2	1	31.685 1	63.816 1
2	1	31.21 1	63.21 1
2	1	31.225 1	63.280 1
2	1	31.237 1	63.293 1
2	1	31.721 1	63.874 1
2	1	31.246 1	63.296 1
2	1	31.59 1	63.77 1
2	1	31.24 1	63.24 1
2	1	31.407 1	63.485 1
2	1	31.10 1	63.10 1
2	1	31.591 1	63.701 1
2	1	31.404 1	63.482 1
2	1	31.517 1	63.532 1
2	1	31.756 1	63.915 1
2	1	31.802 1	63.970 1
2	1	31.781 1	63.940 1
2	1	31.616 1	63.730 1
2	1	31.445 1	63.514 1
2	1	31.518 1	63.179 1
2	1	31.565 1	63.682 1
2	1	31.835 1	63.1004 1
2	1	31.772 1	63.931 1
2	1	31.808 1	63.981 1
2	1	31.201 1	63.575 1
2	1	31.20 1	63.20 1
2	1	31.252 1	63.303 1
2	1	31.419 1	63.494 1
2	1	31.775 1	63.934 1
2	1	31.112 1	63.133 1
2	1	31.22 1	63.22 1
2	1	31.764 1	63.923 1
2	1	31.807 1	63.979 1
2	1	31.438 1	63.509 1
2	1	31.726 1	63.879 1
2	1	31.593 1	63.703 1
2	1	31.218 1	63.274 1
2	1	31.337 1	63.404 1
2	1	31.424 1	63.173 1
2	1	31.545 1	63.569 1
2	1	31.344 1	63.425 1
2	1	31.43 1	63.47 1
2	1	31.47 1	63.59 1
3	2	31.564 1	63.41 1 63.450 0.799
2	1	31.592 1	63.702 1
2	1	31.719 1	63.872 1
2	1	31.319 1	63.671 1
2	1	31.666 1	63.794 1
2	1	31.378 1	63.869 1
2	1	31.526 1	63.567 1
2	1	31.596 1	63.706 1
2	1	31.607 1	63.720 1
2	1	31.180 1	63.221 1
2	1	31.744 1	63.130 1
2	1	31.776 1	63.935 1
2	1	31.638 1	63.762 1
2	1	31.722 1	63.875 1
2	1	31.266 1	63.327 1
2	1	31.433 1	63.505 1
2	1	31.231 1	63.856 1
2	1	31.396 1	63.476 1
2	1	31.441 1	63.512 1
2	1	31.171 1	63.209 1
2	1	31.258 1	63.309 1
2	1	31.320 1	63.375 1
2	1	31.375 1	63.464 1
2	1	31.280 1	63.337 1
2	1	31.635 1	63.759 1
2	1	31.260 1	63.311 1
2	1	31.381 1	63.543 1
2	1	31.653 1	63.783 1
2	1	31.651 1	63.779 1
2	1	31.659 1	63.789 1
2	1	31.16 1	63.16 1
2	1	31.52 1	63.64 1
2	1	31.216 1	63.272 1
2	1	31.302 1	63.359 1
2	1	31.107 1	63.126 1
2	1	31.286 1	63.343 1
2	1	31.330 1	63.383 1
2	1	31.272 1	63.331 1
2	1	31.342 1	63.423 1
2	1	31.642 1	63.766 1
2	1	31.699 1	63.834 1
2	1	31.778 1	63.937 1
2	1	31.730 1	63.882 1
2	1	31.769 1	63.928 1
2	1	31.86 1	63.111 1
2	1	31.646 1	63.770 1
2	1	31.724 1	63.877 1
2	1	31.74 1	63.95 1
2	1	31.100 1	63.122 1
2	1	31.159 1	63.198 1
2	1	31.604 1	63.714 1
2	1	31.822 1	63.993 1
2	1	31.825 1	63.996 1
2	1	31.432 1	63.504 1
3	2	31.492 1	63.562 1 63.659 0.753
2	1	31.650 1	63.777 1
2	1	31.715 1	63.980 1
2	1	31.771 1	63.930 1
3	2	31.195 1	63.227 0.241 63.573 1
2	1	31.309 1	63.365 1
2	1	31.53 1	63.65 1
2	1	31.797 1	63.960 1
2	1	31.805 1	63.977 1
2	1	31.814 1	63.987 1
2	1	31.300 1	63.357 1
2	1	31.442 1	63.513 1
2	1	31.648 1	63.775 1
2	1	31.758 1	63.917 1
2	1	31.401 1	63.480 1
2	1	31.525 1	63.538 1
2	1	31.701 1	63.836 1
2	1	31.282 1	63.339 1
2	1	31.23 1	63.23 1
2	1	31.256 1	63.307 1
2	1	31.683 1	63.815 1
2	1	31.738 1	63.893 1
2	1	31.767 1	63.926 1
2	1	31.6 1	63.6 1
2	1	31.324 1	63.377 1
2	1	31.128 1	63.153 1
2	1	31.631 1	63.755 1
2	1	31.78 1	63.99 1
2	1	31.649 1	63.776 1
2	1	31.418 1	63.493 1
2	1	31.630 1	63.748 1
3	2	31.76 0.155 31.77 1	63.263 1
2	1	31.259 1	63.310 1
2	1	31.51 1	63.63 1
3	2	31.746 1	63.131 0.118 63.941 1
2	1	31.169 1	63.858 1
3	2	31.192 1 31.498 0.844	63.236 1
2	1	31.327 1	63.380 1
2	1	31.338 1	63.409 1
2	1	31.40 1	63.42 1
2	1	31.684 1	63.813 1
2	1	31.857 1	63.1024 1
2	1	31.170 1	63.208 1
2	1	31.328 1	63.381 1
2	1	31.406 1	63.484 1
2	1	31.430 1	63.502 1
2	1	31.349 1	63.432 1
2	1	31.203 1	63.247 1
2	1	31.463 1	63.520 1
2	1	31.529 1	63.566 1
2	1	31.610 1	63.722 1
2	1	31.820 1	63.448 1
2	1	31.200 1	63.576 1
2	1	31.217 1	63.273 1
2	1	31.413 1	63.830 1
2	1	31.527 1	63.564 1
2	1	31.679 1	63.810 1
2	1	31.34 1	63.33 1
2	1	31.205 1	63.249 1
2	1	31.57 1	63.69 1
2	1	31.637 1	63.761 1
2	1	31.458 1	63.517 1
2	1	31.176 1	63.214 1
2	1	31.251 1	63.302 1
2	1	31.550 1	63.394 1
2	1	31.669 1	63.797 1
2	1	31.700 1	63.835 1
2	1	31.818 1	63.990 1
2	1	31.290 1	63.347 1
2	1	31.459 1	63.645 1
2	1	31.691 1	63.822 1
2	1	31.731 1	63.883 1
2	1	31.572 1	63.637 1
2	1	31.399 1	63.478 1
2	1	31.465 1	63.522 1
2	1	31.723 1	63.876 1
2	1	31.117 1	63.138 1
2	1	31.306 1	63.363 1
2	1	31.393 1	63.473 1
2	1	31.522 1	63.536 1
2	1	31.356 1	63.439 1
2	1	31.520 1	63.534 1
2	1	31.858 1	63.1025 1
2	1	31.354 1	63.437 1
2	1	31.73 1	63.94 1
2	1	31.382 1	63.542 1
2	1	31.435 1	63.507 1
2	1	31.310 1	63.366 1
2	1	31.425 1	63.455 1
2	1	31.196 1	63.226 1
2	1	31.400 1	63.479 1
2	1	31.179 1	63.220 1
2	1	31.209 1	63.254 1
2	1	31.757 1	63.916 1
2	1	31.26 1	63.26 1
2	1	31.224 1	63.279 1
2	1	31.403 1	63.964 1
2	1	31.619 1	63.732 1
2	1	31.711 1	63.862 1
2	1	31.313 1	63.369 1
2	1	31.500 1	63.572 1
2	1	31.294 1	63.350 1
2	1	31.389 1	63.250 1
2	1	31.590 1	63.700 1
2	1	31.376 1	63.465 1
2	1	31.426 1	63.498 1
2	1	31.208 1	63.253 1
2	1	31.422 1	63.497 1
2	1	31.855 1	63.1022 1
5	4	31.474 1	63.402 1 63.445 0.296 63.446 0.290 63.638 0.310
2	1	31.49 1	63.61 1
2	1	31.131 1	63.155 1
2	1	31.594 1	63.704 1
2	1	31.710 1	63.861 1
2	1	31.248 1	63.298 1
2	1	31.415 1	63.491 1
2	1	31.641 1	63.765 1
2	1	31.405 1	63.483 1
2	1	31.215 1	63.271 1
2	1	31.281 1	63.338 1
2	1	31.671 1	63.799 1
3	2	31.416 1 31.555 0.144	63.75 1
2	1	31.470 1	63.528 1
2	1	31.32 1	63.32 1
4	3	31.747 1	63.128 0.142 63.667 1 63.942 0.109
2	1	31.33 1	63.713 1
2	1	31.198 1	63.578 1
