Size	Relations	OrthoA	OrthoB
2	1	31.46 1	65.74 1
2	1	31.45 1	65.73 1
2	1	31.597 1	65.516 1
2	1	31.65 1	65.256 1
2	1	31.479 1	65.1185 1
2	1	31.799 1	65.77 1
2	1	31.377 1	65.784 1
2	1	31.139 1	65.2031 1
2	1	31.315 1	65.573 1
2	1	31.466 1	65.542 1
2	1	31.60 1	65.244 1
2	1	31.785 1	65.797 1
2	1	31.168 1	65.1497 1
2	1	31.617 1	65.1407 1
2	1	31.295 1	65.2077 1
2	1	31.388 1	65.1191 1
2	1	31.696 1	65.476 1
2	1	31.64 1	65.238 1
2	1	31.3 1	65.3 1
2	1	31.4 1	65.4 1
2	1	31.745 1	65.657 1
2	1	31.136 1	65.2097 1
2	1	31.833 1	65.266 1
2	1	31.676 1	65.427 1
2	1	31.329 1	65.1951 1
2	1	31.54 1	65.153 1
2	1	31.110 1	65.2178 1
2	1	31.353 1	65.711 1
2	1	31.708 1	65.2282 1
2	1	31.652 1	65.2201 1
2	1	31.56 1	65.155 1
2	1	31.178 1	65.1879 1
2	1	31.116 1	65.2174 1
2	1	31.359 1	65.794 1
2	1	31.211 1	65.338 1
2	1	31.13 1	65.13 1
2	1	31.386 1	65.1195 1
2	1	31.163 1	65.1922 1
2	1	31.821 1	65.286 1
2	1	31.156 1	65.459 1
3	2	31.183 0.083 31.187 1	65.1393 1
3	2	31.417 1	65.1047 1 65.629 0.779
2	1	31.18 1	65.18 1
2	1	31.584 1	65.519 1
2	1	31.798 1	65.78 1
2	1	31.761 1	65.372 1
2	1	31.840 1	65.251 1
2	1	31.144 1	65.2211 1
2	1	31.787 1	65.2307 1
2	1	31.165 1	65.2165 1
2	1	31.366 1	65.1949 1
2	1	31.151 1	65.437 1
2	1	31.788 1	65.410 1
2	1	31.370 1	65.1259 1
2	1	31.88 1	65.47 1
2	1	31.95 1	65.392 1
2	1	31.582 1	65.521 1
2	1	31.210 1	65.337 1
2	1	31.846 1	65.481 1
2	1	31.188 1	65.1392 1
4	3	31.849 1 31.250 0.851 31.845 0.853	65.588 1
2	1	31.643 1	65.547 1
2	1	31.254 1	65.455 1
2	1	31.647 1	65.335 1
2	1	31.264 1	65.507 1
2	1	31.682 1	65.1911 1
2	1	31.850 1	65.2291 1
2	1	31.141 1	65.2214 1
2	1	31.702 1	65.243 1
2	1	31.119 1	65.2171 1
2	1	31.287 1	65.734 1
2	1	31.212 1	65.1636 1
2	1	31.674 1	65.429 1
3	2	31.789 1 31.270 0.859	65.442 1
2	1	31.480 1	65.2217 1
2	1	31.99 1	65.384 1
2	1	31.232 1	65.717 1
2	1	31.836 1	65.288 1
2	1	31.269 1	65.434 1
2	1	31.383 1	65.612 1
2	1	31.626 1	65.695 1
2	1	31.148 1	65.1610 1
2	1	31.665 1	65.170 1
2	1	31.79 1	65.160 1
2	1	31.791 1	65.440 1
2	1	31.837 1	65.287 1
2	1	31.792 1	65.439 1
2	1	31.301 1	65.622 1
2	1	31.844 1	65.2286 1
2	1	31.132 1	65.173 1
2	1	31.514 1	65.499 1
2	1	31.632 1	65.1411 1
2	1	31.777 1	65.356 1
5	4	31.123 0.169 31.274 1 31.847 0.124 31.848 0.131	65.1823 1
2	1	31.690 1	65.1921 1
2	1	31.826 1	65.280 1
2	1	31.834 1	65.265 1
2	1	31.627 1	65.694 1
2	1	31.720 1	65.2132 1
2	1	31.347 1	65.450 1
2	1	31.298 1	65.2073 1
2	1	31.513 1	65.500 1
2	1	31.317 1	65.589 1
2	1	31.639 1	65.1418 1
2	1	31.15 1	65.15 1
2	1	31.346 1	65.527 1
2	1	31.121 1	65.2169 1
2	1	31.704 1	65.262 1
2	1	31.206 1	65.1880 1
2	1	31.5 1	65.5 1
2	1	31.118 1	65.2172 1
2	1	31.605 1	65.560 1
2	1	31.819 1	65.2280 1
2	1	31.369 1	65.1260 1
2	1	31.795 1	65.2094 1
2	1	31.134 1	65.175 1
2	1	31.796 1	65.2096 1
2	1	31.741 1	65.1582 1
2	1	31.7 1	65.7 1
2	1	31.709 1	65.1890 1
2	1	31.608 1	65.557 1
2	1	31.25 1	65.347 1
2	1	31.736 1	65.1887 1
2	1	31.182 1	65.1394 1
2	1	31.754 1	65.377 1
2	1	31.640 1	65.1419 1
2	1	31.583 1	65.520 1
2	1	31.752 1	65.339 1
2	1	31.716 1	65.1089 1
2	1	31.314 1	65.572 1
2	1	31.712 1	65.1893 1
2	1	31.794 1	65.2078 1
2	1	31.839 1	65.217 1
2	1	31.391 1	65.623 1
2	1	31.854 1	65.2293 1
2	1	31.91 1	65.627 1
2	1	31.30 1	65.267 1
2	1	31.292 1	65.486 1
2	1	31.263 1	65.506 1
2	1	31.92 1	65.386 1
2	1	31.751 1	65.340 1
2	1	31.326 1	65.1954 1
2	1	31.790 1	65.441 1
2	1	31.255 1	65.456 1
2	1	31.670 1	65.166 1
2	1	31.222 1	65.1398 1
2	1	31.586 1	65.517 1
2	1	31.692 1	65.480 1
2	1	31.678 1	65.2068 1
2	1	31.38 1	65.2185 1
2	1	31.336 1	65.1604 1
2	1	31.566 1	65.1231 1
3	2	31.552 1	65.1801 1 65.2098 0.601
2	1	31.856 1	65.2304 1
2	1	31.296 1	65.2076 1
2	1	31.625 1	65.696 1
2	1	31.628 1	65.692 1
2	1	31.602 1	65.1029 1
2	1	31.1 1	65.1 1
2	1	31.725 1	65.2140 1
2	1	31.429 1	65.714 1
2	1	31.668 1	65.168 1
2	1	31.823 1	65.284 1
2	1	31.656 1	65.2205 1
2	1	31.348 1	65.451 1
2	1	31.599 1	65.514 1
2	1	31.66 1	65.257 1
2	1	31.437 1	65.1028 1
2	1	31.774 1	65.359 1
2	1	31.598 1	65.515 1
2	1	31.829 1	65.278 1
2	1	31.68 1	65.239 1
2	1	31.190 1	65.326 1
2	1	31.70 1	65.242 1
2	1	31.714 1	65.1896 1
2	1	31.114 1	65.1569 1
2	1	31.654 1	65.2203 1
2	1	31.750 1	65.341 1
2	1	31.780 1	65.352 1
2	1	31.810 1	65.38 1
2	1	31.434 1	65.1025 1
2	1	31.824 1	65.282 1
2	1	31.17 1	65.17 1
2	1	31.384 1	65.1126 1
3	2	31.276 0.195 31.663 1	65.269 1
2	1	31.734 1	65.85 1
2	1	31.634 1	65.1413 1
2	1	31.288 1	65.735 1
2	1	31.154 1	65.248 1
2	1	31.299 1	65.2072 1
2	1	31.737 1	65.1888 1
2	1	31.340 1	65.752 1
2	1	31.83 1	65.2223 1
2	1	31.304 1	65.1561 1
2	1	31.579 1	65.524 1
2	1	31.71 1	65.503 1
2	1	31.793 1	65.438 1
2	1	31.147 1	65.1611 1
2	1	31.283 1	65.401 1
2	1	31.398 1	65.1607 1
2	1	31.48 1	65.147 1
2	1	31.800 1	65.76 1
2	1	31.687 1	65.1918 1
2	1	31.828 1	65.279 1
2	1	31.615 1	65.1405 1
2	1	31.247 1	65.566 1
2	1	31.223 1	65.1397 1
2	1	31.238 1	65.1564 1
3	2	31.226 1	65.510 1 65.327 0.784
2	1	31.55 1	65.154 1
2	1	31.90 1	65.49 1
2	1	31.697 1	65.702 1
2	1	31.707 1	65.2281 1
2	1	31.2 1	65.2 1
3	2	31.831 1 31.832 0.243	65.246 1
2	1	31.763 1	65.370 1
2	1	31.439 1	65.1107 1
2	1	31.768 1	65.365 1
2	1	31.72 1	65.245 1
2	1	31.167 1	65.101 1
2	1	31.509 1	65.1713 1
2	1	31.801 1	65.75 1
2	1	31.9 1	65.9 1
2	1	31.133 1	65.174 1
2	1	31.303 1	65.1562 1
2	1	31.14 1	65.14 1
2	1	31.29 1	65.2218 1
2	1	31.305 1	65.698 1
2	1	31.660 1	65.436 1
2	1	31.765 1	65.368 1
2	1	31.773 1	65.360 1
2	1	31.759 1	65.379 1
2	1	31.519 1	65.496 1
2	1	31.689 1	65.1920 1
2	1	31.126 1	65.421 1
2	1	31.853 1	65.2292 1
3	2	31.350 0.071 31.478 1	65.1385 1
2	1	31.688 1	65.1919 1
2	1	31.19 1	65.19 1
2	1	31.680 1	65.1420 1
2	1	31.717 1	65.1088 1
2	1	31.553 1	65.1802 1
2	1	31.606 1	65.559 1
3	2	31.727 1 31.728 0.434	65.2143 1
3	2	31.181 1 31.835 0.705	65.1852 1
3	2	31.237 1	65.628 1 65.564 0.790
2	1	31.113 1	65.1570 1
2	1	31.236 1	65.563 1
2	1	31.811 1	65.36 1
2	1	31.11 1	65.11 1
2	1	31.111 1	65.2176 1
2	1	31.742 1	65.2215 1
3	2	31.424 1	65.1115 1 65.1122 1
2	1	31.89 1	65.48 1
2	1	31.812 1	65.35 1
2	1	31.202 1	65.1655 1
2	1	31.693 1	65.479 1
2	1	31.275 1	65.1190 1
2	1	31.35 1	65.273 1
2	1	31.770 1	65.363 1
2	1	31.267 1	65.406 1
3	2	31.365 1 31.492 0.789	65.1948 1
3	2	31.414 1 31.561 0.812	65.108 1
2	1	31.686 1	65.1917 1
2	1	31.760 1	65.373 1
2	1	31.409 1	65.1381 1
2	1	31.140 1	65.504 1
2	1	31.371 1	65.1830 1
2	1	31.468 1	65.2395 1
2	1	31.755 1	65.376 1
2	1	31.345 1	65.617 1
2	1	31.355 1	65.712 1
2	1	31.673 1	65.430 1
2	1	31.695 1	65.477 1
2	1	31.729 1	65.2144 1
2	1	31.420 1	65.1196 1
2	1	31.613 1	65.1403 1
2	1	31.145 1	65.2210 1
2	1	31.37 1	65.2186 1
2	1	31.334 1	65.1609 1
2	1	31.363 1	65.1261 1
2	1	31.120 1	65.2170 1
2	1	31.234 1	65.561 1
2	1	31.28 1	65.2219 1
2	1	31.581 1	65.522 1
2	1	31.629 1	65.690 1
2	1	31.694 1	65.478 1
2	1	31.762 1	65.371 1
2	1	31.227 1	65.511 1
2	1	31.677 1	65.2067 1
2	1	31.172 1	65.1492 1
2	1	31.410 1	65.1380 1
2	1	31.220 1	65.487 1
2	1	31.753 1	65.378 1
2	1	31.291 1	65.485 1
2	1	31.842 1	65.2284 1
2	1	31.213 1	65.705 1
2	1	31.235 1	65.562 1
2	1	31.50 1	65.149 1
2	1	31.12 1	65.12 1
2	1	31.358 1	65.793 1
2	1	31.766 1	65.367 1
2	1	31.253 1	65.454 1
2	1	31.612 1	65.1401 1
2	1	31.115 1	65.2175 1
2	1	31.47 1	65.213 1
2	1	31.332 1	65.1846 1
2	1	31.462 1	65.209 1
2	1	31.601 1	65.512 1
2	1	31.158 1	65.1568 1
2	1	31.600 1	65.513 1
2	1	31.838 1	65.289 1
4	3	31.87 1	65.46 0.401 65.483 1 65.721 0.375
2	1	31.129 1	65.171 1
2	1	31.261 1	65.1086 1
2	1	31.655 1	65.2204 1
2	1	31.743 1	65.2216 1
2	1	31.756 1	65.375 1
2	1	31.80 1	65.161 1
2	1	31.645 1	65.494 1
2	1	31.207 1	65.2015 1
2	1	31.705 1	65.260 1
2	1	31.469 1	65.1229 1
2	1	31.472 1	65.682 1
2	1	31.775 1	65.358 1
2	1	31.85 1	65.2221 1
2	1	31.815 1	65.409 1
2	1	31.268 1	65.407 1
5	6	31.321 1 31.323 0.582 31.782 0.247	65.1819 0.120 65.2259 1
2	1	31.325 1	65.777 1
2	1	31.633 1	65.1412 1
2	1	31.776 1	65.357 1
2	1	31.781 1	65.351 1
2	1	31.214 1	65.290 1
2	1	31.659 1	65.2209 1
2	1	31.31 1	65.270 1
2	1	31.218 1	65.538 1
2	1	31.127 1	65.2035 1
2	1	31.284 1	65.402 1
2	1	31.364 1	65.1950 1
2	1	31.42 1	65.2263 1
2	1	31.830 1	65.277 1
2	1	31.809 1	65.40 1
2	1	31.204 1	65.1653 1
2	1	31.280 1	65.398 1
2	1	31.428 1	65.2008 1
2	1	31.764 1	65.369 1
2	1	31.592 1	65.1629 1
2	1	31.813 1	65.34 1
2	1	31.160 1	65.1566 1
2	1	31.216 1	65.536 1
2	1	31.713 1	65.1895 1
2	1	31.93 1	65.387 1
2	1	31.164 1	65.2166 1
2	1	31.644 1	65.495 1
2	1	31.672 1	65.432 1
2	1	31.96 1	65.382 1
2	1	31.143 1	65.2212 1
2	1	31.476 1	65.1382 1
2	1	31.721 1	65.2133 1
4	4	31.534 1 31.41 0.766	65.1882 1 65.2083 0.736
2	1	31.245 1	65.2084 1
2	1	31.344 1	65.616 1
2	1	31.43 1	65.2262 1
2	1	31.722 1	65.2134 1
2	1	31.607 1	65.558 1
2	1	31.771 1	65.362 1
2	1	31.8 1	65.8 1
2	1	31.825 1	65.281 1
2	1	31.735 1	65.1402 1
2	1	31.24 1	65.346 1
2	1	31.302 1	65.1563 1
3	2	31.351 0.074 31.477 1	65.1383 1
2	1	31.653 1	65.2202 1
2	1	31.749 1	65.343 1
2	1	31.262 1	65.26 1
2	1	31.738 1	65.336 1
2	1	31.843 1	65.2285 1
2	1	31.21 1	65.21 1
2	1	31.593 1	65.1630 1
2	1	31.739 1	65.1606 1
2	1	31.814 1	65.33 1
2	1	31.380 1	65.1074 1
2	1	31.769 1	65.364 1
2	1	31.53 1	65.152 1
2	1	31.565 1	65.1230 1
2	1	31.189 1	65.1024 1
2	1	31.152 1	65.1910 1
2	1	31.297 1	65.2075 1
2	1	31.394 1	65.1842 1
2	1	31.59 1	65.2220 1
2	1	31.180 1	65.798 1
2	1	31.385 1	65.704 1
2	1	31.730 1	65.2145 1
2	1	31.778 1	65.355 1
2	1	31.620 1	65.1924 1
2	1	31.343 1	65.615 1
2	1	31.461 1	65.210 1
2	1	31.22 1	65.22 1
2	1	31.285 1	65.571 1
2	1	31.10 1	65.10 1
2	1	31.159 1	65.1567 1
2	1	31.767 1	65.366 1
5	4	31.104 0.527 31.106 1 31.362 0.184 31.62 0.305	65.530 1
2	1	31.685 1	65.1916 1
2	1	31.357 1	65.792 1
2	1	31.392 1	65.1906 1
2	1	31.23 1	65.23 1
2	1	31.338 1	65.1602 1
2	1	31.515 1	65.498 1
2	1	31.567 1	65.1379 1
2	1	31.128 1	65.2034 1
2	1	31.580 1	65.523 1
2	1	31.614 1	65.1404 1
2	1	31.630 1	65.689 1
2	1	31.78 1	65.159 1
2	1	31.418 1	65.1242 1
2	1	31.337 1	65.1603 1
2	1	31.779 1	65.353 1
2	1	31.100 1	65.385 1
2	1	31.266 1	65.349 1
2	1	31.330 1	65.1624 1
2	1	31.616 1	65.1406 1
2	1	31.658 1	65.2208 1
2	1	31.822 1	65.285 1
2	1	31.327 1	65.1953 1
2	1	31.112 1	65.461 1
2	1	31.20 1	65.20 1
2	1	31.637 1	65.1415 1
2	1	31.706 1	65.259 1
2	1	31.67 1	65.258 1
2	1	31.146 1	65.1046 1
3	2	31.648 1	65.334 0.257 65.641 1
2	1	31.664 1	65.1889 1
2	1	31.153 1	65.1908 1
2	1	31.273 1	65.408 1
2	1	31.192 1	65.109 1
3	2	31.197 1 31.502 0.115	65.146 1
2	1	31.666 1	65.169 1
2	1	31.841 1	65.2283 1
2	1	31.324 1	65.776 1
2	1	31.230 1	65.482 1
2	1	31.675 1	65.428 1
2	1	31.758 1	65.374 1
2	1	31.256 1	65.1829 1
2	1	31.635 1	65.1414 1
2	1	31.257 1	65.1828 1
2	1	31.260 1	65.1087 1
2	1	31.339 1	65.1587 1
2	1	31.526 1	65.715 1
2	1	31.558 1	65.647 1
3	2	31.624 1 31.94 0.076	65.1626 1
2	1	31.715 1	65.42 1
2	1	31.74 1	65.247 1
2	1	31.857 1	65.2305 1
2	1	31.445 1	65.1847 1
2	1	31.699 1	65.613 1
2	1	31.402 1	65.790 1
2	1	31.463 1	65.211 1
2	1	31.501 1	65.1659 1
11	10	31.544 1	65.1013 0.900 65.1352 0.284 65.1428 1 65.1540 0.220 65.185 0.907 65.1959 0.922 65.61 0.425 65.664 0.290 65.764 0.376 65.867 0.390
2	1	31.6 1	65.6 1
2	1	31.610 1	65.1400 1
2	1	31.649 1	65.216 1
2	1	31.772 1	65.361 1
2	1	31.638 1	65.1416 1
2	1	31.679 1	65.640 1
2	1	31.251 1	65.452 1
2	1	31.657 1	65.2207 1
2	1	31.97 1	65.383 1
2	1	31.203 1	65.1654 1
2	1	31.498 1	65.1663 1
2	1	31.684 1	65.1915 1
2	1	31.726 1	65.2141 1
2	1	31.458 1	65.212 1
2	1	31.117 1	65.2173 1
2	1	31.419 1	65.1799 1
3	2	31.518 1	65.2032 0.170 65.32 1
2	1	31.596 1	65.1955 1
2	1	31.744 1	65.658 1
2	1	31.731 1	65.2146 1
2	1	31.820 1	65.1560 1
2	1	31.75 1	65.79 1
2	1	31.259 1	65.1826 1
2	1	31.604 1	65.1633 1
2	1	31.252 1	65.453 1
2	1	31.52 1	65.151 1
2	1	31.249 1	65.1825 1
2	1	31.432 1	65.876 1
2	1	31.858 1	65.2306 1
11	10	31.447 1	65.121 0.932 65.1221 0.932 65.1287 0.089 65.1438 0.089 65.1619 0.896 65.226 0.358 65.412 1 65.842 0.932 65.892 0.089 65.989 0.092
2	1	31.51 1	65.150 1
2	1	31.591 1	65.1628 1
2	1	31.669 1	65.167 1
2	1	31.631 1	65.1410 1
2	1	31.217 1	65.537 1
2	1	31.225 1	65.1234 1
2	1	31.209 1	65.2071 1
2	1	31.399 1	65.611 1
2	1	31.683 1	65.1913 1
2	1	31.278 1	65.533 1
2	1	31.808 1	65.41 1
9	8	31.455 1	65.1279 0.500 65.1364 1 65.1446 0.500 65.1539 0.500 65.2116 0.610 65.900 0.500 65.934 0.500 65.996 0.500
2	1	31.34 1	65.272 1
2	1	31.356 1	65.791 1
2	1	31.246 1	65.1060 1
2	1	31.460 1	65.2009 1
2	1	31.57 1	65.156 1
2	1	31.703 1	65.1994 1
2	1	31.282 1	65.400 1
2	1	31.33 1	65.1188 1
2	1	31.248 1	65.570 1
2	1	31.522 1	65.1072 1
2	1	31.272 1	65.618 1
