Size	Relations	OrthoA	OrthoB
2	1	31.597 1	66.868 1
2	1	31.45 1	66.63 1
2	1	31.46 1	66.64 1
2	1	31.65 1	66.98 1
2	1	31.617 1	66.894 1
2	1	31.139 1	66.233 1
2	1	31.388 1	66.618 1
2	1	31.141 1	66.244 1
2	1	31.479 1	66.710 1
2	1	31.785 1	66.1138 1
2	1	31.60 1	66.93 1
2	1	31.315 1	66.515 1
2	1	31.799 1	66.1160 1
2	1	31.136 1	66.232 1
2	1	31.676 1	66.974 1
2	1	31.466 1	66.703 1
2	1	31.4 1	66.4 1
2	1	31.709 1	66.1015 1
2	1	31.103 1	66.166 1
2	1	31.359 1	66.579 1
2	1	31.708 1	66.1014 1
2	1	31.386 1	66.616 1
2	1	31.122 1	66.180 1
2	1	31.168 1	66.315 1
2	1	31.177 1	66.328 1
2	1	31.3 1	66.3 1
2	1	31.79 1	66.113 1
2	1	31.295 1	66.488 1
2	1	31.696 1	66.1000 1
2	1	31.211 1	66.380 1
2	1	31.487 1	66.878 1
2	1	31.734 1	66.1050 1
3	2	31.321 0.414 31.323 1	66.519 1
2	1	31.329 1	66.530 1
2	1	31.134 1	66.216 1
2	1	31.417 1	66.664 1
2	1	31.116 1	66.162 1
2	1	31.833 1	66.1202 1
2	1	31.64 1	66.97 1
2	1	31.144 1	66.247 1
2	1	31.298 1	66.491 1
2	1	31.745 1	66.174 1
2	1	31.639 1	66.915 1
2	1	31.269 1	66.449 1
2	1	31.110 1	66.151 1
2	1	31.210 1	66.377 1
2	1	31.348 1	66.552 1
2	1	31.99 1	66.142 1
2	1	31.370 1	66.591 1
2	1	31.353 1	66.562 1
2	1	31.13 1	66.13 1
2	1	31.244 1	66.1051 1
2	1	31.188 1	66.346 1
2	1	31.156 1	66.296 1
2	1	31.626 1	66.903 1
2	1	31.682 1	66.981 1
2	1	31.178 1	66.331 1
2	1	31.54 1	66.77 1
2	1	31.18 1	66.20 1
2	1	31.274 1	66.458 1
2	1	31.627 1	66.904 1
2	1	31.652 1	66.941 1
2	1	31.347 1	66.551 1
2	1	31.674 1	66.972 1
2	1	31.391 1	66.620 1
2	1	31.840 1	66.1209 1
2	1	31.821 1	66.1190 1
2	1	31.56 1	66.79 1
2	1	31.183 1	66.339 1
2	1	31.584 1	66.854 1
2	1	31.187 1	66.343 1
2	1	31.532 1	66.795 1
2	1	31.788 1	66.569 1
2	1	31.834 1	66.1203 1
2	1	31.366 1	66.588 1
2	1	31.787 1	66.570 1
2	1	31.798 1	66.1159 1
2	1	31.264 1	66.443 1
2	1	31.151 1	66.288 1
2	1	31.287 1	66.479 1
3	2	31.643 1	66.930 1 66.650 0.661
2	1	31.254 1	66.419 1
2	1	31.25 1	66.27 1
2	1	31.531 1	66.794 1
2	1	31.582 1	66.852 1
2	1	31.846 1	66.355 1
2	1	31.165 1	66.303 1
2	1	31.761 1	66.1114 1
2	1	31.148 1	66.261 1
2	1	31.824 1	66.1193 1
2	1	31.212 1	66.381 1
2	1	31.119 1	66.165 1
2	1	31.114 1	66.155 1
2	1	31.121 1	66.179 1
2	1	31.220 1	66.390 1
2	1	31.647 1	66.934 1
2	1	31.163 1	66.116 1
2	1	31.702 1	66.1007 1
2	1	31.95 1	66.139 1
2	1	31.357 1	66.566 1
2	1	31.795 1	66.1149 1
2	1	31.276 1	66.459 1
2	1	31.308 1	66.508 1
2	1	31.346 1	66.548 1
2	1	31.195 1	66.352 1
2	1	31.849 1	66.1217 1
2	1	31.813 1	66.1180 1
2	1	31.7 1	66.7 1
2	1	31.837 1	66.1206 1
2	1	31.836 1	66.1205 1
2	1	31.680 1	66.979 1
2	1	31.844 1	66.1214 1
2	1	31.88 1	66.128 1
2	1	31.410 1	66.658 1
2	1	31.605 1	66.883 1
2	1	31.789 1	66.834 1
2	1	31.132 1	66.214 1
2	1	31.191 1	66.348 1
2	1	31.303 1	66.496 1
2	1	31.30 1	66.32 1
2	1	31.126 1	66.783 1
2	1	31.301 1	66.494 1
2	1	31.496 1	66.987 1
2	1	31.852 1	66.1219 1
2	1	31.118 1	66.164 1
2	1	31.314 1	66.514 1
2	1	31.583 1	66.853 1
2	1	31.369 1	66.590 1
2	1	31.101 1	66.168 1
2	1	31.690 1	66.993 1
2	1	31.796 1	66.1150 1
2	1	31.602 1	66.873 1
2	1	31.632 1	66.908 1
2	1	31.826 1	66.1195 1
3	2	31.850 1	66.1218 1 66.61 0.803
2	1	31.83 1	66.123 1
2	1	31.440 1	66.685 1
2	1	31.150 1	66.1070 1
2	1	31.232 1	66.400 1
2	1	31.271 1	66.453 1
2	1	31.665 1	66.955 1
2	1	31.275 1	66.289 1
2	1	31.625 1	66.902 1
2	1	31.464 1	66.697 1
2	1	31.663 1	66.953 1
2	1	31.816 1	66.525 1
2	1	31.720 1	66.1034 1
2	1	31.1 1	66.1 1
2	1	31.261 1	66.426 1
2	1	31.326 1	66.527 1
2	1	31.383 1	66.612 1
2	1	31.514 1	66.504 1
2	1	31.704 1	66.1010 1
2	1	31.697 1	66.1001 1
2	1	31.206 1	66.366 1
2	1	31.277 1	66.463 1
2	1	31.250 1	66.416 1
3	2	31.748 1	66.253 1 66.258 0.704
2	1	31.595 1	66.865 1
2	1	31.17 1	66.19 1
2	1	31.752 1	66.1101 1
2	1	31.355 1	66.564 1
2	1	31.810 1	66.1177 1
2	1	31.712 1	66.1018 1
2	1	31.5 1	66.5 1
2	1	31.629 1	66.906 1
2	1	31.142 1	66.245 1
2	1	31.437 1	66.682 1
2	1	31.566 1	66.837 1
2	1	31.628 1	66.905 1
3	2	31.197 1 31.502 0.860	66.354 1
2	1	31.392 1	66.622 1
2	1	31.839 1	66.1208 1
2	1	31.791 1	66.832 1
2	1	31.754 1	66.1107 1
2	1	31.166 1	66.304 1
2	1	31.736 1	66.1053 1
2	1	31.777 1	66.1130 1
4	3	31.819 1	66.1186 1 66.271 0.906 66.281 0.906
2	1	31.255 1	66.420 1
2	1	31.640 1	66.916 1
2	1	31.115 1	66.161 1
2	1	31.374 1	66.602 1
3	2	31.539 1	66.763 1 66.775 0.188
2	1	31.2 1	66.2 1
2	1	31.292 1	66.485 1
2	1	31.725 1	66.1039 1
2	1	31.58 1	66.82 1
2	1	31.678 1	66.976 1
2	1	31.713 1	66.1019 1
2	1	31.751 1	66.1100 1
2	1	31.267 1	66.447 1
2	1	31.854 1	66.1221 1
2	1	31.513 1	66.983 1
2	1	31.270 1	66.452 1
2	1	31.792 1	66.831 1
4	3	31.429 1	66.673 1 66.649 0.676 66.808 0.744
2	1	31.108 1	66.301 1
2	1	31.296 1	66.489 1
2	1	31.670 1	66.960 1
2	1	31.182 1	66.338 1
2	1	31.317 1	66.516 1
2	1	31.673 1	66.971 1
2	1	31.15 1	66.15 1
2	1	31.608 1	66.886 1
2	1	31.363 1	66.585 1
2	1	31.397 1	66.629 1
2	1	31.408 1	66.640 1
3	2	31.70 1	66.104 1 66.212 0.682
4	3	31.558 1	66.817 1 66.768 0.747 66.823 0.950
2	1	31.654 1	66.943 1
2	1	31.693 1	66.996 1
2	1	31.380 1	66.609 1
2	1	31.365 1	66.587 1
2	1	31.263 1	66.428 1
2	1	31.457 1	66.692 1
2	1	31.692 1	66.995 1
2	1	31.92 1	66.135 1
2	1	31.586 1	66.856 1
2	1	31.41 1	66.487 1
2	1	31.615 1	66.892 1
2	1	31.222 1	66.391 1
2	1	31.660 1	66.949 1
2	1	31.829 1	66.1198 1
2	1	31.599 1	66.870 1
2	1	31.223 1	66.392 1
2	1	31.856 1	66.1223 1
2	1	31.598 1	66.869 1
2	1	31.587 1	66.857 1
2	1	31.831 1	66.1200 1
2	1	31.84 1	66.124 1
2	1	31.790 1	66.833 1
2	1	31.398 1	66.630 1
2	1	31.265 1	66.445 1
2	1	31.623 1	66.900 1
2	1	31.634 1	66.910 1
2	1	31.394 1	66.624 1
2	1	31.299 1	66.492 1
2	1	31.657 1	66.946 1
2	1	31.823 1	66.1192 1
2	1	31.687 1	66.990 1
2	1	31.193 1	66.350 1
2	1	31.741 1	66.118 1
2	1	31.133 1	66.215 1
2	1	31.434 1	66.680 1
2	1	31.414 1	66.659 1
2	1	31.93 1	66.136 1
2	1	31.794 1	66.1144 1
2	1	31.336 1	66.537 1
2	1	31.759 1	66.1112 1
2	1	31.14 1	66.14 1
2	1	31.540 1	66.764 1
2	1	31.71 1	66.106 1
2	1	31.333 1	66.534 1
2	1	31.488 1	66.51 1
2	1	31.439 1	66.684 1
2	1	31.656 1	66.945 1
2	1	31.68 1	66.102 1
2	1	31.845 1	66.1215 1
2	1	31.340 1	66.541 1
2	1	31.94 1	66.138 1
2	1	31.173 1	66.320 1
2	1	31.411 1	66.919 1
2	1	31.793 1	66.830 1
2	1	31.69 1	66.103 1
2	1	31.606 1	66.884 1
2	1	31.689 1	66.992 1
2	1	31.716 1	66.1030 1
2	1	31.832 1	66.1201 1
2	1	31.828 1	66.1197 1
2	1	31.750 1	66.1099 1
2	1	31.226 1	66.395 1
2	1	31.283 1	66.467 1
2	1	31.528 1	66.429 1
2	1	31.803 1	66.1169 1
2	1	31.38 1	66.39 1
2	1	31.620 1	66.897 1
2	1	31.579 1	66.849 1
2	1	31.580 1	66.850 1
2	1	31.288 1	66.480 1
2	1	31.96 1	66.140 1
2	1	31.737 1	66.1054 1
2	1	31.735 1	66.1052 1
2	1	31.19 1	66.21 1
2	1	31.658 1	66.947 1
2	1	31.72 1	66.107 1
2	1	31.780 1	66.1133 1
2	1	31.147 1	66.260 1
2	1	31.154 1	66.294 1
2	1	31.55 1	66.78 1
2	1	31.774 1	66.1127 1
2	1	31.534 1	66.1004 1
2	1	31.688 1	66.991 1
2	1	31.158 1	66.297 1
2	1	31.304 1	66.497 1
3	2	31.728 1 31.727 0.916	66.1041 1
2	1	31.236 1	66.404 1
2	1	31.318 1	66.517 1
2	1	31.39 1	66.52 1
2	1	31.104 1	66.147 1
2	1	31.66 1	66.99 1
2	1	31.106 1	66.149 1
2	1	31.462 1	66.695 1
2	1	31.312 1	66.512 1
2	1	31.668 1	66.958 1
2	1	31.143 1	66.246 1
2	1	31.48 1	66.68 1
2	1	31.812 1	66.1179 1
2	1	31.842 1	66.1212 1
2	1	31.334 1	66.535 1
2	1	31.779 1	66.1132 1
2	1	31.714 1	66.1028 1
2	1	31.740 1	66.501 1
2	1	31.91 1	66.134 1
2	1	31.402 1	66.634 1
2	1	31.238 1	66.408 1
2	1	31.29 1	66.31 1
2	1	31.575 1	66.568 1
2	1	31.237 1	66.405 1
2	1	31.387 1	66.617 1
2	1	31.718 1	66.1032 1
2	1	31.9 1	66.9 1
2	1	31.806 1	66.1172 1
2	1	31.853 1	66.1220 1
2	1	31.395 1	66.625 1
3	2	31.476 1	66.558 0.261 66.561 1
2	1	31.672 1	66.970 1
2	1	31.230 1	66.398 1
2	1	31.233 1	66.401 1
2	1	31.707 1	66.1013 1
3	2	31.477 1	66.557 0.152 66.560 1
2	1	31.611 1	66.888 1
2	1	31.113 1	66.154 1
2	1	31.364 1	66.586 1
2	1	31.379 1	66.608 1
2	1	31.705 1	66.1011 1
2	1	31.311 1	66.511 1
2	1	31.305 1	66.499 1
2	1	31.127 1	66.192 1
2	1	31.335 1	66.536 1
2	1	31.120 1	66.178 1
2	1	31.446 1	66.689 1
2	1	31.645 1	66.932 1
2	1	31.768 1	66.1121 1
2	1	31.247 1	66.411 1
2	1	31.262 1	66.573 1
2	1	31.409 1	66.657 1
2	1	31.472 1	66.191 1
2	1	31.35 1	66.36 1
2	1	31.291 1	66.484 1
2	1	31.577 1	66.847 1
2	1	31.578 1	66.848 1
2	1	31.706 1	66.1012 1
2	1	31.749 1	66.1098 1
2	1	31.811 1	66.1178 1
3	2	31.153 1 31.436 0.870	66.293 1
2	1	31.234 1	66.402 1
3	2	31.478 1	66.556 1 66.559 0.385
2	1	31.155 1	66.295 1
2	1	31.677 1	66.975 1
2	1	31.385 1	66.614 1
2	1	31.181 1	66.336 1
2	1	31.533 1	66.796 1
2	1	31.633 1	66.909 1
2	1	31.765 1	66.1118 1
2	1	31.85 1	66.125 1
2	1	31.600 1	66.871 1
2	1	31.145 1	66.248 1
2	1	31.50 1	66.73 1
2	1	31.229 1	66.397 1
2	1	31.800 1	66.1161 1
2	1	31.686 1	66.989 1
2	1	31.11 1	66.11 1
2	1	31.581 1	66.851 1
2	1	31.345 1	66.547 1
2	1	31.325 1	66.522 1
2	1	31.519 1	66.719 1
2	1	31.763 1	66.1116 1
2	1	31.164 1	66.302 1
2	1	31.202 1	66.362 1
2	1	31.562 1	66.835 1
2	1	31.760 1	66.1113 1
2	1	31.189 1	66.347 1
2	1	31.42 1	66.57 1
2	1	31.729 1	66.1042 1
2	1	31.358 1	66.567 1
3	2	31.516 1	66.16 0.465 66.17 1
2	1	31.568 1	66.845 1
4	4	31.129 1 31.564 0.803	66.194 1 66.50 0.902
2	1	31.207 1	66.367 1
2	1	31.36 1	66.37 1
2	1	31.384 1	66.613 1
2	1	31.424 1	66.575 1
2	1	31.655 1	66.944 1
2	1	31.588 1	66.858 1
2	1	31.427 1	66.672 1
2	1	31.31 1	66.33 1
2	1	31.614 1	66.891 1
2	1	31.90 1	66.130 1
2	1	31.89 1	66.129 1
2	1	31.268 1	66.448 1
2	1	31.743 1	66.1090 1
2	1	31.612 1	66.889 1
2	1	31.98 1	66.641 1
2	1	31.801 1	66.1162 1
2	1	31.675 1	66.973 1
2	1	31.567 1	66.838 1
2	1	31.167 1	66.313 1
2	1	31.235 1	66.403 1
2	1	31.622 1	66.899 1
2	1	31.172 1	66.319 1
2	1	31.371 1	66.746 1
2	1	31.585 1	66.855 1
2	1	31.621 1	66.898 1
2	1	31.75 1	66.927 1
2	1	31.809 1	66.1176 1
2	1	31.773 1	66.1126 1
2	1	31.214 1	66.384 1
2	1	31.152 1	66.292 1
2	1	31.44 1	66.59 1
2	1	31.830 1	66.1199 1
2	1	31.253 1	66.418 1
2	1	31.175 1	66.322 1
2	1	31.493 1	66.985 1
2	1	31.28 1	66.30 1
2	1	31.339 1	66.540 1
2	1	31.694 1	66.997 1
2	1	31.297 1	66.490 1
2	1	31.12 1	66.12 1
2	1	31.561 1	66.314 1
2	1	31.802 1	66.1168 1
2	1	31.273 1	66.457 1
2	1	31.332 1	66.533 1
2	1	31.420 1	66.668 1
2	1	31.486 1	66.877 1
2	1	31.37 1	66.38 1
2	1	31.601 1	66.872 1
2	1	31.87 1	66.127 1
2	1	31.341 1	66.542 1
2	1	31.373 1	66.596 1
2	1	31.843 1	66.1213 1
2	1	31.10 1	66.10 1
5	4	31.362 1	66.1163 1 66.372 0.304 66.376 0.141 66.94 0.203
2	1	31.461 1	66.694 1
2	1	31.742 1	66.1089 1
2	1	31.838 1	66.1207 1
2	1	31.80 1	66.114 1
2	1	31.762 1	66.1115 1
2	1	31.624 1	66.901 1
2	1	31.661 1	66.950 1
3	2	31.518 1	66.250 1 66.605 0.714
2	1	31.105 1	66.148 1
2	1	31.111 1	66.152 1
2	1	31.67 1	66.100 1
2	1	31.613 1	66.890 1
2	1	31.227 1	66.396 1
2	1	31.667 1	66.957 1
2	1	31.213 1	66.383 1
2	1	31.433 1	66.679 1
2	1	31.755 1	66.1108 1
2	1	31.322 1	66.520 1
2	1	31.438 1	66.683 1
2	1	31.146 1	66.255 1
2	1	31.174 1	66.321 1
2	1	31.421 1	66.669 1
2	1	31.717 1	66.1031 1
2	1	31.285 1	66.477 1
2	1	31.644 1	66.931 1
2	1	31.8 1	66.8 1
2	1	31.246 1	66.410 1
2	1	31.766 1	66.1119 1
2	1	31.412 1	66.921 1
2	1	31.739 1	66.1056 1
2	1	31.770 1	66.1123 1
2	1	31.331 1	66.532 1
2	1	31.289 1	66.482 1
2	1	31.815 1	66.578 1
2	1	31.664 1	66.954 1
2	1	31.700 1	66.1005 1
2	1	31.249 1	66.415 1
2	1	31.721 1	66.1035 1
2	1	31.22 1	66.24 1
2	1	31.753 1	66.1106 1
2	1	31.160 1	66.299 1
2	1	31.204 1	66.364 1
3	2	31.102 1	66.167 1 66.460 0.824
2	1	31.772 1	66.1125 1
2	1	31.468 1	66.705 1
2	1	31.343 1	66.544 1
2	1	31.284 1	66.468 1
2	1	31.517 1	66.718 1
2	1	31.554 1	66.769 1
2	1	31.21 1	66.23 1
2	1	31.257 1	66.422 1
2	1	31.724 1	66.1038 1
2	1	31.756 1	66.1109 1
2	1	31.835 1	66.1204 1
2	1	31.404 1	66.636 1
2	1	31.445 1	66.688 1
2	1	31.726 1	66.1040 1
3	2	31.319 0.203 31.320 1	66.518 1
2	1	31.407 1	66.639 1
2	1	31.764 1	66.1117 1
2	1	31.808 1	66.1175 1
2	1	31.344 1	66.545 1
2	1	31.419 1	66.666 1
3	2	31.47 1	66.67 1 66.274 0.878
2	1	31.781 1	66.1134 1
2	1	31.841 1	66.1211 1
2	1	31.699 1	66.1003 1
2	1	31.638 1	66.914 1
2	1	31.396 1	66.628 1
2	1	31.685 1	66.988 1
2	1	31.231 1	66.399 1
2	1	31.375 1	66.603 1
2	1	31.666 1	66.956 1
2	1	31.337 1	66.538 1
2	1	31.59 1	66.83 1
2	1	31.775 1	66.1128 1
2	1	31.591 1	66.861 1
2	1	31.43 1	66.58 1
2	1	31.266 1	66.446 1
2	1	31.24 1	66.26 1
2	1	31.112 1	66.153 1
2	1	31.300 1	66.493 1
2	1	31.565 1	66.836 1
2	1	31.593 1	66.863 1
2	1	31.703 1	66.1009 1
2	1	31.180 1	66.335 1
2	1	31.604 1	66.875 1
2	1	31.252 1	66.417 1
2	1	31.218 1	66.388 1
2	1	31.381 1	66.610 1
2	1	31.730 1	66.1044 1
2	1	31.642 1	66.929 1
2	1	31.526 1	66.750 1
2	1	31.592 1	66.862 1
2	1	31.653 1	66.942 1
2	1	31.616 1	66.893 1
2	1	31.570 1	66.159 1
2	1	31.596 1	66.867 1
2	1	31.545 1	66.755 1
2	1	31.302 1	66.495 1
2	1	31.722 1	66.1036 1
2	1	31.20 1	66.22 1
2	1	31.607 1	66.885 1
2	1	31.659 1	66.948 1
2	1	31.342 1	66.543 1
2	1	31.293 1	66.526 1
2	1	31.280 1	66.464 1
2	1	31.523 1	66.724 1
2	1	31.225 1	66.394 1
2	1	31.492 1	66.1069 1
2	1	31.776 1	66.1129 1
2	1	31.797 1	66.1151 1
2	1	31.778 1	66.1131 1
2	1	31.473 1	66.190 1
2	1	31.309 1	66.509 1
2	1	31.216 1	66.386 1
2	1	31.330 1	66.531 1
2	1	31.428 1	66.745 1
2	1	31.52 1	66.75 1
2	1	31.260 1	66.425 1
2	1	31.286 1	66.478 1
2	1	31.822 1	66.1191 1
2	1	31.97 1	66.141 1
2	1	31.74 1	66.109 1
2	1	31.650 1	66.938 1
2	1	31.525 1	66.726 1
2	1	31.805 1	66.1171 1
2	1	31.107 1	66.150 1
2	1	31.170 1	66.317 1
2	1	31.814 1	66.1181 1
2	1	31.171 1	66.318 1
2	1	31.272 1	66.456 1
2	1	31.635 1	66.911 1
2	1	31.16 1	66.18 1
2	1	31.441 1	66.686 1
2	1	31.769 1	66.1122 1
2	1	31.771 1	66.1124 1
2	1	31.683 1	66.982 1
2	1	31.53 1	66.76 1
2	1	31.807 1	66.1173 1
2	1	31.719 1	66.1033 1
2	1	31.738 1	66.1055 1
2	1	31.817 1	66.60 1
2	1	31.825 1	66.1194 1
2	1	31.100 1	66.144 1
2	1	31.258 1	66.423 1
2	1	31.256 1	66.421 1
4	3	31.76 1	66.925 0.184 66.926 1 66.928 0.125
2	1	31.130 1	66.360 1
2	1	31.282 1	66.466 1
2	1	31.646 1	66.933 1
2	1	31.758 1	66.1111 1
2	1	31.349 1	66.553 1
2	1	31.430 1	66.676 1
2	1	31.159 1	66.298 1
2	1	31.27 1	66.29 1
2	1	31.649 1	66.937 1
3	2	31.196 1	66.353 1 66.811 0.830
2	1	31.401 1	66.633 1
2	1	31.432 1	66.678 1
2	1	31.51 1	66.74 1
2	1	31.723 1	66.1037 1
2	1	31.338 1	66.539 1
2	1	31.527 1	66.744 1
2	1	31.6 1	66.6 1
2	1	31.767 1	66.1120 1
2	1	31.324 1	66.521 1
2	1	31.23 1	66.25 1
2	1	31.495 1	66.986 1
2	1	31.631 1	66.907 1
2	1	31.684 1	66.980 1
2	1	31.205 1	66.365 1
2	1	31.715 1	66.1174 1
2	1	31.744 1	66.175 1
2	1	31.418 1	66.665 1
2	1	31.651 1	66.462 1
2	1	31.458 1	66.693 1
3	2	31.192 1 31.498 0.899	66.349 1
2	1	31.179 1	66.334 1
2	1	31.176 1	66.323 1
2	1	31.648 1	66.935 1
2	1	31.327 1	66.528 1
2	1	31.618 1	66.895 1
2	1	31.637 1	66.913 1
2	1	31.529 1	66.748 1
2	1	31.701 1	66.1006 1
2	1	31.86 1	66.126 1
2	1	31.34 1	66.35 1
2	1	31.78 1	66.112 1
3	2	31.77 1	66.936 0.139 66.939 1
2	1	31.259 1	66.424 1
2	1	31.463 1	66.696 1
2	1	31.219 1	66.389 1
2	1	31.442 1	66.687 1
2	1	31.128 1	66.193 1
2	1	31.328 1	66.529 1
3	2	31.491 1	66.702 1 66.1029 0.639
2	1	31.610 1	66.887 1
2	1	31.669 1	66.959 1
2	1	31.820 1	66.580 1
2	1	31.194 1	66.351 1
2	1	31.217 1	66.387 1
2	1	31.857 1	66.1224 1
2	1	31.203 1	66.363 1
2	1	31.306 1	66.500 1
2	1	31.57 1	66.80 1
2	1	31.679 1	66.977 1
2	1	31.40 1	66.45 1
2	1	31.169 1	66.316 1
2	1	31.356 1	66.565 1
2	1	31.465 1	66.698 1
2	1	31.550 1	66.1188 1
2	1	31.406 1	66.638 1
2	1	31.731 1	66.1045 1
2	1	31.818 1	66.1185 1
2	1	31.310 1	66.510 1
2	1	31.399 1	66.631 1
2	1	31.733 1	66.1047 1
2	1	31.691 1	66.994 1
2	1	31.710 1	66.1016 1
3	2	31.590 1	66.951 1 66.952 0.327
2	1	31.294 1	66.486 1
2	1	31.520 1	66.720 1
2	1	31.641 1	66.917 1
2	1	31.524 1	66.725 1
2	1	31.117 1	66.163 1
2	1	31.224 1	66.393 1
2	1	31.376 1	66.604 1
2	1	31.557 1	66.815 1
2	1	31.858 1	66.1225 1
2	1	31.619 1	66.896 1
2	1	31.290 1	66.483 1
2	1	31.746 1	66.173 1
2	1	31.73 1	66.108 1
2	1	31.711 1	66.1017 1
2	1	31.435 1	66.681 1
2	1	31.425 1	66.577 1
2	1	31.400 1	66.632 1
2	1	31.313 1	66.513 1
2	1	31.209 1	66.369 1
3	2	31.784 1	66.56 1 66.581 0.353
2	1	31.26 1	66.28 1
2	1	31.354 1	66.563 1
2	1	31.426 1	66.671 1
2	1	31.757 1	66.1110 1
2	1	31.215 1	66.385 1
2	1	31.405 1	66.637 1
6	9	31.497 1 31.443 1 31.511 0.453	66.267 1 66.444 1 66.263 0.053
2	1	31.389 1	66.157 1
2	1	31.49 1	66.72 1
2	1	31.827 1	66.1196 1
2	1	31.403 1	66.217 1
2	1	31.382 1	66.611 1
2	1	31.422 1	66.670 1
2	1	31.415 1	66.660 1
2	1	31.500 1	66.270 1
2	1	31.208 1	66.368 1
2	1	31.393 1	66.623 1
2	1	31.594 1	66.864 1
2	1	31.504 1	66.210 1
2	1	31.470 1	66.706 1
2	1	31.671 1	66.961 1
2	1	31.390 1	66.619 1
2	1	31.732 1	66.1046 1
2	1	31.574 1	66.846 1
2	1	31.522 1	66.722 1
2	1	31.413 1	66.918 1
2	1	31.281 1	66.465 1
3	2	31.416 1 31.555 0.139	66.601 1
2	1	31.32 1	66.34 1
2	1	31.855 1	66.1222 1
2	1	31.372 1	66.800 1
2	1	31.698 1	66.1002 1
2	1	31.248 1	66.412 1
2	1	31.851 1	66.198 1
2	1	31.161 1	66.749 1
6	5	31.361 1	66.1164 0.208 66.371 0.217 66.373 0.299 66.375 1 66.95 0.090
2	1	31.124 1	66.182 1
2	1	31.157 1	66.96 1
2	1	31.33 1	66.874 1
