Size	Relations	OrthoA	OrthoB
2	1	31.46 1	64.47 1
2	1	31.45 1	64.46 1
2	1	31.597 1	64.393 1
2	1	31.65 1	64.163 1
2	1	31.479 1	64.707 1
2	1	31.799 1	64.50 1
2	1	31.139 1	64.1122 1
2	1	31.377 1	64.802 1
2	1	31.315 1	64.445 1
2	1	31.466 1	64.417 1
2	1	31.60 1	64.153 1
2	1	31.168 1	64.924 1
2	1	31.785 1	64.790 1
2	1	31.617 1	64.904 1
2	1	31.295 1	64.1147 1
2	1	31.386 1	64.715 1
2	1	31.388 1	64.713 1
2	1	31.696 1	64.344 1
2	1	31.64 1	64.148 1
2	1	31.3 1	64.3 1
2	1	31.676 1	64.308 1
2	1	31.4 1	64.4 1
2	1	31.298 1	64.1144 1
2	1	31.745 1	64.503 1
2	1	31.136 1	64.1176 1
2	1	31.833 1	64.202 1
2	1	31.110 1	64.1242 1
2	1	31.329 1	64.1085 1
2	1	31.353 1	64.530 1
2	1	31.54 1	64.112 1
2	1	31.56 1	64.114 1
2	1	31.708 1	64.1331 1
2	1	31.652 1	64.1269 1
2	1	31.178 1	64.1026 1
2	1	31.211 1	64.239 1
2	1	31.709 1	64.1056 1
2	1	31.116 1	64.1238 1
2	1	31.359 1	64.792 1
2	1	31.13 1	64.13 1
3	2	31.417 1	64.724 1 64.497 0.779
2	1	31.163 1	64.1077 1
2	1	31.156 1	64.340 1
2	1	31.821 1	64.220 1
3	2	31.183 0.083 31.187 1	64.890 1
2	1	31.18 1	64.17 1
2	1	31.275 1	64.771 1
2	1	31.584 1	64.396 1
2	1	31.798 1	64.51 1
2	1	31.840 1	64.159 1
2	1	31.761 1	64.271 1
2	1	31.144 1	64.1278 1
2	1	31.787 1	64.1347 1
2	1	31.165 1	64.1230 1
2	1	31.788 1	64.305 1
2	1	31.366 1	64.1083 1
2	1	31.151 1	64.317 1
2	1	31.849 1	64.1338 1
2	1	31.88 1	64.41 1
2	1	31.370 1	64.615 1
2	1	31.95 1	64.289 1
2	1	31.210 1	64.238 1
2	1	31.846 1	64.349 1
2	1	31.582 1	64.398 1
2	1	31.188 1	64.889 1
2	1	31.647 1	64.236 1
2	1	31.795 1	64.1171 1
2	1	31.643 1	64.419 1
2	1	31.254 1	64.336 1
2	1	31.264 1	64.371 1
2	1	31.627 1	64.517 1
2	1	31.682 1	64.1065 1
2	1	31.141 1	64.1281 1
2	1	31.850 1	64.1339 1
2	1	31.702 1	64.152 1
2	1	31.824 1	64.217 1
2	1	31.119 1	64.1235 1
2	1	31.212 1	64.851 1
2	1	31.287 1	64.815 1
2	1	31.789 1	64.322 1
2	1	31.480 1	64.1284 1
2	1	31.674 1	64.310 1
2	1	31.99 1	64.283 1
5	4	31.123 0.109 31.274 1 31.847 0.061 31.848 0.068	64.983 1
2	1	31.126 1	64.307 1
2	1	31.834 1	64.201 1
2	1	31.232 1	64.535 1
2	1	31.836 1	64.222 1
2	1	31.276 1	64.418 1
2	1	31.383 1	64.472 1
2	1	31.626 1	64.518 1
2	1	31.148 1	64.832 1
2	1	31.269 1	64.314 1
2	1	31.665 1	64.129 1
2	1	31.792 1	64.319 1
2	1	31.79 1	64.120 1
2	1	31.301 1	64.491 1
2	1	31.547 1	64.976 1
2	1	31.663 1	64.204 1
2	1	31.791 1	64.320 1
3	2	31.844 1	64.1335 1 64.1336 0.709
2	1	31.514 1	64.364 1
2	1	31.632 1	64.908 1
2	1	31.837 1	64.221 1
2	1	31.132 1	64.132 1
2	1	31.690 1	64.1076 1
2	1	31.777 1	64.255 1
2	1	31.810 1	64.33 1
2	1	31.826 1	64.215 1
2	1	31.720 1	64.1216 1
2	1	31.347 1	64.330 1
2	1	31.796 1	64.1172 1
2	1	31.513 1	64.365 1
2	1	31.317 1	64.460 1
2	1	31.639 1	64.915 1
2	1	31.15 1	64.15 1
2	1	31.346 1	64.404 1
2	1	31.5 1	64.5 1
2	1	31.704 1	64.169 1
2	1	31.118 1	64.1236 1
2	1	31.206 1	64.1027 1
2	1	31.121 1	64.1233 1
2	1	31.220 1	64.355 1
2	1	31.134 1	64.134 1
2	1	31.605 1	64.432 1
2	1	31.369 1	64.614 1
2	1	31.819 1	64.1329 1
2	1	31.17 1	64.16 1
2	1	31.741 1	64.953 1
2	1	31.608 1	64.429 1
2	1	31.7 1	64.7 1
2	1	31.752 1	64.240 1
2	1	31.25 1	64.247 1
2	1	31.182 1	64.891 1
2	1	31.629 1	64.515 1
2	1	31.754 1	64.276 1
2	1	31.640 1	64.916 1
2	1	31.736 1	64.1053 1
2	1	31.716 1	64.640 1
2	1	31.712 1	64.1058 1
2	1	31.583 1	64.397 1
2	1	31.314 1	64.444 1
2	1	31.199 1	64.645 1
2	1	31.392 1	64.1063 1
2	1	31.839 1	64.144 1
2	1	31.391 1	64.492 1
2	1	31.794 1	64.1148 1
2	1	31.854 1	64.1341 1
3	2	31.91 1	64.495 1 64.288 0.728
2	1	31.30 1	64.203 1
2	1	31.528 1	64.954 1
2	1	31.271 1	64.25 1
2	1	31.292 1	64.354 1
2	1	31.263 1	64.370 1
2	1	31.92 1	64.285 1
2	1	31.751 1	64.241 1
2	1	31.673 1	64.311 1
2	1	31.326 1	64.1088 1
5	4	31.532 1 31.488 0.893 31.539 0.854 31.569 0.854	64.76 1
2	1	31.586 1	64.394 1
2	1	31.790 1	64.321 1
2	1	31.670 1	64.124 1
2	1	31.255 1	64.337 1
2	1	31.692 1	64.348 1
2	1	31.270 1	64.26 1
2	1	31.678 1	64.1140 1
2	1	31.222 1	64.895 1
2	1	31.625 1	64.519 1
2	1	31.336 1	64.827 1
2	1	31.38 1	64.1262 1
2	1	31.856 1	64.1344 1
2	1	31.628 1	64.516 1
2	1	31.566 1	64.721 1
2	1	31.602 1	64.757 1
2	1	31.296 1	64.1146 1
3	2	31.552 1	64.962 1 64.1175 0.559
2	1	31.1 1	64.1 1
2	1	31.429 1	64.533 1
2	1	31.725 1	64.1221 1
2	1	31.823 1	64.218 1
2	1	31.534 1	64.1029 1
2	1	31.668 1	64.126 1
2	1	31.599 1	64.391 1
2	1	31.656 1	64.1273 1
2	1	31.348 1	64.331 1
2	1	31.774 1	64.258 1
2	1	31.437 1	64.758 1
2	1	31.66 1	64.164 1
2	1	31.598 1	64.392 1
2	1	31.829 1	64.213 1
2	1	31.114 1	64.935 1
2	1	31.190 1	64.229 1
2	1	31.68 1	64.149 1
2	1	31.70 1	64.151 1
2	1	31.714 1	64.1060 1
2	1	31.780 1	64.252 1
2	1	31.750 1	64.242 1
2	1	31.654 1	64.1271 1
2	1	31.434 1	64.761 1
2	1	31.740 1	64.982 1
2	1	31.299 1	64.1143 1
2	1	31.384 1	64.657 1
3	2	31.153 1 31.436 0.765	64.1062 1
2	1	31.634 1	64.910 1
2	1	31.546 1	64.975 1
2	1	31.734 1	64.59 1
2	1	31.154 1	64.157 1
2	1	31.288 1	64.814 1
2	1	31.579 1	64.401 1
2	1	31.737 1	64.1054 1
2	1	31.779 1	64.253 1
2	1	31.245 1	64.1154 1
2	1	31.340 1	64.816 1
2	1	31.71 1	64.367 1
2	1	31.283 1	64.298 1
2	1	31.793 1	64.318 1
2	1	31.304 1	64.927 1
2	1	31.800 1	64.49 1
2	1	31.48 1	64.106 1
2	1	31.83 1	64.1289 1
2	1	31.147 1	64.833 1
2	1	31.398 1	64.829 1
2	1	31.687 1	64.1073 1
2	1	31.828 1	64.214 1
2	1	31.223 1	64.894 1
2	1	31.697 1	64.523 1
2	1	31.615 1	64.902 1
2	1	31.247 1	64.439 1
2	1	31.55 1	64.113 1
2	1	31.90 1	64.43 1
3	2	31.226 1	64.387 1 64.230 0.784
2	1	31.2 1	64.2 1
2	1	31.707 1	64.1330 1
2	1	31.763 1	64.269 1
3	2	31.831 1 31.832 0.245	64.155 1
2	1	31.238 1	64.930 1
2	1	31.768 1	64.264 1
2	1	31.439 1	64.650 1
2	1	31.133 1	64.133 1
2	1	31.72 1	64.154 1
2	1	31.9 1	64.9 1
2	1	31.167 1	64.75 1
2	1	31.395 1	64.992 1
2	1	31.765 1	64.267 1
2	1	31.303 1	64.928 1
2	1	31.402 1	64.796 1
2	1	31.801 1	64.48 1
2	1	31.14 1	64.14 1
2	1	31.29 1	64.1285 1
2	1	31.305 1	64.521 1
2	1	31.660 1	64.316 1
2	1	31.773 1	64.259 1
2	1	31.759 1	64.278 1
2	1	31.385 1	64.524 1
2	1	31.689 1	64.1075 1
2	1	31.717 1	64.639 1
2	1	31.236 1	64.435 1
3	2	31.350 0.071 31.478 1	64.592 1
2	1	31.519 1	64.361 1
2	1	31.688 1	64.1074 1
2	1	31.853 1	64.1340 1
3	2	31.727 1 31.728 0.431	64.1224 1
2	1	31.680 1	64.917 1
2	1	31.19 1	64.18 1
2	1	31.241 1	64.1307 1
2	1	31.261 1	64.636 1
2	1	31.553 1	64.963 1
2	1	31.606 1	64.431 1
2	1	31.113 1	64.936 1
3	2	31.181 1 31.835 0.705	64.1002 1
2	1	31.811 1	64.31 1
3	2	31.237 1	64.496 1 64.436 0.790
2	1	31.89 1	64.42 1
2	1	31.11 1	64.11 1
2	1	31.69 1	64.150 1
2	1	31.371 1	64.989 1
2	1	31.111 1	64.1240 1
2	1	31.595 1	64.841 1
2	1	31.742 1	64.1282 1
2	1	31.695 1	64.345 1
3	2	31.365 1 31.492 0.789	64.1082 1
2	1	31.812 1	64.30 1
2	1	31.693 1	64.347 1
2	1	31.202 1	64.854 1
2	1	31.770 1	64.262 1
2	1	31.35 1	64.208 1
2	1	31.760 1	64.272 1
2	1	31.140 1	64.368 1
2	1	31.267 1	64.301 1
2	1	31.355 1	64.531 1
2	1	31.409 1	64.595 1
3	2	31.686 1	64.1072 1 64.620 0.813
2	1	31.755 1	64.275 1
2	1	31.345 1	64.477 1
3	2	31.414 1 31.561 0.812	64.103 1
2	1	31.729 1	64.1225 1
2	1	31.420 1	64.716 1
2	1	31.145 1	64.1277 1
2	1	31.37 1	64.1263 1
2	1	31.440 1	64.627 1
2	1	31.613 1	64.900 1
2	1	31.334 1	64.831 1
2	1	31.363 1	64.613 1
3	2	31.502 1 31.197 1	64.105 1
2	1	31.234 1	64.433 1
2	1	31.120 1	64.1234 1
2	1	31.28 1	64.1286 1
2	1	31.694 1	64.346 1
4	3	31.262 1	64.146 0.109 64.23 0.154 64.24 1
2	1	31.410 1	64.596 1
2	1	31.762 1	64.270 1
2	1	31.227 1	64.388 1
2	1	31.581 1	64.399 1
2	1	31.753 1	64.277 1
2	1	31.677 1	64.1139 1
2	1	31.816 1	64.1130 1
2	1	31.842 1	64.1333 1
2	1	31.291 1	64.353 1
2	1	31.172 1	64.919 1
2	1	31.477 1	64.593 1
2	1	31.235 1	64.434 1
2	1	31.358 1	64.793 1
2	1	31.213 1	64.525 1
2	1	31.12 1	64.12 1
2	1	31.50 1	64.108 1
2	1	31.115 1	64.1239 1
2	1	31.253 1	64.335 1
2	1	31.766 1	64.266 1
2	1	31.612 1	64.898 1
2	1	31.332 1	64.997 1
2	1	31.394 1	64.993 1
2	1	31.47 1	64.141 1
2	1	31.462 1	64.137 1
2	1	31.129 1	64.130 1
2	1	31.749 1	64.243 1
2	1	31.526 1	64.534 1
2	1	31.600 1	64.390 1
2	1	31.601 1	64.389 1
2	1	31.756 1	64.274 1
2	1	31.838 1	64.223 1
2	1	31.655 1	64.1272 1
2	1	31.85 1	64.1288 1
2	1	31.713 1	64.1059 1
2	1	31.80 1	64.121 1
2	1	31.158 1	64.934 1
2	1	31.743 1	64.1283 1
4	3	31.87 1	64.351 0.376 64.40 0.530 64.537 1
2	1	31.207 1	64.1107 1
2	1	31.464 1	64.136 1
2	1	31.472 1	64.510 1
2	1	31.645 1	64.359 1
2	1	31.268 1	64.302 1
2	1	31.325 1	64.807 1
2	1	31.8 1	64.8 1
2	1	31.815 1	64.304 1
2	1	31.469 1	64.719 1
2	1	31.633 1	64.909 1
2	1	31.775 1	64.257 1
2	1	31.231 1	64.991 1
2	1	31.659 1	64.1276 1
2	1	31.705 1	64.167 1
2	1	31.776 1	64.256 1
2	1	31.830 1	64.212 1
2	1	31.214 1	64.224 1
2	1	31.284 1	64.299 1
2	1	31.293 1	64.211 1
2	1	31.42 1	64.1305 1
2	1	31.544 1	64.1099 1
2	1	31.781 1	64.251 1
2	1	31.813 1	64.29 1
2	1	31.273 1	64.303 1
6	8	31.127 1 31.39 1 31.517 0.830 31.564 0.791	64.1127 1 64.116 0.917
2	1	31.218 1	64.413 1
2	1	31.31 1	64.205 1
2	1	31.428 1	64.1102 1
2	1	31.364 1	64.1084 1
2	1	31.204 1	64.852 1
5	6	31.321 0.579 31.323 1 31.782 0.244	64.1301 1 64.979 0.119
2	1	31.160 1	64.932 1
2	1	31.280 1	64.295 1
2	1	31.764 1	64.268 1
2	1	31.809 1	64.34 1
2	1	31.592 1	64.838 1
2	1	31.476 1	64.594 1
2	1	31.216 1	64.411 1
3	2	31.735 1	64.899 0.129 64.957 1
2	1	31.96 1	64.281 1
2	1	31.644 1	64.360 1
2	1	31.93 1	64.286 1
2	1	31.570 1	64.1019 1
2	1	31.672 1	64.312 1
2	1	31.721 1	64.1217 1
2	1	31.143 1	64.1279 1
2	1	31.607 1	64.430 1
2	1	31.164 1	64.1231 1
2	1	31.344 1	64.476 1
2	1	31.43 1	64.1304 1
2	1	31.771 1	64.261 1
2	1	31.155 1	64.339 1
2	1	31.195 1	64.80 1
2	1	31.75 1	64.52 1
2	1	31.825 1	64.216 1
2	1	31.653 1	64.1270 1
2	1	31.302 1	64.929 1
2	1	31.722 1	64.1218 1
2	1	31.593 1	64.839 1
2	1	31.24 1	64.246 1
2	1	31.591 1	64.837 1
2	1	31.664 1	64.1055 1
2	1	31.738 1	64.237 1
2	1	31.843 1	64.1334 1
2	1	31.21 1	64.20 1
2	1	31.814 1	64.28 1
2	1	31.739 1	64.828 1
2	1	31.769 1	64.263 1
2	1	31.258 1	64.986 1
3	2	31.620 1	64.1079 0.080 64.1096 1
5	4	31.104 0.308 31.106 0.285 31.362 0.251 31.62 1	64.406 1
2	1	31.297 1	64.1145 1
2	1	31.53 1	64.111 1
2	1	31.657 1	64.1274 1
2	1	31.130 1	64.1292 1
2	1	31.585 1	64.395 1
2	1	31.380 1	64.633 1
2	1	31.59 1	64.1287 1
2	1	31.646 1	64.332 1
2	1	31.152 1	64.1064 1
2	1	31.159 1	64.933 1
2	1	31.565 1	64.720 1
2	1	31.822 1	64.219 1
2	1	31.189 1	64.762 1
2	1	31.180 1	64.789 1
2	1	31.22 1	64.21 1
2	1	31.730 1	64.1226 1
2	1	31.778 1	64.254 1
2	1	31.285 1	64.443 1
2	1	31.112 1	64.341 1
2	1	31.343 1	64.475 1
2	1	31.357 1	64.794 1
2	1	31.338 1	64.825 1
2	1	31.461 1	64.138 1
2	1	31.567 1	64.597 1
2	1	31.685 1	64.1071 1
2	1	31.767 1	64.265 1
2	1	31.10 1	64.10 1
2	1	31.103 1	64.968 1
2	1	31.146 1	64.725 1
2	1	31.23 1	64.22 1
2	1	31.515 1	64.363 1
2	1	31.128 1	64.1126 1
2	1	31.418 1	64.618 1
2	1	31.614 1	64.901 1
2	1	31.78 1	64.119 1
2	1	31.616 1	64.903 1
2	1	31.266 1	64.249 1
2	1	31.580 1	64.400 1
2	1	31.67 1	64.165 1
2	1	31.337 1	64.826 1
2	1	31.100 1	64.284 1
2	1	31.20 1	64.19 1
2	1	31.330 1	64.834 1
2	1	31.706 1	64.166 1
2	1	31.327 1	64.1087 1
2	1	31.637 1	64.912 1
2	1	31.658 1	64.1275 1
2	1	31.758 1	64.273 1
3	2	31.648 1	64.235 1 64.683 0.521
2	1	31.841 1	64.1332 1
3	2	31.192 1 31.498 0.907	64.104 1
3	2	31.230 1	64.142 1 64.350 0.092
2	1	31.675 1	64.309 1
2	1	31.256 1	64.988 1
2	1	31.324 1	64.808 1
2	1	31.339 1	64.818 1
2	1	31.635 1	64.911 1
2	1	31.74 1	64.156 1
2	1	31.463 1	64.139 1
2	1	31.715 1	64.36 1
2	1	31.857 1	64.1345 1
2	1	31.257 1	64.987 1
2	1	31.260 1	64.638 1
3	2	31.624 1 31.94 0.077	64.836 1
2	1	31.772 1	64.260 1
2	1	31.445 1	64.998 1
2	1	31.558 1	64.687 1
2	1	31.196 1	64.79 1
2	1	31.6 1	64.6 1
2	1	31.610 1	64.897 1
2	1	31.638 1	64.913 1
2	1	31.649 1	64.143 1
2	1	31.699 1	64.473 1
2	1	31.97 1	64.282 1
2	1	31.251 1	64.333 1
2	1	31.684 1	64.1070 1
2	1	31.726 1	64.1222 1
2	1	31.630 1	64.514 1
2	1	31.203 1	64.853 1
2	1	31.596 1	64.1089 1
2	1	31.744 1	64.504 1
2	1	31.458 1	64.140 1
2	1	31.820 1	64.926 1
2	1	31.117 1	64.1237 1
2	1	31.173 1	64.689 1
2	1	31.419 1	64.959 1
3	2	31.518 1	64.1123 0.203 64.27 1
2	1	31.851 1	64.280 1
2	1	31.249 1	64.984 1
2	1	31.272 1	64.478 1
2	1	31.604 1	64.847 1
2	1	31.731 1	64.1227 1
2	1	31.259 1	64.985 1
2	1	31.252 1	64.334 1
2	1	31.666 1	64.127 1
2	1	31.432 1	64.772 1
2	1	31.858 1	64.1346 1
2	1	31.51 1	64.109 1
2	1	31.669 1	64.125 1
2	1	31.225 1	64.723 1
2	1	31.328 1	64.1086 1
2	1	31.52 1	64.110 1
2	1	31.217 1	64.412 1
2	1	31.631 1	64.907 1
2	1	31.209 1	64.1142 1
2	1	31.399 1	64.471 1
3	2	31.416 1 31.555 0.134	64.688 1
2	1	31.683 1	64.1067 1
2	1	31.495 1	64.1094 1
3	2	31.278 1	64.408 1 64.480 0.086
2	1	31.808 1	64.35 1
2	1	31.460 1	64.1103 1
3	2	31.621 0.068 31.622 1	64.1267 1
2	1	31.401 1	64.797 1
2	1	31.34 1	64.207 1
2	1	31.142 1	64.1280 1
2	1	31.246 1	64.625 1
2	1	31.356 1	64.795 1
2	1	31.556 1	64.635 1
2	1	31.57 1	64.115 1
2	1	31.282 1	64.297 1
2	1	31.33 1	64.710 1
2	1	31.522 1	64.631 1
2	1	31.619 1	64.905 1
4	3	31.543 0.743	64.551 0.743 64.738 0.743 64.1039 0.743
3	2	31.250 0.851 31.845 0.853	64.459 0.852
2	1	31.41 0.766	64.1153 0.766
