Size	Relations	OrthoA	OrthoB
2	1	37.2035 1	59.643 1
2	1	37.2311 1	59.1268 1
2	1	37.2310 1	59.1267 1
2	1	37.1807 1	59.1938 1
2	1	37.1629 1	59.1568 1
2	1	37.1070 1	59.342 1
18	45	37.1144 0.403 37.115 0.189 37.1279 0.400 37.1693 0.400 37.1750 0.490 37.1991 0.400 37.2056 0.490 37.217 0.482 37.2406 0.852 37.2562 0.403 37.2587 0.403 37.2612 0.403 37.2744 0.403 37.2820 0.403 37.466 1	59.1072 1 59.2109 0.507 59.846 0.633
2	1	37.175 1	59.2371 1
2	1	37.435 1	59.1011 1
2	1	37.866 1	59.1662 1
2	1	37.862 1	59.1666 1
2	1	37.1513 1	59.1585 1
2	1	37.943 1	59.1822 1
2	1	37.643 1	59.808 1
2	1	37.325 1	59.2162 1
2	1	37.758 1	59.612 1
2	1	37.2343 1	59.2422 1
2	1	37.517 1	59.952 1
2	1	37.379 1	59.2031 1
2	1	37.418 1	59.1042 1
2	1	37.54 1	59.4 1
2	1	37.1519 1	59.1591 1
2	1	37.794 1	59.460 1
2	1	37.847 1	59.1680 1
2	1	37.864 1	59.1664 1
2	1	37.2191 1	59.1062 1
2	1	37.1883 1	59.1977 1
2	1	37.2307 1	59.1264 1
2	1	37.932 1	59.1834 1
2	1	37.53 1	59.3 1
2	1	37.505 1	59.957 1
2	1	37.1055 1	59.1520 1
2	1	37.1264 1	59.1484 1
2	1	37.2257 1	59.1231 1
2	1	37.63 1	59.14 1
2	1	37.1936 1	59.2004 1
2	1	37.2204 1	59.1198 1
2	1	37.2145 1	59.1047 1
2	1	37.143 1	59.2230 1
2	1	37.1063 1	59.1511 1
2	1	37.1521 1	59.1593 1
2	1	37.645 1	59.806 1
2	1	37.1388 1	59.1602 1
2	1	37.357 1	59.2123 1
2	1	37.249 1	59.2368 1
2	1	37.445 1	59.1001 1
2	1	37.592 1	59.908 1
2	1	37.1812 1	59.1942 1
2	1	37.694 1	59.753 1
2	1	37.97 1	59.2392 1
2	1	37.1569 1	59.1846 1
2	1	37.1573 1	59.1850 1
2	1	37.1001 1	59.1807 1
2	1	37.1947 1	59.2012 1
2	1	37.176 1	59.2370 1
2	1	37.1265 1	59.1485 1
2	1	37.1808 1	59.1939 1
2	1	37.165 1	59.2378 1
2	1	37.194 1	59.1284 1
2	1	37.516 1	59.953 1
2	1	37.354 1	59.2126 1
2	1	37.1588 1	59.1857 1
2	1	37.2013 1	59.657 1
2	1	37.330 1	59.2160 1
2	1	37.1421 1	59.2234 1
2	1	37.255 1	59.2364 1
2	1	37.1027 1	59.1770 1
2	1	37.1254 1	59.1465 1
2	1	37.648 1	59.803 1
2	1	37.700 1	59.747 1
2	1	37.57 1	59.7 1
2	1	37.2317 1	59.1270 1
20	51	37.1147 0.455 37.1276 1 37.1690 1 37.1772 0.364 37.1890 0.091 37.1958 0.409 37.1994 1 37.214 0.591 37.2403 0.500 37.2487 0.091 37.2557 0.091 37.2582 0.091 37.2741 0.500 37.2763 0.500 37.2817 0.500 37.2872 0.091 37.469 0.500	59.1069 0.095 59.2112 1 59.843 0.095
2	1	37.2065 1	59.639 1
2	1	37.1351 1	59.1611 1
2	1	37.1922 1	59.1995 1
2	1	37.1886 1	59.1981 1
2	1	37.2212 1	59.1206 1
2	1	37.486 1	59.981 1
2	1	37.1208 1	59.298 1
2	1	37.691 1	59.758 1
2	1	37.1468 1	59.1748 1
2	1	37.2318 1	59.1271 1
2	1	37.657 1	59.791 1
2	1	37.80 1	59.1300 1
2	1	37.430 1	59.1015 1
2	1	37.260 1	59.2359 1
5	4	37.35 1	59.2486 1 59.2501 0.946 59.2514 0.946 59.2531 0.943
2	1	37.1360 1	59.1646 1
2	1	37.444 1	59.1002 1
2	1	37.618 1	59.810 1
3	2	37.142 1 37.2990 1	59.2231 1
2	1	37.1000 1	59.1808 1
18	45	37.114 0.585 37.1145 0.849 37.1278 0.962 37.1692 0.962 37.1749 0.849 37.1774 0.755 37.1892 0.566 37.1956 0.528 37.1992 0.962 37.216 0.849 37.2405 0.660 37.2743 1 37.2819 1 37.2874 0.849 37.467 1	59.1071 0.706 59.2110 1 59.845 0.745
2	1	37.681 1	59.769 1
2	1	37.682 1	59.768 1
2	1	37.149 1	59.2206 1
2	1	37.1266 1	59.1486 1
3	2	37.148 1 37.3000 1	59.2225 1
2	1	37.254 1	59.2365 1
2	1	37.2463 1	59.2449 1
2	1	37.580 1	59.920 1
14	45	37.1402 0.975 37.2120 1 37.807 0.470 37.3018 1 37.3030 1	59.1031 0.486 59.1431 0.718 59.1579 0.220 59.1926 1 59.2146 0.384 59.2167 0.098 59.350 0.506 59.471 0.134 59.878 0.706
2	1	37.483 1	59.984 1
3	2	37.651 1 37.656 0.687	59.800 1
2	1	37.51 1	59.1 1
2	1	37.2064 1	59.640 1
2	1	37.501 1	59.972 1
2	1	37.760 1	59.610 1
2	1	37.487 1	59.980 1
2	1	37.1865 1	59.1966 1
3	2	37.321 1 37.2151 0.693	59.2173 1
2	1	37.186 1	59.1290 1
2	1	37.854 1	59.1679 1
2	1	37.145 1	59.2228 1
4	3	37.1671 1 37.2395 0.519 37.405 0.384	59.728 1
2	1	37.706 1	59.742 1
2	1	37.906 1	59.1500 1
2	1	37.551 1	59.944 1
2	1	37.151 1	59.2204 1
2	1	37.2099 1	59.652 1
2	1	37.687 1	59.763 1
2	1	37.1467 1	59.1747 1
2	1	37.1997 1	59.653 1
2	1	37.2066 1	59.638 1
2	1	37.1318 1	59.1508 1
2	1	37.329 1	59.2161 1
2	1	37.701 1	59.746 1
3	2	37.146 1 37.2997 0.087	59.2227 1
2	1	37.1950 1	59.2015 1
2	1	37.2183 1	59.1058 1
2	1	37.1096 1	59.1690 1
5	4	37.1670 0.542 37.1717 0.972 37.2396 1 37.407 0.931	59.730 1
2	1	37.507 1	59.955 1
2	1	37.2306 1	59.1263 1
2	1	37.2147 1	59.1045 1
2	1	37.1686 1	59.1918 1
2	1	37.938 1	59.1828 1
2	1	37.770 1	59.594 1
2	1	37.1628 1	59.1567 1
2	1	37.2458 1	59.2432 1
2	1	37.2460 1	59.2446 1
2	1	37.1963 1	59.630 1
3	2	37.1367 1 37.2024 0.990	59.384 1
2	1	37.172 1	59.2374 1
2	1	37.2319 1	59.1272 1
5	4	37.1825 1	59.2511 0.551 59.2528 1 59.2553 0.320 59.2575 0.279
2	1	37.420 1	59.1040 1
2	1	37.446 1	59.1000 1
3	2	37.759 1 37.447 0.751	59.611 1
2	1	37.272 1	59.1111 1
2	1	37.484 1	59.983 1
2	1	37.1348 1	59.303 1
2	1	37.2149 1	59.1043 1
2	1	37.815 1	59.437 1
2	1	37.644 1	59.807 1
2	1	37.792 1	59.474 1
2	1	37.1354 1	59.1614 1
2	1	37.698 1	59.748 1
2	1	37.939 1	59.1827 1
2	1	37.1248 1	59.1459 1
2	1	37.1606 1	59.1874 1
2	1	37.946 1	59.1819 1
2	1	37.1268 1	59.1488 1
2	1	37.2034 1	59.644 1
2	1	37.1207 1	59.299 1
2	1	37.2196 1	59.1117 1
2	1	37.258 1	59.2361 1
2	1	37.55 1	59.5 1
2	1	37.2456 1	59.2430 1
2	1	37.200 1	59.1278 1
2	1	37.660 1	59.790 1
2	1	37.488 1	59.979 1
2	1	37.871 1	59.1658 1
2	1	37.1885 1	59.1980 1
2	1	37.1880 1	59.1974 1
2	1	37.62 1	59.13 1
2	1	37.1249 1	59.1460 1
2	1	37.2384 1	59.2426 1
2	1	37.1253 1	59.1464 1
2	1	37.1054 1	59.1521 1
2	1	37.2455 1	59.2429 1
2	1	37.812 1	59.438 1
2	1	37.1227 1	59.171 1
2	1	37.2385 1	59.2427 1
18	72	37.1406 0.735 37.1736 0.853 37.2161 0.853 37.240 0.853 37.632 0.706 37.800 1	59.1026 0.806 59.1245 0.226 59.146 0.452 59.1539 0.806 59.1576 0.548 59.1882 0.194 59.1929 0.484 59.2082 0.645 59.2150 0.548 59.312 0.484 59.353 0.484 59.881 1
2	1	37.198 1	59.1280 1
2	1	37.2193 1	59.1064 1
2	1	37.1058 1	59.1518 1
2	1	37.355 1	59.2125 1
2	1	37.500 1	59.973 1
2	1	37.481 1	59.986 1
2	1	37.436 1	59.1010 1
2	1	37.52 1	59.2 1
2	1	37.1333 1	59.1694 1
2	1	37.352 1	59.2128 1
2	1	37.1645 1	59.1913 1
2	1	37.1350 1	59.1610 1
2	1	37.204 1	59.1273 1
2	1	37.983 1	59.2062 1
2	1	37.931 1	59.1835 1
2	1	37.2175 1	59.1050 1
2	1	37.865 1	59.1663 1
2	1	37.2210 1	59.1203 1
2	1	37.707 1	59.720 1
2	1	37.438 1	59.1008 1
2	1	37.1317 1	59.1507 1
2	1	37.1122 1	59.415 1
2	1	37.2032 1	59.646 1
2	1	37.1944 1	59.2010 1
2	1	37.2423 1	59.2235 1
2	1	37.520 1	59.949 1
3	2	37.1442 0.939 37.2083 1	59.2025 1
2	1	37.276 1	59.2189 1
2	1	37.1476 1	59.1752 1
2	1	37.1866 1	59.1967 1
2	1	37.693 1	59.754 1
2	1	37.999 1	59.1809 1
2	1	37.652 1	59.799 1
2	1	37.171 1	59.2375 1
2	1	37.1932 1	59.2001 1
6	5	37.1675 0.902 37.2080 1 37.2164 1 37.2391 0.990 37.401 0.866	59.1987 1
2	1	37.552 1	59.943 1
2	1	37.585 1	59.915 1
2	1	37.649 1	59.802 1
6	5	37.1732 0.323 37.2081 0.993 37.2163 0.974 37.2390 0.967 37.400 1	59.724 1
2	1	37.1390 1	59.1603 1
2	1	37.914 1	59.1599 1
2	1	37.2200 1	59.1121 1
2	1	37.650 1	59.801 1
2	1	37.177 1	59.2369 1
2	1	37.499 1	59.974 1
2	1	37.1267 1	59.1487 1
2	1	37.81 1	59.1299 1
2	1	37.1879 1	59.1973 1
3	2	37.897 1	59.1174 1 59.486 1
2	1	37.2449 1	59.2387 1
2	1	37.688 1	59.762 1
21	68	37.1139 0.095 37.1284 0.095 37.1698 0.095 37.1756 0.095 37.1783 0.063 37.1986 0.095 37.2050 0.095 37.223 0.095 37.2234 1 37.2471 0.095 37.2567 0.095 37.2592 0.095 37.2617 0.095 37.2749 0.095 37.2803 0.095 37.2825 0.095 37.461 0.095	59.1079 1 59.1635 0.952 59.2104 1 59.851 1
2	1	37.2033 1	59.645 1
2	1	37.2184 1	59.1059 1
2	1	37.358 1	59.2122 1
2	1	37.2352 1	59.2420 1
2	1	37.442 1	59.1005 1
2	1	37.1251 1	59.1462 1
2	1	37.1881 1	59.1975 1
7	6	37.1667 0.867 37.1720 1 37.1728 0.821 37.2129 0.807 37.2399 0.726 37.410 0.786	59.426 1
2	1	37.1687 1	59.1919 1
2	1	37.595 1	59.906 1
2	1	37.519 1	59.950 1
2	1	37.564 1	59.936 1
2	1	37.518 1	59.951 1
2	1	37.1158 1	59.320 1
2	1	37.2146 1	59.1046 1
2	1	37.65 1	59.16 1
21	54	37.1007 1 37.1133 0.952 37.1290 0.952 37.1306 0.976 37.132 1 37.1704 0.952 37.1762 0.952 37.1789 0.964 37.1909 0.494 37.1980 0.952 37.2044 0.952 37.2240 1 37.229 0.952 37.2478 0.494 37.2598 0.952 37.2623 0.952 37.2686 0.494 37.2865 0.494	59.1188 1 59.1783 0.365 59.498 0.622
2	1	37.2316 1	59.1269 1
2	1	37.1154 1	59.321 1
2	1	37.1587 1	59.1856 1
2	1	37.638 1	59.809 1
2	1	37.2036 1	59.642 1
2	1	37.346 1	59.2130 1
3	2	37.1572 1 37.1222 0.796	59.1849 1
2	1	37.195 1	59.1283 1
2	1	37.2351 1	59.2421 1
2	1	37.2429 1	59.1738 1
2	1	37.1931 1	59.2000 1
2	1	37.767 1	59.597 1
2	1	37.1415 1	59.1742 1
2	1	37.1123 1	59.392 1
24	80	37.1138 0.990 37.127 1 37.1285 0.897 37.1699 0.897 37.1757 0.990 37.1784 1 37.1985 0.897 37.2049 0.983 37.2235 1 37.224 1 37.2472 0.897 37.2568 0.897 37.2593 0.897 37.2618 0.897 37.2750 0.897 37.2778 0.336 37.2804 0.897 37.2826 0.897 37.2859 0.864 37.460 0.897	59.1080 0.964 59.1634 1 59.2103 0.972 59.852 0.995
2	1	37.912 1	59.1601 1
2	1	37.646 1	59.805 1
2	1	37.1966 1	59.635 1
2	1	37.419 1	59.1041 1
2	1	37.933 1	59.1833 1
2	1	37.1161 1	59.306 1
2	1	37.350 1	59.2129 1
3	2	37.893 1	59.1172 1 59.484 1
2	1	37.954 1	59.1813 1
2	1	37.1086 1	59.1691 1
20	75	37.107 0.360 37.1149 0.349 37.1274 0.349 37.1688 0.349 37.1960 0.354 37.1996 0.344 37.2063 0.360 37.212 0.346 37.2401 1 37.2605 0.349 37.2739 1 37.2761 1 37.2815 1 37.2920 0.061 37.471 1	59.1349 0.944 59.1399 0.944 59.274 0.979 59.46 1 59.566 0.709
2	1	37.439 1	59.1007 1
2	1	37.2148 1	59.1044 1
2	1	37.590 1	59.910 1
5	6	37.1548 1 37.1566 0.985	59.1552 0.894 59.1902 1 59.2469 0.660
4	4	37.2136 1 37.2330 0.825	59.2478 1 59.2491 1
2	1	37.956 1	59.1812 1
2	1	37.280 1	59.2194 1
2	1	37.2192 1	59.1063 1
2	1	37.2211 1	59.1205 1
2	1	37.834 1	59.1683 1
2	1	37.549 1	59.946 1
2	1	37.1938 1	59.2006 1
2	1	37.937 1	59.1829 1
2	1	37.256 1	59.2363 1
2	1	37.1876 1	59.1970 1
2	1	37.41 1	59.2509 1
2	1	37.1933 1	59.2002 1
2	1	37.614 1	59.816 1
2	1	37.495 1	59.975 1
2	1	37.279 1	59.2193 1
2	1	37.868 1	59.1660 1
2	1	37.839 1	59.1682 1
2	1	37.199 1	59.1279 1
2	1	37.2457 1	59.2431 1
2	1	37.64 1	59.15 1
2	1	37.769 1	59.595 1
2	1	37.1522 1	59.1594 1
2	1	37.1532 1	59.1843 1
2	1	37.2198 1	59.1119 1
4	3	37.901 1	59.1175 1 59.1504 0.242 59.487 1
2	1	37.1071 1	59.341 1
2	1	37.2195 1	59.1116 1
2	1	37.945 1	59.1820 1
2	1	37.1414 1	59.1741 1
2	1	37.737 1	59.623 1
2	1	37.1589 1	59.1858 1
2	1	37.2216 1	59.1210 1
2	1	37.479 1	59.988 1
2	1	37.480 1	59.987 1
2	1	37.692 1	59.757 1
2	1	37.2208 1	59.1201 1
2	1	37.1711 1	59.1920 1
2	1	37.1184 1	59.163 1
2	1	37.1517 1	59.1590 1
2	1	37.257 1	59.2362 1
2	1	37.384 1	59.2029 1
2	1	37.60 1	59.11 1
2	1	37.1470 1	59.1749 1
2	1	37.567 1	59.933 1
2	1	37.561 1	59.939 1
2	1	37.1237 1	59.364 1
2	1	37.2029 1	59.649 1
2	1	37.2197 1	59.1118 1
2	1	37.422 1	59.1016 1
2	1	37.359 1	59.2121 1
2	1	37.2202 1	59.1165 1
2	1	37.2382 1	59.2424 1
2	1	37.771 1	59.582 1
2	1	37.1443 1	59.2024 1
2	1	37.1877 1	59.1971 1
2	1	37.2427 1	59.2240 1
2	1	37.1818 1	59.1949 1
2	1	37.448 1	59.996 1
2	1	37.613 1	59.817 1
2	1	37.716 1	59.695 1
2	1	37.1811 1	59.1941 1
2	1	37.1921 1	59.1994 1
2	1	37.816 1	59.436 1
2	1	37.1833 1	59.1952 1
2	1	37.587 1	59.913 1
2	1	37.1531 1	59.1842 1
2	1	37.170 1	59.2376 1
2	1	37.374 1	59.2036 1
2	1	37.953 1	59.1814 1
2	1	37.653 1	59.798 1
3	2	37.147 1 37.2999 0.394	59.2226 1
2	1	37.611 1	59.819 1
2	1	37.1036 1	59.390 1
2	1	37.61 1	59.12 1
30	125	37.2725 1 37.2410 1 37.2233 0.753 37.2652 0.637 37.222 0.480 37.1140 0.212 37.1283 0.212 37.1697 0.212 37.1755 0.212 37.1782 0.212 37.1987 0.212 37.2051 0.212 37.2566 0.212 37.2591 0.212 37.2616 0.212 37.2748 0.212 37.2802 0.212 37.2824 0.212 37.462 0.212 37.125 0.194 37.1901 0.165 37.2857 0.165 37.896 0.158 37.1721 0.148 37.1380 0.059	59.1637 1 59.1077 1 59.2106 0.180 59.849 0.168 59.2326 0.082
4	3	37.880 1	59.1167 0.883 59.336 1 59.479 0.883
2	1	37.951 1	59.1816 1
9	20	37.2419 1 37.2735 1 37.2757 1 37.2811 1 37.453 1	59.2270 1 59.2300 1 59.2336 1 59.859 1
2	1	37.1097 1	59.1689 1
2	1	37.667 1	59.784 1
2	1	37.647 1	59.804 1
2	1	37.1028 1	59.1769 1
2	1	37.1185 1	59.164 1
2	1	37.2218 1	59.1212 1
2	1	37.1194 1	59.300 1
2	1	37.1934 1	59.2003 1
2	1	37.2031 1	59.647 1
2	1	37.2381 1	59.2423 1
2	1	37.1463 1	59.1743 1
2	1	37.2337 1	59.2208 1
2	1	37.1941 1	59.2009 1
2	1	37.1581 1	59.1852 1
2	1	37.1887 1	59.1982 1
5	6	37.15 1 37.20 1	59.2483 1 59.2505 0.604 59.2557 0.491
2	1	37.275 1	59.2188 1
2	1	37.599 1	59.901 1
2	1	37.1813 1	59.1943 1
2	1	37.59 1	59.10 1
2	1	37.581 1	59.919 1
2	1	37.562 1	59.938 1
2	1	37.717 1	59.694 1
2	1	37.521 1	59.948 1
2	1	37.1160 1	59.307 1
3	2	37.1061 1 37.597 0.746	59.1513 1
2	1	37.774 1	59.579 1
2	1	37.680 1	59.770 1
2	1	37.1682 1	59.1915 1
2	1	37.1242 1	59.381 1
2	1	37.1920 1	59.1993 1
2	1	37.685 1	59.765 1
2	1	37.1349 1	59.1609 1
2	1	37.150 1	59.2205 1
2	1	37.250 1	59.2367 1
2	1	37.1843 1	59.1962 1
2	1	37.490 1	59.977 1
2	1	37.925 1	59.2583 1
4	3	37.1668 0.369 37.2398 1 37.409 0.407	59.732 1
2	1	37.1062 1	59.1512 1
2	1	37.1848 1	59.1964 1
2	1	37.2067 1	59.637 1
2	1	37.31 1	59.2525 1
2	1	37.2304 1	59.1261 1
2	1	37.79 1	59.1301 1
2	1	37.1252 1	59.1463 1
2	1	37.166 1	59.2377 1
2	1	37.2305 1	59.1262 1
2	1	37.1867 1	59.1968 1
2	1	37.1464 1	59.1744 1
2	1	37.476 1	59.991 1
2	1	37.474 1	59.993 1
2	1	37.695 1	59.751 1
2	1	37.2150 1	59.1805 1
2	1	37.196 1	59.1282 1
2	1	37.82 1	59.1298 1
2	1	37.1352 1	59.1612 1
3	2	37.1930 1 37.1205 0.790	59.1999 1
2	1	37.697 1	59.749 1
2	1	37.591 1	59.909 1
2	1	37.784 1	59.564 1
2	1	37.718 1	59.693 1
2	1	37.775 1	59.578 1
2	1	37.873 1	59.1655 1
2	1	37.1065 1	59.1509 1
2	1	37.1646 1	59.1914 1
2	1	37.1214 1	59.190 1
2	1	37.1262 1	59.1482 1
2	1	37.2251 1	59.1230 1
2	1	37.1032 1	59.1767 1
2	1	37.1516 1	59.1589 1
2	1	37.1849 1	59.1965 1
2	1	37.2258 1	59.1234 1
2	1	37.686 1	59.764 1
2	1	37.663 1	59.783 1
5	4	37.919 1	59.111 1 59.1125 0.854 59.1410 0.854 59.99 0.854
2	1	37.353 1	59.2127 1
12	20	37.2284 1 37.305 1	59.2484 0.884 59.2503 1 59.2516 0.084 59.2533 0.900 59.2536 0.172 59.2545 0.141 59.2555 0.151 59.2576 0.328 59.2587 0.313 59.2596 0.141
2	1	37.502 1	59.971 1
2	1	37.1605 1	59.606 1
11	30	37.2418 1 37.2734 1 37.2756 1 37.2810 1 37.2832 1 37.454 1	59.1086 1 59.2269 0.991 59.2299 0.991 59.2335 0.991 59.858 0.991
2	1	37.578 1	59.922 1
3	2	37.1324 1	59.1514 1 59.2433 0.233
2	1	37.1472 1	59.1751 1
2	1	37.833 1	59.1684 1
2	1	37.478 1	59.989 1
2	1	37.576 1	59.924 1
2	1	37.2185 1	59.1060 1
2	1	37.1590 1	59.1859 1
2	1	37.696 1	59.750 1
3	2	37.2012 1 37.2114 0.929	59.656 1
2	1	37.366 1	59.2066 1
2	1	37.573 1	59.927 1
2	1	37.188 1	59.1286 1
2	1	37.944 1	59.1821 1
2	1	37.948 1	59.1817 1
2	1	37.2213 1	59.1207 1
2	1	37.203 1	59.1274 1
2	1	37.281 1	59.2141 1
2	1	37.2206 1	59.1200 1
2	1	37.489 1	59.978 1
2	1	37.504 1	59.958 1
3	2	37.29 1	59.2537 1 59.2588 1
5	4	37.888 1	59.1169 1 59.333 0.068 59.334 0.106 59.481 1
4	3	37.1429 1 37.2424 0.992 37.757 0.342	59.2236 1
2	1	37.2194 1	59.1065 1
2	1	37.201 1	59.1277 1
2	1	37.2308 1	59.1265 1
2	1	37.1929 1	59.1998 1
2	1	37.783 1	59.565 1
2	1	37.437 1	59.1009 1
2	1	37.1064 1	59.1510 1
2	1	37.2030 1	59.648 1
6	5	37.102 1 37.1383 0.105 37.1724 1 37.2125 0.500 37.414 1	59.199 1
2	1	37.947 1	59.1818 1
2	1	37.1024 1	59.1773 1
2	1	37.569 1	59.931 1
2	1	37.732 1	59.622 1
2	1	37.389 1	59.2026 1
2	1	37.1250 1	59.1461 1
2	1	37.1520 1	59.1592 1
2	1	37.772 1	59.581 1
2	1	37.277 1	59.2190 1
2	1	37.1585 1	59.1854 1
2	1	37.173 1	59.2373 1
2	1	37.1809 1	59.1940 1
2	1	37.1238 1	59.365 1
2	1	37.369 1	59.2084 1
2	1	37.601 1	59.899 1
2	1	37.187 1	59.1287 1
2	1	37.1069 1	59.343 1
2	1	37.1574 1	59.1851 1
3	2	37.141 1 37.2989 0.930	59.2232 1
2	1	37.2037 1	59.641 1
11	10	37.2322 1	59.109 0.998 59.1134 0.139 59.121 0.941 59.131 0.055 59.1400 0.099 59.1447 0.911 59.1542 1 59.1890 0.994 59.718 0.296 59.97 0.063
2	1	37.93 1	59.2384 1
2	1	37.662 1	59.782 1
2	1	37.1837 1	59.1958 1
2	1	37.568 1	59.932 1
2	1	37.1835 1	59.1955 1
6	5	37.1827 1	59.2474 0.960 59.2487 0.960 59.2500 0.993 59.2513 0.993 59.2530 1
2	1	37.1257 1	59.1469 1
2	1	37.155 1	59.2195 1
2	1	37.617 1	59.811 1
2	1	37.863 1	59.1665 1
2	1	37.915 1	59.1598 1
2	1	37.936 1	59.1830 1
15	44	37.1908 0.919 37.2417 1 37.2549 0.919 37.2685 0.919 37.2733 1 37.2755 1 37.2809 1 37.2831 1 37.2864 0.919 37.2952 0.757 37.455 1	59.1629 1 59.2268 1 59.2298 1 59.2334 1
2	1	37.1226 1	59.172 1
2	1	37.378 1	59.2032 1
2	1	37.273 1	59.1112 1
2	1	37.548 1	59.947 1
2	1	37.1816 1	59.1947 1
2	1	37.1479 1	59.1755 1
2	1	37.2309 1	59.1266 1
2	1	37.56 1	59.6 1
2	1	37.934 1	59.1832 1
2	1	37.2428 1	59.2241 1
2	1	37.1236 1	59.363 1
2	1	37.602 1	59.898 1
6	8	37.1381 1 37.1665 0.091	59.201 1 59.2072 0.667 59.423 0.429 59.738 0.714
2	1	37.762 1	59.607 1
2	1	37.1834 1	59.1954 1
2	1	37.1571 1	59.1848 1
12	11	37.108 1 37.1148 1 37.1275 1 37.1689 1 37.1746 0.818 37.1771 1 37.1959 1 37.1995 1 37.2062 1 37.213 1 37.2606 1	59.787 1
25	114	37.1408 1 37.1738 1 37.2159 0.912 37.242 1 37.634 0.912 37.798 0.941	59.1023 0.925 59.1436 0.950 59.144 0.900 59.1536 0.475 59.1574 0.825 59.1799 0.675 59.1879 0.600 59.2048 0.100 59.207 1 59.2079 0.925 59.2153 0.800 59.315 0.775 59.378 0.950 59.398 0.375 59.464 0.075 59.525 0.650 59.664 0.950 59.705 0.150 59.885 0.275
2	1	37.1842 1	59.1961 1
2	1	37.1869 1	59.1969 1
2	1	37.683 1	59.767 1
26	88	37.1781 1 37.2409 1 37.1141 0.417 37.1282 0.417 37.1696 0.417 37.1988 0.417 37.2052 0.417 37.220 0.417 37.2497 0.417 37.2540 0.417 37.2565 0.417 37.2590 0.417 37.2615 0.417 37.2711 0.417 37.2723 0.417 37.2747 0.417 37.2801 0.417 37.2823 0.417 37.2856 0.417 37.463 0.417 37.1754 0.292 37.2231 0.083	59.1639 1 59.1076 1 59.2107 1 59.848 1
2	1	37.661 1	59.781 1
2	1	37.768 1	59.596 1
2	1	37.550 1	59.945 1
2	1	37.1683 1	59.1916 1
2	1	37.1225 1	59.173 1
2	1	37.2250 1	59.1229 1
2	1	37.477 1	59.990 1
2	1	37.2336 1	59.2210 1
2	1	37.2383 1	59.2425 1
2	1	37.1570 1	59.1847 1
3	2	37.1215 1	59.186 1 59.189 1
2	1	37.1052 1	59.1522 1
2	1	37.174 1	59.2372 1
2	1	37.715 1	59.696 1
2	1	37.259 1	59.2360 1
2	1	37.1150 1	59.322 1
2	1	37.579 1	59.921 1
31	220	37.2375 1 37.1006 1 37.1132 1 37.1291 1 37.1705 1 37.1763 1 37.1979 1 37.2043 1 37.2222 1 37.230 1 37.2599 1 37.2624 1 37.2241 0.982 37.1307 0.974 37.2479 0.974 37.1790 0.956 37.1910 0.754 37.2551 0.754 37.2866 0.754 37.2575 0.074	59.499 1 59.891 1 59.1627 0.922 59.541 0.922 59.2096 0.570 59.1189 0.567 59.286 0.504 59.36 0.368 59.557 0.209 59.1782 0.078 59.1498 0.051
2	1	37.1035 1	59.391 1
2	1	37.1878 1	59.1972 1
2	1	37.860 1	59.1669 1
2	1	37.831 1	59.1686 1
2	1	37.2203 1	59.1197 1
2	1	37.832 1	59.1685 1
2	1	37.1478 1	59.1754 1
2	1	37.278 1	59.2191 1
3	2	37.1951 1 37.2524 1	59.2016 1
2	1	37.957 1	59.1811 1
2	1	37.2217 1	59.1211 1
7	12	37.103 1 37.1382 0.714 37.1725 1 37.413 1	59.2073 1 59.680 0.429 59.739 0.143
2	1	37.584 1	59.916 1
2	1	37.482 1	59.985 1
2	1	37.575 1	59.925 1
2	1	37.252 1	59.2366 1
2	1	37.2179 1	59.1055 1
2	1	37.571 1	59.929 1
2	1	37.1263 1	59.1483 1
2	1	37.1045 1	59.1531 1
2	1	37.421 1	59.1039 1
2	1	37.690 1	59.759 1
2	1	37.83 1	59.1297 1
2	1	37.432 1	59.1013 1
2	1	37.1162 1	59.304 1
2	1	37.583 1	59.917 1
2	1	37.586 1	59.914 1
2	1	37.515 1	59.954 1
2	1	37.2229 1	59.222 1
2	1	37.596 1	59.905 1
2	1	37.942 1	59.1823 1
3	2	37.184 1 37.185 0.104	59.1292 1
2	1	37.1477 1	59.1753 1
10	9	37.986 1	59.1325 0.709 59.1372 0.700 59.1705 1 59.2059 0.060 59.2060 0.117 59.2416 0.259 59.246 0.701 59.533 0.696 59.74 0.700
2	1	37.1026 1	59.1771 1
2	1	37.84 1	59.1296 1
2	1	37.615 1	59.814 1
6	8	37.1735 1 37.239 0.921 37.631 1 37.801 1	59.1027 0.117 59.1473 1
2	1	37.870 1	59.1659 1
2	1	37.867 1	59.1661 1
2	1	37.577 1	59.923 1
2	1	37.2440 1	59.2352 1
2	1	37.2014 1	59.687 1
2	1	37.2178 1	59.1054 1
2	1	37.1584 1	59.1853 1
2	1	37.566 1	59.934 1
2	1	37.610 1	59.820 1
2	1	37.2303 1	59.1260 1
2	1	37.1224 1	59.174 1
2	1	37.1586 1	59.1855 1
2	1	37.485 1	59.982 1
2	1	37.612 1	59.818 1
2	1	37.874 1	59.1654 1
2	1	37.1601 1	59.1566 1
4	3	37.890 1	59.1170 0.667 59.332 1 59.482 0.667
2	1	37.1030 1	59.1768 1
2	1	37.747 1	59.618 1
2	1	37.1814 1	59.1945 1
2	1	37.830 1	59.1687 1
2	1	37.572 1	59.928 1
2	1	37.2201 1	59.1122 1
4	3	37.34 1	59.2502 1 59.2515 1 59.2532 1
2	1	37.813 1	59.1905 1
7	12	37.101 0.167 37.1723 0.167 37.2124 1 37.415 0.056	59.198 1 59.419 0.529 59.683 1
2	1	37.434 1	59.1012 1
3	2	37.2295 1 37.2299 1	59.1257 1
2	1	37.2015 1	59.688 1
2	1	37.377 1	59.2033 1
2	1	37.560 1	59.940 1
2	1	37.913 1	59.1600 1
2	1	37.2214 1	59.1208 1
2	1	37.364 1	59.2049 1
2	1	37.473 1	59.994 1
2	1	37.1471 1	59.1750 1
14	45	37.2420 1 37.2736 1 37.2758 1 37.2812 1 37.452 1	59.1089 1 59.1321 0.104 59.1368 0.104 59.2271 1 59.2301 1 59.2337 1 59.242 0.104 59.78 0.104 59.860 1
2	1	37.1898 1	59.1073 1
2	1	37.506 1	59.956 1
20	19	37.1143 0.959 37.116 1 37.1280 1 37.1694 1 37.1751 1 37.1990 1 37.2055 1 37.218 1 37.2494 0.959 37.2538 0.959 37.2563 0.959 37.2588 0.959 37.2613 0.959 37.2707 0.053 37.2745 0.959 37.2799 0.959 37.2821 0.959 37.2854 0.959 37.2878 0.258	59.847 1
2	1	37.2461 1	59.2447 1
2	1	37.1235 1	59.361 1
2	1	37.475 1	59.992 1
2	1	37.565 1	59.935 1
2	1	37.563 1	59.937 1
2	1	37.92 1	59.2383 1
2	1	37.1217 1	59.188 1
2	1	37.1815 1	59.1946 1
2	1	37.600 1	59.900 1
2	1	37.1269 1	59.1489 1
26	69	37.113 0.164 37.1146 0.164 37.1277 1 37.1691 1 37.1748 0.164 37.1773 0.492 37.1891 0.328 37.1957 0.164 37.1993 1 37.2059 0.164 37.215 0.164 37.2404 1 37.2488 0.328 37.2515 0.328 37.2558 0.328 37.2583 0.328 37.2658 0.328 37.2742 1 37.2793 1 37.2818 1 37.2873 0.328 37.2926 1 37.468 1	59.1070 0.500 59.2111 1 59.844 0.500
2	1	37.1923 1	59.1996 1
2	1	37.749 1	59.616 1
2	1	37.765 1	59.602 1
2	1	37.189 1	59.1285 1
2	1	37.2459 1	59.2445 1
2	1	37.274 1	59.1113 1
2	1	37.940 1	59.1826 1
2	1	37.2177 1	59.1052 1
2	1	37.375 1	59.2035 1
9	8	37.43 1	59.2482 0.654 59.2506 0.689 59.2522 0.689 59.2541 1 59.2549 0.818 59.2559 0.077 59.2592 1 59.2600 0.818
2	1	37.1940 1	59.2008 1
2	1	37.331 1	59.2158 1
2	1	37.1685 1	59.1917 1
2	1	37.1619 1	59.2187 1
2	1	37.2333 1	59.813 1
2	1	37.709 1	59.698 1
3	2	37.891 1	59.1171 1 59.483 1
2	1	37.748 1	59.617 1
4	3	37.984 1	59.1706 0.600 59.2061 0.800 59.2417 1
2	1	37.1261 1	59.1481 1
2	1	37.1946 1	59.2011 1
2	1	37.443 1	59.1003 1
2	1	37.2215 1	59.1209 1
2	1	37.952 1	59.1815 1
2	1	37.941 1	59.1825 1
2	1	37.1044 1	59.1554 1
5	4	37.1401 1 37.210 1 37.2119 1 37.808 0.979	59.1922 1
2	1	37.1917 1	59.1992 1
2	1	37.2199 1	59.1120 1
6	8	37.2283 1 37.304 1	59.2538 0.064 59.2569 1 59.2577 0.840 59.2589 0.064
2	1	37.840 1	59.1681 1
2	1	37.838 1	59.344 1
2	1	37.608 1	59.822 1
2	1	37.1949 1	59.2014 1
2	1	37.1514 1	59.1587 1
2	1	37.594 1	59.907 1
2	1	37.1334 1	59.1810 1
3	2	37.1948 1 37.2529 1	59.2013 1
2	1	37.383 1	59.2030 1
2	1	37.472 1	59.995 1
2	1	37.1043 1	59.1555 1
2	1	37.1413 1	59.1740 1
2	1	37.2205 1	59.1199 1
2	1	37.684 1	59.766 1
2	1	37.356 1	59.2124 1
3	2	37.144 1 37.2994 1	59.2229 1
5	4	37.38 1	59.2475 1 59.2488 1 59.2512 0.833 59.2554 0.667
2	1	37.570 1	59.930 1
2	1	37.924 1	59.2582 1
2	1	37.689 1	59.761 1
2	1	37.1188 1	59.168 1
2	1	37.1914 1	59.1101 1
2	1	37.1838 1	59.1959 1
2	1	37.2133 1	59.2580 1
2	1	37.431 1	59.1014 1
2	1	37.1961 1	59.628 1
3	2	37.1220 1	59.181 0.606 59.184 1
2	1	37.1361 1	59.1647 1
2	1	37.1466 1	59.1746 1
2	1	37.1805 1	59.1937 1
9	8	37.2357 1	59.1097 1 59.1619 0.588 59.2088 1 59.2279 0.882 59.2345 0.882 59.519 0.471 59.867 1 59.897 0.588
2	1	37.78 1	59.1836 1
3	2	37.2135 1	59.2479 1 59.2492 1
2	1	37.85 1	59.1295 1
2	1	37.2068 1	59.636 1
2	1	37.345 1	59.2133 1
2	1	37.861 1	59.1667 1
2	1	37.2919 1	59.340 1
2	1	37.385 1	59.2028 1
2	1	37.1884 1	59.1979 1
2	1	37.164 1	59.2379 1
2	1	37.2326 1	59.2508 1
2	1	37.1037 1	59.389 1
2	1	37.1210 1	59.293 1
2	1	37.857 1	59.1671 1
2	1	37.2441 1	59.2353 1
2	1	37.719 1	59.1615 1
2	1	37.2176 1	59.1051 1
2	1	37.319 1	59.1100 1
2	1	37.555 1	59.942 1
2	1	37.58 1	59.8 1
2	1	37.582 1	59.918 1
2	1	37.609 1	59.821 1
3	2	37.336 0.846 37.724 1	59.1878 1
2	1	37.271 1	59.1110 1
26	133	37.1404 0.125 37.1734 0.625 37.2122 0.625 37.238 0.625 37.537 1 37.630 0.625 37.802 0.625	59.1028 1 59.1247 0.250 59.1432 0.917 59.1474 0.583 59.148 1 59.1578 1 59.1726 0.583 59.1884 0.667 59.1927 0.917 59.2148 1 59.2184 0.667 59.351 0.917 59.404 1 59.432 1 59.469 0.417 59.521 1 59.670 1 59.711 1 59.879 1
2	1	37.1460 1	59.1790 1
2	1	37.2209 1	59.1202 1
2	1	37.1937 1	59.2005 1
5	6	37.159 0.294 37.884 1	59.1168 0.607 59.335 1 59.480 0.607
2	1	37.1458 1	59.1787 1
2	1	37.373 1	59.2085 1
8	12	37.1543 1 37.1561 1	59.101 0.562 59.113 0.812 59.1408 0.562 59.1550 1 59.1898 0.562 59.2466 0.437
2	1	37.1353 1	59.1613 1
2	1	37.1804 1	59.1936 1
2	1	37.1836 1	59.1957 1
2	1	37.574 1	59.926 1
2	1	37.990 1	59.1530 1
2	1	37.1965 1	59.634 1
2	1	37.2182 1	59.1057 1
2	1	37.705 1	59.743 1
29	154	37.1407 1 37.1737 1 37.2160 1 37.241 1 37.633 1 37.799 1 37.531 0.995	59.1025 0.200 59.1244 0.600 59.1434 0.867 59.1538 0.333 59.1575 1 59.1730 0.267 59.1801 0.200 59.1930 0.867 59.2046 0.128 59.2081 0.200 59.209 0.533 59.2151 0.200 59.313 0.800 59.354 0.333 59.371 0.800 59.376 0.200 59.400 0.333 59.465 0.267 59.524 0.733 59.666 0.667 59.872 0.200 59.882 0.333
2	1	37.491 1	59.976 1
3	2	37.1197 0.983 37.341 1	59.2177 1
2	1	37.1928 1	59.1997 1
2	1	37.27 1	59.2558 1
2	1	37.1916 1	59.1984 1
2	1	37.154 1	59.2196 1
2	1	37.1607 1	59.1875 1
24	44	37.1142 0.406 37.117 0.400 37.1281 0.406 37.1695 0.406 37.1989 0.400 37.2134 1 37.219 0.406 37.2230 0.344 37.2270 0.350 37.2408 0.415 37.2496 0.223 37.2539 0.406 37.2564 0.406 37.2589 0.406 37.2614 0.406 37.2710 0.265 37.2746 0.406 37.2800 0.406 37.2822 0.406 37.2855 0.400 37.292 0.350 37.464 0.412	59.2547 1 59.2598 1
2	1	37.312 1	59.1102 1
2	1	37.859 1	59.1670 1
2	1	37.1025 1	59.1772 1
2	1	37.1187 1	59.166 1
42	425	37.1015 0.723 37.1177 0.766 37.1221 0.269 37.1328 0.766 37.1409 1 37.1447 0.809 37.1739 1 37.2018 0.787 37.2091 0.766 37.2158 1 37.243 1 37.337 0.809 37.524 0.702 37.635 1 37.723 0.745 37.797 1 37.89 0.745	59.1022 1 59.1161 0.440 59.1238 0.922 59.1438 1 59.1534 0.843 59.1573 1 59.1731 1 59.1797 1 59.1865 0.980 59.1877 0.725 59.2038 0.961 59.206 1 59.2078 0.941 59.2118 0.902 59.2155 1 59.2170 0.627 59.2442 1 59.359 0.843 59.367 0.706 59.462 0.686 59.662 0.980 59.704 0.411 59.828 0.863 59.840 0.961 59.887 1
2	1	37.935 1	59.1831 1
4	3	37.994 1	59.1700 0.789 59.2055 1 59.2411 0.797
2	1	37.1530 1	59.1841 1
2	1	37.2137 1	59.2563 1
3	2	37.1780 1	59.1075 1 59.1618 1
2	1	37.2144 1	59.1048 1
5	6	37.1540 1 37.1558 1	59.103 1 59.1406 1 59.1896 1
33	162	37.2502 1 37.2731 1 37.2752 1 37.2780 1 37.2806 1 37.2828 1 37.458 1 37.2414 0.962 37.2474 0.962 37.2237 0.942 37.1010 0.923 37.1136 0.923 37.1287 0.923 37.1303 0.923 37.1701 0.923 37.1759 0.923 37.1786 0.923 37.1983 0.923 37.2047 0.923 37.2595 0.923 37.2620 0.923 37.226 0.827 37.129 0.557 37.2949 0.536 37.1905 0.265 37.2546 0.265 37.2682 0.265	59.1158 1 59.1082 1 59.1632 1 59.2101 1 59.854 1 59.140 0.095
10	21	37.1172 1 37.819 0.145 37.822 0.785	59.1032 0.103 59.1430 0.097 59.1541 0.824 59.1867 0.073 59.717 1 59.833 0.120 59.877 0.824
3	2	37.2094 1 37.528 0.375	59.226 1
15	44	37.1906 1 37.2415 0.608 37.2475 1 37.2547 1 37.2683 1 37.2753 0.608 37.2807 0.608 37.2829 0.608 37.2862 1 37.2950 0.618 37.457 0.608	59.1322 1 59.1369 0.881 59.243 0.881 59.77 0.881
2	1	37.1817 1	59.1948 1
2	1	37.152 1	59.2201 1
3	2	37.1541 1 37.1559 0.667	59.1549 1
5	4	37.1539 1	59.105 1 59.1404 1 59.1443 0.500 59.1894 0.375
2	1	37.2442 1	59.2354 1
2	1	37.2450 1	59.2385 1
2	1	37.761 1	59.608 1
2	1	37.197 1	59.1281 1
3	2	37.2138 1	59.2552 1 59.2603 1
2	1	37.1882 1	59.1976 1
3	2	37.2274 1 37.295 1	59.2565 1
2	1	37.773 1	59.580 1
2	1	37.872 1	59.1656 1
2	1	37.559 1	59.941 1
2	1	37.1515 1	59.1588 1
2	1	37.1939 1	59.2007 1
2	1	37.202 1	59.1276 1
2	1	37.708 1	59.701 1
2	1	37.1121 1	59.416 1
2	1	37.829 1	59.1688 1
3	2	37.1544 1 37.1562 1	59.2410 1
4	3	37.2373 1	59.1226 0.792 59.1493 1 59.561 0.937
4	3	37.785 1	59.1804 0.750 59.383 0.125 59.414 1
2	1	37.1964 1	59.631 1
9	8	37.2514 1 37.2531 0.254 37.2608 0.367 37.2636 0.367 37.2657 1 37.2792 0.089 37.2885 0.667 37.2925 0.667	59.2219 1
2	1	37.588 1	59.912 1
2	1	37.902 1	59.1503 1
2	1	37.907 1	59.489 1
4	4	37.1198 1 37.342 1	59.2135 1 59.2176 0.534
2	1	37.44 1	59.2496 1
4	3	37.2244 1	59.1756 1 59.282 0.357 59.593 0.583
2	1	37.2462 1	59.2448 1
37	300	37.2422 1 37.2738 1 37.2760 1 37.2788 1 37.2814 1 37.2837 1 37.2918 1 37.450 1 37.2243 1 37.1130 0.417 37.1293 0.417 37.1309 0.417 37.134 0.417 37.1707 0.417 37.1765 0.417 37.1792 0.417 37.1977 0.417 37.2041 0.417 37.2224 0.417 37.232 0.417 37.2481 0.417 37.2577 0.417 37.2601 0.417 37.2626 0.417 37.2982 0.417	59.896 1 59.1359 1 59.87 1 59.1227 0.398 59.560 0.393 59.1194 0.245 59.283 0.224 59.1494 0.184 59.2276 0.143 59.2306 0.143 59.2342 0.143 59.2349 0.102
2	1	37.1576 1	59.1722 1
2	1	37.1509 1	59.1584 1
2	1	37.1465 1	59.1745 1
45	500	37.1005 0.667 37.1131 0.667 37.1292 0.667 37.1308 0.667 37.133 0.667 37.1706 0.667 37.1764 0.667 37.1791 0.667 37.1911 1 37.1978 0.667 37.2042 0.667 37.2223 0.667 37.2242 0.667 37.231 0.667 37.2421 0.833 37.2480 0.667 37.2552 1 37.2576 0.667 37.2689 1 37.2737 0.833 37.2759 0.833 37.2813 0.833 37.2836 0.833 37.2867 1 37.451 0.833	59.1093 0.421 59.1193 0.474 59.1314 1 59.1361 0.474 59.1495 0.368 59.1624 0.474 59.1778 0.105 59.2091 0.421 59.2274 0.474 59.2304 0.474 59.234 0.526 59.2340 0.474 59.2348 0.105 59.284 0.158 59.503 0.474 59.544 0.368 59.85 0.474 59.863 0.474 59.895 0.368 59.962 0.632
2	1	37.2361 1	59.1757 1
2	1	37.86 1	59.1294 1
2	1	37.1528 1	59.660 1
2	1	37.2359 1	59.418 1
23	76	37.3013 1 37.3025 1 37.3037 1 37.530 1	59.1243 1 59.1435 1 59.1537 1 59.1800 1 59.2047 1 59.2152 1 59.355 1 59.883 1 59.706 0.893 59.1024 0.321 59.1880 0.321 59.208 0.321 59.2080 0.321 59.314 0.321 59.370 0.321 59.377 0.321 59.399 0.321 59.665 0.321 59.831 0.321
4	3	37.1445 1 37.2089 1 37.522 0.500	59.155 1
34	225	37.1009 0.178 37.1135 0.178 37.1288 0.178 37.130 0.178 37.1304 0.178 37.1702 0.178 37.1760 0.178 37.1787 0.178 37.1907 0.446 37.1982 0.178 37.2046 0.178 37.227 0.178 37.2416 0.446 37.2476 0.234 37.2548 0.446 37.2684 0.446 37.2732 0.446 37.2754 0.446 37.2781 0.446 37.2808 0.446 37.2830 0.446 37.2863 0.446 37.2911 1 37.2951 0.446 37.456 0.446	59.1084 0.440 59.1156 0.762 59.141 1 59.2267 0.418 59.2297 0.418 59.2333 0.418 59.289 0.529 59.536 0.478 59.856 0.440
2	1	37.1186 1	59.165 1
2	1	37.991 1	59.1709 1
2	1	37.6 1	59.156 1
5	4	37.975 1	59.1702 1 59.2057 0.602 59.2413 0.533 59.774 0.651
2	1	37.1803 1	59.689 1
10	24	37.100 1 37.1386 0.840 37.1722 1 37.416 1	59.1517 1 59.161 0.185 59.1933 0.185 59.197 0.222 59.20 0.222 59.684 0.222
2	1	37.920 1	59.1132 1
9	14	37.1547 1 37.1565 1	59.100 0.096 59.112 0.101 59.1127 0.101 59.1409 0.096 59.1551 1 59.1901 0.984 59.2467 0.962
2	1	37.1841 1	59.1960 1
6	5	37.1924 1	59.122 0.057 59.123 0.075 59.1341 1 59.1391 0.667 59.54 1
4	4	37.2430 1 37.2439 0.158	59.1596 0.376 59.741 1
51	648	37.1019 0.982 37.1152 0.982 37.1164 0.982 37.1176 0.982 37.1189 1 37.1212 0.982 37.1299 0.982 37.1327 0.982 37.1392 0.982 37.1396 0.982 37.1398 0.982 37.1503 0.991 37.1538 0.986 37.1712 0.982 37.1730 0.982 37.1821 0.986 37.2112 0.986 37.395 0.982 37.627 0.982 37.754 0.982 37.810 0.982 37.894 0.982 37.900 0.982 37.903 0.986 37.965 0.995 37.1953 0.792 37.1650 0.732	59.1033 0.961 59.1130 0.967 59.1254 0.227 59.1429 0.951 59.1479 0.951 59.1553 0.932 59.1582 1 59.1604 0.065 59.1862 0.936 59.1903 0.076 59.1923 0.311 59.2144 0.472 59.2242 0.918 59.310 0.145 59.348 0.951 59.453 0.226 59.550 0.316 59.633 0.095 59.789 0.578 59.871 0.780 59.875 0.737 59.876 0.967 59.780 0.765 59.2143 0.765
7	12	37.1669 1 37.1718 0.960 37.2397 0.903 37.408 1	59.33 1 59.430 0.195 59.731 0.882
10	16	37.1673 1 37.2674 1 37.1899 0.219 37.3021 0.173 37.3033 0.173 37.3047 0.173 37.2649 0.085 37.3009 0.067	59.1571 1 59.1480 1
2	1	37.1202 1	59.1559 1
47	532	37.90 0.980 37.244 0.980 37.338 0.980 37.523 0.980 37.636 0.980 37.722 0.980 37.796 0.980 37.1014 0.980 37.1178 0.980 37.1329 0.980 37.1410 0.980 37.1446 0.980 37.1740 0.980 37.2017 0.980 37.2090 0.980 37.2157 0.980 37.3011 0.980 37.3023 0.980 37.3035 0.980	59.125 1 59.205 1 59.297 1 59.309 1 59.318 0.910 59.360 1 59.394 0.909 59.528 1 59.661 1 59.827 0.909 59.836 1 59.839 1 59.888 1 59.1021 1 59.1066 1 59.1237 0.898 59.1439 1 59.1533 1 59.1561 1 59.1572 1 59.1732 1 59.1796 1 59.1876 0.893 59.2037 1 59.2077 1 59.2119 0.910 59.2156 1 59.2171 1
