Size	Relations	OrthoA	OrthoB
2	1	37.2310 1	60.48 1
2	1	37.2311 1	60.47 1
2	1	37.2035 1	60.594 1
2	1	37.435 1	60.69 1
2	1	37.2307 1	60.263 1
2	1	37.1800 1	60.92 1
2	1	37.379 1	60.377 1
2	1	37.1513 1	60.480 1
2	1	37.794 1	60.418 1
2	1	37.418 1	60.67 1
2	1	37.1569 1	60.167 1
2	1	37.758 1	60.481 1
2	1	37.320 1	60.24 1
2	1	37.866 1	60.328 1
2	1	37.1070 1	60.458 1
2	1	37.943 1	60.613 1
2	1	37.1521 1	60.548 1
2	1	37.694 1	60.686 1
2	1	37.1519 1	60.546 1
2	1	37.2145 1	60.68 1
2	1	37.1812 1	60.330 1
2	1	37.53 1	60.3 1
2	1	37.54 1	60.4 1
2	1	37.643 1	60.666 1
2	1	37.864 1	60.450 1
2	1	37.1388 1	60.511 1
2	1	37.354 1	60.403 1
2	1	37.1883 1	60.706 1
2	1	37.362 1	60.1106 1
2	1	37.691 1	60.156 1
2	1	37.445 1	60.224 1
2	1	37.1421 1	60.104 1
2	1	37.1947 1	60.589 1
2	1	37.517 1	60.809 1
2	1	37.1865 1	60.174 1
2	1	37.2212 1	60.59 1
2	1	37.2343 1	60.705 1
2	1	37.260 1	60.644 1
2	1	37.143 1	60.117 1
2	1	37.1254 1	60.444 1
2	1	37.63 1	60.13 1
2	1	37.2210 1	60.61 1
2	1	37.486 1	60.234 1
2	1	37.1862 1	60.193 1
3	2	37.1000 1	60.179 0.410 60.185 1
2	1	37.1001 1	60.186 1
2	1	37.80 1	60.18 1
2	1	37.430 1	60.216 1
2	1	37.2306 1	60.264 1
2	1	37.249 1	60.373 1
2	1	37.700 1	60.776 1
2	1	37.2064 1	60.432 1
2	1	37.330 1	60.320 1
2	1	37.2318 1	60.86 1
2	1	37.580 1	60.353 1
2	1	37.2463 1	60.769 1
2	1	37.618 1	60.770 1
2	1	37.651 1	60.757 1
2	1	37.1266 1	60.813 1
2	1	37.1208 1	60.453 1
2	1	37.151 1	60.164 1
2	1	37.2066 1	60.434 1
2	1	37.2455 1	60.1138 1
2	1	37.687 1	60.745 1
2	1	37.1922 1	60.669 1
2	1	37.516 1	60.817 1
2	1	37.507 1	60.640 1
2	1	37.2149 1	60.700 1
2	1	37.656 1	60.752 1
3	2	37.1972 0.060 37.2099 1	60.735 1
5	4	37.2456 1	60.1139 1 60.1125 0.893 60.1140 0.841 60.1141 0.737
2	1	37.1265 1	60.812 1
2	1	37.1027 1	60.794 1
2	1	37.444 1	60.223 1
4	4	37.759 1 37.447 0.767	60.391 1 60.654 0.771
2	1	37.654 1	60.754 1
2	1	37.483 1	60.231 1
3	2	37.760 1	60.636 1 60.465 0.736
2	1	37.1264 1	60.811 1
2	1	37.648 1	60.386 1
3	2	37.146 1 37.2997 0.577	60.120 1
2	1	37.172 1	60.52 1
2	1	37.488 1	60.221 1
2	1	37.645 1	60.664 1
2	1	37.653 1	60.755 1
2	1	37.592 1	60.102 1
2	1	37.1096 1	60.394 1
2	1	37.2196 1	60.656 1
2	1	37.2191 1	60.151 1
2	1	37.2204 1	60.78 1
2	1	37.2193 1	60.149 1
2	1	37.1249 1	60.772 1
2	1	37.329 1	60.280 1
2	1	37.1268 1	60.815 1
2	1	37.1054 1	60.406 1
2	1	37.175 1	60.370 1
2	1	37.487 1	60.220 1
2	1	37.770 1	60.602 1
2	1	37.815 1	60.419 1
2	1	37.564 1	60.337 1
2	1	37.875 1	60.142 1
2	1	37.2384 1	60.1124 1
2	1	37.272 1	60.712 1
2	1	37.2258 1	60.376 1
2	1	37.65 1	60.15 1
2	1	37.145 1	60.119 1
2	1	37.481 1	60.229 1
2	1	37.198 1	60.240 1
2	1	37.2423 1	60.1095 1
2	1	37.1333 1	60.259 1
2	1	37.500 1	60.521 1
2	1	37.1963 1	60.440 1
2	1	37.939 1	60.620 1
3	2	37.2352 1	60.235 1 60.1044 0.906
2	1	37.186 1	60.181 1
2	1	37.501 1	60.520 1
2	1	37.1267 1	60.814 1
2	1	37.1629 1	60.950 1
2	1	37.681 1	60.441 1
2	1	37.1885 1	60.708 1
2	1	37.551 1	60.26 1
2	1	37.1207 1	60.452 1
3	2	37.148 1 37.3000 1	60.130 1
3	2	37.1997 1 37.2100 0.699	60.736 1
2	1	37.932 1	60.626 1
2	1	37.767 1	60.605 1
2	1	37.79 1	60.17 1
2	1	37.999 1	60.178 1
2	1	37.55 1	60.5 1
2	1	37.2458 1	60.1144 1
2	1	37.1055 1	60.544 1
2	1	37.1861 1	60.192 1
2	1	37.346 1	60.325 1
5	6	37.1429 0.990 37.2424 1 37.757 0.214	60.1096 1 60.267 0.273
2	1	37.442 1	60.701 1
2	1	37.1866 1	60.822 1
3	2	37.1950 1 37.2526 0.085	60.592 1
2	1	37.350 1	60.400 1
2	1	37.1880 1	60.730 1
2	1	37.57 1	60.7 1
2	1	37.2175 1	60.218 1
2	1	37.2065 1	60.433 1
2	1	37.792 1	60.417 1
2	1	37.1803 1	60.850 1
2	1	37.51 1	60.1 1
2	1	37.518 1	60.363 1
2	1	37.688 1	60.744 1
2	1	37.931 1	60.627 1
2	1	37.585 1	60.360 1
2	1	37.698 1	60.680 1
2	1	37.1875 1	60.132 1
2	1	37.499 1	60.522 1
2	1	37.2427 1	60.38 1
2	1	37.258 1	60.646 1
2	1	37.519 1	60.364 1
2	1	37.707 1	60.399 1
2	1	37.646 1	60.663 1
2	1	37.2036 1	60.430 1
2	1	37.595 1	60.96 1
2	1	37.1588 1	60.110 1
2	1	37.1944 1	60.691 1
2	1	37.446 1	60.31 1
2	1	37.2460 1	60.1146 1
2	1	37.352 1	60.401 1
2	1	37.2200 1	60.661 1
2	1	37.363 1	60.1107 1
2	1	37.1350 1	60.599 1
2	1	37.358 1	60.668 1
2	1	37.655 1	60.753 1
2	1	37.954 1	60.783 1
2	1	37.276 1	60.716 1
2	1	37.914 1	60.569 1
2	1	37.484 1	60.232 1
2	1	37.187 1	60.180 1
3	2	37.1251 1	60.503 1 60.469 0.547
2	1	37.422 1	60.154 1
2	1	37.1415 1	60.581 1
2	1	37.2148 1	60.158 1
2	1	37.652 1	60.756 1
2	1	37.2033 1	60.596 1
2	1	37.479 1	60.227 1
2	1	37.1185 1	60.698 1
3	2	37.1576 1	60.1100 1 60.955 0.801
2	1	37.567 1	60.340 1
2	1	37.1887 1	60.710 1
2	1	37.1916 1	60.790 1
2	1	37.1203 1	60.471 1
3	2	37.1061 1 37.597 0.844	60.95 1
2	1	37.2198 1	60.659 1
2	1	37.599 1	60.99 1
2	1	37.2302 1	60.98 1
2	1	37.1835 1	60.531 1
2	1	37.256 1	60.648 1
2	1	37.561 1	60.334 1
2	1	37.816 1	60.563 1
2	1	37.1802 1	60.849 1
2	1	37.2146 1	60.71 1
2	1	37.2257 1	60.725 1
2	1	37.1354 1	60.499 1
2	1	37.1934 1	60.677 1
2	1	37.1931 1	60.674 1
2	1	37.2316 1	60.88 1
2	1	37.945 1	60.611 1
2	1	37.1966 1	60.437 1
2	1	37.520 1	60.365 1
3	2	37.2294 0.996 37.2298 1	60.284 1
2	1	37.1881 1	60.731 1
2	1	37.1351 1	60.497 1
2	1	37.2211 1	60.60 1
2	1	37.420 1	60.225 1
2	1	37.1237 1	60.495 1
2	1	37.2218 1	60.53 1
2	1	37.682 1	60.442 1
2	1	37.419 1	60.74 1
2	1	37.775 1	60.751 1
2	1	37.1573 1	60.408 1
2	1	37.480 1	60.228 1
2	1	37.562 1	60.335 1
2	1	37.1184 1	60.699 1
2	1	37.1581 1	60.763 1
2	1	37.59 1	60.9 1
2	1	37.2308 1	60.262 1
2	1	37.355 1	60.404 1
2	1	37.52 1	60.2 1
2	1	37.185 1	60.734 1
2	1	37.436 1	60.70 1
2	1	37.1086 1	60.575 1
2	1	37.1242 1	60.804 1
2	1	37.165 1	60.80 1
2	1	37.611 1	60.383 1
2	1	37.2034 1	60.595 1
2	1	37.2351 1	60.704 1
2	1	37.573 1	60.346 1
2	1	37.937 1	60.622 1
2	1	37.2029 1	60.779 1
2	1	37.1467 1	60.585 1
3	2	37.2013 1 37.2115 0.089	60.73 1
2	1	37.576 1	60.349 1
2	1	37.956 1	60.782 1
2	1	37.587 1	60.355 1
2	1	37.2192 1	60.150 1
2	1	37.1933 1	60.676 1
2	1	37.1097 1	60.395 1
2	1	37.1258 1	60.550 1
2	1	37.1834 1	60.530 1
2	1	37.2309 1	60.261 1
4	3	37.74 1	60.629 0.106 60.630 0.066 60.631 1
2	1	37.1262 1	60.411 1
2	1	37.1589 1	60.109 1
2	1	37.568 1	60.341 1
2	1	37.1470 1	60.131 1
2	1	37.2251 1	60.166 1
2	1	37.769 1	60.603 1
2	1	37.1188 1	60.738 1
2	1	37.578 1	60.351 1
2	1	37.64 1	60.14 1
2	1	37.650 1	60.652 1
2	1	37.502 1	60.519 1
2	1	37.279 1	60.718 1
3	2	37.1572 1 37.1222 0.690	60.409 1
2	1	37.1860 1	60.191 1
2	1	37.2317 1	60.87 1
2	1	37.1932 1	60.675 1
2	1	37.718 1	60.479 1
2	1	37.773 1	60.765 1
2	1	37.170 1	60.29 1
2	1	37.2457 1	60.1143 1
2	1	37.1644 1	60.687 1
3	2	37.1930 1 37.1205 0.809	60.673 1
2	1	37.196 1	60.239 1
2	1	37.1531 1	60.170 1
2	1	37.1273 1	60.203 1
2	1	37.1517 1	60.326 1
2	1	37.1522 1	60.509 1
2	1	37.359 1	60.667 1
2	1	37.1920 1	60.533 1
2	1	37.1160 1	60.515 1
3	2	37.147 1 37.2999 0.912	60.129 1
2	1	37.1154 1	60.1068 1
2	1	37.2031 1	60.598 1
2	1	37.61 1	60.11 1
2	1	37.1811 1	60.165 1
2	1	37.1161 1	60.514 1
2	1	37.2428 1	60.37 1
2	1	37.697 1	60.681 1
2	1	37.1849 1	60.177 1
2	1	37.81 1	60.19 1
2	1	37.584 1	60.359 1
2	1	37.860 1	60.523 1
2	1	37.1936 1	60.826 1
2	1	37.474 1	60.35 1
2	1	37.1217 1	60.494 1
2	1	37.171 1	60.30 1
2	1	37.2305 1	60.213 1
2	1	37.174 1	60.368 1
2	1	37.1818 1	60.272 1
2	1	37.571 1	60.344 1
2	1	37.771 1	60.767 1
3	2	37.141 1 37.2989 0.707	60.106 1
2	1	37.586 1	60.361 1
2	1	37.614 1	60.385 1
2	1	37.695 1	60.683 1
4	4	37.1062 1 37.774 0.783	60.764 1 60.567 0.774
2	1	37.195 1	60.238 1
2	1	37.1024 1	60.830 1
2	1	37.581 1	60.354 1
2	1	37.62 1	60.12 1
5	6	37.1248 0.516 37.2319 1 37.702 0.354	60.84 1 60.85 0.183
2	1	37.280 1	60.719 1
2	1	37.813 1	60.529 1
2	1	37.166 1	60.82 1
2	1	37.1253 1	60.446 1
2	1	37.1886 1	60.709 1
2	1	37.706 1	60.398 1
2	1	37.2067 1	60.435 1
2	1	37.1257 1	60.793 1
2	1	37.696 1	60.682 1
3	2	37.708 1	60.696 0.211 60.784 1
2	1	37.1587 1	60.160 1
2	1	37.2032 1	60.597 1
2	1	37.575 1	60.348 1
2	1	37.579 1	60.352 1
2	1	37.686 1	60.746 1
2	1	37.331 1	60.93 1
2	1	37.583 1	60.358 1
2	1	37.772 1	60.766 1
2	1	37.2179 1	60.51 1
2	1	37.1946 1	60.693 1
3	2	37.1464 1 37.1465 0.794	60.526 1
2	1	37.199 1	60.241 1
2	1	37.2216 1	60.55 1
2	1	37.833 1	60.422 1
2	1	37.173 1	60.367 1
4	3	37.1941 1	60.692 1 60.467 0.757 60.1110 0.784
2	1	37.863 1	60.449 1
2	1	37.2030 1	60.778 1
2	1	37.947 1	60.609 1
2	1	37.194 1	60.237 1
2	1	37.448 1	60.32 1
2	1	37.938 1	60.621 1
2	1	37.2382 1	60.1122 1
2	1	37.862 1	60.448 1
3	2	37.951 1 37.615 0.641	60.608 1
2	1	37.477 1	60.518 1
3	2	37.2195 1 37.1162 0.724	60.277 1
2	1	37.1194 1	60.451 1
2	1	37.2203 1	60.79 1
2	1	37.478 1	60.226 1
2	1	37.590 1	60.100 1
2	1	37.1317 1	60.728 1
2	1	37.257 1	60.647 1
2	1	37.1150 1	60.1067 1
2	1	37.58 1	60.8 1
2	1	37.384 1	60.821 1
2	1	37.565 1	60.338 1
2	1	37.1250 1	60.273 1
2	1	37.521 1	60.366 1
2	1	37.560 1	60.333 1
2	1	37.566 1	60.339 1
2	1	37.612 1	60.384 1
2	1	37.1833 1	60.774 1
2	1	37.2184 1	60.485 1
2	1	37.361 1	60.1105 1
2	1	37.1882 1	60.655 1
3	2	37.719 1	60.187 1 60.188 0.199
8	7	37.2250 1	60.1006 0.053 60.140 1 60.300 0.268 60.875 0.092 60.965 0.067 60.985 0.428 60.988 0.067
2	1	37.93 1	60.41 1
2	1	37.1869 1	60.785 1
3	2	37.142 1 37.2990 1	60.116 1
5	6	37.374 1 37.1711 1 37.2206 0.953	60.275 1 60.155 0.933
2	1	37.1026 1	60.828 1
2	1	37.250 1	60.374 1
2	1	37.489 1	60.219 1
2	1	37.647 1	60.662 1
2	1	37.716 1	60.638 1
2	1	37.768 1	60.604 1
2	1	37.749 1	60.787 1
2	1	37.482 1	60.230 1
2	1	37.439 1	60.702 1
2	1	37.177 1	60.372 1
2	1	37.1390 1	60.555 1
2	1	37.155 1	60.720 1
2	1	37.1815 1	60.741 1
2	1	37.784 1	60.392 1
2	1	37.252 1	60.651 1
2	1	37.717 1	60.637 1
2	1	37.577 1	60.350 1
2	1	37.692 1	60.108 1
2	1	37.1478 1	60.426 1
2	1	37.259 1	60.645 1
2	1	37.273 1	60.713 1
2	1	37.1585 1	60.162 1
2	1	37.608 1	60.380 1
2	1	37.747 1	60.789 1
2	1	37.92 1	60.42 1
2	1	37.490 1	60.792 1
2	1	37.1036 1	60.573 1
2	1	37.167 1	60.64 1
2	1	37.274 1	60.714 1
2	1	37.353 1	60.402 1
2	1	37.570 1	60.343 1
2	1	37.683 1	60.639 1
2	1	37.2214 1	60.57 1
2	1	37.550 1	60.25 1
2	1	37.563 1	60.336 1
2	1	37.946 1	60.610 1
2	1	37.1463 1	60.733 1
2	1	37.150 1	60.163 1
2	1	37.572 1	60.345 1
2	1	37.1838 1	60.587 1
2	1	37.2213 1	60.58 1
2	1	37.1921 1	60.153 1
2	1	37.1929 1	60.672 1
2	1	37.189 1	60.236 1
2	1	37.1477 1	60.427 1
2	1	37.1574 1	60.407 1
2	1	37.1071 1	60.459 1
2	1	37.254 1	60.650 1
2	1	37.82 1	60.20 1
2	1	37.515 1	60.732 1
2	1	37.83 1	60.21 1
2	1	37.84 1	60.22 1
2	1	37.2185 1	60.483 1
2	1	37.1065 1	60.66 1
2	1	37.644 1	60.665 1
2	1	37.867 1	60.176 1
2	1	37.915 1	60.568 1
2	1	37.255 1	60.649 1
2	1	37.375 1	60.276 1
2	1	37.574 1	60.347 1
2	1	37.60 1	60.10 1
2	1	37.616 1	60.388 1
2	1	37.596 1	60.97 1
2	1	37.1413 1	60.579 1
2	1	37.364 1	60.1108 1
2	1	37.936 1	60.623 1
2	1	37.944 1	60.612 1
2	1	37.2197 1	60.658 1
2	1	37.1186 1	60.739 1
2	1	37.1219 1	60.43 1
2	1	37.2383 1	60.1123 1
2	1	37.421 1	60.76 1
6	8	37.1440 1 37.1441 1	60.254 1 60.257 1 60.295 0.150 60.1011 0.106
14	13	37.1394 0.244 37.1535 0.244 37.1552 0.244 37.1593 0.226 37.206 0.244 37.2072 0.244 37.2079 0.177 37.2165 0.177 37.2392 0.177 37.402 0.177 37.506 1 37.621 0.244 37.977 0.287	60.641 1
2	1	37.582 1	60.356 1
2	1	37.1269 1	60.816 1
6	5	37.1439 1	60.1012 0.333 60.253 0.466 60.294 1 60.536 0.063 60.538 0.064
2	1	37.2037 1	60.431 1
11	10	37.248 1	60.1035 1 60.1046 0.240 60.1050 0.218 60.1088 0.193 60.183 0.064 60.189 0.097 60.539 0.229 60.865 0.196 60.872 0.229 60.891 0.232
2	1	37.2205 1	60.77 1
2	1	37.1158 1	60.1069 1
2	1	37.85 1	60.23 1
2	1	37.2208 1	60.1056 1
2	1	37.732 1	60.771 1
2	1	37.1645 1	60.50 1
3	2	37.1632 0.156 37.1687 1	60.618 1
2	1	37.1479 1	60.425 1
2	1	37.594 1	60.103 1
2	1	37.1227 1	60.473 1
2	1	37.1817 1	60.743 1
2	1	37.1879 1	60.861 1
2	1	37.617 1	60.222 1
2	1	37.1037 1	60.572 1
2	1	37.1414 1	60.580 1
2	1	37.485 1	60.233 1
2	1	37.1471 1	60.588 1
2	1	37.356 1	60.818 1
2	1	37.935 1	60.624 1
2	1	37.203 1	60.244 1
2	1	37.2182 1	60.484 1
2	1	37.2183 1	60.486 1
2	1	37.591 1	60.101 1
2	1	37.1210 1	60.510 1
2	1	37.762 1	60.323 1
3	2	37.1805 1	60.851 1 60.858 0.344
3	2	37.188 1 37.378 0.073	60.737 1
2	1	37.201 1	60.243 1
2	1	37.2381 1	60.1121 1
2	1	37.389 1	60.274 1
2	1	37.438 1	60.703 1
2	1	37.1586 1	60.161 1
2	1	37.2461 1	60.1147 1
2	1	37.277 1	60.717 1
35	234	37.1556 1 37.2433 1 37.1538 0.997 37.1821 0.997 37.2112 0.997 37.903 0.997 37.1019 0.990 37.1176 0.990 37.1212 0.990 37.1299 0.990 37.1327 0.990 37.1392 0.990 37.1396 0.990 37.1398 0.990 37.1712 0.990 37.1730 0.990 37.1970 0.990 37.2132 0.990 37.395 0.990 37.627 0.990 37.754 0.990 37.810 0.990 37.894 0.990 37.900 0.990 37.66 0.987 37.965 0.987	60.1028 1 60.298 1 60.255 1 60.887 1 60.967 1 60.135 0.977 60.145 0.977 60.937 0.977 60.1083 0.129
2	1	37.832 1	60.421 1
3	2	37.603 1 37.948 0.173	60.761 1
3	2	37.1949 1 37.2528 0.692	60.591 1
2	1	37.200 1	60.242 1
3	2	37.1626 1	60.44 1 60.697 0.106
2	1	37.56 1	60.6 1
2	1	37.1813 1	60.749 1
2	1	37.748 1	60.788 1
2	1	37.1928 1	60.671 1
2	1	37.1025 1	60.829 1
2	1	37.1123 1	60.688 1
2	1	37.1571 1	60.410 1
2	1	37.2015 1	60.1019 1
2	1	37.912 1	60.780 1
2	1	37.154 1	60.721 1
2	1	37.1842 1	60.489 1
2	1	37.859 1	60.524 1
2	1	37.942 1	60.614 1
2	1	37.1515 1	60.600 1
3	2	37.1951 1 37.2524 1	60.593 1
2	1	37.2176 1	60.642 1
2	1	37.701 1	60.775 1
2	1	37.952 1	60.606 1
2	1	37.1816 1	60.742 1
2	1	37.2312 1	60.278 1
2	1	37.473 1	60.34 1
2	1	37.2068 1	60.436 1
2	1	37.1032 1	60.601 1
2	1	37.589 1	60.115 1
2	1	37.684 1	60.748 1
3	2	37.144 1 37.2994 1	60.118 1
2	1	37.2354 1	60.468 1
2	1	37.874 1	60.501 1
2	1	37.934 1	60.625 1
3	2	37.1938 1 37.933 0.072	60.982 1
2	1	37.940 1	60.619 1
2	1	37.865 1	60.543 1
5	4	37.1801 1	60.839 1 60.853 0.217 60.857 0.171 60.980 0.338
2	1	37.2462 1	60.1148 1
2	1	37.1923 1	60.670 1
2	1	37.1318 1	60.729 1
2	1	37.685 1	60.747 1
2	1	37.176 1	60.371 1
2	1	37.1647 1	60.583 1
2	1	37.2215 1	60.56 1
2	1	37.610 1	60.382 1
2	1	37.783 1	60.750 1
2	1	37.2199 1	60.660 1
2	1	37.1814 1	60.740 1
2	1	37.1121 1	60.525 1
2	1	37.1484 1	60.423 1
3	2	37.1877 1	60.460 1 60.461 0.143
2	1	37.2209 1	60.62 1
2	1	37.861 1	60.447 1
10	9	37.2419 1 37.2735 1 37.2757 1 37.2785 0.617 37.2811 1 37.2833 0.088 37.2914 0.169 37.2957 0.096 37.453 1	60.1098 1
3	2	37.1948 1 37.2529 1	60.590 1
2	1	37.1035 1	60.574 1
7	10	37.2304 1 37.2014 1	60.211 1 60.1114 1 60.212 0.552 60.322 0.224 60.1119 0.098
4	3	37.2011 1 37.2110 0.153 37.2113 0.129	60.1112 1
2	1	37.1225 1	60.474 1
3	2	37.1598 1 37.604 0.055	60.1117 1
3	2	37.319 1	60.842 0.347 60.986 1
2	1	37.386 1	60.321 1
2	1	37.555 1	60.379 1
2	1	37.1575 1	60.1101 1
2	1	37.443 1	60.582 1
2	1	37.2194 1	60.75 1
7	6	37.817 1	60.248 0.787 60.249 0.574 60.251 1 60.252 0.742 60.292 0.095 60.293 0.058
