Size	Relations	OrthoA	OrthoB
2	1	37.1356 1	58.1878 1
2	1	37.2035 1	58.122 1
2	1	37.1807 1	58.2352 1
2	1	37.1070 1	58.1561 1
2	1	37.2311 1	58.393 1
2	1	37.2310 1	58.392 1
2	1	37.1629 1	58.2150 1
2	1	37.175 1	58.669 1
2	1	37.360 1	58.853 1
2	1	37.2449 1	58.532 1
2	1	37.217 1	58.711 1
4	4	37.1750 1 37.2056 1	58.142 1 58.2298 1
8	15	37.1279 1 37.1693 1 37.1991 1	58.1768 1 58.1803 1 58.2213 1 58.2244 1 58.2535 1
7	6	37.1144 1 37.2562 1 37.2587 1 37.2612 1 37.2744 1 37.2820 1	58.1634 1
2	1	37.115 1	58.610 1
2	1	37.466 1	58.959 1
2	1	37.2406 1	58.488 1
2	1	37.1883 1	58.2428 1
2	1	37.1519 1	58.2041 1
2	1	37.862 1	58.1355 1
2	1	37.517 1	58.1010 1
2	1	37.435 1	58.928 1
2	1	37.943 1	58.1436 1
2	1	37.866 1	58.1359 1
2	1	37.2257 1	58.340 1
2	1	37.758 1	58.1251 1
2	1	37.1513 1	58.2035 1
2	1	37.643 1	58.1136 1
2	1	37.320 1	58.813 1
2	1	37.204 1	58.698 1
2	1	37.29 1	58.2615 1
2	1	37.2343 1	58.425 1
2	1	37.1800 1	58.2345 1
2	1	37.2191 1	58.276 1
2	1	37.1671 1	58.2191 1
2	1	37.379 1	58.872 1
2	1	37.325 1	58.818 1
2	1	37.2395 1	58.477 1
2	1	37.847 1	58.1340 1
2	1	37.932 1	58.1425 1
2	1	37.54 1	58.550 1
2	1	37.418 1	58.912 1
2	1	37.176 1	58.670 1
2	1	37.405 1	58.899 1
2	1	37.255 1	58.748 1
2	1	37.2120 1	58.206 1
2	1	37.1402 1	58.1924 1
2	1	37.794 1	58.1287 1
2	1	37.1808 1	58.2353 1
2	1	37.660 1	58.1153 1
2	1	37.1358 1	58.1880 1
2	1	37.1264 1	58.1753 1
2	1	37.1359 1	58.1881 1
2	1	37.864 1	58.1357 1
2	1	37.592 1	58.1085 1
2	1	37.1265 1	58.1754 1
2	1	37.1055 1	58.1546 1
2	1	37.362 1	58.855 1
2	1	37.657 1	58.1150 1
2	1	37.2307 1	58.389 1
2	1	37.2204 1	58.289 1
2	1	37.1573 1	58.2095 1
2	1	37.1063 1	58.1554 1
2	1	37.1936 1	58.2481 1
2	1	37.1367 1	58.1889 1
2	1	37.2024 1	58.111 1
2	1	37.2317 1	58.399 1
2	1	37.1776 1	58.2323 1
2	1	37.357 1	58.850 1
2	1	37.1388 1	58.1910 1
2	1	37.505 1	58.998 1
2	1	37.97 1	58.592 1
2	1	37.143 1	58.637 1
2	1	37.57 1	58.553 1
2	1	37.645 1	58.1138 1
2	1	37.63 1	58.559 1
2	1	37.1001 1	58.1494 1
2	1	37.165 1	58.659 1
2	1	37.2013 1	58.100 1
2	1	37.194 1	58.688 1
2	1	37.53 1	58.549 1
2	1	37.1521 1	58.2043 1
2	1	37.649 1	58.1142 1
2	1	37.2145 1	58.231 1
4	3	37.807 1 37.3018 0.867 37.3030 0.867	58.1300 1
2	1	37.445 1	58.938 1
2	1	37.185 1	58.679 1
2	1	37.1955 1	58.2500 1
2	1	37.1812 1	58.2357 1
2	1	37.2065 1	58.151 1
2	1	37.816 1	58.1309 1
2	1	37.249 1	58.742 1
2	1	37.1675 1	58.2195 1
2	1	37.330 1	58.823 1
2	1	37.2391 1	58.473 1
4	4	37.2080 1 37.2164 1	58.166 1 58.249 1
2	1	37.1318 1	58.1840 1
2	1	37.1588 1	58.2110 1
2	1	37.1947 1	58.2492 1
2	1	37.1351 1	58.1873 1
2	1	37.1569 1	58.2091 1
2	1	37.1027 1	58.1518 1
2	1	37.906 1	58.1399 1
2	1	37.1897 1	58.2442 1
2	1	37.694 1	58.1187 1
2	1	37.706 1	58.1199 1
2	1	37.1208 1	58.1698 1
2	1	37.648 1	58.1141 1
2	1	37.254 1	58.747 1
2	1	37.1421 1	58.1943 1
2	1	37.401 1	58.895 1
2	1	37.354 1	58.847 1
2	1	37.1442 1	58.1964 1
2	1	37.2083 1	58.169 1
2	1	37.834 1	58.1327 1
2	1	37.2258 1	58.341 1
2	1	37.700 1	58.1193 1
2	1	37.184 1	58.678 1
2	1	37.39 1	58.2605 1
2	1	37.516 1	58.1009 1
2	1	37.1266 1	58.1755 1
2	1	37.1825 1	58.2370 1
2	1	37.1468 1	58.1990 1
2	1	37.1886 1	58.2431 1
2	1	37.854 1	58.1347 1
2	1	37.1441 1	58.1963 1
2	1	37.691 1	58.1184 1
2	1	37.444 1	58.937 1
2	1	37.1922 1	58.2467 1
2	1	37.486 1	58.979 1
2	1	37.74 1	58.570 1
2	1	37.764 1	58.1257 1
2	1	37.875 1	58.1368 1
2	1	37.1254 1	58.1743 1
2	1	37.618 1	58.1111 1
2	1	37.682 1	58.1175 1
2	1	37.1360 1	58.1882 1
2	1	37.324 1	58.817 1
2	1	37.1862 1	58.2407 1
3	2	37.142 1 37.2990 1	58.636 1
3	2	37.148 1 37.3000 1	58.642 1
2	1	37.1058 1	58.1549 1
2	1	37.2212 1	58.297 1
2	1	37.1606 1	58.2128 1
2	1	37.2318 1	58.400 1
2	1	37.80 1	58.576 1
2	1	37.2325 1	58.407 1
2	1	37.1899 1	58.2444 1
2	1	37.763 1	58.1256 1
2	1	37.78 1	58.574 1
2	1	37.871 1	58.1364 1
2	1	37.1772 1	58.2319 1
2	1	37.1720 1	58.2270 1
8	15	37.1276 1 37.1690 1 37.1994 1	58.1765 1 58.1800 1 58.2210 1 58.2538 1 58.80 1
2	1	37.1147 1	58.1637 1
6	5	37.1890 1 37.2487 1 37.2557 1 37.2582 1 37.2872 1	58.2435 1
3	2	37.214 1	58.2295 1 58.708 1
7	10	37.2403 1 37.2741 1 37.2763 1 37.2817 1 37.469 1	58.485 1 58.962 1
2	1	37.1728 1	58.2278 1
2	1	37.1958 1	58.2503 1
2	1	37.681 1	58.1174 1
2	1	37.1667 1	58.2187 1
2	1	37.2129 1	58.215 1
2	1	37.321 1	58.814 1
2	1	37.430 1	58.923 1
2	1	37.1042 1	58.1533 1
2	1	37.483 1	58.976 1
2	1	37.2399 1	58.481 1
2	1	37.410 1	58.904 1
2	1	37.701 1	58.1194 1
2	1	37.1393 1	58.1915 1
2	1	37.1628 1	58.2149 1
2	1	37.186 1	58.680 1
2	1	37.149 1	58.643 1
2	1	37.879 1	58.1372 1
2	1	37.151 1	58.645 1
2	1	37.260 1	58.753 1
2	1	37.35 1	58.2609 1
2	1	37.501 1	58.994 1
2	1	37.1673 1	58.2193 1
2	1	37.145 1	58.639 1
2	1	37.2064 1	58.150 1
2	1	37.1000 1	58.1493 1
2	1	37.2405 1	58.487 1
4	4	37.1145 1 37.1749 1	58.1635 1 58.2297 1
2	1	37.114 1	58.609 1
7	12	37.1278 1 37.1692 1 37.1992 1	58.1767 1 58.1802 1 58.2212 1 58.2536 1
2	1	37.1774 1	58.2321 1
2	1	37.1956 1	58.2501 1
2	1	37.216 1	58.710 1
4	3	37.2743 1 37.2819 1 37.467 1	58.960 1
2	1	37.1892 1	58.2437 1
2	1	37.2183 1	58.268 1
2	1	37.2410 1	58.492 1
2	1	37.1248 1	58.1736 1
2	1	37.146 1	58.640 1
2	1	37.760 1	58.1253 1
2	1	37.2319 1	58.401 1
2	1	37.2463 1	58.546 1
2	1	37.2051 1	58.137 1
23	132	37.1140 1 37.1283 1 37.1697 1 37.1755 1 37.1987 1 37.2566 1 37.2591 1 37.2616 1 37.2748 1 37.2802 1 37.2824 1 37.462 1	58.1630 1 58.1772 1 58.1807 1 58.2217 1 58.2248 1 58.2303 1 58.25 1 58.2531 1 58.2711 1 58.3 1 58.955 1
2	1	37.1782 1	58.2328 1
2	1	37.1901 1	58.2446 1
2	1	37.200 1	58.694 1
2	1	37.656 1	58.1149 1
2	1	37.2857 1	58.72 1
2	1	37.504 1	58.997 1
3	2	37.1997 1	58.2541 1 58.83 1
2	1	37.2210 1	58.295 1
2	1	37.946 1	58.1439 1
2	1	37.1865 1	58.2410 1
2	1	37.1963 1	58.2508 1
2	1	37.580 1	58.1073 1
2	1	37.651 1	58.1144 1
2	1	37.2337 1	58.419 1
2	1	37.212 1	58.706 1
8	16	37.1149 1 37.1274 1 37.1688 1 37.2605 1	58.1639 1 58.1763 1 58.2208 1 58.2293 1
2	1	37.1960 1	58.2505 1
3	2	37.1996 1	58.2540 1 58.82 1
5	6	37.107 1 37.2063 1	58.149 1 58.2696 1 58.602 1
2	1	37.369 1	58.862 1
2	1	37.2034 1	58.121 1
2	1	37.1158 1	58.1648 1
4	4	37.2078 1 37.403 1	58.164 1 58.897 1
2	1	37.644 1	58.1137 1
2	1	37.1348 1	58.1870 1
2	1	37.1467 1	58.1989 1
2	1	37.2429 1	58.511 1
2	1	37.2393 1	58.475 1
2	1	37.1827 1	58.2372 1
3	2	37.1273 1	58.1762 1 58.1797 1
2	1	37.446 1	58.939 1
2	1	37.1529 1	58.2051 1
2	1	37.1950 1	58.2495 1
2	1	37.487 1	58.980 1
2	1	37.420 1	58.914 1
2	1	37.1686 1	58.2206 1
2	1	37.1532 1	58.2054 1
7	10	37.2401 1 37.2739 1 37.2761 1 37.2815 1 37.471 1	58.483 1 58.964 1
2	1	37.51 1	58.547 1
2	1	37.1439 1	58.1961 1
2	1	37.759 1	58.1252 1
2	1	37.938 1	58.1431 1
2	1	37.628 1	58.1121 1
2	1	37.187 1	58.681 1
2	1	37.329 1	58.822 1
2	1	37.551 1	58.1044 1
2	1	37.2151 1	58.237 1
2	1	37.1096 1	58.1587 1
2	1	37.1775 1	58.2322 1
2	1	37.62 1	58.558 1
2	1	37.687 1	58.1180 1
2	1	37.543 1	58.1036 1
2	1	37.2458 1	58.541 1
2	1	37.507 1	58.1000 1
2	1	37.1576 1	58.2098 1
2	1	37.2028 1	58.115 1
2	1	37.2390 1	58.472 1
2	1	37.2081 1	58.167 1
2	1	37.400 1	58.894 1
2	1	37.2163 1	58.248 1
2	1	37.868 1	58.1361 1
2	1	37.964 1	58.1457 1
2	1	37.2147 1	58.233 1
2	1	37.770 1	58.1263 1
2	1	37.1227 1	58.1717 1
2	1	37.2099 1	58.185 1
2	1	37.2108 1	58.194 1
2	1	37.1203 1	58.1693 1
2	1	37.1333 1	58.1855 1
2	1	37.2066 1	58.152 1
2	1	37.1354 1	58.1876 1
2	1	37.488 1	58.981 1
2	1	37.1670 1	58.2190 1
2	1	37.792 1	58.1285 1
2	1	37.125 1	58.620 1
2	1	37.1717 1	58.2267 1
2	1	37.172 1	58.666 1
2	1	37.272 1	58.765 1
2	1	37.55 1	58.551 1
2	1	37.702 1	58.1195 1
2	1	37.698 1	58.1191 1
2	1	37.1253 1	58.1742 1
2	1	37.2396 1	58.478 1
2	1	37.407 1	58.901 1
2	1	37.552 1	58.1045 1
2	1	37.281 1	58.774 1
2	1	37.2049 1	58.135 1
4	4	37.1138 1 37.1757 1	58.1628 1 58.2305 1
9	20	37.127 1 37.1784 1 37.2235 1 37.224 1	58.2330 1 58.2686 1 58.319 1 58.622 1 58.718 1
2	1	37.1803 1	58.2348 1
2	1	37.258 1	58.751 1
2	1	37.484 1	58.977 1
2	1	37.1207 1	58.1697 1
2	1	37.1666 1	58.2186 1
2	1	37.839 1	58.1332 1
2	1	37.2398 1	58.480 1
2	1	37.2460 1	58.543 1
2	1	37.1380 1	58.1902 1
2	1	37.815 1	58.1308 1
2	1	37.2100 1	58.186 1
2	1	37.411 1	58.905 1
2	1	37.1355 1	58.1877 1
2	1	37.2149 1	58.235 1
2	1	37.1434 1	58.1956 1
2	1	37.447 1	58.940 1
2	1	37.655 1	58.1148 1
19	88	37.1285 1 37.1699 1 37.1985 1 37.2472 1 37.2568 1 37.2593 1 37.2618 1 37.2750 1 37.2804 1 37.2826 1 37.460 1	58.1809 1 58.2219 1 58.2250 1 58.23 1 58.2529 1 58.45 1 58.70 1 58.953 1
2	1	37.2128 1	58.214 1
2	1	37.438 1	58.931 1
3	2	37.1268 1	58.1757 1 58.1792 1
2	1	37.1861 1	58.2406 1
2	1	37.1052 1	58.1543 1
2	1	37.2306 1	58.388 1
2	1	37.1885 1	58.2430 1
2	1	37.1051 1	58.1542 1
2	1	37.1879 1	58.2424 1
2	1	37.1429 1	58.1951 1
2	1	37.2424 1	58.506 1
2	1	37.939 1	58.1432 1
2	1	37.1880 1	58.2425 1
2	1	37.1054 1	58.1545 1
2	1	37.865 1	58.1358 1
2	1	37.693 1	58.1186 1
2	1	37.1668 1	58.2188 1
2	1	37.1719 1	58.2269 1
2	1	37.2196 1	58.281 1
2	1	37.2007 1	58.93 1
2	1	37.2107 1	58.193 1
2	1	37.1390 1	58.1912 1
2	1	37.409 1	58.903 1
2	1	37.1457 1	58.1979 1
2	1	37.2014 1	58.101 1
2	1	37.2150 1	58.236 1
2	1	37.2294 1	58.376 1
2	1	37.2298 1	58.380 1
2	1	37.1349 1	58.1871 1
2	1	37.1716 1	58.2266 1
2	1	37.2033 1	58.120 1
2	1	37.1877 1	58.2422 1
2	1	37.1645 1	58.2165 1
2	1	37.914 1	58.1407 1
2	1	37.732 1	58.1225 1
2	1	37.436 1	58.929 1
2	1	37.1211 1	58.1701 1
2	1	37.1180 1	58.1670 1
2	1	37.653 1	58.1146 1
2	1	37.2354 1	58.436 1
2	1	37.1476 1	58.1998 1
2	1	37.1350 1	58.1872 1
2	1	37.779 1	58.1272 1
2	1	37.1154 1	58.1644 1
2	1	37.1687 1	58.2207 1
2	1	37.757 1	58.1250 1
2	1	37.876 1	58.1369 1
2	1	37.355 1	58.848 1
2	1	37.707 1	58.1200 1
2	1	37.1249 1	58.1737 1
2	1	37.719 1	58.1212 1
2	1	37.278 1	58.771 1
2	1	37.1575 1	58.2097 1
2	1	37.2032 1	58.119 1
2	1	37.1170 1	58.1660 1
2	1	37.1206 1	58.1696 1
2	1	37.481 1	58.974 1
2	1	37.1161 1	58.1651 1
2	1	37.1944 1	58.2489 1
2	1	37.2334 1	58.416 1
2	1	37.2193 1	58.278 1
2	1	37.363 1	58.856 1
2	1	37.931 1	58.1424 1
2	1	37.1875 1	58.2420 1
2	1	37.2333 1	58.415 1
2	1	37.177 1	58.671 1
2	1	37.52 1	58.548 1
2	1	37.983 1	58.1476 1
2	1	37.1632 1	58.2153 1
2	1	37.2456 1	58.539 1
2	1	37.548 1	58.1041 1
2	1	37.1732 1	58.2282 1
2	1	37.1612 1	58.2134 1
2	1	37.1317 1	58.1839 1
2	1	37.276 1	58.769 1
2	1	37.1406 1	58.1928 1
4	4	37.1736 1 37.240 1	58.2286 1 58.733 1
2	1	37.1214 1	58.1704 1
2	1	37.2385 1	58.467 1
2	1	37.800 1	58.1293 1
2	1	37.1799 1	58.2344 1
2	1	37.2161 1	58.246 1
2	1	37.198 1	58.692 1
2	1	37.2201 1	58.286 1
2	1	37.2384 1	58.466 1
2	1	37.632 1	58.1125 1
2	1	37.352 1	58.845 1
2	1	37.500 1	58.993 1
2	1	37.79 1	58.575 1
2	1	37.2423 1	58.505 1
2	1	37.812 1	58.1305 1
2	1	37.1866 1	58.2411 1
2	1	37.2455 1	58.538 1
2	1	37.2175 1	58.260 1
2	1	37.654 1	58.1147 1
2	1	37.275 1	58.768 1
2	1	37.1903 1	58.2448 1
2	1	37.2412 1	58.494 1
2	1	37.824 1	58.1317 1
2	1	37.912 1	58.1405 1
2	1	37.652 1	58.1145 1
2	1	37.1587 1	58.2109 1
2	1	37.1649 1	58.2169 1
2	1	37.604 1	58.1097 1
2	1	37.1932 1	58.2477 1
2	1	37.209 1	58.703 1
2	1	37.1644 1	58.2164 1
10	24	37.1888 1 37.2485 1 37.2555 1 37.2580 1 37.2692 1 37.2870 1	58.12 1 58.2433 1 58.34 1 58.59 1
2	1	37.81 1	58.577 1
2	1	37.1835 1	58.2380 1
2	1	37.195 1	58.689 1
2	1	37.1969 1	58.2514 1
2	1	37.2170 1	58.255 1
2	1	37.1893 1	58.2438 1
2	1	37.1876 1	58.2421 1
2	1	37.203 1	58.697 1
4	4	37.2270 1 37.292 1	58.353 1 58.785 1
2	1	37.1252 1	58.1741 1
2	1	37.727 1	58.1220 1
2	1	37.2169 1	58.254 1
2	1	37.358 1	58.851 1
2	1	37.499 1	58.992 1
2	1	37.2304 1	58.386 1
2	1	37.1071 1	58.1562 1
2	1	37.1566 1	58.2088 1
2	1	37.1881 1	58.2426 1
2	1	37.688 1	58.1181 1
2	1	37.1086 1	58.1577 1
2	1	37.1548 1	58.2070 1
2	1	37.1122 1	58.1613 1
2	1	37.2230 1	58.314 1
2	1	37.520 1	58.1013 1
2	1	37.386 1	58.879 1
2	1	37.2200 1	58.285 1
2	1	37.1572 1	58.2094 1
2	1	37.999 1	58.1492 1
2	1	37.590 1	58.1083 1
2	1	37.2436 1	58.518 1
2	1	37.595 1	58.1088 1
7	10	37.1989 1 37.2855 1	58.2533 1 58.27 1 58.5 1 58.52 1 58.74 1
3	2	37.1267 1	58.1756 1 58.1791 1
8	15	37.1281 1 37.1695 1 37.219 1	58.1770 1 58.1805 1 58.2215 1 58.2246 1 58.713 1
3	2	37.117 1	58.2677 1 58.612 1
2	1	37.1251 1	58.1740 1
9	8	37.1142 1 37.2539 1 37.2564 1 37.2589 1 37.2614 1 37.2746 1 37.2800 1 37.2822 1	58.1632 1
2	1	37.2302 1	58.384 1
2	1	37.2313 1	58.395 1
2	1	37.2134 1	58.220 1
2	1	37.2408 1	58.490 1
2	1	37.464 1	58.957 1
2	1	37.650 1	58.1143 1
2	1	37.1162 1	58.1652 1
2	1	37.1610 1	58.2132 1
2	1	37.2234 1	58.318 1
2	1	37.2184 1	58.269 1
2	1	37.692 1	58.1185 1
2	1	37.1209 1	58.1699 1
2	1	37.178 1	58.672 1
2	1	37.2097 1	58.183 1
2	1	37.549 1	58.1042 1
2	1	37.1324 1	58.1846 1
2	1	37.2259 1	58.342 1
2	1	37.442 1	58.935 1
18	80	37.1133 1 37.1290 1 37.1704 1 37.1762 1 37.1980 1 37.2044 1 37.2598 1 37.2623 1	58.131 1 58.1624 1 58.1813 1 58.19 1 58.2223 1 58.2254 1 58.2309 1 58.2525 1 58.41 1 58.66 1
2	1	37.229 1	58.722 1
2	1	37.1306 1	58.1828 1
2	1	37.2148 1	58.234 1
7	12	37.1007 1 37.132 1 37.2240 1	58.1500 1 58.2690 1 58.323 1 58.626 1
2	1	37.1789 1	58.2334 1
27	180	37.1139 1 37.1284 1 37.1698 1 37.1756 1 37.1986 1 37.2050 1 37.223 1 37.2471 1 37.2567 1 37.2592 1 37.2617 1 37.2749 1 37.2803 1 37.2825 1 37.461 1	58.136 1 58.1629 1 58.1808 1 58.2 1 58.2218 1 58.2249 1 58.2304 1 58.24 1 58.2530 1 58.2712 1 58.717 1 58.954 1
2	1	37.1415 1	58.1937 1
2	1	37.1783 1	58.2329 1
5	4	37.1909 1 37.2478 1 37.2686 1 37.2865 1	58.2454 1
2	1	37.2411 1	58.493 1
2	1	37.1520 1	58.2042 1
3	2	37.126 1	58.2685 1 58.621 1
3	2	37.1902 1 37.2858 1	58.2447 1
4	4	37.2295 1 37.2299 1	58.377 1 58.381 1
2	1	37.954 1	58.1447 1
2	1	37.638 1	58.1131 1
2	1	37.897 1	58.1390 1
2	1	37.1223 1	58.1713 1
2	1	37.901 1	58.1394 1
2	1	37.1589 1	58.2111 1
2	1	37.171 1	58.665 1
2	1	37.1813 1	58.2358 1
2	1	37.419 1	58.913 1
2	1	37.767 1	58.1260 1
2	1	37.937 1	58.1430 1
2	1	37.1123 1	58.1614 1
2	1	37.519 1	58.1012 1
2	1	37.1641 1	58.2161 1
2	1	37.439 1	58.932 1
2	1	37.945 1	58.1438 1
2	1	37.2197 1	58.282 1
2	1	37.1833 1	58.2378 1
2	1	37.820 1	58.1313 1
2	1	37.585 1	58.1078 1
2	1	37.1243 1	58.1733 1
2	1	37.765 1	58.1258 1
2	1	37.2352 1	58.434 1
2	1	37.593 1	58.1086 1
2	1	37.1259 1	58.1748 1
2	1	37.2146 1	58.232 1
2	1	37.1260 1	58.1749 1
2	1	37.614 1	58.1107 1
2	1	37.1931 1	58.2476 1
2	1	37.152 1	58.646 1
2	1	37.1414 1	58.1936 1
2	1	37.346 1	58.839 1
2	1	37.68 1	58.564 1
2	1	37.953 1	58.1446 1
2	1	37.1085 1	58.1576 1
2	1	37.199 1	58.693 1
2	1	37.2098 1	58.184 1
2	1	37.667 1	58.1160 1
2	1	37.2351 1	58.433 1
2	1	37.1972 1	58.2517 1
2	1	37.2036 1	58.123 1
2	1	37.65 1	58.561 1
2	1	37.951 1	58.1444 1
2	1	37.1966 1	58.2511 1
2	1	37.2115 1	58.201 1
2	1	37.2316 1	58.398 1
2	1	37.518 1	58.1011 1
2	1	37.2192 1	58.277 1
2	1	37.737 1	58.1230 1
2	1	37.1459 1	58.1981 1
2	1	37.1867 1	58.2412 1
2	1	37.280 1	58.773 1
2	1	37.495 1	58.988 1
2	1	37.64 1	58.560 1
2	1	37.956 1	58.1449 1
2	1	37.480 1	58.973 1
2	1	37.613 1	58.1106 1
2	1	37.860 1	58.1353 1
2	1	37.1470 1	58.1992 1
2	1	37.1231 1	58.1721 1
3	2	37.1711 1	58.2230 1 58.2261 1
2	1	37.1802 1	58.2347 1
2	1	37.923 1	58.1416 1
2	1	37.2167 1	58.252 1
2	1	37.2439 1	58.521 1
2	1	37.564 1	58.1057 1
2	1	37.1112 1	58.1603 1
2	1	37.780 1	58.1273 1
2	1	37.1809 1	58.2354 1
2	1	37.2211 1	58.296 1
2	1	37.2208 1	58.293 1
2	1	37.933 1	58.1426 1
2	1	37.1598 1	58.2120 1
3	2	37.138 1 37.2986 1	58.632 1
2	1	37.2382 1	58.464 1
2	1	37.2450 1	58.533 1
2	1	37.350 1	58.843 1
2	1	37.1646 1	58.2166 1
2	1	37.222 1	58.716 1
2	1	37.2221 1	58.306 1
2	1	37.1103 1	58.1594 1
2	1	37.60 1	58.556 1
2	1	37.279 1	58.772 1
2	1	37.1522 1	58.2044 1
2	1	37.2320 1	58.402 1
2	1	37.1938 1	58.2483 1
2	1	37.1433 1	58.1955 1
2	1	37.985 1	58.1478 1
2	1	37.425 1	58.918 1
2	1	37.2195 1	58.280 1
2	1	37.1237 1	58.1727 1
2	1	37.2198 1	58.283 1
2	1	37.429 1	58.922 1
2	1	37.1184 1	58.1674 1
2	1	37.1647 1	58.2167 1
2	1	37.256 1	58.749 1
2	1	37.835 1	58.1328 1
2	1	37.1339 1	58.1861 1
2	1	37.1805 1	58.2350 1
2	1	37.769 1	58.1262 1
2	1	37.257 1	58.750 1
2	1	37.750 1	58.1243 1
2	1	37.893 1	58.1386 1
2	1	37.1633 1	58.2154 1
2	1	37.1801 1	58.2346 1
2	1	37.818 1	58.1311 1
2	1	37.1090 1	58.1581 1
2	1	37.646 1	58.1139 1
4	4	37.1721 1 37.1727 1	58.2271 1 58.2277 1
2	1	37.1036 1	58.1527 1
2	1	37.2457 1	58.540 1
2	1	37.2216 1	58.301 1
2	1	37.384 1	58.877 1
2	1	37.1941 1	58.2486 1
2	1	37.1517 1	58.2039 1
2	1	37.1512 1	58.2034 1
2	1	37.2136 1	58.222 1
2	1	37.1846 1	58.2391 1
2	1	37.596 1	58.1089 1
2	1	37.976 1	58.1469 1
2	1	37.1097 1	58.1588 1
3	2	37.41 1	58.2603 1 58.2651 1
2	1	37.361 1	58.854 1
2	1	37.827 1	58.1320 1
2	1	37.2322 1	58.404 1
2	1	37.2185 1	58.270 1
2	1	37.2202 1	58.287 1
2	1	37.479 1	58.972 1
2	1	37.961 1	58.1454 1
2	1	37.2232 1	58.316 1
2	1	37.1933 1	58.2478 1
2	1	37.1860 1	58.2405 1
2	1	37.521 1	58.1014 1
2	1	37.1217 1	58.1707 1
2	1	37.1505 1	58.2027 1
2	1	37.31 1	58.2613 1
2	1	37.616 1	58.1109 1
2	1	37.2927 1	58.78 1
2	1	37.248 1	58.741 1
2	1	37.587 1	58.1080 1
2	1	37.2188 1	58.273 1
2	1	37.359 1	58.852 1
2	1	37.2381 1	58.463 1
2	1	37.995 1	58.1488 1
2	1	37.717 1	58.1210 1
2	1	37.1914 1	58.2459 1
2	1	37.1916 1	58.2461 1
2	1	37.773 1	58.1266 1
2	1	37.569 1	58.1062 1
2	1	37.1343 1	58.1865 1
2	1	37.1464 1	58.1986 1
2	1	37.1818 1	58.2363 1
2	1	37.2496 1	58.2709 1
2	1	37.208 1	58.702 1
2	1	37.886 1	58.1379 1
2	1	37.66 1	58.562 1
2	1	37.2435 1	58.517 1
2	1	37.1164 1	58.1654 1
2	1	37.1189 1	58.1679 1
8	16	37.1538 1 37.1821 1 37.2112 1 37.903 1	58.1396 1 58.198 1 58.2060 1 58.2366 1
3	2	37.1999 1	58.2543 1 58.85 1
2	1	37.2020 1	58.107 1
2	1	37.2075 1	58.161 1
2	1	37.561 1	58.1054 1
2	1	37.591 1	58.1084 1
2	1	37.622 1	58.1115 1
37	342	37.1019 1 37.1176 1 37.1212 1 37.1299 1 37.1327 1 37.1392 1 37.1396 1 37.1398 1 37.1712 1 37.1730 1 37.1970 1 37.2132 1 37.395 1 37.627 1 37.754 1 37.810 1 37.894 1 37.900 1	58.1120 1 58.1247 1 58.1303 1 58.1387 1 58.1393 1 58.1511 1 58.1666 1 58.1702 1 58.1822 1 58.1849 1 58.1914 1 58.1918 1 58.1920 1 58.218 1 58.2231 1 58.2262 1 58.2280 1 58.2515 1 58.889 1
2	1	37.716 1	58.1209 1
2	1	37.965 1	58.1458 1
2	1	37.1152 1	58.1642 1
2	1	37.1503 1	58.2025 1
2	1	37.1443 1	58.1965 1
2	1	37.1920 1	58.2465 1
2	1	37.2451 1	58.534 1
2	1	37.1028 1	58.1519 1
2	1	37.1194 1	58.1684 1
2	1	37.448 1	58.941 1
2	1	37.1556 1	58.2078 1
2	1	37.1104 1	58.1595 1
2	1	37.2433 1	58.515 1
2	1	37.1811 1	58.2356 1
2	1	37.345 1	58.838 1
2	1	37.1514 1	58.2036 1
2	1	37.784 1	58.1277 1
2	1	37.1463 1	58.1985 1
2	1	37.771 1	58.1264 1
2	1	37.422 1	58.916 1
2	1	37.2438 1	58.520 1
2	1	37.567 1	58.1060 1
2	1	37.611 1	58.1104 1
2	1	37.1829 1	58.2374 1
2	1	37.1864 1	58.2409 1
2	1	37.2178 1	58.263 1
2	1	37.1049 1	58.1540 1
2	1	37.708 1	58.1201 1
2	1	37.1531 1	58.2053 1
2	1	37.1921 1	58.2466 1
2	1	37.2060 1	58.146 1
4	4	37.2285 1 37.306 1	58.368 1 58.799 1
2	1	37.61 1	58.557 1
2	1	37.374 1	58.867 1
2	1	37.597 1	58.1090 1
2	1	37.2336 1	58.418 1
2	1	37.1118 1	58.1609 1
2	1	37.1630 1	58.2151 1
2	1	37.1853 1	58.2398 1
2	1	37.1964 1	58.2509 1
2	1	37.1379 1	58.1901 1
2	1	37.1843 1	58.2388 1
2	1	37.2206 1	58.291 1
2	1	37.853 1	58.1346 1
2	1	37.82 1	58.578 1
2	1	37.2031 1	58.118 1
2	1	37.170 1	58.664 1
2	1	37.2029 1	58.116 1
2	1	37.1061 1	58.1552 1
2	1	37.1165 1	58.1655 1
2	1	37.819 1	58.1312 1
2	1	37.1069 1	58.1560 1
2	1	37.1185 1	58.1675 1
2	1	37.1516 1	58.2038 1
2	1	37.1581 1	58.2103 1
2	1	37.599 1	58.1092 1
2	1	37.534 1	58.1027 1
2	1	37.478 1	58.971 1
4	4	37.1798 1 37.247 1	58.2343 1 58.740 1
2	1	37.1678 1	58.2198 1
2	1	37.720 1	58.1213 1
2	1	37.905 1	58.1398 1
2	1	37.150 1	58.644 1
7	10	37.2419 1 37.2735 1 37.2757 1 37.2811 1 37.453 1	58.501 1 58.946 1
2	1	37.662 1	58.1155 1
2	1	37.1499 1	58.2021 1
2	1	37.1930 1	58.2475 1
2	1	37.2241 1	58.324 1
2	1	37.490 1	58.983 1
2	1	37.689 1	58.1182 1
3	2	37.2766 1 37.2928 1	58.77 1
8	12	37.2418 1 37.2734 1 37.2756 1 37.2810 1 37.2832 1 37.454 1	58.500 1 58.947 1
2	1	37.1946 1	58.2491 1
2	1	37.1307 1	58.1829 1
24	143	37.1006 1 37.1132 1 37.1291 1 37.1705 1 37.1763 1 37.1979 1 37.2043 1 37.2222 1 37.230 1 37.2599 1 37.2624 1	58.130 1 58.1499 1 58.1623 1 58.18 1 58.1814 1 58.2224 1 58.2255 1 58.2310 1 58.2524 1 58.307 1 58.40 1 58.65 1 58.723 1
2	1	37.166 1	58.660 1
2	1	37.1605 1	58.2127 1
2	1	37.1174 1	58.1664 1
2	1	37.1032 1	58.1523 1
4	3	37.1910 1 37.2551 1 37.2866 1	58.2455 1
2	1	37.147 1	58.641 1
2	1	37.1580 1	58.2102 1
2	1	37.1631 1	58.2152 1
2	1	37.1790 1	58.2335 1
2	1	37.873 1	58.1366 1
7	10	37.15 1 37.20 1	58.2581 1 58.2597 1 58.2624 1 58.2629 1 58.2645 1
2	1	37.2011 1	58.98 1
2	1	37.1352 1	58.1874 1
29	208	37.1137 1 37.1286 1 37.1700 1 37.1758 1 37.1785 1 37.1984 1 37.2048 1 37.225 1 37.2473 1 37.2569 1 37.2594 1 37.2619 1 37.2751 1 37.2805 1 37.2827 1 37.459 1	58.134 1 58.1627 1 58.1810 1 58.22 1 58.2220 1 58.2251 1 58.2306 1 58.2331 1 58.2528 1 58.44 1 58.69 1 58.719 1 58.952 1
2	1	37.2236 1	58.320 1
2	1	37.109 1	58.604 1
3	2	37.128 1	58.2687 1 58.623 1
2	1	37.603 1	58.1096 1
2	1	37.366 1	58.859 1
2	1	37.581 1	58.1074 1
2	1	37.896 1	58.1389 1
2	1	37.1682 1	58.2202 1
2	1	37.838 1	58.1331 1
2	1	37.986 1	58.1479 1
2	1	37.913 1	58.1406 1
2	1	37.915 1	58.1408 1
2	1	37.1882 1	58.2427 1
2	1	37.925 1	58.1418 1
2	1	37.2067 1	58.153 1
3	2	37.2057 1	58.143 1 58.2704 1
2	1	37.474 1	58.967 1
2	1	37.880 1	58.1373 1
2	1	37.685 1	58.1178 1
2	1	37.1075 1	58.1566 1
2	1	37.1220 1	58.1710 1
2	1	37.437 1	58.930 1
2	1	37.188 1	58.682 1
2	1	37.277 1	58.770 1
2	1	37.191 1	58.685 1
2	1	37.1334 1	58.1856 1
2	1	37.1836 1	58.2381 1
2	1	37.736 1	58.1229 1
2	1	37.2442 1	58.524 1
4	3	37.1904 1 37.2545 1 37.2860 1	58.2449 1
2	1	37.2010 1	58.97 1
2	1	37.2109 1	58.195 1
2	1	37.686 1	58.1179 1
2	1	37.1452 1	58.1974 1
2	1	37.1258 1	58.1747 1
2	1	37.1263 1	58.1752 1
2	1	37.2413 1	58.495 1
2	1	37.1419 1	58.1941 1
2	1	37.1834 1	58.2379 1
2	1	37.1062 1	58.1553 1
2	1	37.59 1	58.555 1
2	1	37.1934 1	58.2479 1
2	1	37.1648 1	58.2168 1
2	1	37.680 1	58.1173 1
2	1	37.1894 1	58.2439 1
2	1	37.2218 1	58.303 1
2	1	37.647 1	58.1140 1
2	1	37.106 1	58.601 1
2	1	37.250 1	58.743 1
2	1	37.1926 1	58.2471 1
2	1	37.2037 1	58.124 1
2	1	37.1065 1	58.1556 1
2	1	37.1874 1	58.2419 1
2	1	37.1637 1	58.2157 1
2	1	37.1242 1	58.1732 1
2	1	37.1472 1	58.1994 1
2	1	37.733 1	58.1226 1
2	1	37.970 1	58.1463 1
2	1	37.1093 1	58.1584 1
2	1	37.1848 1	58.2393 1
2	1	37.615 1	58.1108 1
4	3	37.2500 1 37.2544 1 37.2947 1	58.1776 1
2	1	37.1887 1	58.2432 1
2	1	37.1929 1	58.2474 1
2	1	37.783 1	58.1276 1
2	1	37.1849 1	58.2394 1
2	1	37.1160 1	58.1650 1
2	1	37.1064 1	58.1555 1
2	1	37.2250 1	58.333 1
2	1	37.562 1	58.1055 1
2	1	37.578 1	58.1071 1
2	1	37.663 1	58.1156 1
2	1	37.718 1	58.1211 1
2	1	37.1336 1	58.1858 1
2	1	37.167 1	58.661 1
2	1	37.1030 1	58.1521 1
2	1	37.1226 1	58.1716 1
2	1	37.695 1	58.1188 1
2	1	37.774 1	58.1267 1
4	4	37.2407 1 37.465 1	58.489 1 58.958 1
2	1	37.2305 1	58.387 1
2	1	37.1225 1	58.1715 1
2	1	37.347 1	58.840 1
2	1	37.476 1	58.969 1
2	1	37.73 1	58.569 1
2	1	37.2655 1	58.1775 1
2	1	37.353 1	58.846 1
2	1	37.742 1	58.1235 1
2	1	37.1458 1	58.1980 1
2	1	37.944 1	58.1437 1
2	1	37.196 1	58.690 1
2	1	37.2173 1	58.258 1
2	1	37.1344 1	58.1866 1
2	1	37.1590 1	58.2112 1
2	1	37.1035 1	58.1526 1
2	1	37.370 1	58.863 1
2	1	37.424 1	58.917 1
2	1	37.58 1	58.554 1
2	1	37.958 1	58.1451 1
2	1	37.990 1	58.1483 1
2	1	37.1872 1	58.2417 1
2	1	37.331 1	58.824 1
2	1	37.2353 1	58.435 1
2	1	37.1483 1	58.2005 1
2	1	37.489 1	58.982 1
2	1	37.775 1	58.1268 1
2	1	37.1585 1	58.2107 1
2	1	37.1428 1	58.1950 1
2	1	37.1188 1	58.1678 1
2	1	37.1611 1	58.2133 1
3	2	37.45 1	58.2600 1 58.2648 1
2	1	37.696 1	58.1189 1
2	1	37.2251 1	58.334 1
2	1	37.697 1	58.1190 1
2	1	37.919 1	58.1412 1
2	1	37.859 1	58.1352 1
2	1	37.870 1	58.1363 1
2	1	37.2229 1	58.313 1
2	1	37.2330 1	58.412 1
2	1	37.948 1	58.1441 1
2	1	37.1842 1	58.2387 1
2	1	37.1424 1	58.1946 1
2	1	37.898 1	58.1391 1
2	1	37.1961 1	58.2506 1
2	1	37.1607 1	58.2129 1
2	1	37.888 1	58.1381 1
2	1	37.833 1	58.1326 1
2	1	37.1387 1	58.1909 1
2	1	37.1332 1	58.1854 1
2	1	37.1262 1	58.1751 1
2	1	37.389 1	58.883 1
11	10	37.1143 1 37.2494 1 37.2538 1 37.2563 1 37.2588 1 37.2613 1 37.2745 1 37.2799 1 37.2821 1 37.2854 1	58.1633 1
22	105	37.116 1 37.1280 1 37.1694 1 37.1751 1 37.1990 1 37.2055 1 37.218 1	58.141 1 58.1769 1 58.1804 1 58.2214 1 58.2245 1 58.2299 1 58.2534 1 58.2676 1 58.2707 1 58.28 1 58.53 1 58.6 1 58.611 1 58.712 1 58.75 1
2	1	37.2194 1	58.279 1
2	1	37.980 1	58.1473 1
2	1	37.2012 1	58.99 1
2	1	37.2114 1	58.200 1
2	1	37.1837 1	58.2382 1
2	1	37.1498 1	58.2020 1
2	1	37.845 1	58.1338 1
2	1	37.1654 1	58.2174 1
2	1	37.598 1	58.1091 1
2	1	37.1815 1	58.2360 1
2	1	37.2174 1	58.259 1
2	1	37.1804 1	58.2349 1
2	1	37.2213 1	58.298 1
2	1	37.573 1	58.1066 1
2	1	37.2082 1	58.168 1
2	1	37.576 1	58.1069 1
2	1	37.2314 1	58.396 1
4	4	37.2284 1 37.305 1	58.367 1 58.798 1
2	1	37.477 1	58.970 1
2	1	37.957 1	58.1450 1
2	1	37.201 1	58.695 1
2	1	37.661 1	58.1154 1
2	1	37.1238 1	58.1728 1
2	1	37.502 1	58.995 1
2	1	37.1460 1	58.1982 1
2	1	37.772 1	58.1265 1
2	1	37.967 1	58.1460 1
2	1	37.2030 1	58.117 1
2	1	37.1898 1	58.2443 1
2	1	37.2383 1	58.465 1
2	1	37.1205 1	58.1695 1
8	12	37.2417 1 37.2733 1 37.2755 1 37.2809 1 37.2831 1 37.455 1	58.499 1 58.948 1
5	4	37.1908 1 37.2549 1 37.2685 1 37.2864 1	58.2453 1
2	1	37.947 1	58.1440 1
2	1	37.617 1	58.1110 1
2	1	37.1650 1	58.2170 1
2	1	37.601 1	58.1094 1
2	1	37.1945 1	58.2490 1
2	1	37.863 1	58.1356 1
2	1	37.251 1	58.744 1
2	1	37.2125 1	58.211 1
2	1	37.1236 1	58.1726 1
2	1	37.1873 1	58.2418 1
2	1	37.1331 1	58.1853 1
16	28	37.2477 1 37.2571 1	58.132 1 58.1501 1 58.1625 1 58.1780 1 58.1812 1 58.1827 1 58.2222 1 58.2253 1 58.2308 1 58.2333 1 58.2526 1 58.2689 1 58.625 1 58.721 1
2	1	37.1917 1	58.2462 1
6	9	37.102 1 37.1724 1 37.414 1	58.2274 1 58.597 1 58.908 1
2	1	37.157 1	58.651 1
2	1	37.1663 1	58.2183 1
2	1	37.683 1	58.1176 1
2	1	37.934 1	58.1427 1
2	1	37.602 1	58.1095 1
2	1	37.2233 1	58.317 1
2	1	37.1626 1	58.2147 1
2	1	37.2394 1	58.476 1
2	1	37.1601 1	58.2123 1
2	1	37.2077 1	58.163 1
2	1	37.1024 1	58.1515 1
2	1	37.1672 1	58.2192 1
3	2	37.8 1	58.2588 1 58.2636 1
2	1	37.1484 1	58.2006 1
2	1	37.1250 1	58.1739 1
2	1	37.1878 1	58.2423 1
2	1	37.768 1	58.1261 1
2	1	37.1602 1	58.2124 1
2	1	37.1953 1	58.2498 1
2	1	37.2168 1	58.253 1
2	1	37.378 1	58.871 1
2	1	37.996 1	58.1489 1
3	2	37.1998 1	58.2542 1 58.84 1
2	1	37.2102 1	58.188 1
2	1	37.1046 1	58.1537 1
2	1	37.1215 1	58.1705 1
2	1	37.1479 1	58.2001 1
2	1	37.1357 1	58.1879 1
2	1	37.978 1	58.1471 1
2	1	37.1940 1	58.2485 1
2	1	37.907 1	58.1400 1
2	1	37.1571 1	58.2093 1
4	4	37.1372 1 37.2084 1	58.170 1 58.1894 1
2	1	37.889 1	58.1382 1
2	1	37.1150 1	58.1640 1
2	1	37.1100 1	58.1591 1
2	1	37.690 1	58.1183 1
2	1	37.1683 1	58.2203 1
2	1	37.1586 1	58.2108 1
2	1	37.2239 1	58.322 1
2	1	37.1316 1	58.1838 1
2	1	37.715 1	58.1208 1
2	1	37.1383 1	58.1905 1
2	1	37.1655 1	58.2175 1
3	2	37.6 1	58.2590 1 58.2638 1
2	1	37.610 1	58.1103 1
2	1	37.2374 1	58.456 1
2	1	37.1608 1	58.2130 1
3	2	37.1951 1 37.2524 1	58.2496 1
3	2	37.141 1 37.2989 0.930	58.635 1
2	1	37.2308 1	58.390 1
2	1	37.808 1	58.1301 1
6	9	37.1401 1 37.210 1 37.2119 1	58.1923 1 58.205 1 58.704 1
2	1	37.872 1	58.1365 1
2	1	37.620 1	58.1113 1
2	1	37.155 1	58.649 1
2	1	37.93 1	58.589 1
2	1	37.259 1	58.752 1
2	1	37.1570 1	58.2092 1
2	1	37.1038 1	58.1529 1
2	1	37.547 1	58.1040 1
2	1	37.2437 1	58.519 1
2	1	37.432 1	58.925 1
2	1	37.313 1	58.806 1
2	1	37.173 1	58.667 1
2	1	37.270 1	58.763 1
2	1	37.482 1	58.975 1
2	1	37.762 1	58.1255 1
2	1	37.1574 1	58.2096 1
2	1	37.317 1	58.810 1
2	1	37.987 1	58.1480 1
2	1	37.960 1	58.1453 1
2	1	37.929 1	58.1422 1
2	1	37.878 1	58.1371 1
4	4	37.837 1 37.882 1	58.1330 1 58.1375 1
2	1	37.669 1	58.1162 1
2	1	37.511 1	58.1004 1
2	1	37.267 1	58.760 1
2	1	37.1856 1	58.2401 1
2	1	37.162 1	58.656 1
2	1	37.1456 1	58.1978 1
2	1	37.1417 1	58.1939 1
2	1	37.1186 1	58.1676 1
2	1	37.1119 1	58.1610 1
26	169	37.1102 1 37.1167 1 37.1592 1 37.1636 1 37.1871 1 37.2263 1 37.2288 1 37.2377 1 37.285 1 37.309 1 37.323 1 37.392 1 37.641 1	58.1134 1 58.1593 1 58.1657 1 58.2114 1 58.2156 1 58.2416 1 58.346 1 58.371 1 58.459 1 58.778 1 58.802 1 58.816 1 58.886 1
2	1	37.261 1	58.754 1
2	1	37.974 1	58.1467 1
2	1	37.804 1	58.1297 1
2	1	37.725 1	58.1218 1
2	1	37.557 1	58.1050 1
2	1	37.349 1	58.842 1
2	1	37.33 1	58.2611 1
15	56	37.1533 1 37.1625 1 37.2116 1 37.23 1 37.36 1 37.5 1 37.843 1	58.1336 1 58.202 1 58.2055 1 58.2146 1 58.2591 1 58.2608 1 58.2621 1 58.2639 1
4	3	37.2329 1	58.2599 1 58.2647 1 58.411 1
2	1	37.1770 1	58.2317 1
2	1	37.1089 1	58.1580 1
2	1	37.1319 1	58.1841 1
3	2	37.1272 1	58.1761 1 58.1796 1
2	1	37.1230 1	58.1720 1
2	1	37.1116 1	58.1607 1
4	4	37.2267 1 37.289 1	58.350 1 58.782 1
2	1	37.637 1	58.1130 1
2	1	37.921 1	58.1414 1
2	1	37.841 1	58.1334 1
2	1	37.71 1	58.567 1
2	1	37.699 1	58.1192 1
2	1	37.2370 1	58.452 1
2	1	37.2026 1	58.113 1
2	1	37.192 1	58.686 1
4	4	37.1831 1 37.738 1	58.1231 1 58.2376 1
4	4	37.1057 1 37.1462 1	58.1548 1 58.1984 1
2	1	37.1033 1	58.1524 1
2	1	37.918 1	58.1411 1
2	1	37.2076 1	58.162 1
2	1	37.554 1	58.1047 1
2	1	37.529 1	58.1022 1
2	1	37.273 1	58.766 1
2	1	37.1486 1	58.2008 1
2	1	37.2071 1	58.157 1
2	1	37.1411 1	58.1933 1
2	1	37.1526 1	58.2048 1
10	24	37.1374 1 37.427 1 37.493 1 37.498 1	58.1896 1 58.1944 1 58.2579 1 58.920 1 58.986 1 58.991 1
2	1	37.1509 1	58.2031 1
4	4	37.1796 1 37.245 1	58.2341 1 58.738 1
2	1	37.443 1	58.936 1
2	1	37.236 1	58.729 1
2	1	37.1166 1	58.1656 1
2	1	37.988 1	58.1481 1
2	1	37.1619 1	58.2141 1
2	1	37.2214 1	58.299 1
2	1	37.83 1	58.579 1
2	1	37.885 1	58.1378 1
2	1	37.634 1	58.1127 1
2	1	37.941 1	58.1434 1
2	1	37.666 1	58.1159 1
2	1	37.1342 1	58.1864 1
2	1	37.56 1	58.552 1
2	1	37.1584 1	58.2106 1
2	1	37.1465 1	58.1987 1
2	1	37.936 1	58.1429 1
2	1	37.813 1	58.1306 1
2	1	37.798 1	58.1291 1
3	2	37.1269 1	58.1758 1 58.1793 1
2	1	37.1816 1	58.2361 1
2	1	37.2217 1	58.302 1
6	9	37.1408 1 37.1738 1 37.242 1	58.1930 1 58.2288 1 58.735 1
2	1	37.1838 1	58.2383 1
2	1	37.2159 1	58.244 1
2	1	37.1043 1	58.1534 1
2	1	37.1726 1	58.2276 1
2	1	37.832 1	58.1325 1
2	1	37.550 1	58.1043 1
2	1	37.1652 1	58.2172 1
2	1	37.1557 1	58.2079 1
2	1	37.1257 1	58.1746 1
4	4	37.104 1 37.412 1	58.599 1 58.906 1
2	1	37.2189 1	58.274 1
2	1	37.1375 1	58.1897 1
2	1	37.1973 1	58.2518 1
2	1	37.2144 1	58.230 1
2	1	37.428 1	58.921 1
3	2	37.989 1	58.1482 1 58.1945 1
2	1	37.2127 1	58.213 1
2	1	37.84 1	58.580 1
6	8	37.2465 1 37.2537 0.066 37.2706 1 37.2718 1	58.2675 1 58.2706 0.226
2	1	37.1900 1	58.2445 1
2	1	37.1381 1	58.1903 1
2	1	37.1665 1	58.2185 1
2	1	37.2155 1	58.241 1
2	1	37.485 1	58.978 1
2	1	37.492 1	58.985 1
7	10	37.2420 1 37.2736 1 37.2758 1 37.2812 1 37.452 1	58.502 1 58.945 1
2	1	37.1072 1	58.1563 1
2	1	37.1869 1	58.2414 1
2	1	37.2179 1	58.264 1
2	1	37.497 1	58.990 1
2	1	37.525 1	58.1018 1
2	1	37.867 1	58.1360 1
2	1	37.1754 1	58.2302 1
2	1	37.1781 1	58.2327 1
2	1	37.118 1	58.613 1
30	216	37.1141 1 37.1282 1 37.1696 1 37.1988 1 37.2052 1 37.220 1 37.2497 1 37.2540 1 37.2565 1 37.2590 1 37.2615 1 37.2711 1 37.2723 1 37.2747 1 37.2801 1 37.2823 1 37.2856 1 37.463 1	58.138 1 58.1631 1 58.1771 1 58.1806 1 58.2216 1 58.2247 1 58.2532 1 58.26 1 58.2710 1 58.4 1 58.714 1 58.956 1
2	1	37.1239 1	58.1729 1
2	1	37.2231 1	58.315 1
2	1	37.252 1	58.745 1
2	1	37.568 1	58.1061 1
2	1	37.679 1	58.1172 1
4	4	37.2427 1 37.1431 1	58.509 1 58.1953 1
2	1	37.2428 1	58.510 1
2	1	37.2177 1	58.262 1
2	1	37.1935 1	58.2480 1
2	1	37.2303 1	58.385 1
2	1	37.156 1	58.650 1
2	1	37.756 1	58.1249 1
2	1	37.2409 1	58.491 1
2	1	37.1859 1	58.2404 1
2	1	37.153 1	58.647 1
2	1	37.940 1	58.1433 1
2	1	37.1224 1	58.1714 1
2	1	37.1045 1	58.1536 1
2	1	37.2105 1	58.191 1
2	1	37.351 1	58.844 1
2	1	37.515 1	58.1008 1
2	1	37.782 1	58.1275 1
2	1	37.831 1	58.1324 1
2	1	37.814 1	58.1307 1
4	4	37.2282 1 37.303 1	58.365 1 58.796 1
2	1	37.2309 1	58.391 1
2	1	37.579 1	58.1072 1
2	1	37.1477 1	58.1999 1
2	1	37.1435 1	58.1957 1
2	1	37.1466 1	58.1988 1
2	1	37.2093 1	58.179 1
2	1	37.2459 1	58.542 1
7	12	37.2340 1 37.2001 1 37.334 1	58.422 1 58.2545 1 58.827 1 58.87 1
2	1	37.1228 1	58.1718 1
2	1	37.1020 1	58.1512 1
23	130	37.108 1 37.1148 1 37.1275 1 37.1689 1 37.1771 1 37.1959 1 37.1995 1 37.2062 1 37.213 1 37.2606 1	58.148 1 58.1638 1 58.1764 1 58.1799 1 58.2209 1 58.2294 1 58.2318 1 58.2504 1 58.2539 1 58.2697 1 58.603 1 58.707 1 58.81 1
2	1	37.1440 1	58.1962 1
9	14	37.2402 1 37.2740 1 37.2762 1 37.2816 1 37.2841 1 37.2883 1 37.470 1	58.484 1 58.963 1
2	1	37.840 1	58.1333 1
2	1	37.1482 1	58.2004 1
2	1	37.2015 1	58.102 1
2	1	37.2448 1	58.531 1
2	1	37.826 1	58.1319 1
2	1	37.2203 1	58.288 1
2	1	37.1491 1	58.2013 1
2	1	37.1478 1	58.2000 1
2	1	37.1680 1	58.2200 1
2	1	37.1053 1	58.1544 1
2	1	37.1425 1	58.1947 1
5	6	37.16 1 37.21 1	58.2580 1 58.2623 1 58.2628 1
9	20	37.1889 1 37.2486 1 37.2556 1 37.2581 1 37.2871 1	58.11 1 58.2434 1 58.33 1 58.58 1
2	1	37.2005 1	58.91 1
2	1	37.1451 1	58.1973 1
2	1	37.1609 1	58.2131 1
2	1	37.377 1	58.870 1
2	1	37.747 1	58.1240 1
4	4	37.2274 1 37.295 1	58.357 1 58.788 1
2	1	37.811 1	58.1304 1
2	1	37.174 1	58.668 1
4	4	37.1198 1 37.342 1	58.1688 1 58.835 1
2	1	37.2126 1	58.212 1
2	1	37.855 1	58.1348 1
2	1	37.1382 1	58.1904 1
2	1	37.1664 1	58.2184 1
2	1	37.239 1	58.732 1
2	1	37.417 1	58.911 1
4	4	37.670 1 37.676 1	58.1163 1 58.1169 1
10	25	37.1076 1 37.1078 1 37.1079 1 37.1080 1 37.1081 1	58.1567 1 58.1569 1 58.1570 1 58.1571 1 58.1572 1
2	1	37.874 1	58.1367 1
2	1	37.1863 1	58.2408 1
6	9	37.103 1 37.1725 1 37.413 1	58.2275 1 58.598 1 58.907 1
6	9	37.1735 1 37.631 1 37.801 1	58.1124 1 58.1294 1 58.2285 1
2	1	37.364 1	58.857 1
2	1	37.1638 1	58.2158 1
2	1	37.1077 1	58.1568 1
2	1	37.293 1	58.786 1
2	1	37.2068 1	58.154 1
2	1	37.2349 1	58.431 1
2	1	37.164 1	58.658 1
2	1	37.1037 1	58.1528 1
2	1	37.1066 1	58.1557 1
2	1	37.421 1	58.915 1
4	4	37.1752 1 37.2054 1	58.140 1 58.2300 1
2	1	37.575 1	58.1068 1
2	1	37.1222 1	58.1712 1
2	1	37.830 1	58.1323 1
2	1	37.869 1	58.1362 1
2	1	37.1432 1	58.1954 1
2	1	37.512 1	58.1005 1
2	1	37.584 1	58.1077 1
2	1	37.821 1	58.1314 1
2	1	37.545 1	58.1038 1
2	1	37.2440 1	58.522 1
2	1	37.1681 1	58.2201 1
2	1	37.1017 1	58.1509 1
2	1	37.942 1	58.1435 1
2	1	37.1729 1	58.2279 1
2	1	37.555 1	58.1048 1
2	1	37.2130 1	58.216 1
2	1	37.1173 1	58.1663 1
2	1	37.571 1	58.1064 1
2	1	37.1490 1	58.2012 1
2	1	37.2355 1	58.437 1
2	1	37.475 1	58.968 1
2	1	37.1828 1	58.2373 1
2	1	37.473 1	58.966 1
2	1	37.1044 1	58.1535 1
2	1	37.1593 1	58.2115 1
2	1	37.1965 1	58.2510 1
2	1	37.2133 1	58.219 1
2	1	37.778 1	58.1271 1
2	1	37.2085 1	58.171 1
2	1	37.1371 1	58.1893 1
2	1	37.1924 1	58.2469 1
2	1	37.28 1	58.2616 1
2	1	37.1643 1	58.2163 1
2	1	37.977 1	58.1470 1
2	1	37.1026 1	58.1517 1
10	25	37.1394 1 37.1535 1 37.1552 1 37.2072 1 37.621 1	58.1114 1 58.158 1 58.1916 1 58.2057 1 58.2074 1
2	1	37.206 1	58.700 1
2	1	37.577 1	58.1070 1
2	1	37.586 1	58.1079 1
2	1	37.766 1	58.1259 1
2	1	37.2356 1	58.438 1
2	1	37.1819 1	58.2364 1
2	1	37.34 1	58.2610 1
2	1	37.612 1	58.1105 1
2	1	37.2113 1	58.199 1
2	1	37.1240 1	58.1730 1
2	1	37.2110 1	58.196 1
2	1	37.1233 1	58.1723 1
2	1	37.2027 1	58.114 1
2	1	37.1219 1	58.1709 1
2	1	37.2338 1	58.420 1
2	1	37.583 1	58.1076 1
2	1	37.739 1	58.1232 1
2	1	37.1685 1	58.2205 1
2	1	37.356 1	58.849 1
2	1	37.546 1	58.1039 1
2	1	37.952 1	58.1445 1
2	1	37.1400 1	58.1922 1
2	1	37.139 1	58.633 1
2	1	37.1471 1	58.1993 1
2	1	37.589 1	58.1082 1
2	1	37.1733 1	58.2283 1
2	1	37.2190 1	58.275 1
2	1	37.883 1	58.1376 1
2	1	37.822 1	58.1315 1
2	1	37.1159 1	58.1649 1
2	1	37.426 1	58.919 1
2	1	37.24 1	58.2620 1
2	1	37.2079 1	58.165 1
6	9	37.2165 1 37.2392 1 37.402 1	58.250 1 58.474 1 58.896 1
2	1	37.506 1	58.999 1
2	1	37.1469 1	58.1991 1
2	1	37.399 1	58.893 1
2	1	37.566 1	58.1059 1
6	9	37.1591 1 37.326 1 37.731 1	58.1224 1 58.2113 1 58.819 1
2	1	37.503 1	58.996 1
2	1	37.1172 1	58.1662 1
2	1	37.1618 1	58.2140 1
2	1	37.1923 1	58.2468 1
2	1	37.1235 1	58.1725 1
2	1	37.274 1	58.767 1
2	1	37.307 1	58.800 1
2	1	37.2286 1	58.369 1
2	1	37.1615 1	58.2137 1
2	1	37.857 1	58.1350 1
2	1	37.2124 1	58.210 1
2	1	37.508 1	58.1001 1
2	1	37.92 1	58.588 1
2	1	37.1430 1	58.1952 1
2	1	37.1475 1	58.1997 1
2	1	37.2431 1	58.513 1
2	1	37.1814 1	58.2359 1
2	1	37.1245 1	58.1735 1
4	4	37.101 1 37.1723 1	58.2273 1 58.596 1
2	1	37.2372 1	58.454 1
3	2	37.1948 1 37.2529 1	58.2493 1
2	1	37.1489 1	58.2011 1
2	1	37.2367 1	58.449 1
2	1	37.415 1	58.909 1
2	1	37.2143 1	58.229 1
2	1	37.1187 1	58.1677 1
2	1	37.1510 1	58.2032 1
2	1	37.1662 1	58.2182 1
2	1	37.2166 1	58.251 1
2	1	37.2199 1	58.284 1
2	1	37.375 1	58.868 1
2	1	37.1107 1	58.1598 1
2	1	37.890 1	58.1383 1
2	1	37.1347 1	58.1869 1
2	1	37.1218 1	58.1708 1
2	1	37.1658 1	58.2178 1
2	1	37.572 1	58.1065 1
2	1	37.963 1	58.1456 1
2	1	37.642 1	58.1135 1
2	1	37.728 1	58.1221 1
2	1	37.434 1	58.927 1
2	1	37.314 1	58.807 1
2	1	37.2252 1	58.335 1
2	1	37.1822 1	58.2367 1
2	1	37.2461 1	58.544 1
2	1	37.950 1	58.1443 1
2	1	37.202 1	58.696 1
2	1	37.1488 1	58.2010 1
2	1	37.560 1	58.1053 1
4	4	37.2268 1 37.290 1	58.351 1 58.783 1
2	1	37.748 1	58.1241 1
2	1	37.600 1	58.1093 1
2	1	37.858 1	58.1351 1
2	1	37.1234 1	58.1724 1
2	1	37.2152 1	58.238 1
8	16	37.1403 1 37.2121 1 37.629 1 37.803 1	58.1122 1 58.1296 1 58.1925 1 58.207 1
2	1	37.2321 1	58.403 1
2	1	37.237 1	58.730 1
2	1	37.2434 1	58.516 1
2	1	37.30 1	58.2614 1
2	1	37.383 1	58.876 1
2	1	37.1095 1	58.1586 1
2	1	37.2360 1	58.442 1
2	1	37.385 1	58.878 1
2	1	37.639 1	58.1132 1
2	1	37.1937 1	58.2482 1
2	1	37.1884 1	58.2429 1
2	1	37.1627 1	58.2148 1
4	4	37.2265 1 37.287 1	58.348 1 58.780 1
2	1	37.189 1	58.683 1
2	1	37.1915 1	58.2460 1
2	1	37.431 1	58.924 1
2	1	37.472 1	58.965 1
2	1	37.1261 1	58.1750 1
4	4	37.2273 1 37.294 1	58.356 1 58.787 1
2	1	37.745 1	58.1238 1
2	1	37.1525 1	58.2047 1
2	1	37.2375 1	58.457 1
2	1	37.491 1	58.984 1
2	1	37.1454 1	58.1976 1
2	1	37.1073 1	58.1564 1
2	1	37.1113 1	58.1604 1
2	1	37.319 1	58.812 1
2	1	37.440 1	58.933 1
2	1	37.1847 1	58.2392 1
2	1	37.749 1	58.1242 1
2	1	37.2326 1	58.408 1
2	1	37.2441 1	58.523 1
3	2	37.43 1	58.2601 1 58.2649 1
3	2	37.10 1	58.2586 1 58.2634 1
2	1	37.2348 1	58.430 1
3	2	37.144 1 37.2994 1	58.638 1
2	1	37.2118 1	58.204 1
2	1	37.2137 1	58.223 1
2	1	37.563 1	58.1056 1
2	1	37.891 1	58.1384 1
2	1	37.565 1	58.1058 1
2	1	37.861 1	58.1354 1
3	2	37.3 1	58.2593 1 58.2641 1
2	1	37.1949 1	58.2494 1
2	1	37.1620 1	58.2142 1
2	1	37.316 1	58.809 1
2	1	37.159 1	58.653 1
2	1	37.169 1	58.663 1
2	1	37.2335 1	58.417 1
17	72	37.1277 1 37.1691 1 37.1993 1 37.2404 1 37.2742 1 37.2793 1 37.2818 1 37.2926 1 37.468 1	58.1766 1 58.1801 1 58.2211 1 58.2241 1 58.2537 1 58.486 1 58.79 1 58.961 1
2	1	37.1597 1	58.2119 1
2	1	37.2350 1	58.432 1
2	1	37.781 1	58.1274 1
2	1	37.1405 1	58.1927 1
2	1	37.1642 1	58.2162 1
2	1	37.509 1	58.1002 1
26	165	37.1773 1 37.113 1 37.1146 1 37.1748 1 37.1957 1 37.2059 1 37.215 1 37.1891 1 37.2488 1 37.2515 1 37.2558 1 37.2583 1 37.2658 1 37.2873 1 37.2637 0.556	58.2320 1 58.145 1 58.1636 1 58.2296 1 58.2502 1 58.2666 1 58.2700 1 58.608 1 58.709 1 58.2436 1 58.56 1
2	1	37.709 1	58.1202 1
2	1	37.949 1	58.1442 1
2	1	37.2430 1	58.512 1
2	1	37.1012 1	58.1504 1
2	1	37.105 1	58.600 1
2	1	37.608 1	58.1101 1
2	1	37.2647 1	58.2324 1
2	1	37.2342 1	58.424 1
2	1	37.741 1	58.1234 1
2	1	37.817 1	58.1310 1
2	1	37.1492 1	58.2014 1
2	1	37.2432 1	58.514 1
2	1	37.1453 1	58.1975 1
2	1	37.984 1	58.1477 1
36	324	37.1105 1 37.1213 1 37.1298 1 37.1399 1 37.1731 1 37.1742 1 37.1820 1 37.1971 1 37.207 1 37.2074 1 37.2111 1 37.623 1 37.753 1 37.809 1 37.887 1 37.895 1 37.899 1 37.904 1	58.1116 1 58.1246 1 58.1302 1 58.1380 1 58.1388 1 58.1392 1 58.1397 1 58.1596 1 58.160 1 58.1703 1 58.1821 1 58.1921 1 58.197 1 58.2281 1 58.2292 1 58.2365 1 58.2516 1 58.701 1
19	90	37.1018 1 37.1050 1 37.1163 1 37.1418 1 37.1537 1 37.1651 1 37.2000 1 37.2019 1 37.2368 1	58.106 1 58.1510 1 58.1541 1 58.1653 1 58.1940 1 58.2059 1 58.2171 1 58.2544 1 58.450 1 58.86 1
4	4	37.1395 1 37.2131 1	58.1917 1 58.217 1
2	1	37.1197 1	58.1687 1
2	1	37.1555 1	58.2077 1
2	1	37.2452 1	58.535 1
2	1	37.441 1	58.934 1
2	1	37.626 1	58.1119 1
2	1	37.67 1	58.563 1
3	2	37.1270 1	58.1759 1 58.1794 1
2	1	37.2006 1	58.92 1
2	1	37.2106 1	58.192 1
4	4	37.2283 1 37.304 1	58.366 1 58.797 1
2	1	37.341 1	58.834 1
2	1	37.1952 1	58.2497 1
2	1	37.968 1	58.1461 1
4	4	37.2264 1 37.286 1	58.347 1 58.779 1
2	1	37.312 1	58.805 1
4	4	37.1323 1 37.2339 1	58.1845 1 58.421 1
2	1	37.1190 1	58.1680 1
8	16	37.1117 1 37.1151 1 37.1502 1 37.966 1	58.1459 1 58.1608 1 58.1641 1 58.2024 1
2	1	37.1345 1	58.1867 1
2	1	37.1385 1	58.1907 1
4	4	37.1547 1 37.1565 1	58.2069 1 58.2087 1
2	1	37.1256 1	58.1745 1
2	1	37.2215 1	58.300 1
2	1	37.27 1	58.2617 1
2	1	37.1427 1	58.1949 1
2	1	37.1779 1	58.2325 1
2	1	37.1927 1	58.2472 1
2	1	37.1718 1	58.2268 1
2	1	37.1106 1	58.1597 1
2	1	37.1175 1	58.1665 1
4	4	37.1669 1 37.408 1	58.2189 1 58.902 1
2	1	37.1868 1	58.2413 1
3	2	37.40 1	58.2604 1 58.2652 1
