Size	Relations	OrthoA	OrthoB
2	1	47.339 1	48.506 1
2	1	47.50 1	48.94 1
2	1	47.51 1	48.95 1
2	1	47.799 1	48.1611 1
2	1	47.1012 1	48.2041 1
2	1	47.451 1	48.646 1
2	1	47.774 1	48.1066 1
2	1	47.996 1	48.1998 1
2	1	47.839 1	48.1683 1
2	1	47.142 1	48.257 1
2	1	47.606 1	48.819 1
2	1	47.928 1	48.1867 1
2	1	47.601 1	48.826 1
2	1	47.597 1	48.830 1
2	1	47.552 1	48.1078 1
2	1	47.709 1	48.1239 1
2	1	47.607 1	48.818 1
2	1	47.1029 1	48.2077 1
2	1	47.191 1	48.336 1
2	1	47.265 1	48.419 1
2	1	47.368 1	48.532 1
2	1	47.558 1	48.1084 1
2	1	47.886 1	48.1807 1
2	1	47.129 1	48.245 1
2	1	47.401 1	48.563 1
2	1	47.4 1	48.4 1
2	1	47.105 1	48.178 1
2	1	47.722 1	48.1252 1
2	1	47.599 1	48.828 1
2	1	47.54 1	48.98 1
2	1	47.720 1	48.1250 1
2	1	47.913 1	48.1848 1
2	1	47.64 1	48.106 1
2	1	47.1013 1	48.2042 1
2	1	47.464 1	48.731 1
2	1	47.3 1	48.3 1
2	1	47.440 1	48.611 1
3	2	47.446 1	48.617 1 48.2123 0.779
2	1	47.120 1	48.240 1
2	1	47.866 1	48.1741 1
2	1	47.13 1	48.13 1
2	1	47.964 1	48.1941 1
2	1	47.183 1	48.331 1
2	1	47.571 1	48.924 1
2	1	47.267 1	48.421 1
2	1	47.560 1	48.1086 1
2	1	47.907 1	48.1842 1
2	1	47.861 1	48.1713 1
2	1	47.284 1	48.439 1
2	1	47.993 1	48.1995 1
2	1	47.151 1	48.266 1
2	1	47.236 1	48.380 1
2	1	47.803 1	48.1615 1
2	1	47.299 1	48.465 1
2	1	47.868 1	48.1743 1
2	1	47.737 1	48.1348 1
2	1	47.1004 1	48.2006 1
2	1	47.995 1	48.1997 1
2	1	47.692 1	48.1224 1
2	1	47.741 1	48.1381 1
2	1	47.1020 1	48.2071 1
2	1	47.463 1	48.730 1
2	1	47.800 1	48.1612 1
2	1	47.33 1	48.56 1
2	1	47.926 1	48.1865 1
2	1	47.987 1	48.1991 1
2	1	47.324 1	48.492 1
2	1	47.190 1	48.335 1
2	1	47.910 1	48.1845 1
2	1	47.748 1	48.1388 1
2	1	47.7 1	48.7 1
2	1	47.343 1	48.510 1
2	1	47.678 1	48.1452 1
2	1	47.968 1	48.1945 1
2	1	47.304 1	48.470 1
2	1	47.475 1	48.746 1
2	1	47.270 1	48.425 1
2	1	47.46 1	48.69 1
2	1	47.470 1	48.737 1
2	1	47.848 1	48.1702 1
2	1	47.575 1	48.897 1
2	1	47.85 1	48.155 1
2	1	47.511 1	48.1136 1
2	1	47.842 1	48.1686 1
2	1	47.169 1	48.286 1
2	1	47.296 1	48.449 1
2	1	47.279 1	48.434 1
2	1	47.260 1	48.406 1
2	1	47.658 1	48.1427 1
2	1	47.19 1	48.18 1
2	1	47.150 1	48.265 1
2	1	47.965 1	48.1942 1
2	1	47.982 1	48.1986 1
2	1	47.45 1	48.68 1
2	1	47.286 1	48.441 1
2	1	47.322 1	48.489 1
2	1	47.138 1	48.252 1
2	1	47.354 1	48.522 1
2	1	47.959 1	48.1936 1
2	1	47.584 1	48.872 1
2	1	47.958 1	48.1935 1
2	1	47.462 1	48.729 1
2	1	47.693 1	48.1225 1
2	1	47.988 1	48.1992 1
2	1	47.287 1	48.442 1
2	1	47.87 1	48.157 1
2	1	47.321 1	48.488 1
2	1	47.27 1	48.30 1
2	1	47.273 1	48.428 1
3	2	47.876 1 47.879 0.063	48.1797 1
2	1	47.1043 1	48.2101 1
2	1	47.224 1	48.368 1
2	1	47.370 1	48.537 1
2	1	47.43 1	48.66 1
2	1	47.179 1	48.324 1
2	1	47.1 1	48.1 1
2	1	47.826 1	48.1672 1
2	1	47.166 1	48.283 1
2	1	47.342 1	48.509 1
2	1	47.930 1	48.1868 1
2	1	47.374 1	48.544 1
2	1	47.170 1	48.287 1
2	1	47.278 1	48.433 1
2	1	47.308 1	48.474 1
2	1	47.962 1	48.1939 1
2	1	47.956 1	48.1933 1
2	1	47.330 1	48.496 1
2	1	47.292 1	48.446 1
2	1	47.657 1	48.1426 1
2	1	47.200 1	48.344 1
2	1	47.927 1	48.1866 1
2	1	47.871 1	48.1746 1
2	1	47.329 1	48.495 1
2	1	47.344 1	48.511 1
2	1	47.243 1	48.388 1
2	1	47.752 1	48.968 1
2	1	47.772 1	48.1198 1
2	1	47.454 1	48.670 1
2	1	47.961 1	48.1938 1
2	1	47.305 1	48.471 1
2	1	47.185 1	48.333 1
2	1	47.773 1	48.1065 1
2	1	47.621 1	48.769 1
3	2	47.788 1 47.126 0.613	48.1593 1
2	1	47.497 1	48.1215 1
2	1	47.122 1	48.242 1
2	1	47.714 1	48.1244 1
2	1	47.109 1	48.213 1
2	1	47.351 1	48.517 1
2	1	47.55 1	48.99 1
2	1	47.1041 1	48.2098 1
2	1	47.381 1	48.550 1
2	1	47.303 1	48.469 1
2	1	47.152 1	48.267 1
2	1	47.177 1	48.322 1
2	1	47.999 1	48.2001 1
2	1	47.1039 1	48.2087 1
2	1	47.44 1	48.67 1
2	1	47.399 1	48.562 1
2	1	47.939 1	48.1902 1
2	1	47.131 1	48.247 1
2	1	47.412 1	48.578 1
2	1	47.266 1	48.420 1
2	1	47.760 1	48.1396 1
2	1	47.167 1	48.284 1
2	1	47.578 1	48.894 1
2	1	47.171 1	48.288 1
2	1	47.277 1	48.432 1
2	1	47.39 1	48.62 1
2	1	47.5 1	48.5 1
2	1	47.706 1	48.1236 1
2	1	47.280 1	48.435 1
2	1	47.124 1	48.244 1
2	1	47.460 1	48.727 1
2	1	47.481 1	48.755 1
2	1	47.338 1	48.505 1
2	1	47.100 1	48.173 1
2	1	47.275 1	48.430 1
2	1	47.704 1	48.1234 1
2	1	47.713 1	48.1243 1
2	1	47.1037 1	48.2085 1
2	1	47.510 1	48.1137 1
2	1	47.593 1	48.859 1
2	1	47.476 1	48.747 1
2	1	47.480 1	48.751 1
2	1	47.984 1	48.1988 1
2	1	47.841 1	48.1685 1
2	1	47.439 1	48.610 1
2	1	47.836 1	48.1680 1
2	1	47.885 1	48.1806 1
2	1	47.355 1	48.523 1
2	1	47.306 1	48.472 1
2	1	47.909 1	48.1844 1
2	1	47.1033 1	48.2081 1
2	1	47.1036 1	48.2084 1
2	1	47.410 1	48.577 1
2	1	47.103 1	48.176 1
2	1	47.858 1	48.1712 1
4	3	47.178 1 47.127 0.832 47.688 0.969	48.323 1
2	1	47.12 1	48.12 1
2	1	47.394 1	48.568 1
2	1	47.919 1	48.1858 1
2	1	47.945 1	48.1911 1
2	1	47.1034 1	48.2082 1
2	1	47.143 1	48.258 1
2	1	47.164 1	48.281 1
2	1	47.37 1	48.60 1
2	1	47.2 1	48.2 1
2	1	47.750 1	48.1390 1
2	1	47.648 1	48.1406 1
2	1	47.912 1	48.1847 1
2	1	47.145 1	48.260 1
2	1	47.276 1	48.431 1
2	1	47.115 1	48.220 1
2	1	47.271 1	48.426 1
2	1	47.832 1	48.1676 1
2	1	47.525 1	48.977 1
2	1	47.574 1	48.898 1
2	1	47.721 1	48.1251 1
2	1	47.455 1	48.671 1
2	1	47.598 1	48.829 1
2	1	47.664 1	48.1442 1
2	1	47.424 1	48.600 1
2	1	47.92 1	48.162 1
2	1	47.971 1	48.1948 1
2	1	47.309 1	48.475 1
2	1	47.336 1	48.503 1
2	1	47.835 1	48.1679 1
2	1	47.655 1	48.1424 1
2	1	47.194 1	48.339 1
2	1	47.933 1	48.1872 1
2	1	47.877 1	48.1798 1
2	1	47.201 1	48.345 1
2	1	47.1000 1	48.2002 1
2	1	47.694 1	48.1226 1
2	1	47.274 1	48.429 1
2	1	47.20 1	48.19 1
2	1	47.229 1	48.373 1
2	1	47.565 1	48.1105 1
2	1	47.96 1	48.169 1
2	1	47.856 1	48.1710 1
2	1	47.293 1	48.447 1
2	1	47.337 1	48.504 1
2	1	47.827 1	48.1673 1
2	1	47.148 1	48.263 1
2	1	47.943 1	48.1909 1
2	1	47.272 1	48.427 1
2	1	47.700 1	48.1230 1
2	1	47.994 1	48.1996 1
2	1	47.461 1	48.728 1
2	1	47.1024 1	48.2075 1
2	1	47.108 1	48.212 1
2	1	47.15 1	48.15 1
2	1	47.906 1	48.1841 1
2	1	47.239 1	48.382 1
2	1	47.180 1	48.325 1
2	1	47.837 1	48.1681 1
2	1	47.193 1	48.338 1
2	1	47.208 1	48.352 1
2	1	47.34 1	48.57 1
2	1	47.192 1	48.337 1
2	1	47.789 1	48.1594 1
2	1	47.478 1	48.749 1
2	1	47.47 1	48.70 1
2	1	47.914 1	48.1849 1
2	1	47.425 1	48.601 1
2	1	47.320 1	48.487 1
2	1	47.121 1	48.241 1
2	1	47.1025 1	48.2076 1
2	1	47.740 1	48.1380 1
3	2	47.572 1	48.2122 1 48.923 1
2	1	47.747 1	48.1387 1
2	1	47.130 1	48.246 1
2	1	47.378 1	48.547 1
2	1	47.855 1	48.1709 1
2	1	47.113 1	48.218 1
2	1	47.499 1	48.1213 1
2	1	47.568 1	48.1108 1
2	1	47.653 1	48.1421 1
2	1	47.363 1	48.529 1
2	1	47.76 1	48.128 1
2	1	47.268 1	48.422 1
2	1	47.895 1	48.1824 1
2	1	47.340 1	48.507 1
2	1	47.699 1	48.1229 1
2	1	47.104 1	48.177 1
2	1	47.123 1	48.243 1
2	1	47.719 1	48.1249 1
2	1	47.240 1	48.383 1
2	1	47.715 1	48.1245 1
2	1	47.86 1	48.156 1
2	1	47.234 1	48.378 1
2	1	47.38 1	48.61 1
2	1	47.496 1	48.1216 1
2	1	47.725 1	48.1344 1
2	1	47.146 1	48.261 1
2	1	47.804 1	48.1616 1
2	1	47.495 1	48.1217 1
2	1	47.256 1	48.402 1
2	1	47.946 1	48.1912 1
2	1	47.986 1	48.1990 1
2	1	47.348 1	48.514 1
2	1	47.176 1	48.321 1
2	1	47.544 1	48.1024 1
2	1	47.863 1	48.1715 1
2	1	47.1038 1	48.2086 1
2	1	47.198 1	48.342 1
2	1	47.380 1	48.549 1
2	1	47.609 1	48.815 1
2	1	47.857 1	48.1711 1
2	1	47.865 1	48.1740 1
2	1	47.14 1	48.14 1
2	1	47.782 1	48.1589 1
2	1	47.98 1	48.171 1
2	1	47.947 1	48.1913 1
2	1	47.18 1	48.17 1
2	1	47.625 1	48.787 1
2	1	47.707 1	48.1237 1
2	1	47.749 1	48.1389 1
2	1	47.173 1	48.290 1
2	1	47.1018 1	48.2066 1
2	1	47.652 1	48.1420 1
2	1	47.561 1	48.1087 1
2	1	47.25 1	48.26 1
2	1	47.89 1	48.159 1
2	1	47.162 1	48.279 1
2	1	47.809 1	48.1621 1
2	1	47.101 1	48.174 1
2	1	47.163 1	48.280 1
2	1	47.10 1	48.10 1
2	1	47.660 1	48.1428 1
2	1	47.917 1	48.1854 1
2	1	47.452 1	48.647 1
2	1	47.557 1	48.1083 1
2	1	47.297 1	48.450 1
2	1	47.81 1	48.151 1
2	1	47.985 1	48.1989 1
2	1	47.26 1	48.28 1
2	1	47.1031 1	48.2079 1
2	1	47.531 1	48.993 1
2	1	47.211 1	48.355 1
2	1	47.663 1	48.1441 1
2	1	47.333 1	48.500 1
2	1	47.884 1	48.1805 1
2	1	47.833 1	48.1677 1
2	1	47.382 1	48.551 1
2	1	47.630 1	48.766 1
2	1	47.905 1	48.1840 1
2	1	47.538 1	48.1010 1
2	1	47.133 1	48.249 1
2	1	47.205 1	48.349 1
2	1	47.724 1	48.1343 1
2	1	47.94 1	48.165 1
2	1	47.99 1	48.172 1
2	1	47.1001 1	48.2003 1
2	1	47.42 1	48.65 1
2	1	47.735 1	48.1345 1
2	1	47.847 1	48.1701 1
2	1	47.263 1	48.412 1
2	1	47.972 1	48.1951 1
2	1	47.891 1	48.1811 1
2	1	47.314 1	48.483 1
2	1	47.703 1	48.1233 1
2	1	47.90 1	48.160 1
2	1	47.1030 1	48.2078 1
2	1	47.960 1	48.1937 1
2	1	47.154 1	48.271 1
2	1	47.500 1	48.1212 1
2	1	47.384 1	48.553 1
2	1	47.534 1	48.1004 1
2	1	47.516 1	48.964 1
2	1	47.253 1	48.397 1
2	1	47.231 1	48.375 1
2	1	47.427 1	48.603 1
2	1	47.743 1	48.1383 1
2	1	47.530 1	48.992 1
2	1	47.677 1	48.1451 1
2	1	47.11 1	48.11 1
2	1	47.335 1	48.502 1
2	1	47.195 1	48.340 1
2	1	47.269 1	48.423 1
2	1	47.620 1	48.770 1
2	1	47.79 1	48.149 1
4	3	47.610 0.514 47.632 1 47.633 0.856	48.644 1
2	1	47.867 1	48.1742 1
2	1	47.225 1	48.369 1
2	1	47.654 1	48.1423 1
2	1	47.505 1	48.1138 1
2	1	47.673 1	48.1447 1
2	1	47.315 1	48.484 1
2	1	47.9 1	48.9 1
2	1	47.310 1	48.477 1
3	2	47.444 1 47.242 0.731	48.615 1
2	1	47.942 1	48.1908 1
2	1	47.843 1	48.1687 1
2	1	47.352 1	48.518 1
2	1	47.815 1	48.1638 1
2	1	47.182 1	48.330 1
2	1	47.385 1	48.554 1
2	1	47.498 1	48.1214 1
2	1	47.541 1	48.1023 1
2	1	47.817 1	48.1640 1
2	1	47.206 1	48.350 1
2	1	47.573 1	48.899 1
2	1	47.285 1	48.440 1
2	1	47.785 1	48.1591 1
2	1	47.477 1	48.748 1
2	1	47.283 1	48.438 1
2	1	47.411 1	48.1400 1
2	1	47.786 1	48.1592 1
2	1	47.992 1	48.1994 1
2	1	47.157 1	48.274 1
2	1	47.515 1	48.963 1
2	1	47.290 1	48.444 1
2	1	47.345 1	48.512 1
2	1	47.353 1	48.520 1
2	1	47.970 1	48.1947 1
2	1	47.819 1	48.1642 1
2	1	47.445 1	48.616 1
2	1	47.346 1	48.513 1
2	1	47.1003 1	48.2005 1
2	1	47.316 1	48.485 1
2	1	47.576 1	48.896 1
2	1	47.608 1	48.817 1
2	1	47.674 1	48.1449 1
3	2	47.854 1 47.493 0.872	48.1708 1
2	1	47.820 1	48.1643 1
2	1	47.65 1	48.119 1
2	1	47.591 1	48.861 1
2	1	47.386 1	48.556 1
2	1	47.302 1	48.468 1
2	1	47.291 1	48.445 1
2	1	47.35 1	48.58 1
2	1	47.784 1	48.1590 1
2	1	47.235 1	48.379 1
2	1	47.1035 1	48.2083 1
2	1	47.159 1	48.276 1
2	1	47.300 1	48.466 1
2	1	47.67 1	48.121 1
2	1	47.398 1	48.561 1
2	1	47.466 1	48.733 1
2	1	47.21 1	48.20 1
2	1	47.448 1	48.619 1
2	1	47.556 1	48.1082 1
2	1	47.161 1	48.278 1
2	1	47.957 1	48.1934 1
2	1	47.807 1	48.1619 1
2	1	47.911 1	48.1846 1
2	1	47.220 1	48.364 1
2	1	47.29 1	48.54 1
2	1	47.605 1	48.821 1
2	1	47.222 1	48.366 1
2	1	47.84 1	48.154 1
2	1	47.615 1	48.811 1
2	1	47.887 1	48.1808 1
2	1	47.301 1	48.467 1
2	1	47.390 1	48.560 1
2	1	47.428 1	48.604 1
2	1	47.429 1	48.605 1
2	1	47.325 1	48.493 1
2	1	47.172 1	48.289 1
2	1	47.217 1	48.361 1
2	1	47.456 1	48.673 1
2	1	47.708 1	48.1238 1
2	1	47.153 1	48.269 1
2	1	47.158 1	48.275 1
2	1	47.102 1	48.175 1
2	1	47.295 1	48.448 1
2	1	47.257 1	48.403 1
2	1	47.915 1	48.1851 1
2	1	47.681 1	48.1471 1
2	1	47.898 1	48.1835 1
2	1	47.1002 1	48.2004 1
2	1	47.479 1	48.750 1
2	1	47.814 1	48.1637 1
2	1	47.736 1	48.1347 1
2	1	47.144 1	48.259 1
2	1	47.40 1	48.63 1
2	1	47.705 1	48.1235 1
2	1	47.119 1	48.239 1
2	1	47.383 1	48.552 1
2	1	47.934 1	48.1873 1
2	1	47.334 1	48.501 1
2	1	47.447 1	48.618 1
2	1	47.539 1	48.1011 1
2	1	47.8 1	48.8 1
2	1	47.838 1	48.1682 1
2	1	47.282 1	48.437 1
2	1	47.998 1	48.2000 1
2	1	47.944 1	48.1910 1
2	1	47.245 1	48.390 1
2	1	47.745 1	48.1385 1
2	1	47.853 1	48.1707 1
2	1	47.966 1	48.1943 1
2	1	47.564 1	48.1104 1
2	1	47.801 1	48.1613 1
2	1	47.241 1	48.385 1
2	1	47.213 1	48.357 1
2	1	47.742 1	48.1382 1
2	1	47.53 1	48.97 1
2	1	47.1032 1	48.2080 1
2	1	47.450 1	48.645 1
2	1	47.259 1	48.405 1
2	1	47.951 1	48.1914 1
2	1	47.212 1	48.356 1
2	1	47.472 1	48.740 1
2	1	47.246 1	48.391 1
2	1	47.524 1	48.976 1
2	1	47.1016 1	48.2058 1
2	1	47.718 1	48.1248 1
2	1	47.52 1	48.96 1
2	1	47.196 1	48.341 1
2	1	47.834 1	48.1678 1
2	1	47.1022 1	48.2074 1
2	1	47.258 1	48.404 1
2	1	47.619 1	48.808 1
2	1	47.716 1	48.1246 1
2	1	47.940 1	48.1903 1
2	1	47.379 1	48.548 1
2	1	47.973 1	48.1952 1
2	1	47.701 1	48.1231 1
2	1	47.600 1	48.827 1
2	1	47.57 1	48.101 1
2	1	47.711 1	48.1241 1
2	1	47.6 1	48.6 1
2	1	47.313 1	48.482 1
2	1	47.667 1	48.1446 1
2	1	47.223 1	48.367 1
2	1	47.816 1	48.1639 1
2	1	47.426 1	48.602 1
2	1	47.523 1	48.975 1
2	1	47.738 1	48.1349 1
2	1	47.281 1	48.436 1
2	1	47.160 1	48.277 1
2	1	47.537 1	48.1009 1
2	1	47.372 1	48.539 1
2	1	47.656 1	48.1425 1
2	1	47.997 1	48.1999 1
2	1	47.350 1	48.516 1
2	1	47.631 1	48.1405 1
2	1	47.199 1	48.343 1
2	1	47.666 1	48.1445 1
2	1	47.983 1	48.1987 1
2	1	47.616 1	48.810 1
2	1	47.872 1	48.1747 1
2	1	47.107 1	48.181 1
2	1	47.981 1	48.1985 1
2	1	47.918 1	48.1857 1
2	1	47.93 1	48.164 1
2	1	47.458 1	48.326 1
2	1	47.59 1	48.104 1
2	1	47.165 1	48.282 1
2	1	47.202 1	48.346 1
2	1	47.414 1	48.596 1
2	1	47.369 1	48.536 1
2	1	47.698 1	48.1228 1
2	1	47.228 1	48.372 1
2	1	47.22 1	48.21 1
2	1	47.203 1	48.347 1
2	1	47.990 1	48.1993 1
2	1	47.80 1	48.150 1
2	1	47.219 1	48.363 1
2	1	47.132 1	48.248 1
2	1	47.215 1	48.359 1
2	1	47.567 1	48.1106 1
2	1	47.529 1	48.991 1
2	1	47.739 1	48.1379 1
2	1	47.617 1	48.806 1
2	1	47.978 1	48.1960 1
2	1	47.112 1	48.216 1
3	2	47.125 0.263 47.551 1	48.1222 1
2	1	47.519 1	48.967 1
2	1	47.723 1	48.1303 1
2	1	47.95 1	48.166 1
2	1	47.23 1	48.22 1
2	1	47.28 1	48.31 1
2	1	47.770 1	48.1906 1
2	1	47.189 1	48.334 1
2	1	47.589 1	48.864 1
2	1	47.230 1	48.374 1
2	1	47.252 1	48.396 1
3	2	47.490 0.698 47.507 1	48.1115 1
2	1	47.227 1	48.371 1
2	1	47.554 1	48.1080 1
2	1	47.56 1	48.100 1
2	1	47.710 1	48.1240 1
2	1	47.341 1	48.508 1
2	1	47.1008 1	48.2040 1
2	1	47.210 1	48.354 1
2	1	47.58 1	48.102 1
2	1	47.559 1	48.1085 1
2	1	47.522 1	48.974 1
2	1	47.679 1	48.1469 1
2	1	47.744 1	48.1384 1
2	1	47.746 1	48.1386 1
2	1	47.358 1	48.526 1
3	2	47.78 1 47.794 0.735	48.147 1
16	39	47.975 1 47.48 1 47.442 1 47.977 0.852 47.976 0.837 47.726 0.577 47.443 0.137 47.347 0.122 47.563 0.115 47.387 0.087 47.734 0.079 47.612 0.056 47.331 0.054	48.1414 1 48.71 1 48.614 1
2	1	47.255 1	48.399 1
2	1	47.221 1	48.365 1
2	1	47.590 1	48.862 1
2	1	47.614 1	48.814 1
2	1	47.528 1	48.990 1
2	1	47.596 1	48.831 1
2	1	47.805 1	48.1617 1
2	1	47.254 1	48.398 1
2	1	47.618 1	48.807 1
2	1	47.888 1	48.1809 1
2	1	47.459 1	48.726 1
2	1	47.829 1	48.1674 1
2	1	47.141 1	48.256 1
2	1	47.204 1	48.348 1
2	1	47.812 1	48.1634 1
2	1	47.216 1	48.360 1
2	1	47.661 1	48.1440 1
2	1	47.244 1	48.389 1
2	1	47.83 1	48.153 1
2	1	47.849 1	48.1704 1
2	1	47.1040 1	48.2097 1
2	1	47.168 1	48.285 1
2	1	47.536 1	48.1007 1
2	1	47.941 1	48.1904 1
2	1	47.149 1	48.264 1
2	1	47.156 1	48.273 1
2	1	47.209 1	48.353 1
2	1	47.935 1	48.1874 1
2	1	47.1015 1	48.2057 1
2	1	47.890 1	48.1810 1
2	1	47.207 1	48.351 1
2	1	47.30 1	48.55 1
2	1	47.377 1	48.546 1
3	2	47.457 1 47.900 0.934	48.674 1
2	1	47.77 1	48.129 1
2	1	47.360 1	48.528 1
2	1	47.359 1	48.527 1
2	1	47.467 1	48.734 1
2	1	47.712 1	48.1242 1
2	1	47.979 1	48.1961 1
2	1	47.36 1	48.59 1
2	1	47.908 1	48.1843 1
2	1	47.818 1	48.1641 1
2	1	47.870 1	48.1745 1
2	1	47.702 1	48.1232 1
2	1	47.111 1	48.215 1
2	1	47.174 1	48.320 1
2	1	47.250 1	48.394 1
2	1	47.97 1	48.170 1
2	1	47.214 1	48.358 1
2	1	47.82 1	48.152 1
2	1	47.311 1	48.480 1
2	1	47.733 1	48.1666 1
2	1	47.375 1	48.545 1
2	1	47.238 1	48.381 1
2	1	47.289 1	48.443 1
2	1	47.846 1	48.1697 1
2	1	47.1017 1	48.2065 1
2	1	47.585 1	48.871 1
2	1	47.840 1	48.1684 1
2	1	47.869 1	48.1744 1
2	1	47.881 1	48.1799 1
2	1	47.91 1	48.161 1
2	1	47.963 1	48.1940 1
2	1	47.651 1	48.1419 1
2	1	47.649 1	48.1227 1
2	1	47.932 1	48.1871 1
2	1	47.114 1	48.219 1
2	1	47.24 1	48.23 1
2	1	47.319 1	48.486 1
2	1	47.471 1	48.739 1
2	1	47.883 1	48.1804 1
2	1	47.88 1	48.158 1
2	1	47.954 1	48.1931 1
2	1	47.438 1	48.608 1
2	1	47.790 1	48.1597 1
2	1	47.602 1	48.825 1
2	1	47.349 1	48.515 1
2	1	47.317 1	48.893 1
2	1	47.139 1	48.253 1
2	1	47.184 1	48.629 1
2	1	47.513 1	48.1116 1
2	1	47.938 1	48.1901 1
2	1	47.251 1	48.395 1
2	1	47.980 1	48.1984 1
2	1	47.226 1	48.370 1
2	1	47.323 1	48.491 1
2	1	47.603 1	48.824 1
2	1	47.473 1	48.745 1
2	1	47.955 1	48.1932 1
2	1	47.75 1	48.127 1
2	1	47.307 1	48.473 1
2	1	47.577 1	48.895 1
2	1	47.110 1	48.214 1
2	1	47.218 1	48.362 1
2	1	47.665 1	48.1443 1
2	1	47.862 1	48.1714 1
2	1	47.494 1	48.1218 1
2	1	47.197 1	48.262 1
2	1	47.852 1	48.1706 1
2	1	47.155 1	48.272 1
2	1	47.517 1	48.966 1
2	1	47.717 1	48.1247 1
2	1	47.140 1	48.255 1
2	1	47.680 1	48.1470 1
3	2	47.808 1 47.396 0.804	48.1620 1
3	2	47.594 1	48.2127 1 48.858 1
2	1	47.967 1	48.1944 1
2	1	47.604 1	48.823 1
2	1	47.761 1	48.1397 1
2	1	47.1014 1	48.2043 1
2	1	47.952 1	48.1915 1
6	5	47.136 0.234 47.175 1 47.502 0.380 47.650 0.114 47.949 0.480	48.876 1
2	1	47.233 1	48.377 1
2	1	47.592 1	48.860 1
2	1	47.41 1	48.64 1
2	1	47.232 1	48.376 1
2	1	47.555 1	48.1081 1
2	1	47.106 1	48.179 1
2	1	47.423 1	48.599 1
2	1	47.312 1	48.481 1
2	1	47.845 1	48.1699 1
2	1	47.916 1	48.1852 1
2	1	47.465 1	48.732 1
2	1	47.813 1	48.1636 1
2	1	47.1042 1	48.2100 1
2	1	47.430 1	48.606 1
2	1	47.553 1	48.1079 1
2	1	47.371 1	48.538 1
2	1	47.676 1	48.1450 1
2	1	47.376 1	48.753 1
3	2	47.187 0.121 47.389 1	48.1622 1
2	1	47.878 1	48.1796 1
2	1	47.969 1	48.1946 1
5	4	47.729 1	48.1047 1 48.1831 0.207 48.410 0.265 48.49 0.230
2	1	47.825 1	48.1474 1
3	2	47.409 1	48.1900 1 48.626 0.074
2	1	47.540 1	48.1012 1
2	1	47.783 1	48.1069 1
6	5	47.66 0.352 47.755 0.075 47.757 1 47.758 0.317 47.759 0.349	48.1412 1
2	1	47.364 1	48.531 1
2	1	47.830 1	48.1823 1
2	1	47.262 1	48.411 1
2	1	47.186 1	48.494 1
