Size	Relations	OrthoA	OrthoB
2	1	47.50 1	49.81 1
2	1	47.51 1	49.82 1
2	1	47.339 1	49.868 1
2	1	47.774 1	49.616 1
2	1	47.451 1	49.314 1
2	1	47.142 1	49.1053 1
2	1	47.1012 1	49.1203 1
2	1	47.996 1	49.1177 1
2	1	47.406 1	49.474 1
2	1	47.793 1	49.379 1
2	1	47.401 1	49.471 1
2	1	47.928 1	49.1086 1
2	1	47.839 1	49.988 1
2	1	47.129 1	49.1059 1
2	1	47.1029 1	49.1220 1
2	1	47.597 1	49.537 1
2	1	47.368 1	49.449 1
2	1	47.54 1	49.85 1
2	1	47.709 1	49.752 1
2	1	47.886 1	49.201 1
2	1	47.318 1	49.883 1
2	1	47.265 1	49.1032 1
2	1	47.191 1	49.269 1
2	1	47.558 1	49.595 1
2	1	47.4 1	49.4 1
2	1	47.599 1	49.509 1
2	1	47.904 1	49.186 1
2	1	47.601 1	49.507 1
2	1	47.1018 1	49.1205 1
2	1	47.913 1	49.176 1
2	1	47.607 1	49.398 1
2	1	47.1020 1	49.1210 1
2	1	47.560 1	49.593 1
2	1	47.183 1	49.264 1
2	1	47.120 1	49.1066 1
2	1	47.737 1	49.783 1
2	1	47.13 1	49.13 1
2	1	47.105 1	49.153 1
2	1	47.571 1	49.585 1
2	1	47.17 1	49.32 1
2	1	47.3 1	49.3 1
2	1	47.993 1	49.1171 1
2	1	47.907 1	49.183 1
2	1	47.670 1	49.391 1
2	1	47.299 1	49.916 1
2	1	47.964 1	49.1117 1
2	1	47.475 1	49.674 1
2	1	47.671 1	49.710 1
2	1	47.868 1	49.1017 1
3	2	47.861 1	49.1014 1 49.52 0.650
2	1	47.60 1	49.91 1
2	1	47.803 1	49.1061 1
2	1	47.440 1	49.691 1
2	1	47.534 1	49.1207 1
2	1	47.267 1	49.1030 1
2	1	47.236 1	49.325 1
2	1	47.151 1	49.214 1
2	1	47.580 1	49.211 1
2	1	47.796 1	49.375 1
2	1	47.190 1	49.268 1
2	1	47.296 1	49.926 1
2	1	47.910 1	49.179 1
2	1	47.270 1	49.1027 1
2	1	47.926 1	49.168 1
2	1	47.118 1	49.1068 1
2	1	47.85 1	49.119 1
2	1	47.968 1	49.1131 1
2	1	47.92 1	49.130 1
2	1	47.722 1	49.769 1
2	1	47.692 1	49.738 1
2	1	47.1007 1	49.260 1
2	1	47.1023 1	49.1213 1
2	1	47.304 1	49.909 1
2	1	47.748 1	49.921 1
2	1	47.19 1	49.40 1
2	1	47.64 1	49.93 1
2	1	47.982 1	49.1160 1
2	1	47.470 1	49.682 1
2	1	47.45 1	49.76 1
2	1	47.720 1	49.767 1
2	1	47.87 1	49.121 1
2	1	47.169 1	49.237 1
2	1	47.511 1	49.582 1
2	1	47.68 1	49.99 1
2	1	47.826 1	49.973 1
2	1	47.224 1	49.305 1
2	1	47.693 1	49.739 1
2	1	47.273 1	49.339 1
2	1	47.260 1	49.1033 1
2	1	47.848 1	49.996 1
2	1	47.286 1	49.357 1
2	1	47.1 1	49.1 1
2	1	47.741 1	49.482 1
3	2	47.278 1	49.344 1 49.608 0.724
2	1	47.150 1	49.213 1
2	1	47.74 1	49.106 1
3	2	47.876 1 47.879 0.447	49.791 1
2	1	47.414 1	49.1142 1
2	1	47.344 1	49.861 1
2	1	47.1013 1	49.1201 1
2	1	47.7 1	49.7 1
2	1	47.342 1	49.863 1
2	1	47.575 1	49.550 1
2	1	47.842 1	49.991 1
2	1	47.33 1	49.62 1
2	1	47.46 1	49.77 1
2	1	47.166 1	49.234 1
2	1	47.343 1	49.862 1
2	1	47.866 1	49.488 1
2	1	47.292 1	49.367 1
2	1	47.1043 1	49.1240 1
2	1	47.370 1	49.451 1
2	1	47.956 1	49.1105 1
2	1	47.658 1	49.800 1
2	1	47.418 1	49.842 1
2	1	47.287 1	49.358 1
2	1	47.330 1	49.876 1
2	1	47.200 1	49.281 1
2	1	47.959 1	49.1110 1
2	1	47.431 1	49.701 1
2	1	47.781 1	49.478 1
2	1	47.138 1	49.690 1
2	1	47.124 1	49.1062 1
2	1	47.363 1	49.444 1
2	1	47.995 1	49.1176 1
2	1	47.243 1	49.332 1
2	1	47.419 1	49.841 1
2	1	47.170 1	49.253 1
3	2	47.897 1 47.263 0.580	49.132 1
2	1	47.1004 1	49.1191 1
2	1	47.961 1	49.1114 1
2	1	47.354 1	49.826 1
2	1	47.958 1	49.1107 1
2	1	47.657 1	49.799 1
2	1	47.373 1	49.455 1
2	1	47.55 1	49.86 1
2	1	47.927 1	49.167 1
2	1	47.788 1	49.569 1
2	1	47.621 1	49.493 1
3	2	47.310 1	49.899 1 49.23 0.807
2	1	47.381 1	49.461 1
2	1	47.965 1	49.1118 1
2	1	47.962 1	49.1115 1
2	1	47.399 1	49.470 1
2	1	47.185 1	49.266 1
2	1	47.1033 1	49.1224 1
2	1	47.713 1	49.756 1
2	1	47.871 1	49.1020 1
2	1	47.369 1	49.450 1
2	1	47.329 1	49.877 1
2	1	47.279 1	49.350 1
2	1	47.27 1	49.609 1
2	1	47.324 1	49.881 1
2	1	47.177 1	49.194 1
2	1	47.1037 1	49.1231 1
2	1	47.351 1	49.830 1
2	1	47.920 1	49.170 1
2	1	47.171 1	49.254 1
2	1	47.510 1	49.581 1
2	1	47.117 1	49.1069 1
2	1	47.1041 1	49.1236 1
2	1	47.1036 1	49.1230 1
2	1	47.999 1	49.1181 1
2	1	47.836 1	49.984 1
2	1	47.971 1	49.1141 1
2	1	47.275 1	49.341 1
2	1	47.100 1	49.147 1
2	1	47.44 1	49.75 1
2	1	47.179 1	49.196 1
2	1	47.410 1	49.476 1
2	1	47.122 1	49.1064 1
2	1	47.412 1	49.822 1
2	1	47.769 1	49.501 1
2	1	47.480 1	49.669 1
2	1	47.5 1	49.5 1
2	1	47.939 1	49.1091 1
2	1	47.988 1	49.1166 1
2	1	47.2 1	49.2 1
2	1	47.1039 1	49.1233 1
2	1	47.1034 1	49.1228 1
2	1	47.673 1	49.713 1
2	1	47.439 1	49.692 1
2	1	47.164 1	49.227 1
2	1	47.841 1	49.990 1
2	1	47.153 1	49.216 1
2	1	47.276 1	49.342 1
2	1	47.578 1	49.547 1
2	1	47.714 1	49.757 1
2	1	47.103 1	49.151 1
2	1	47.178 1	49.195 1
2	1	47.308 1	49.901 1
2	1	47.704 1	49.856 1
2	1	47.945 1	49.1098 1
2	1	47.987 1	49.1165 1
2	1	47.773 1	49.617 1
2	1	47.37 1	49.67 1
3	2	47.526 1	49.880 1 49.903 0.765
2	1	47.970 1	49.1140 1
2	1	47.167 1	49.235 1
2	1	47.424 1	49.817 1
2	1	47.115 1	49.1076 1
2	1	47.96 1	49.141 1
2	1	47.284 1	49.355 1
2	1	47.750 1	49.395 1
2	1	47.912 1	49.177 1
2	1	47.858 1	49.1013 1
2	1	47.476 1	49.673 1
2	1	47.277 1	49.343 1
2	1	47.338 1	49.869 1
2	1	47.194 1	49.274 1
2	1	47.669 1	49.812 1
2	1	47.148 1	49.1047 1
2	1	47.909 1	49.180 1
3	2	47.574 1	49.551 1 49.893 0.862
2	1	47.1000 1	49.1187 1
2	1	47.229 1	49.310 1
2	1	47.827 1	49.977 1
2	1	47.126 1	49.1146 1
2	1	47.305 1	49.904 1
2	1	47.984 1	49.1162 1
2	1	47.109 1	49.158 1
2	1	47.18 1	49.39 1
2	1	47.648 1	49.440 1
2	1	47.394 1	49.386 1
2	1	47.528 1	49.945 1
2	1	47.919 1	49.766 1
2	1	47.127 1	49.1145 1
2	1	47.303 1	49.910 1
2	1	47.706 1	49.749 1
2	1	47.721 1	49.768 1
2	1	47.994 1	49.1175 1
2	1	47.143 1	49.1052 1
2	1	47.378 1	49.458 1
2	1	47.15 1	49.28 1
2	1	47.43 1	49.73 1
2	1	47.208 1	49.289 1
3	2	47.1024 1	49.1214 1 49.49 0.906
2	1	47.152 1	49.215 1
2	1	47.565 1	49.533 1
2	1	47.293 1	49.368 1
3	2	47.478 1	49.671 1 49.835 0.727
2	1	47.700 1	49.743 1
2	1	47.856 1	49.1009 1
2	1	47.193 1	49.273 1
2	1	47.180 1	49.197 1
2	1	47.687 1	49.425 1
2	1	47.274 1	49.340 1
2	1	47.272 1	49.1025 1
2	1	47.47 1	49.78 1
2	1	47.943 1	49.1096 1
2	1	47.655 1	49.796 1
2	1	47.694 1	49.740 1
2	1	47.525 1	49.638 1
2	1	47.123 1	49.1063 1
2	1	47.309 1	49.900 1
2	1	47.885 1	49.202 1
2	1	47.365 1	49.446 1
2	1	47.678 1	49.719 1
2	1	47.75 1	49.107 1
2	1	47.192 1	49.272 1
2	1	47.914 1	49.175 1
2	1	47.340 1	49.865 1
2	1	47.835 1	49.951 1
2	1	47.336 1	49.871 1
2	1	47.411 1	49.824 1
2	1	47.906 1	49.184 1
2	1	47.517 1	49.621 1
2	1	47.355 1	49.825 1
2	1	47.145 1	49.1050 1
2	1	47.353 1	49.827 1
2	1	47.240 1	49.329 1
2	1	47.454 1	49.733 1
3	2	47.125 1 47.551 0.879	49.1147 1
2	1	47.688 1	49.424 1
2	1	47.723 1	49.770 1
2	1	47.121 1	49.1065 1
2	1	47.337 1	49.870 1
2	1	47.108 1	49.157 1
2	1	47.268 1	49.1029 1
2	1	47.317 1	49.884 1
2	1	47.664 1	49.807 1
2	1	47.846 1	49.1173 1
2	1	47.12 1	49.12 1
2	1	47.598 1	49.510 1
2	1	47.72 1	49.104 1
2	1	47.266 1	49.1031 1
2	1	47.162 1	49.225 1
2	1	47.837 1	49.985 1
2	1	47.380 1	49.460 1
3	2	47.113 1	49.1078 0.367 49.439 1
2	1	47.280 1	49.351 1
2	1	47.104 1	49.152 1
2	1	47.404 1	49.473 1
2	1	47.685 1	49.427 1
2	1	47.795 1	49.376 1
2	1	47.918 1	49.171 1
2	1	47.59 1	49.90 1
2	1	47.39 1	49.69 1
2	1	47.130 1	49.1058 1
2	1	47.548 1	49.1073 1
2	1	47.653 1	49.794 1
2	1	47.789 1	49.568 1
2	1	47.239 1	49.328 1
2	1	47.455 1	49.907 1
2	1	47.20 1	49.41 1
2	1	47.946 1	49.1099 1
2	1	47.38 1	49.68 1
2	1	47.348 1	49.858 1
2	1	47.95 1	49.140 1
2	1	47.163 1	49.226 1
2	1	47.1025 1	49.1217 1
2	1	47.972 1	49.1148 1
2	1	47.857 1	49.1012 1
2	1	47.986 1	49.1164 1
2	1	47.81 1	49.115 1
2	1	47.211 1	49.292 1
2	1	47.34 1	49.63 1
2	1	47.14 1	49.24 1
2	1	47.256 1	49.1039 1
2	1	47.740 1	49.483 1
2	1	47.176 1	49.258 1
2	1	47.845 1	49.993 1
2	1	47.205 1	49.286 1
2	1	47.271 1	49.1026 1
3	2	47.829 1 47.917 0.696	49.983 1
2	1	47.715 1	49.758 1
2	1	47.810 1	49.961 1
2	1	47.747 1	49.920 1
2	1	47.797 1	49.374 1
2	1	47.333 1	49.875 1
2	1	47.699 1	49.742 1
2	1	47.86 1	49.120 1
2	1	47.1038 1	49.1232 1
2	1	47.89 1	49.127 1
2	1	47.98 1	49.143 1
2	1	47.863 1	49.1015 1
8	16	47.563 1 47.442 1 47.443 0.773 47.347 0.399	49.630 1 49.776 1 49.729 0.210 49.631 0.201
2	1	47.531 1	49.948 1
2	1	47.146 1	49.1049 1
2	1	47.660 1	49.801 1
2	1	47.499 1	49.663 1
2	1	47.28 1	49.48 1
2	1	47.425 1	49.708 1
2	1	47.234 1	49.323 1
2	1	47.568 1	49.520 1
2	1	47.663 1	49.806 1
2	1	47.855 1	49.1008 1
2	1	47.241 1	49.330 1
2	1	47.538 1	49.513 1
2	1	47.297 1	49.923 1
2	1	47.561 1	49.591 1
2	1	47.248 1	49.338 1
2	1	47.804 1	49.953 1
2	1	47.724 1	49.771 1
2	1	47.749 1	49.922 1
2	1	47.557 1	49.596 1
2	1	47.352 1	49.828 1
2	1	47.905 1	49.185 1
2	1	47.491 1	49.979 1
2	1	47.947 1	49.1100 1
2	1	47.231 1	49.312 1
2	1	47.173 1	49.256 1
2	1	47.79 1	49.113 1
2	1	47.101 1	49.148 1
2	1	47.707 1	49.750 1
2	1	47.960 1	49.1111 1
2	1	47.843 1	49.992 1
2	1	47.452 1	49.315 1
2	1	47.382 1	49.462 1
2	1	47.541 1	49.601 1
2	1	47.542 1	49.431 1
2	1	47.569 1	49.952 1
2	1	47.884 1	49.203 1
2	1	47.9 1	49.9 1
2	1	47.1008 1	49.259 1
2	1	47.625 1	49.644 1
2	1	47.891 1	49.190 1
2	1	47.865 1	49.489 1
2	1	47.361 1	49.437 1
2	1	47.133 1	49.1056 1
2	1	47.677 1	49.717 1
2	1	47.498 1	49.664 1
2	1	47.802 1	49.1153 1
2	1	47.854 1	49.1007 1
2	1	47.107 1	49.156 1
2	1	47.985 1	49.1163 1
2	1	47.386 1	49.466 1
2	1	47.384 1	49.464 1
2	1	47.1031 1	49.1222 1
2	1	47.314 1	49.887 1
3	2	47.785 1	49.390 1 49.1196 0.850
2	1	47.817 1	49.969 1
2	1	47.295 1	49.927 1
2	1	47.833 1	49.316 1
2	1	47.847 1	49.994 1
2	1	47.253 1	49.1042 1
2	1	47.206 1	49.287 1
2	1	47.242 1	49.331 1
2	1	47.94 1	49.139 1
2	1	47.131 1	49.492 1
2	1	47.620 1	49.494 1
2	1	47.1006 1	49.261 1
2	1	47.35 1	49.64 1
2	1	47.11 1	49.11 1
2	1	47.225 1	49.306 1
2	1	47.1003 1	49.1190 1
2	1	47.1027 1	49.1218 1
3	2	47.385 1 47.445 0.785	49.465 1
2	1	47.42 1	49.72 1
2	1	47.78 1	49.112 1
2	1	47.154 1	49.217 1
2	1	47.269 1	49.1028 1
2	1	47.530 1	49.947 1
2	1	47.992 1	49.1170 1
2	1	47.500 1	49.662 1
2	1	47.957 1	49.1106 1
2	1	47.466 1	49.686 1
2	1	47.637 1	49.490 1
2	1	47.505 1	49.579 1
2	1	47.639 1	49.1135 1
2	1	47.198 1	49.279 1
2	1	47.345 1	49.860 1
2	1	47.76 1	49.109 1
2	1	47.820 1	49.972 1
2	1	47.1001 1	49.1188 1
2	1	47.157 1	49.220 1
2	1	47.67 1	49.98 1
2	1	47.823 1	49.1023 1
2	1	47.572 1	49.612 1
3	2	47.901 1	49.891 1 49.97 0.688
2	1	47.477 1	49.672 1
2	1	47.195 1	49.275 1
2	1	47.603 1	49.505 1
2	1	47.586 1	49.539 1
2	1	47.285 1	49.356 1
2	1	47.220 1	49.301 1
2	1	47.819 1	49.971 1
2	1	47.102 1	49.150 1
2	1	47.686 1	49.426 1
2	1	47.615 1	49.500 1
2	1	47.56 1	49.87 1
2	1	47.703 1	49.747 1
2	1	47.217 1	49.298 1
2	1	47.159 1	49.222 1
2	1	47.316 1	49.885 1
2	1	47.864 1	49.1016 1
2	1	47.456 1	49.161 1
2	1	47.300 1	49.913 1
2	1	47.811 1	49.962 1
2	1	47.807 1	49.959 1
2	1	47.471 1	49.678 1
2	1	47.652 1	49.793 1
2	1	47.812 1	49.963 1
2	1	47.515 1	49.618 1
2	1	47.161 1	49.224 1
2	1	47.998 1	49.1179 1
2	1	47.90 1	49.128 1
2	1	47.925 1	49.169 1
2	1	47.301 1	49.912 1
2	1	47.53 1	49.84 1
2	1	47.222 1	49.303 1
2	1	47.235 1	49.324 1
2	1	47.334 1	49.874 1
2	1	47.390 1	49.468 1
2	1	47.479 1	49.670 1
2	1	47.684 1	49.428 1
2	1	47.815 1	49.967 1
2	1	47.302 1	49.911 1
2	1	47.172 1	49.255 1
2	1	47.212 1	49.293 1
2	1	47.640 1	49.1136 1
2	1	47.201 1	49.282 1
2	1	47.1022 1	49.1212 1
2	1	47.991 1	49.1169 1
2	1	47.99 1	49.144 1
2	1	47.809 1	49.821 1
2	1	47.838 1	49.987 1
2	1	47.1030 1	49.1221 1
2	1	47.52 1	49.83 1
2	1	47.383 1	49.463 1
2	1	47.708 1	49.751 1
2	1	47.711 1	49.754 1
2	1	47.1016 1	49.1199 1
2	1	47.69 1	49.100 1
2	1	47.537 1	49.514 1
3	2	47.915 1	49.174 1 49.688 0.076
2	1	47.493 1	49.978 1
2	1	47.335 1	49.872 1
2	1	47.654 1	49.795 1
2	1	47.716 1	49.759 1
2	1	47.429 1	49.703 1
2	1	47.10 1	49.10 1
2	1	47.257 1	49.1038 1
2	1	47.341 1	49.864 1
2	1	47.681 1	49.724 1
2	1	47.576 1	49.549 1
2	1	47.8 1	49.8 1
2	1	47.291 1	49.366 1
2	1	47.790 1	49.388 1
2	1	47.290 1	49.365 1
2	1	47.472 1	49.677 1
2	1	47.518 1	49.622 1
2	1	47.725 1	49.772 1
2	1	47.997 1	49.1178 1
2	1	47.593 1	49.542 1
2	1	47.705 1	49.748 1
2	1	47.940 1	49.1092 1
2	1	47.966 1	49.1119 1
2	1	47.246 1	49.336 1
2	1	47.588 1	49.632 1
2	1	47.786 1	49.389 1
2	1	47.887 1	49.200 1
2	1	47.556 1	49.597 1
3	2	47.662 1	49.949 1 49.950 0.265
2	1	47.973 1	49.1149 1
3	2	47.432 1 47.784 0.076	49.700 1
2	1	47.213 1	49.294 1
2	1	47.325 1	49.879 1
2	1	47.683 1	49.429 1
2	1	47.144 1	49.1051 1
2	1	47.245 1	49.335 1
2	1	47.158 1	49.221 1
2	1	47.350 1	49.831 1
2	1	47.315 1	49.886 1
2	1	47.346 1	49.859 1
2	1	47.666 1	49.809 1
2	1	47.140 1	49.1055 1
2	1	47.228 1	49.309 1
2	1	47.427 1	49.705 1
2	1	47.564 1	49.534 1
2	1	47.147 1	49.1048 1
2	1	47.516 1	49.620 1
2	1	47.160 1	49.223 1
2	1	47.428 1	49.704 1
2	1	47.255 1	49.1040 1
2	1	47.84 1	49.118 1
2	1	47.595 1	49.540 1
2	1	47.259 1	49.1034 1
2	1	47.21 1	49.42 1
2	1	47.65 1	49.94 1
2	1	47.898 1	49.189 1
2	1	47.398 1	49.469 1
2	1	47.630 1	49.401 1
2	1	47.223 1	49.304 1
2	1	47.426 1	49.706 1
2	1	47.951 1	49.1101 1
2	1	47.911 1	49.178 1
2	1	47.40 1	49.70 1
2	1	47.219 1	49.300 1
2	1	47.674 1	49.714 1
2	1	47.806 1	49.958 1
2	1	47.230 1	49.311 1
2	1	47.215 1	49.296 1
2	1	47.372 1	49.454 1
2	1	47.814 1	49.966 1
2	1	47.189 1	49.267 1
2	1	47.93 1	49.131 1
2	1	47.944 1	49.1097 1
2	1	47.679 1	49.722 1
2	1	47.283 1	49.354 1
2	1	47.745 1	49.918 1
2	1	47.942 1	49.1095 1
2	1	47.288 1	49.359 1
2	1	47.165 1	49.228 1
2	1	47.667 1	49.810 1
3	2	47.933 1	49.1192 1 49.123 0.181
4	3	47.29 1	49.60 1 49.146 0.816 49.698 0.704
2	1	47.83 1	49.117 1
4	3	47.112 1	49.1079 1 49.56 0.870 49.57 0.882
2	1	47.227 1	49.308 1
2	1	47.281 1	49.352 1
2	1	47.519 1	49.634 1
2	1	47.698 1	49.741 1
2	1	47.379 1	49.459 1
2	1	47.247 1	49.337 1
2	1	47.631 1	49.518 1
2	1	47.591 1	49.545 1
2	1	47.174 1	49.257 1
2	1	47.199 1	49.280 1
2	1	47.210 1	49.291 1
2	1	47.254 1	49.1041 1
2	1	47.539 1	49.511 1
2	1	47.828 1	49.982 1
2	1	47.430 1	49.702 1
2	1	47.23 1	49.44 1
2	1	47.132 1	49.1057 1
2	1	47.458 1	49.149 1
2	1	47.710 1	49.753 1
2	1	47.604 1	49.504 1
2	1	47.742 1	49.481 1
2	1	47.853 1	49.1006 1
2	1	47.867 1	49.486 1
2	1	47.155 1	49.218 1
2	1	47.573 1	49.552 1
2	1	47.184 1	49.265 1
2	1	47.524 1	49.637 1
2	1	47.665 1	49.808 1
2	1	47.983 1	49.1161 1
2	1	47.990 1	49.1167 1
2	1	47.80 1	49.114 1
2	1	47.202 1	49.283 1
2	1	47.675 1	49.715 1
2	1	47.1005 1	49.262 1
2	1	47.358 1	49.433 1
2	1	47.6 1	49.6 1
2	1	47.216 1	49.297 1
2	1	47.805 1	49.957 1
2	1	47.600 1	49.508 1
3	2	47.489 1	49.980 1 49.837 0.754
2	1	47.57 1	49.88 1
2	1	47.168 1	49.236 1
2	1	47.204 1	49.285 1
2	1	47.209 1	49.290 1
2	1	47.438 1	49.693 1
4	3	47.77 1	49.110 1 49.19 0.808 49.55 0.836
2	1	47.935 1	49.1090 1
2	1	47.221 1	49.302 1
2	1	47.237 1	49.326 1
2	1	47.22 1	49.43 1
2	1	47.739 1	49.484 1
2	1	47.1002 1	49.1189 1
3	2	47.496 1	49.665 1 49.709 0.721
2	1	47.1015 1	49.1198 1
2	1	47.567 1	49.532 1
2	1	47.360 1	49.435 1
2	1	47.895 1	49.515 1
2	1	47.616 1	49.499 1
2	1	47.207 1	49.288 1
2	1	47.1032 1	49.1223 1
2	1	47.596 1	49.538 1
2	1	47.794 1	49.377 1
2	1	47.979 1	49.408 1
2	1	47.1019 1	49.1206 1
2	1	47.30 1	49.61 1
2	1	47.746 1	49.919 1
2	1	47.258 1	49.1036 1
2	1	47.617 1	49.498 1
2	1	47.941 1	49.1093 1
2	1	47.872 1	49.1021 1
2	1	47.495 1	49.212 1
2	1	47.744 1	49.917 1
2	1	47.433 1	49.694 1
2	1	47.523 1	49.636 1
2	1	47.697 1	49.447 1
2	1	47.119 1	49.1067 1
2	1	47.661 1	49.805 1
2	1	47.882 1	49.564 1
2	1	47.529 1	49.946 1
2	1	47.250 1	49.1045 1
2	1	47.522 1	49.635 1
2	1	47.590 1	49.546 1
3	2	47.900 1 47.457 0.859	49.452 1
2	1	47.908 1	49.182 1
2	1	47.494 1	49.531 1
2	1	47.743 1	49.502 1
2	1	47.82 1	49.116 1
2	1	47.718 1	49.761 1
2	1	47.403 1	49.472 1
2	1	47.1035 1	49.1229 1
2	1	47.1026 1	49.438 1
2	1	47.656 1	49.798 1
2	1	47.252 1	49.1043 1
2	1	47.71 1	49.102 1
2	1	47.816 1	49.968 1
2	1	47.981 1	49.1159 1
2	1	47.903 1	49.892 1
2	1	47.91 1	49.129 1
2	1	47.141 1	49.1054 1
2	1	47.214 1	49.295 1
2	1	47.672 1	49.711 1
2	1	47.182 1	49.263 1
2	1	47.849 1	49.997 1
2	1	47.24 1	49.45 1
2	1	47.289 1	49.364 1
2	1	47.359 1	49.434 1
2	1	47.513 1	49.590 1
2	1	47.111 1	49.1081 1
3	2	47.583 1	49.206 1 49.208 0.054
2	1	47.226 1	49.307 1
3	2	47.808 1 47.396 0.804	49.960 1
2	1	47.405 1	49.954 1
2	1	47.870 1	49.1019 1
2	1	47.963 1	49.1116 1
2	1	47.97 1	49.142 1
2	1	47.218 1	49.299 1
2	1	47.787 1	49.556 1
2	1	47.114 1	49.1077 1
2	1	47.282 1	49.353 1
2	1	47.554 1	49.599 1
2	1	47.594 1	49.541 1
2	1	47.890 1	49.191 1
2	1	47.238 1	49.327 1
2	1	47.702 1	49.746 1
2	1	47.550 1	49.578 1
2	1	47.420 1	49.840 1
2	1	47.244 1	49.334 1
2	1	47.954 1	49.1104 1
2	1	47.536 1	49.396 1
2	1	47.110 1	49.159 1
2	1	47.36 1	49.66 1
2	1	47.916 1	49.172 1
2	1	47.311 1	49.898 1
2	1	47.618 1	49.496 1
2	1	47.651 1	49.784 1
3	2	47.980 1	49.402 0.278 49.403 1
2	1	47.467 1	49.685 1
2	1	47.881 1	49.1227 1
2	1	47.156 1	49.219 1
2	1	47.602 1	49.506 1
2	1	47.88 1	49.122 1
2	1	47.592 1	49.544 1
2	1	47.717 1	49.760 1
2	1	47.447 1	49.240 1
4	3	47.415 0.190 47.416 1 47.417 0.118	49.846 1
2	1	47.106 1	49.154 1
3	2	47.63 1	49.1197 1 49.397 0.232
2	1	47.852 1	49.1005 1
2	1	47.869 1	49.1018 1
2	1	47.729 1	49.1126 1
2	1	47.818 1	49.970 1
2	1	47.149 1	49.1046 1
2	1	47.792 1	49.407 1
2	1	47.932 1	49.1089 1
2	1	47.251 1	49.1044 1
2	1	47.680 1	49.723 1
2	1	47.577 1	49.548 1
2	1	47.307 1	49.902 1
2	1	47.952 1	49.1102 1
2	1	47.128 1	49.1144 1
2	1	47.323 1	49.345 1
2	1	47.1040 1	49.1235 1
6	5	47.605 1	49.586 1 49.588 0.177 49.626 0.165 49.633 0.139 49.855 0.139
2	1	47.840 1	49.989 1
2	1	47.555 1	49.598 1
2	1	47.473 1	49.676 1
2	1	47.58 1	49.89 1
2	1	47.139 1	49.689 1
2	1	47.450 1	49.313 1
2	1	47.535 1	49.1208 1
2	1	47.70 1	49.101 1
2	1	47.506 1	49.773 1
2	1	47.423 1	49.818 1
2	1	47.1042 1	49.1237 1
2	1	47.49 1	49.80 1
2	1	47.883 1	49.204 1
2	1	47.559 1	49.594 1
2	1	47.712 1	49.755 1
2	1	47.813 1	49.965 1
2	1	47.888 1	49.198 1
2	1	47.989 1	49.79 1
2	1	47.798 1	49.373 1
2	1	47.413 1	49.1143 1
2	1	47.738 1	49.349 1
2	1	47.641 1	49.1139 1
2	1	47.899 1	49.188 1
2	1	47.203 1	49.284 1
2	1	47.41 1	49.71 1
2	1	47.691 1	49.21 1
2	1	47.701 1	49.744 1
2	1	47.349 1	49.832 1
2	1	47.377 1	49.457 1
2	1	47.449 1	49.26 1
2	1	47.371 1	49.453 1
2	1	47.953 1	49.1103 1
2	1	47.116 1	49.1075 1
3	2	47.609 1	49.1172 0.080 49.623 1
2	1	47.1017 1	49.27 1
4	3	47.642 1	49.415 1 49.416 0.183 49.420 0.081
2	1	47.61 1	49.92 1
2	1	47.676 1	49.716 1
2	1	47.16 1	49.30 1
2	1	47.31 1	49.409 1
3	2	47.646 1	49.1150 1 49.1151 0.240
2	1	47.492 1	49.838 1
2	1	47.878 1	49.790 1
