Size	Relations	OrthoA	OrthoB
2	1	47.51 1	50.149 1
2	1	47.50 1	50.147 1
2	1	47.54 1	50.324 1
2	1	47.142 1	50.1910 1
2	1	47.552 1	50.957 1
2	1	47.318 1	50.410 1
2	1	47.401 1	50.1448 1
2	1	47.597 1	50.348 1
2	1	47.129 1	50.202 1
2	1	47.709 1	50.802 1
2	1	47.368 1	50.968 1
2	1	47.910 1	50.1471 1
2	1	47.406 1	50.409 1
3	2	47.928 0.179 47.931 1	50.1782 1
2	1	47.151 1	50.48 1
2	1	47.868 1	50.1434 1
2	1	47.737 1	50.1717 1
2	1	47.826 1	50.1673 1
2	1	47.87 1	50.183 1
2	1	47.571 1	50.1013 1
2	1	47.558 1	50.1051 1
2	1	47.339 1	50.837 1
2	1	47.13 1	50.98 1
2	1	47.3 1	50.78 1
2	1	47.475 1	50.1098 1
2	1	47.19 1	50.105 1
2	1	47.825 1	50.30 1
2	1	47.138 1	50.57 1
2	1	47.446 1	50.1156 1
2	1	47.956 1	50.1720 1
2	1	47.968 1	50.1855 1
2	1	47.55 1	50.325 1
2	1	47.543 1	50.1541 1
2	1	47.1023 1	50.1833 1
2	1	47.260 1	50.441 1
2	1	47.511 1	50.1075 1
2	1	47.224 1	50.373 1
2	1	47.4 1	50.80 1
2	1	47.886 1	50.1766 1
2	1	47.273 1	50.1737 1
2	1	47.243 1	50.1865 1
6	8	47.1036 1 47.410 0.858 47.1033 0.815 47.1034 0.859	50.66 1 50.65 0.843
2	1	47.964 1	50.1825 1
2	1	47.693 1	50.1666 1
2	1	47.599 1	50.1088 1
2	1	47.191 1	50.1619 1
2	1	47.451 1	50.673 1
2	1	47.120 1	50.1912 1
2	1	47.190 1	50.1624 1
2	1	47.185 1	50.644 1
2	1	47.344 1	50.856 1
2	1	47.278 1	50.347 1
2	1	47.982 1	50.632 1
3	2	47.848 1	50.565 1 50.1185 0.895
2	1	47.265 1	50.594 1
2	1	47.589 1	50.526 1
2	1	47.621 1	50.1485 1
2	1	47.270 1	50.1515 1
2	1	47.236 1	50.1858 1
2	1	47.993 1	50.1753 1
2	1	47.424 1	50.1008 1
2	1	47.866 1	50.1083 1
2	1	47.439 1	50.1466 1
2	1	47.276 1	50.344 1
2	1	47.480 1	50.1582 1
2	1	47.321 1	50.1747 1
2	1	47.72 1	50.1130 1
3	2	47.1037 1	50.67 1 50.1552 0.737
2	1	47.275 1	50.343 1
2	1	47.150 1	50.49 1
2	1	47.528 1	50.1526 1
2	1	47.858 1	50.555 1
2	1	47.37 1	50.20 1
2	1	47.208 1	50.353 1
2	1	47.296 1	50.1732 1
2	1	47.913 1	50.1475 1
2	1	47.330 1	50.1521 1
2	1	47.671 1	50.523 1
2	1	47.827 1	50.1628 1
2	1	47.85 1	50.180 1
2	1	47.310 1	50.1605 1
2	1	47.510 1	50.1076 1
2	1	47.299 1	50.538 1
2	1	47.1043 1	50.443 1
3	2	47.1024 1	50.28 1 50.203 0.906
2	1	47.342 1	50.853 1
2	1	47.166 1	50.38 1
2	1	47.1029 1	50.508 1
2	1	47.351 1	50.1115 1
2	1	47.927 1	50.330 1
2	1	47.692 1	50.1656 1
3	2	47.74 1	50.1140 1 50.1165 0.805
4	4	47.1012 0.066 47.580 1	50.1695 1 50.665 0.211
2	1	47.18 1	50.104 1
2	1	47.192 1	50.392 1
3	2	47.694 1	50.1668 1 50.1256 0.796
2	1	47.200 1	50.114 1
2	1	47.292 1	50.1548 1
2	1	47.713 1	50.781 1
5	4	47.68 1	50.1136 1 50.1203 0.225 50.740 0.950 50.1405 0.826
2	1	47.60 1	50.4 1
2	1	47.658 1	50.1739 1
2	1	47.959 1	50.1813 1
2	1	47.381 1	50.815 1
2	1	47.824 1	50.31 1
2	1	47.229 1	50.380 1
2	1	47.901 1	50.902 1
2	1	47.534 1	50.190 1
2	1	47.115 1	50.56 1
2	1	47.764 1	50.684 1
2	1	47.412 1	50.1446 1
3	2	47.914 1 47.90 0.887	50.341 1
3	2	47.169 1	50.34 1 50.33 0.904
2	1	47.411 1	50.1890 1
2	1	47.322 1	50.170 1
2	1	47.460 1	50.784 1
2	1	47.464 1	50.792 1
2	1	47.309 1	50.1477 1
2	1	47.63 1	50.1783 1
2	1	47.239 1	50.1870 1
4	3	47.178 1 47.127 0.872 47.688 0.871	50.1641 1
2	1	47.124 1	50.519 1
2	1	47.399 1	50.1449 1
2	1	47.343 1	50.854 1
3	2	47.444 1 47.242 0.661	50.1871 1
2	1	47.871 1	50.1437 1
2	1	47.531 1	50.479 1
2	1	47.45 1	50.1877 1
2	1	47.193 1	50.394 1
2	1	47.906 1	50.590 1
2	1	47.912 1	50.1473 1
2	1	47.152 1	50.123 1
2	1	47.329 1	50.1525 1
2	1	47.841 1	50.498 1
2	1	47.59 1	50.1867 1
2	1	47.340 1	50.850 1
2	1	47.378 1	50.811 1
2	1	47.1039 1	50.71 1
2	1	47.28 1	50.1494 1
2	1	47.461 1	50.785 1
2	1	47.961 1	50.1820 1
2	1	47.984 1	50.629 1
2	1	47.167 1	50.36 1
2	1	47.27 1	50.1493 1
2	1	47.861 1	50.1892 1
2	1	47.370 1	50.649 1
2	1	47.103 1	50.1806 1
2	1	47.721 1	50.772 1
2	1	47.205 1	50.350 1
2	1	47.839 1	50.503 1
2	1	47.194 1	50.395 1
2	1	47.286 1	50.1111 1
3	2	47.268 1 47.626 0.087	50.599 1
2	1	47.962 1	50.1823 1
2	1	47.148 1	50.515 1
2	1	47.653 1	50.1424 1
2	1	47.180 1	50.1646 1
2	1	47.996 1	50.1759 1
2	1	47.1041 1	50.73 1
3	2	47.470 0.176 47.781 1	50.536 1
2	1	47.986 1	50.627 1
3	2	47.823 1	50.32 1 50.820 0.753
2	1	47.715 1	50.779 1
2	1	47.386 1	50.1566 1
2	1	47.462 1	50.788 1
2	1	47.795 1	50.1343 1
2	1	47.7 1	50.86 1
2	1	47.274 1	50.342 1
2	1	47.918 1	50.1568 1
3	2	47.267 1 47.627 0.053	50.596 1
2	1	47.338 1	50.836 1
2	1	47.1 1	50.76 1
2	1	47.348 1	50.859 1
2	1	47.678 1	50.1618 1
2	1	47.121 1	50.1905 1
2	1	47.253 1	50.1587 1
2	1	47.926 1	50.338 1
2	1	47.171 1	50.52 1
2	1	47.707 1	50.804 1
2	1	47.620 1	50.1482 1
2	1	47.541 1	50.1059 1
2	1	47.79 1	50.152 1
2	1	47.206 1	50.351 1
2	1	47.324 1	50.1901 1
2	1	47.86 1	50.182 1
2	1	47.100 1	50.611 1
2	1	47.133 1	50.1734 1
2	1	47.743 1	50.1569 1
2	1	47.164 1	50.41 1
2	1	47.143 1	50.1909 1
2	1	47.530 1	50.478 1
2	1	47.660 1	50.1740 1
2	1	47.53 1	50.323 1
2	1	47.419 1	50.586 1
2	1	47.796 1	50.1345 1
2	1	47.123 1	50.1902 1
2	1	47.222 1	50.371 1
2	1	47.105 1	50.1803 1
2	1	47.163 1	50.42 1
2	1	47.943 1	50.465 1
2	1	47.1025 1	50.509 1
2	1	47.231 1	50.375 1
2	1	47.92 1	50.1896 1
3	2	47.153 1 47.369 0.335	50.965 1
2	1	47.471 1	50.1056 1
2	1	47.970 1	50.385 1
2	1	47.811 1	50.1042 1
2	1	47.52 1	50.322 1
2	1	47.130 1	50.1900 1
2	1	47.212 1	50.358 1
2	1	47.303 1	50.543 1
2	1	47.466 1	50.1459 1
2	1	47.333 1	50.1596 1
2	1	47.272 1	50.621 1
2	1	47.720 1	50.774 1
2	1	47.812 1	50.1043 1
2	1	47.463 1	50.790 1
2	1	47.380 1	50.814 1
2	1	47.47 1	50.1872 1
2	1	47.749 1	50.1830 1
2	1	47.98 1	50.607 1
2	1	47.34 1	50.391 1
2	1	47.67 1	50.1718 1
2	1	47.939 1	50.472 1
2	1	47.5 1	50.84 1
2	1	47.578 1	50.995 1
2	1	47.856 1	50.558 1
2	1	47.1000 1	50.122 1
2	1	47.131 1	50.45 1
2	1	47.741 1	50.1462 1
2	1	47.35 1	50.21 1
2	1	47.429 1	50.1116 1
2	1	47.170 1	50.53 1
2	1	47.293 1	50.1545 1
2	1	47.337 1	50.835 1
2	1	47.20 1	50.106 1
2	1	47.46 1	50.1876 1
2	1	47.836 1	50.419 1
2	1	47.992 1	50.1752 1
2	1	47.574 1	50.831 1
2	1	47.946 1	50.1524 1
2	1	47.382 1	50.1580 1
2	1	47.966 1	50.1850 1
2	1	47.1031 1	50.61 1
2	1	47.228 1	50.379 1
2	1	47.499 1	50.1016 1
2	1	47.846 1	50.1574 1
2	1	47.335 1	50.832 1
2	1	47.215 1	50.362 1
3	2	47.325 1 47.768 0.172	50.1604 1
2	1	47.304 1	50.1634 1
2	1	47.603 1	50.1029 1
2	1	47.2 1	50.77 1
2	1	47.179 1	50.1645 1
3	2	47.445 1 47.385 0.768	50.1576 1
2	1	47.476 1	50.1096 1
2	1	47.76 1	50.214 1
2	1	47.225 1	50.374 1
2	1	47.538 1	50.990 1
2	1	47.256 1	50.1517 1
3	2	47.865 1	50.1084 1 50.191 0.753
3	2	47.17 1 47.722 0.053	50.569 1
2	1	47.277 1	50.345 1
2	1	47.565 1	50.866 1
3	2	47.491 1	50.1257 1 50.708 0.239
2	1	47.493 1	50.1158 1
2	1	47.505 1	50.1086 1
2	1	47.300 1	50.539 1
2	1	47.301 1	50.540 1
3	2	47.365 0.525 47.971 1	50.383 1
2	1	47.345 1	50.857 1
2	1	47.762 1	50.686 1
2	1	47.316 1	50.920 1
4	3	47.306 0.416 47.44 1 47.481 0.548	50.1879 1
3	2	47.478 1	50.1003 1 50.1389 0.704
2	1	47.748 1	50.1827 1
2	1	47.227 1	50.378 1
2	1	47.308 1	50.1478 1
4	3	47.112 1	50.151 1 50.213 1 50.743 0.846
2	1	47.14 1	50.99 1
2	1	47.884 1	50.1627 1
2	1	47.230 1	50.381 1
2	1	47.219 1	50.367 1
2	1	47.600 1	50.1089 1
2	1	47.334 1	50.1595 1
2	1	47.101 1	50.1809 1
2	1	47.1001 1	50.121 1
2	1	47.1022 1	50.1832 1
2	1	47.383 1	50.1579 1
2	1	47.615 1	50.1441 1
2	1	47.815 1	50.1431 1
2	1	47.657 1	50.1426 1
2	1	47.211 1	50.357 1
3	2	47.418 1	50.582 0.170 50.762 1
2	1	47.705 1	50.806 1
2	1	47.937 1	50.659 1
2	1	47.257 1	50.1516 1
2	1	47.724 1	50.1687 1
2	1	47.857 1	50.557 1
2	1	47.259 1	50.444 1
2	1	47.172 1	50.55 1
2	1	47.947 1	50.458 1
2	1	47.291 1	50.1549 1
2	1	47.802 1	50.870 1
2	1	47.905 1	50.591 1
2	1	47.96 1	50.604 1
2	1	47.177 1	50.1639 1
2	1	47.210 1	50.355 1
2	1	47.220 1	50.369 1
2	1	47.843 1	50.491 1
2	1	47.797 1	50.1347 1
2	1	47.217 1	50.365 1
2	1	47.495 1	50.925 1
2	1	47.699 1	50.1600 1
2	1	47.875 1	50.1324 1
2	1	47.93 1	50.1894 1
2	1	47.845 1	50.1572 1
2	1	47.269 1	50.600 1
2	1	47.985 1	50.628 1
2	1	47.496 1	50.926 1
2	1	47.204 1	50.349 1
2	1	47.209 1	50.354 1
2	1	47.81 1	50.176 1
2	1	47.867 1	50.1085 1
2	1	47.317 1	50.1654 1
2	1	47.855 1	50.560 1
2	1	47.287 1	50.1105 1
2	1	47.199 1	50.113 1
2	1	47.254 1	50.1586 1
2	1	47.157 1	50.129 1
3	2	47.455 1 47.639 0.091	50.1412 1
4	4	47.829 1 47.917 0.808	50.947 1 50.1926 0.781
2	1	47.863 1	50.1403 1
2	1	47.960 1	50.1815 1
2	1	47.957 1	50.1721 1
2	1	47.360 1	50.1606 1
2	1	47.384 1	50.1577 1
2	1	47.517 1	50.989 1
3	2	47.78 1	50.1377 1 50.1385 0.131
2	1	47.221 1	50.370 1
2	1	47.160 1	50.1438 1
2	1	47.479 1	50.879 1
2	1	47.379 1	50.812 1
2	1	47.703 1	50.807 1
2	1	47.38 1	50.19 1
2	1	47.689 1	50.696 1
2	1	47.404 1	50.413 1
2	1	47.745 1	50.1725 1
2	1	47.891 1	50.1811 1
2	1	47.154 1	50.125 1
2	1	47.990 1	50.622 1
2	1	47.903 1	50.897 1
2	1	47.358 1	50.1608 1
2	1	47.1015 1	50.140 1
2	1	47.853 1	50.563 1
2	1	47.250 1	50.1590 1
3	2	47.403 1	50.411 1 50.874 1
2	1	47.655 1	50.1035 1
2	1	47.740 1	50.1460 1
2	1	47.820 1	50.1669 1
2	1	47.295 1	50.1733 1
2	1	47.794 1	50.1344 1
2	1	47.941 1	50.468 1
4	3	47.922 1	50.1819 0.052 50.334 0.302 50.336 1
3	2	47.835 1	50.1155 1 50.1163 0.150
2	1	47.965 1	50.1826 1
3	2	47.777 1 47.789 0.110	50.193 1
2	1	47.714 1	50.780 1
2	1	47.104 1	50.1805 1
2	1	47.1016 1	50.139 1
2	1	47.144 1	50.1908 1
2	1	47.165 1	50.39 1
2	1	47.173 1	50.1610 1
2	1	47.234 1	50.1861 1
2	1	47.742 1	50.1464 1
2	1	47.575 1	50.1768 1
2	1	47.500 1	50.864 1
2	1	47.1002 1	50.197 1
2	1	47.161 1	50.44 1
2	1	47.214 1	50.361 1
2	1	47.837 1	50.416 1
2	1	47.1032 1	50.62 1
2	1	47.195 1	50.396 1
2	1	47.392 1	50.1318 1
2	1	47.428 1	50.1119 1
2	1	47.654 1	50.414 1
2	1	47.997 1	50.406 1
2	1	47.973 1	50.133 1
2	1	47.10 1	50.91 1
2	1	47.1038 1	50.69 1
2	1	47.107 1	50.972 1
2	1	47.12 1	50.95 1
2	1	47.302 1	50.541 1
2	1	47.665 1	50.847 1
2	1	47.988 1	50.623 1
2	1	47.983 1	50.630 1
2	1	47.994 1	50.1755 1
2	1	47.1004 1	50.1885 1
3	2	47.900 1 47.457 1	50.903 1
2	1	47.109 1	50.976 1
2	1	47.346 1	50.858 1
2	1	47.911 1	50.1472 1
2	1	47.341 1	50.851 1
2	1	47.9 1	50.90 1
2	1	47.398 1	50.1488 1
2	1	47.266 1	50.595 1
2	1	47.216 1	50.363 1
2	1	47.207 1	50.352 1
2	1	47.218 1	50.366 1
2	1	47.30 1	50.25 1
2	1	47.440 1	50.1047 1
3	2	47.583 1	50.1713 0.266 50.664 1
10	9	47.77 1	50.1202 1 50.218 0.779 50.224 0.779 50.231 0.779 50.699 0.871 50.1125 0.907 50.1135 0.853 50.1235 0.737 50.1379 0.808
2	1	47.987 1	50.624 1
2	1	47.223 1	50.372 1
2	1	47.421 1	50.260 1
2	1	47.498 1	50.1018 1
2	1	47.56 1	50.635 1
2	1	47.651 1	50.1408 1
2	1	47.666 1	50.846 1
2	1	47.972 1	50.134 1
2	1	47.23 1	50.111 1
2	1	47.226 1	50.376 1
2	1	47.1007 1	50.935 1
2	1	47.497 1	50.1100 1
2	1	47.1003 1	50.1881 1
2	1	47.472 1	50.1612 1
2	1	47.513 1	50.1012 1
2	1	47.940 1	50.469 1
2	1	47.11 1	50.93 1
2	1	47.64 1	50.425 1
2	1	47.716 1	50.778 1
2	1	47.881 1	50.1483 1
8	7	47.71 1	50.1131 1 50.691 0.876 50.1129 0.864 50.1157 0.962 50.1190 0.876 50.1338 0.962 50.1392 0.867
2	1	47.661 1	50.1433 1
2	1	47.91 1	50.1897 1
7	10	47.361 1 47.248 1 47.782 0.179 47.704 0.082 47.469 0.075	50.967 1 50.420 1
2	1	47.518 1	50.626 1
2	1	47.24 1	50.112 1
3	2	47.447 1	50.1281 1 50.1838 0.741
2	1	47.314 1	50.647 1
2	1	47.659 1	50.1927 1
2	1	47.854 1	50.561 1
2	1	47.202 1	50.1518 1
2	1	47.22 1	50.110 1
2	1	47.427 1	50.1121 1
2	1	47.601 1	50.1092 1
2	1	47.83 1	50.178 1
2	1	47.870 1	50.1436 1
2	1	47.809 1	50.1591 1
3	2	47.548 0.079 47.771 1	50.142 1
2	1	47.625 1	50.1149 1
2	1	47.168 1	50.35 1
2	1	47.747 1	50.1728 1
2	1	47.84 1	50.179 1
2	1	47.909 1	50.1468 1
2	1	47.998 1	50.404 1
2	1	47.806 1	50.1542 1
2	1	47.238 1	50.1857 1
2	1	47.492 1	50.1159 1
2	1	47.717 1	50.776 1
2	1	47.746 1	50.1726 1
2	1	47.459 1	50.783 1
2	1	47.708 1	50.803 1
2	1	47.890 1	50.1810 1
2	1	47.677 1	50.185 1
2	1	47.114 1	50.642 1
2	1	47.33 1	50.24 1
2	1	47.297 1	50.1831 1
2	1	47.877 1	50.1112 1
2	1	47.807 1	50.1543 1
2	1	47.631 1	50.1152 1
4	3	47.691 1	50.1225 1 50.1206 0.893 50.1258 0.893
3	2	47.452 1	50.1793 0.067 50.675 1
2	1	47.669 1	50.842 1
3	2	47.808 1 47.396 0.726	50.1544 1
2	1	47.99 1	50.609 1
2	1	47.652 1	50.1423 1
2	1	47.561 1	50.1006 1
2	1	47.184 1	50.643 1
2	1	47.110 1	50.973 1
2	1	47.258 1	50.1491 1
2	1	47.847 1	50.1736 1
2	1	47.189 1	50.415 1
2	1	47.8 1	50.88 1
2	1	47.336 1	50.833 1
2	1	47.430 1	50.1492 1
2	1	47.616 1	50.1442 1
2	1	47.359 1	50.1607 1
2	1	47.785 1	50.572 1
2	1	47.852 1	50.566 1
2	1	47.908 1	50.1625 1
2	1	47.874 1	50.1321 1
2	1	47.754 1	50.1363 1
2	1	47.706 1	50.805 1
3	2	47.240 0.143 47.241 1	50.1262 1
2	1	47.944 1	50.463 1
2	1	47.681 1	50.1632 1
2	1	47.838 1	50.612 1
2	1	47.951 1	50.456 1
2	1	47.525 1	50.1061 1
7	6	47.489 1	50.714 1 50.5 0.773 50.6 0.826 50.1160 0.806 50.1570 0.862 50.1703 0.733
2	1	47.40 1	50.309 1
3	2	47.804 1	50.1553 1 50.1558 0.590
2	1	47.213 1	50.359 1
2	1	47.108 1	50.975 1
2	1	47.555 1	50.828 1
2	1	47.529 1	50.1527 1
2	1	47.544 1	50.339 1
2	1	47.718 1	50.775 1
2	1	47.111 1	50.977 1
2	1	47.664 1	50.1866 1
2	1	47.793 1	50.484 1
2	1	47.6 1	50.85 1
2	1	47.952 1	50.455 1
2	1	47.702 1	50.809 1
2	1	47.637 1	50.1396 1
2	1	47.590 1	50.999 1
2	1	47.289 1	50.1551 1
2	1	47.42 1	50.310 1
2	1	47.1042 1	50.75 1
2	1	47.596 1	50.1670 1
2	1	47.674 1	50.821 1
2	1	47.82 1	50.177 1
2	1	47.145 1	50.511 1
2	1	47.288 1	50.645 1
2	1	47.97 1	50.605 1
2	1	47.425 1	50.533 1
2	1	47.842 1	50.486 1
2	1	47.679 1	50.1630 1
2	1	47.821 1	50.680 1
2	1	47.423 1	50.1033 1
3	2	47.113 0.118 47.305 1	50.1583 1
2	1	47.572 1	50.1742 1
2	1	47.816 1	50.982 1
2	1	47.21 1	50.108 1
2	1	47.568 1	50.1597 1
9	20	47.136 0.201 47.175 0.077 47.502 0.064 47.650 1 47.949 0.085	50.1177 0.059 50.1724 0.313 50.528 1 50.529 0.257
2	1	47.69 1	50.1133 1
2	1	47.454 1	50.891 1
2	1	47.849 1	50.564 1
6	9	47.135 1 47.833 1 47.735 0.237	50.1799 1 50.672 1 50.1798 0.169
2	1	47.640 1	50.1414 1
2	1	47.667 1	50.844 1
2	1	47.872 1	50.840 1
2	1	47.484 1	50.1114 1
2	1	47.602 1	50.1093 1
4	4	47.29 0.294 47.887 1	50.1751 1 50.661 0.083
2	1	47.271 1	50.620 1
2	1	47.892 1	50.1319 1
2	1	47.328 1	50.165 1
2	1	47.727 1	50.1581 1
2	1	47.832 1	50.154 1
2	1	47.132 1	50.1898 1
2	1	47.235 1	50.1859 1
2	1	47.49 1	50.58 1
2	1	47.519 1	50.985 1
2	1	47.805 1	50.1528 1
2	1	47.252 1	50.1588 1
2	1	47.390 1	50.1565 1
2	1	47.869 1	50.1435 1
2	1	47.559 1	50.1053 1
2	1	47.604 1	50.1030 1
2	1	47.684 0.848	50.1390 0.848
