Size	Relations	OrthoA	OrthoB
2	1	43.46 1	52.46 1
2	1	43.47 1	52.47 1
2	1	43.738 1	52.543 1
2	1	43.66 1	52.1313 1
2	1	43.762 1	52.514 1
2	1	43.140 1	52.1211 1
2	1	43.480 1	52.694 1
2	1	43.946 1	52.187 1
2	1	43.64 1	52.84 1
2	1	43.142 1	52.1206 1
2	1	43.960 1	52.169 1
2	1	43.326 1	52.981 1
2	1	43.561 1	52.629 1
2	1	43.895 1	52.1229 1
2	1	43.139 1	52.1220 1
2	1	43.827 1	52.355 1
2	1	43.549 1	52.638 1
2	1	43.4 1	52.4 1
2	1	43.101 1	52.287 1
2	1	43.478 1	52.696 1
3	2	43.943 1	52.1161 0.178 52.410 1
2	1	43.859 1	52.295 1
2	1	43.184 1	52.1151 1
2	1	43.3 1	52.3 1
2	1	43.858 1	52.296 1
2	1	43.175 1	52.1174 1
2	1	43.847 1	52.315 1
2	1	43.310 1	52.998 1
2	1	43.77 1	52.1300 1
2	1	43.347 1	52.969 1
2	1	43.379 1	52.722 1
2	1	43.313 1	52.995 1
2	1	43.225 1	52.1110 1
3	2	43.506 1	52.669 1 52.771 0.789
2	1	43.995 1	52.1359 1
2	1	43.65 1	52.1314 1
3	2	43.353 0.587 43.354 1	52.1050 1
2	1	43.145 1	52.1203 1
2	1	43.114 1	52.1250 1
2	1	43.138 1	52.1234 1
2	1	43.277 1	52.1030 1
2	1	43.224 1	52.1112 1
2	1	43.368 1	52.734 1
2	1	43.108 1	52.1271 1
2	1	43.784 1	52.493 1
2	1	43.950 1	52.186 1
2	1	43.155 1	52.1186 1
2	1	43.1010 1	52.73 1
2	1	43.387 1	52.713 1
2	1	43.373 1	52.729 1
2	1	43.196 1	52.1131 1
2	1	43.13 1	52.13 1
2	1	43.253 1	52.244 1
2	1	43.798 1	52.384 1
2	1	43.729 1	52.1345 1
2	1	43.385 1	52.718 1
2	1	43.185 1	52.1144 1
2	1	43.283 1	52.304 1
2	1	43.983 1	52.1348 1
2	1	43.18 1	52.18 1
3	2	43.833 1	52.335 1 52.791 0.964
2	1	43.55 1	52.66 1
2	1	43.1002 1	52.1366 1
2	1	43.57 1	52.68 1
2	1	43.610 1	52.1328 1
2	1	43.97 1	52.1273 1
2	1	43.825 1	52.357 1
2	1	43.191 1	52.1138 1
2	1	43.377 1	52.724 1
2	1	43.367 1	52.735 1
2	1	43.190 1	52.1139 1
2	1	43.922 1	52.208 1
2	1	43.771 1	52.506 1
2	1	43.272 1	52.1036 1
2	1	43.959 1	52.170 1
2	1	43.723 1	52.554 1
2	1	43.949 1	52.256 1
2	1	43.996 1	52.1360 1
2	1	43.1009 1	52.1121 1
2	1	43.948 1	52.257 1
2	1	43.299 1	52.1007 1
2	1	43.173 1	52.1177 1
2	1	43.150 1	52.1190 1
2	1	43.608 1	52.597 1
2	1	43.194 1	52.221 1
2	1	43.721 1	52.556 1
5	6	43.607 1 43.440 0.923 43.806 0.923	52.598 1 52.758 0.857
2	1	43.793 1	52.393 1
2	1	43.127 1	52.1126 1
2	1	43.263 1	52.1055 1
2	1	43.234 1	52.1099 1
2	1	43.789 1	52.397 1
2	1	43.226 1	52.1109 1
2	1	43.112 1	52.1252 1
2	1	43.169 1	52.1297 1
2	1	43.117 1	52.1247 1
2	1	43.772 1	52.505 1
2	1	43.986 1	52.1351 1
2	1	43.884 1	52.245 1
2	1	43.690 1	52.704 1
2	1	43.93 1	52.1279 1
2	1	43.432 1	52.118 1
2	1	43.852 1	52.302 1
2	1	43.149 1	52.1191 1
2	1	43.659 1	52.77 1
2	1	43.1013 1	52.1373 1
2	1	43.86 1	52.1287 1
3	2	43.902 1	52.106 1 52.114 0.599
3	2	43.1007 1 43.259 0.902	52.1371 1
2	1	43.119 1	52.1242 1
2	1	43.831 1	52.339 1
2	1	43.366 1	52.737 1
2	1	43.199 1	52.1129 1
2	1	43.99 1	52.285 1
2	1	43.999 1	52.1363 1
2	1	43.555 1	52.279 1
2	1	43.751 1	52.525 1
2	1	43.957 1	52.174 1
2	1	43.25 1	52.26 1
2	1	43.316 1	52.992 1
2	1	43.540 1	52.385 1
2	1	43.136 1	52.1236 1
2	1	43.116 1	52.1248 1
2	1	43.998 1	52.1362 1
2	1	43.246 1	52.1080 1
2	1	43.953 1	52.183 1
2	1	43.386 1	52.714 1
2	1	43.327 1	52.59 1
2	1	43.1015 1	52.1374 1
2	1	43.988 1	52.1353 1
2	1	43.848 1	52.314 1
4	3	43.710 1 43.568 0.965 43.807 0.965	52.946 1
2	1	43.841 1	52.328 1
2	1	43.952 1	52.184 1
2	1	43.284 1	52.306 1
2	1	43.375 1	52.727 1
2	1	43.816 1	52.366 1
2	1	43.632 1	52.76 1
9	18	43.513 1 43.565 1 43.569 1 43.573 1 43.634 1 43.651 0.880	52.466 1 52.779 0.963 52.782 0.963
2	1	43.279 1	52.1015 1
2	1	43.870 1	52.277 1
2	1	43.481 1	52.693 1
2	1	43.956 1	52.179 1
2	1	43.270 1	52.1040 1
2	1	43.344 1	52.972 1
2	1	43.7 1	52.7 1
2	1	43.743 1	52.538 1
2	1	43.475 1	52.665 1
2	1	43.502 1	52.672 1
2	1	43.975 1	52.1337 1
2	1	43.328 1	52.980 1
2	1	43.325 1	52.982 1
2	1	43.5 1	52.5 1
2	1	43.862 1	52.292 1
3	2	43.120 0.059 43.907 1	52.1223 1
2	1	43.220 1	52.1116 1
2	1	43.707 1	52.564 1
4	3	43.944 1	52.1162 0.088 52.1172 0.084 52.409 1
2	1	43.318 1	52.990 1
2	1	43.938 1	52.192 1
2	1	43.162 1	52.426 1
2	1	43.982 1	52.1343 1
3	2	43.901 1	52.107 0.397 52.115 1
2	1	43.722 1	52.555 1
2	1	43.17 1	52.17 1
2	1	43.912 1	52.223 1
2	1	43.915 1	52.215 1
2	1	43.854 1	52.300 1
2	1	43.978 1	52.1340 1
2	1	43.532 1	52.650 1
2	1	43.254 1	52.1069 1
2	1	43.307 1	52.1000 1
2	1	43.81 1	52.1292 1
2	1	43.1017 1	52.1376 1
2	1	43.203 1	52.1127 1
2	1	43.286 1	52.305 1
3	2	43.189 1	52.1140 1 52.840 0.796
2	1	43.1001 1	52.1365 1
2	1	43.785 1	52.492 1
2	1	43.264 1	52.1054 1
2	1	43.161 1	52.425 1
2	1	43.886 1	52.242 1
2	1	43.829 1	52.353 1
2	1	43.730 1	52.1346 1
2	1	43.482 1	52.1074 1
2	1	43.59 1	52.78 1
2	1	43.951 1	52.185 1
2	1	43.322 1	52.986 1
2	1	43.911 1	52.224 1
2	1	43.15 1	52.15 1
2	1	43.635 1	52.948 1
2	1	43.875 1	52.272 1
2	1	43.800 1	52.382 1
2	1	43.198 1	52.1124 1
3	2	43.521 1	52.659 1 52.930 0.733
2	1	43.311 1	52.997 1
2	1	43.82 1	52.1291 1
2	1	43.143 1	52.1205 1
2	1	43.824 1	52.358 1
2	1	43.41 1	52.1323 1
2	1	43.754 1	52.522 1
2	1	43.278 1	52.1016 1
2	1	43.275 1	52.1032 1
2	1	43.821 1	52.361 1
2	1	43.725 1	52.552 1
2	1	43.113 1	52.1251 1
2	1	43.774 1	52.503 1
2	1	43.500 1	52.675 1
2	1	43.489 1	52.685 1
4	4	43.205 1 43.624 0.919	52.744 1 52.919 0.960
2	1	43.236 1	52.1095 1
2	1	43.803 1	52.377 1
2	1	43.235 1	52.1096 1
2	1	43.726 1	52.551 1
2	1	43.736 1	52.545 1
2	1	43.777 1	52.500 1
2	1	43.30 1	52.31 1
2	1	43.490 1	52.684 1
2	1	43.993 1	52.1357 1
2	1	43.1019 1	52.1378 1
2	1	43.900 1	52.108 1
2	1	43.954 1	52.182 1
2	1	43.271 1	52.1039 1
2	1	43.91 1	52.1282 1
2	1	43.537 1	52.645 1
2	1	43.545 1	52.640 1
2	1	43.740 1	52.541 1
2	1	43.955 1	52.181 1
4	3	43.661 1	52.85 1 52.446 0.931 52.844 0.931
2	1	43.773 1	52.504 1
2	1	43.760 1	52.516 1
2	1	43.779 1	52.498 1
2	1	43.890 1	52.567 1
2	1	43.811 1	52.374 1
2	1	43.384 1	52.719 1
2	1	43.891 1	52.1296 1
2	1	43.985 1	52.1350 1
2	1	43.314 1	52.994 1
2	1	43.526 1	52.654 1
2	1	43.903 1	52.94 1
2	1	43.356 1	52.962 1
2	1	43.90 1	52.1283 1
2	1	43.920 1	52.210 1
3	2	43.214 1 43.62 0.626	52.588 1
2	1	43.802 1	52.380 1
2	1	43.38 1	52.39 1
3	2	43.1008 1	52.1372 1 52.378 0.861
2	1	43.531 1	52.651 1
2	1	43.382 1	52.721 1
2	1	43.69 1	52.1308 1
2	1	43.718 1	52.559 1
2	1	43.838 1	52.331 1
2	1	43.941 1	52.189 1
2	1	43.991 1	52.1355 1
2	1	43.71 1	52.1306 1
2	1	43.650 1	52.623 1
2	1	43.935 1	52.195 1
2	1	43.1 1	52.1 1
5	4	43.123 1 43.647 0.181 43.655 0.189 43.686 0.194	52.951 1
2	1	43.910 1	52.225 1
2	1	43.14 1	52.14 1
2	1	43.994 1	52.1358 1
2	1	43.2 1	52.2 1
2	1	43.67 1	52.1312 1
2	1	43.250 1	52.1076 1
2	1	43.768 1	52.509 1
2	1	43.866 1	52.283 1
2	1	43.195 1	52.222 1
2	1	43.752 1	52.524 1
2	1	43.739 1	52.542 1
2	1	43.319 1	52.989 1
2	1	43.804 1	52.376 1
2	1	43.887 1	52.241 1
2	1	43.295 1	52.1084 1
2	1	43.843 1	52.319 1
2	1	43.360 1	52.765 1
2	1	43.940 1	52.190 1
3	2	43.241 1	52.1092 1 52.1125 0.796
2	1	43.29 1	52.30 1
2	1	43.153 1	52.1188 1
2	1	43.473 1	52.702 1
2	1	43.844 1	52.318 1
2	1	43.770 1	52.507 1
2	1	43.89 1	52.1284 1
2	1	43.765 1	52.512 1
2	1	43.73 1	52.1304 1
2	1	43.19 1	52.19 1
2	1	43.1005 1	52.1369 1
2	1	43.164 1	52.1184 1
2	1	43.885 1	52.243 1
2	1	43.864 1	52.290 1
2	1	43.990 1	52.1354 1
2	1	43.193 1	52.220 1
2	1	43.611 1	52.1281 1
2	1	43.300 1	52.1004 1
2	1	43.137 1	52.1235 1
2	1	43.148 1	52.1192 1
2	1	43.543 1	52.642 1
2	1	43.72 1	52.1305 1
2	1	43.840 1	52.329 1
2	1	43.144 1	52.1204 1
2	1	43.70 1	52.1307 1
2	1	43.719 1	52.558 1
2	1	43.251 1	52.1075 1
2	1	43.819 1	52.363 1
2	1	43.252 1	52.1070 1
2	1	43.351 1	52.965 1
2	1	43.1016 1	52.1375 1
2	1	43.605 1	52.924 1
2	1	43.977 1	52.1339 1
2	1	43.56 1	52.67 1
2	1	43.49 1	52.49 1
2	1	43.131 1	52.1240 1
3	2	43.285 0.128 43.814 1	52.635 1
3	2	43.877 1 43.878 0.199	52.269 1
2	1	43.701 1	52.574 1
2	1	43.111 1	52.1253 1
2	1	43.320 1	52.988 1
2	1	43.501 1	52.673 1
2	1	43.1011 1	52.71 1
2	1	43.9 1	52.9 1
2	1	43.92 1	52.1280 1
2	1	43.256 1	52.1067 1
2	1	43.180 1	52.1154 1
2	1	43.118 1	52.1243 1
2	1	43.846 1	52.316 1
2	1	43.383 1	52.720 1
2	1	43.756 1	52.520 1
2	1	43.823 1	52.359 1
2	1	43.857 1	52.297 1
2	1	43.926 1	52.204 1
2	1	43.94 1	52.1275 1
2	1	43.839 1	52.330 1
2	1	43.87 1	52.1286 1
2	1	43.909 1	52.226 1
2	1	43.485 1	52.689 1
2	1	43.702 1	52.566 1
2	1	43.197 1	52.1130 1
2	1	43.273 1	52.1034 1
2	1	43.477 1	52.697 1
2	1	43.617 1	52.602 1
2	1	43.929 1	52.201 1
2	1	43.515 1	52.590 1
2	1	43.476 1	52.700 1
2	1	43.494 1	52.680 1
3	2	43.152 1 43.528 0.691	52.1073 1
2	1	43.961 1	52.168 1
3	2	43.558 1	52.603 1 52.730 0.109
2	1	43.35 1	52.35 1
2	1	43.11 1	52.11 1
2	1	43.720 1	52.557 1
2	1	43.188 1	52.1141 1
2	1	43.39 1	52.40 1
2	1	43.51 1	52.62 1
2	1	43.828 1	52.354 1
2	1	43.976 1	52.1338 1
2	1	43.365 1	52.738 1
2	1	43.248 1	52.1078 1
2	1	43.216 1	52.1120 1
2	1	43.352 1	52.964 1
2	1	43.484 1	52.690 1
2	1	43.329 1	52.979 1
2	1	43.221 1	52.1115 1
2	1	43.88 1	52.1285 1
2	1	43.924 1	52.206 1
2	1	43.964 1	52.162 1
2	1	43.801 1	52.381 1
3	2	43.146 1	52.1202 1 52.959 0.851
2	1	43.658 1	52.74 1
2	1	43.741 1	52.540 1
2	1	43.717 1	52.560 1
2	1	43.337 1	52.976 1
2	1	43.529 1	52.1212 1
2	1	43.355 1	52.963 1
2	1	43.893 1	52.232 1
2	1	43.154 1	52.1187 1
2	1	43.414 1	52.1159 1
2	1	43.727 1	52.550 1
3	2	43.837 1	52.332 1 52.773 0.807
2	1	43.962 1	52.167 1
2	1	43.151 1	52.1189 1
2	1	43.921 1	52.209 1
2	1	43.350 1	52.966 1
2	1	43.28 1	52.29 1
2	1	43.247 1	52.1079 1
2	1	43.228 1	52.1104 1
2	1	43.399 1	52.736 1
2	1	43.934 1	52.196 1
2	1	43.172 1	52.1178 1
3	2	43.728 1	52.1347 1 52.529 0.094
2	1	43.12 1	52.12 1
2	1	43.31 1	52.32 1
2	1	43.767 1	52.510 1
2	1	43.856 1	52.298 1
2	1	43.83 1	52.1290 1
3	2	43.422 0.289 43.424 1	52.1276 1
2	1	43.133 1	52.1238 1
2	1	43.766 1	52.511 1
2	1	43.992 1	52.1356 1
2	1	43.141 1	52.1098 1
2	1	43.791 1	52.395 1
2	1	43.826 1	52.356 1
2	1	43.85 1	52.1288 1
2	1	43.759 1	52.517 1
2	1	43.716 1	52.561 1
2	1	43.472 1	52.710 1
2	1	43.43 1	52.43 1
2	1	43.306 1	52.1001 1
2	1	43.520 1	52.660 1
2	1	43.974 1	52.1336 1
2	1	43.249 1	52.1077 1
2	1	43.37 1	52.38 1
2	1	43.708 1	52.563 1
2	1	43.192 1	52.219 1
2	1	43.904 1	52.93 1
2	1	43.879 1	52.268 1
2	1	43.923 1	52.207 1
2	1	43.378 1	52.723 1
2	1	43.724 1	52.553 1
2	1	43.892 1	52.233 1
2	1	43.242 1	52.1091 1
2	1	43.867 1	52.282 1
2	1	43.896 1	52.1230 1
2	1	43.340 1	52.400 1
2	1	43.349 1	52.967 1
2	1	43.68 1	52.1311 1
2	1	43.262 1	52.1056 1
2	1	43.682 1	52.912 1
2	1	43.78 1	52.1299 1
2	1	43.894 1	52.1228 1
4	3	43.102 0.289 43.104 0.167 43.171 1	52.1047 1
2	1	43.174 1	52.1175 1
2	1	43.889 1	52.239 1
4	4	43.503 1 43.201 0.720	52.671 1 52.805 0.779
2	1	43.8 1	52.8 1
2	1	43.276 1	52.1031 1
2	1	43.109 1	52.1269 1
2	1	43.927 1	52.203 1
2	1	43.589 1	52.1219 1
2	1	43.758 1	52.518 1
2	1	43.931 1	52.199 1
2	1	43.363 1	52.742 1
2	1	43.388 1	52.1088 1
3	2	43.514 0.146 43.711 1	52.707 1
2	1	43.845 1	52.317 1
2	1	43.361 1	52.764 1
2	1	43.1000 1	52.1364 1
3	2	43.258 1	52.1060 1 52.1063 0.411
2	1	43.359 1	52.768 1
2	1	43.542 1	52.643 1
2	1	43.312 1	52.996 1
2	1	43.509 1	52.664 1
2	1	43.660 1	52.86 1
2	1	43.769 1	52.508 1
2	1	43.963 1	52.163 1
2	1	43.42 1	52.258 1
2	1	43.742 1	52.539 1
2	1	43.371 1	52.605 1
2	1	43.906 1	52.91 1
2	1	43.914 1	52.216 1
2	1	43.855 1	52.299 1
2	1	43.757 1	52.519 1
2	1	43.510 1	52.663 1
2	1	43.790 1	52.396 1
2	1	43.1006 1	52.1370 1
2	1	43.179 1	52.1155 1
2	1	43.45 1	52.379 1
2	1	43.871 1	52.276 1
2	1	43.100 1	52.286 1
3	2	43.370 1 43.560 0.109	52.604 1
2	1	43.587 1	52.490 1
2	1	43.227 1	52.1105 1
2	1	43.218 1	52.1118 1
2	1	43.166 1	52.1182 1
2	1	43.244 1	52.1081 1
2	1	43.297 1	52.1010 1
2	1	43.613 1	52.1201 1
2	1	43.255 1	52.1068 1
2	1	43.936 1	52.194 1
2	1	43.147 1	52.1193 1
2	1	43.916 1	52.214 1
2	1	43.10 1	52.10 1
2	1	43.590 1	52.469 1
2	1	43.778 1	52.499 1
2	1	43.296 1	52.1083 1
2	1	43.433 1	52.120 1
2	1	43.508 1	52.666 1
2	1	43.620 1	52.614 1
2	1	43.917 1	52.213 1
2	1	43.997 1	52.1361 1
2	1	43.815 1	52.367 1
2	1	43.732 1	52.549 1
2	1	43.536 1	52.646 1
2	1	43.709 1	52.562 1
2	1	43.304 1	52.1003 1
2	1	43.364 1	52.741 1
2	1	43.630 1	52.573 1
2	1	43.679 1	52.1233 1
2	1	43.942 1	52.188 1
2	1	43.753 1	52.523 1
2	1	43.44 1	52.44 1
2	1	43.925 1	52.205 1
2	1	43.238 1	52.1093 1
2	1	43.24 1	52.25 1
2	1	43.48 1	52.48 1
2	1	43.134 1	52.612 1
2	1	43.22 1	52.23 1
2	1	43.20 1	52.20 1
2	1	43.60 1	52.79 1
2	1	43.110 1	52.1254 1
2	1	43.580 1	52.705 1
2	1	43.783 1	52.494 1
2	1	43.533 1	52.649 1
2	1	43.1004 1	52.1368 1
2	1	43.863 1	52.291 1
2	1	43.818 1	52.364 1
2	1	43.21 1	52.22 1
2	1	43.733 1	52.548 1
6	5	43.122 0.093 43.182 1 43.648 0.072 43.656 0.081 43.687 0.074	52.583 1
2	1	43.734 1	52.547 1
2	1	43.872 1	52.275 1
2	1	43.905 1	52.92 1
2	1	43.853 1	52.301 1
2	1	43.880 1	52.266 1
3	2	43.411 0.524 43.420 1	52.957 1
2	1	43.1012 1	52.70 1
2	1	43.232 1	52.1100 1
2	1	43.274 1	52.1033 1
2	1	43.36 1	52.36 1
2	1	43.496 1	52.679 1
2	1	43.591 1	52.468 1
2	1	43.266 1	52.1052 1
2	1	43.850 1	52.312 1
2	1	43.937 1	52.193 1
2	1	43.535 1	52.647 1
2	1	43.973 1	52.1335 1
2	1	43.333 1	52.978 1
2	1	43.799 1	52.383 1
2	1	43.836 1	52.333 1
2	1	43.980 1	52.45 1
2	1	43.267 1	52.1051 1
6	5	43.339 1	52.1310 1 52.1315 0.225 52.1325 0.119 52.1334 0.227 52.950 0.155
2	1	43.397 1	52.712 1
3	2	43.570 1 43.808 0.216	52.456 1
2	1	43.210 1	52.1062 1
2	1	43.581 1	52.706 1
2	1	43.939 1	52.191 1
2	1	43.308 1	52.973 1
2	1	43.415 1	52.716 1
2	1	43.187 1	52.1142 1
2	1	43.181 1	52.1153 1
2	1	43.987 1	52.1352 1
2	1	43.292 1	52.1087 1
2	1	43.317 1	52.991 1
2	1	43.706 1	52.565 1
2	1	43.269 1	52.1041 1
2	1	43.348 1	52.968 1
2	1	43.984 1	52.1349 1
2	1	43.165 1	52.1183 1
2	1	43.431 1	52.117 1
2	1	43.876 1	52.271 1
2	1	43.780 1	52.497 1
2	1	43.230 1	52.1102 1
2	1	43.932 1	52.198 1
2	1	43.298 1	52.1008 1
2	1	43.479 1	52.695 1
2	1	43.524 1	52.656 1
2	1	43.695 1	52.903 1
2	1	43.888 1	52.240 1
2	1	43.243 1	52.1082 1
2	1	43.525 1	52.655 1
2	1	43.817 1	52.365 1
2	1	43.930 1	52.200 1
2	1	43.919 1	52.211 1
2	1	43.933 1	52.197 1
2	1	43.979 1	52.1341 1
2	1	43.281 1	52.1014 1
2	1	43.357 1	52.961 1
2	1	43.761 1	52.515 1
2	1	43.805 1	52.375 1
2	1	43.178 1	52.1156 1
2	1	43.6 1	52.6 1
2	1	43.792 1	52.394 1
2	1	43.958 1	52.173 1
6	8	43.700 1 43.697 0.838	52.882 1 52.902 0.774 52.909 0.776 52.916 0.954
2	1	43.746 1	52.530 1
2	1	43.358 1	52.949 1
2	1	43.552 1	52.637 1
2	1	43.23 1	52.24 1
2	1	43.98 1	52.1272 1
2	1	43.737 1	52.544 1
2	1	43.84 1	52.1289 1
2	1	43.16 1	52.16 1
2	1	43.493 1	52.681 1
3	2	43.967 0.951 43.969 1	52.387 1
2	1	43.95 1	52.1274 1
2	1	43.212 1	52.586 1
2	1	43.593 1	52.467 1
2	1	43.53 1	52.64 1
2	1	43.75 1	52.1302 1
2	1	43.874 1	52.273 1
2	1	43.795 1	52.391 1
2	1	43.362 1	52.743 1
2	1	43.530 1	52.652 1
2	1	43.928 1	52.202 1
2	1	43.546 1	52.639 1
2	1	43.54 1	52.65 1
2	1	43.176 1	52.1324 1
2	1	43.507 1	52.668 1
2	1	43.851 1	52.311 1
2	1	43.488 1	52.686 1
2	1	43.534 1	52.648 1
2	1	43.76 1	52.1301 1
2	1	43.865 1	52.155 1
2	1	43.971 1	52.157 1
2	1	43.834 1	52.334 1
2	1	43.775 1	52.502 1
2	1	43.434 1	52.121 1
2	1	43.369 1	52.733 1
2	1	43.294 1	52.1085 1
2	1	43.336 1	52.977 1
2	1	43.782 1	52.495 1
2	1	43.499 1	52.676 1
2	1	43.633 1	52.575 1
2	1	43.970 1	52.161 1
2	1	43.52 1	52.63 1
2	1	43.544 1	52.641 1
2	1	43.869 1	52.278 1
2	1	43.835 1	52.336 1
2	1	43.40 1	52.88 1
2	1	43.338 1	52.528 1
2	1	43.1020 1	52.1379 1
2	1	43.260 1	52.1058 1
2	1	43.265 1	52.1053 1
2	1	43.282 1	52.1013 1
2	1	43.345 1	52.971 1
2	1	43.346 1	52.970 1
2	1	43.820 1	52.362 1
2	1	43.538 1	52.644 1
2	1	43.132 1	52.1239 1
2	1	43.972 1	52.156 1
2	1	43.215 1	52.589 1
2	1	43.58 1	52.69 1
2	1	43.588 1	52.1218 1
2	1	43.217 1	52.1119 1
2	1	43.223 1	52.1113 1
2	1	43.219 1	52.1117 1
2	1	43.498 1	52.677 1
2	1	43.881 1	52.265 1
2	1	43.231 1	52.1101 1
2	1	43.794 1	52.392 1
2	1	43.596 1	52.900 1
4	4	43.438 1 43.512 0.119	52.596 0.174 52.828 1
6	5	43.200 1	52.921 1 52.97 0.856 52.101 0.856 52.105 0.856 52.803 0.985
2	1	43.755 1	52.521 1
7	6	43.287 1	52.345 0.546 52.346 0.657 52.347 1 52.348 0.603 52.480 0.867 52.481 0.484
2	1	43.186 1	52.1143 1
12	11	43.204 1	52.818 1 52.431 1 52.749 0.813 52.751 0.813 52.772 0.903 52.774 1 52.795 1 52.806 1 52.842 0.946 52.893 0.903 52.933 0.832
2	1	43.622 1	52.1167 1
2	1	43.237 1	52.1094 1
2	1	43.491 1	52.683 1
3	2	43.744 1 43.33 0.928	52.537 1
2	1	43.34 1	52.34 1
2	1	43.522 1	52.658 1
2	1	43.376 1	52.725 1
2	1	43.619 1	52.817 1
2	1	43.74 1	52.1303 1
2	1	43.115 1	52.1249 1
4	4	43.423 1 43.425 0.321	52.1277 0.259 52.1278 1
2	1	43.860 1	52.294 1
2	1	43.1021 1	52.1380 1
2	1	43.495 1	52.421 1
3	2	43.412 0.149 43.421 1	52.956 1
2	1	43.541 1	52.1005 1
2	1	43.689 1	52.703 1
2	1	43.615 1	52.474 1
2	1	43.335 1	52.667 1
2	1	43.586 1	52.491 1
2	1	43.321 1	52.987 1
2	1	43.305 1	52.1002 1
2	1	43.583 1	52.1194 1
2	1	43.786 1	52.487 1
2	1	43.918 1	52.212 1
2	1	43.516 1	52.591 1
3	2	43.897 1	52.1225 0.301 52.1227 1
2	1	43.861 1	52.293 1
2	1	43.822 1	52.360 1
2	1	43.585 1	52.130 1
2	1	43.268 1	52.1042 1
2	1	43.787 1	52.398 1
2	1	43.1003 1	52.1367 1
2	1	43.202 1	52.1128 1
2	1	43.261 1	52.1057 1
2	1	43.671 1	52.883 1
2	1	43.474 1	52.701 1
2	1	43.519 1	52.661 1
2	1	43.629 1	52.580 1
2	1	43.666 1	52.901 1
2	1	43.873 1	52.274 1
3	2	43.670 1 43.696 0.096	52.904 1
2	1	43.177 1	52.1157 1
2	1	43.764 1	52.513 1
2	1	43.398 1	52.711 1
2	1	43.135 1	52.1237 1
3	2	43.105 0.052 43.170 1	52.1046 1
2	1	43.211 1	52.1061 1
2	1	43.222 1	52.1114 1
2	1	43.699 1	52.905 1
2	1	43.813 1	52.368 1
2	1	43.606 1	52.925 1
2	1	43.713 1	52.585 1
2	1	43.1018 1	52.1377 1
2	1	43.257 1	52.1066 1
2	1	43.229 1	52.1103 1
2	1	43.882 1	52.267 1
2	1	43.497 1	52.678 1
2	1	43.26 1	52.27 1
2	1	43.79 1	52.1295 1
6	8	43.517 1 43.684 1	52.142 1 52.615 1 52.1160 0.124 52.617 0.101
2	1	43.483 1	52.691 1
2	1	43.50 1	52.61 1
4	3	43.301 0.682 43.302 0.694 43.303 1	52.253 1
2	1	43.390 1	52.974 1
2	1	43.557 1	52.631 1
2	1	43.293 1	52.1086 1
3	2	43.401 0.289 43.403 1	52.913 1
2	1	43.504 1	52.670 1
2	1	43.628 1	52.581 1
3	2	43.442 1 43.539 0.643	52.369 1
7	12	43.402 0.188 43.452 0.708 43.453 1 43.455 0.675	52.417 0.115 52.420 1 52.427 0.345
2	1	43.309 1	52.999 1
6	5	43.505 1	52.1132 0.147 52.1135 0.067 52.370 0.122 52.600 1 52.630 0.481
2	1	43.623 0.900	52.826 0.900
2	1	43.598 0.907	52.927 0.907
4	3	43.594 0.968	52.436 0.903 52.745 1 52.754 1
