Size	Relations	OrthoA	OrthoB
2	1	43.738 1	54.561 1
2	1	43.46 1	54.44 1
2	1	43.47 1	54.45 1
2	1	43.332 1	54.314 1
2	1	43.142 1	54.141 1
2	1	43.66 1	54.62 1
2	1	43.907 1	54.715 1
2	1	43.859 1	54.682 1
2	1	43.561 1	54.464 1
2	1	43.139 1	54.139 1
2	1	43.762 1	54.586 1
2	1	43.64 1	54.60 1
2	1	43.858 1	54.681 1
2	1	43.946 1	54.754 1
2	1	43.549 1	54.451 1
2	1	43.377 1	54.349 1
2	1	43.480 1	54.380 1
2	1	43.138 1	54.137 1
2	1	43.140 1	54.140 1
2	1	43.326 1	54.305 1
2	1	43.827 1	54.647 1
2	1	43.225 1	54.206 1
2	1	43.101 1	54.98 1
2	1	43.379 1	54.354 1
2	1	43.4 1	54.4 1
2	1	43.784 1	54.608 1
2	1	43.960 1	54.761 1
2	1	43.831 1	54.652 1
2	1	43.97 1	54.94 1
2	1	43.385 1	54.358 1
2	1	43.65 1	54.61 1
2	1	43.77 1	54.75 1
2	1	43.310 1	54.286 1
2	1	43.478 1	54.378 1
2	1	43.3 1	54.3 1
2	1	43.771 1	54.594 1
2	1	43.184 1	54.175 1
2	1	43.847 1	54.668 1
2	1	43.114 1	54.112 1
2	1	43.506 1	54.411 1
2	1	43.175 1	54.166 1
2	1	43.481 1	54.382 1
2	1	43.347 1	54.322 1
2	1	43.610 1	54.485 1
2	1	43.995 1	54.793 1
2	1	43.253 1	54.233 1
2	1	43.13 1	54.13 1
2	1	43.169 1	54.161 1
2	1	43.327 1	54.306 1
2	1	43.825 1	54.645 1
2	1	43.145 1	54.144 1
2	1	43.277 1	54.259 1
2	1	43.224 1	54.205 1
2	1	43.313 1	54.289 1
2	1	43.108 1	54.105 1
2	1	43.884 1	54.707 1
2	1	43.196 1	54.183 1
2	1	43.368 1	54.343 1
2	1	43.226 1	54.207 1
2	1	43.143 1	54.142 1
2	1	43.772 1	54.595 1
2	1	43.155 1	54.154 1
2	1	43.128 1	54.120 1
2	1	43.722 1	54.547 1
2	1	43.112 1	54.110 1
2	1	43.207 1	54.194 1
2	1	43.584 1	54.480 1
2	1	43.81 1	54.79 1
2	1	43.1002 1	54.800 1
2	1	43.387 1	54.362 1
2	1	43.833 1	54.654 1
2	1	43.127 1	54.118 1
2	1	43.983 1	54.781 1
2	1	43.199 1	54.186 1
2	1	43.798 1	54.622 1
2	1	43.286 1	54.268 1
2	1	43.318 1	54.294 1
2	1	43.18 1	54.18 1
2	1	43.55 1	54.53 1
2	1	43.1009 1	54.807 1
2	1	43.203 1	54.190 1
2	1	43.373 1	54.345 1
2	1	43.367 1	54.342 1
2	1	43.396 1	54.367 1
2	1	43.190 1	54.181 1
2	1	43.978 1	54.775 1
2	1	43.191 1	54.182 1
2	1	43.284 1	54.266 1
2	1	43.119 1	54.117 1
2	1	43.57 1	54.55 1
2	1	43.996 1	54.794 1
2	1	43.7 1	54.7 1
2	1	43.723 1	54.548 1
2	1	43.863 1	54.685 1
2	1	43.173 1	54.163 1
2	1	43.185 1	54.176 1
2	1	43.545 1	54.449 1
2	1	43.149 1	54.148 1
2	1	43.234 1	54.215 1
2	1	43.956 1	54.757 1
2	1	43.736 1	54.559 1
2	1	43.922 1	54.730 1
2	1	43.366 1	54.341 1
2	1	43.710 1	54.465 1
2	1	43.106 1	54.103 1
2	1	43.573 1	54.473 1
2	1	43.529 1	54.429 1
2	1	43.789 1	54.613 1
2	1	43.25 1	54.25 1
2	1	43.279 1	54.261 1
2	1	43.721 1	54.546 1
2	1	43.986 1	54.784 1
2	1	43.263 1	54.243 1
9	8	43.565 0.287 43.569 1 43.440 0.956 43.513 0.857 43.607 1 43.634 1 43.651 0.880 43.806 0.956	54.469 1
2	1	43.272 1	54.252 1
2	1	43.117 1	54.115 1
2	1	43.581 1	54.477 1
2	1	43.803 1	54.627 1
2	1	43.93 1	54.91 1
2	1	43.285 1	54.267 1
2	1	43.848 1	54.669 1
2	1	43.999 1	54.797 1
2	1	43.113 1	54.111 1
2	1	43.299 1	54.278 1
2	1	43.375 1	54.347 1
2	1	43.198 1	54.185 1
2	1	43.793 1	54.617 1
2	1	43.994 1	54.792 1
3	2	43.568 1 43.807 1	54.468 1
2	1	43.959 1	54.760 1
2	1	43.116 1	54.114 1
2	1	43.82 1	54.80 1
2	1	43.770 1	54.593 1
2	1	43.532 1	54.432 1
2	1	43.582 1	54.478 1
2	1	43.331 1	54.313 1
2	1	43.344 1	54.319 1
2	1	43.751 1	54.572 1
2	1	43.998 1	54.796 1
2	1	43.1 1	54.1 1
2	1	43.711 1	54.466 1
2	1	43.852 1	54.675 1
2	1	43.325 1	54.304 1
2	1	43.322 1	54.298 1
2	1	43.386 1	54.361 1
2	1	43.814 1	54.633 1
2	1	43.130 1	54.130 1
2	1	43.502 1	54.404 1
2	1	43.804 1	54.628 1
2	1	43.330 1	54.312 1
2	1	43.489 1	54.390 1
2	1	43.328 1	54.307 1
2	1	43.682 1	54.519 1
2	1	43.777 1	54.601 1
2	1	43.912 1	54.720 1
2	1	43.99 1	54.96 1
3	2	43.558 1	54.458 0.384 54.459 1
2	1	43.870 1	54.692 1
2	1	43.716 1	54.540 1
2	1	43.271 1	54.251 1
2	1	43.816 1	54.635 1
2	1	43.1017 1	54.813 1
2	1	43.30 1	54.30 1
5	4	43.563 1 43.564 0.377 43.566 0.426 43.571 0.479	54.470 1
2	1	43.150 1	54.121 1
2	1	43.246 1	54.226 1
2	1	43.950 1	54.126 1
2	1	43.957 1	54.758 1
2	1	43.136 1	54.135 1
2	1	43.316 1	54.292 1
2	1	43.988 1	54.786 1
2	1	43.800 1	54.624 1
4	3	43.205 1 43.598 0.857 43.624 0.919	54.192 1
2	1	43.841 1	54.662 1
2	1	43.278 1	54.260 1
2	1	43.993 1	54.791 1
2	1	43.2 1	54.2 1
2	1	43.1013 1	54.808 1
2	1	43.1007 1	54.805 1
2	1	43.352 1	54.327 1
2	1	43.86 1	54.84 1
2	1	43.743 1	54.566 1
2	1	43.306 1	54.282 1
2	1	43.774 1	54.597 1
2	1	43.862 1	54.684 1
2	1	43.482 1	54.384 1
2	1	43.270 1	54.250 1
2	1	43.785 1	54.609 1
2	1	43.1015 1	54.811 1
2	1	43.307 1	54.283 1
2	1	43.843 1	54.664 1
2	1	43.17 1	54.17 1
2	1	43.473 1	54.372 1
2	1	43.856 1	54.679 1
2	1	43.975 1	54.772 1
2	1	43.5 1	54.5 1
2	1	43.526 1	54.424 1
2	1	43.264 1	54.244 1
2	1	43.985 1	54.783 1
2	1	43.707 1	54.533 1
2	1	43.739 1	54.562 1
2	1	43.1001 1	54.799 1
2	1	43.537 1	54.442 1
2	1	43.756 1	54.580 1
2	1	43.759 1	54.583 1
2	1	43.147 1	54.146 1
2	1	43.72 1	54.68 1
2	1	43.854 1	54.677 1
2	1	43.220 1	54.201 1
2	1	43.778 1	54.602 1
2	1	43.103 1	54.100 1
2	1	43.283 1	54.265 1
2	1	43.475 1	54.375 1
2	1	43.244 1	54.224 1
2	1	43.311 1	54.287 1
2	1	43.259 1	54.239 1
2	1	43.254 1	54.234 1
2	1	43.768 1	54.591 1
2	1	43.70 1	54.66 1
2	1	43.189 1	54.180 1
2	1	43.740 1	54.563 1
2	1	43.500 1	54.402 1
2	1	43.275 1	54.257 1
2	1	43.726 1	54.551 1
2	1	43.773 1	54.596 1
2	1	43.915 1	54.723 1
2	1	43.314 1	54.290 1
2	1	43.59 1	54.57 1
2	1	43.137 1	54.136 1
2	1	43.829 1	54.649 1
2	1	43.875 1	54.697 1
2	1	43.911 1	54.719 1
2	1	43.885 1	54.708 1
2	1	43.490 1	54.391 1
2	1	43.67 1	54.63 1
3	2	43.982 1 43.661 0.850	54.780 1
2	1	43.953 1	54.123 1
2	1	43.760 1	54.584 1
2	1	43.1008 1	54.806 1
2	1	43.19 1	54.19 1
2	1	43.351 1	54.326 1
2	1	43.521 1	54.419 1
2	1	43.938 1	54.746 1
2	1	43.105 1	54.102 1
2	1	43.41 1	54.40 1
2	1	43.71 1	54.67 1
2	1	43.542 1	54.446 1
2	1	43.484 1	54.386 1
2	1	43.69 1	54.65 1
2	1	43.15 1	54.15 1
2	1	43.384 1	54.357 1
2	1	43.291 1	54.270 1
2	1	43.779 1	54.603 1
2	1	43.811 1	54.630 1
2	1	43.821 1	54.641 1
2	1	43.92 1	54.90 1
2	1	43.709 1	54.535 1
2	1	43.842 1	54.663 1
2	1	43.754 1	54.575 1
2	1	43.90 1	54.88 1
2	1	43.839 1	54.660 1
2	1	43.29 1	54.29 1
2	1	43.891 1	54.712 1
2	1	43.725 1	54.550 1
2	1	43.824 1	54.644 1
2	1	43.356 1	54.329 1
2	1	43.111 1	54.109 1
2	1	43.844 1	54.665 1
2	1	43.503 1	54.408 1
2	1	43.955 1	54.756 1
2	1	43.235 1	54.217 1
2	1	43.144 1	54.143 1
2	1	43.838 1	54.659 1
2	1	43.543 1	54.447 1
2	1	43.632 1	54.504 1
2	1	43.197 1	54.184 1
2	1	43.920 1	54.728 1
4	3	43.392 1 43.394 0.052 43.395 0.569	54.365 1
2	1	43.201 1	54.188 1
2	1	43.236 1	54.218 1
2	1	43.952 1	54.124 1
2	1	43.94 1	54.92 1
2	1	43.360 1	54.335 1
2	1	43.164 1	54.156 1
2	1	43.585 1	54.481 1
2	1	43.718 1	54.542 1
2	1	43.319 1	54.295 1
2	1	43.1019 1	54.815 1
2	1	43.559 1	54.460 1
2	1	43.752 1	54.573 1
2	1	43.73 1	54.69 1
2	1	43.910 1	54.718 1
2	1	43.964 1	54.765 1
2	1	43.180 1	54.171 1
2	1	43.479 1	54.379 1
2	1	43.525 1	54.423 1
2	1	43.56 1	54.54 1
2	1	43.991 1	54.789 1
2	1	43.14 1	54.14 1
2	1	43.472 1	54.371 1
2	1	43.243 1	54.223 1
2	1	43.494 1	54.395 1
2	1	43.766 1	54.589 1
2	1	43.382 1	54.355 1
2	1	43.840 1	54.661 1
2	1	43.857 1	54.680 1
2	1	43.890 1	54.711 1
2	1	43.273 1	54.255 1
2	1	43.650 1	54.508 1
2	1	43.719 1	54.544 1
2	1	43.250 1	54.230 1
4	3	43.877 1	54.699 1 54.700 0.065 54.462 0.817
2	1	43.91 1	54.89 1
2	1	43.531 1	54.431 1
2	1	43.741 1	54.564 1
2	1	43.102 1	54.99 1
2	1	43.153 1	54.152 1
2	1	43.131 1	54.131 1
2	1	43.681 1	54.516 1
2	1	43.802 1	54.626 1
2	1	43.51 1	54.49 1
2	1	43.608 1	54.474 1
2	1	43.817 1	54.636 1
2	1	43.679 1	54.513 1
2	1	43.1016 1	54.812 1
2	1	43.855 1	54.678 1
2	1	43.941 1	54.749 1
2	1	43.228 1	54.209 1
2	1	43.154 1	54.153 1
2	1	43.763 1	54.587 1
2	1	43.886 1	54.128 1
2	1	43.977 1	54.774 1
2	1	43.241 1	54.221 1
2	1	43.163 1	54.155 1
2	1	43.560 1	54.461 1
2	1	43.935 1	54.743 1
2	1	43.536 1	54.441 1
2	1	43.819 1	54.639 1
2	1	43.724 1	54.549 1
2	1	43.769 1	54.592 1
2	1	43.990 1	54.788 1
2	1	43.104 1	54.101 1
2	1	43.118 1	54.116 1
2	1	43.611 1	54.486 1
2	1	43.12 1	54.12 1
2	1	43.148 1	54.147 1
2	1	43.300 1	54.279 1
3	2	43.580 1 43.615 0.801	54.476 1
2	1	43.383 1	54.356 1
2	1	43.586 1	54.483 1
2	1	43.38 1	54.37 1
2	1	43.826 1	54.646 1
2	1	43.812 1	54.631 1
2	1	43.701 1	54.526 1
2	1	43.879 1	54.702 1
2	1	43.361 1	54.336 1
2	1	43.868 1	54.690 1
2	1	43.708 1	54.534 1
2	1	43.587 1	54.484 1
2	1	43.767 1	54.590 1
2	1	43.801 1	54.625 1
2	1	43.31 1	54.31 1
2	1	43.329 1	54.308 1
2	1	43.295 1	54.274 1
2	1	43.791 1	54.615 1
2	1	43.883 1	54.706 1
2	1	43.612 1	54.487 1
2	1	43.702 1	54.527 1
2	1	43.388 1	54.363 1
2	1	43.1005 1	54.803 1
2	1	43.248 1	54.228 1
2	1	43.39 1	54.38 1
2	1	43.973 1	54.770 1
2	1	43.221 1	54.202 1
2	1	43.89 1	54.87 1
2	1	43.520 1	54.418 1
2	1	43.951 1	54.125 1
2	1	43.757 1	54.581 1
2	1	43.823 1	54.643 1
2	1	43.11 1	54.11 1
2	1	43.485 1	54.387 1
2	1	43.940 1	54.748 1
2	1	43.9 1	54.9 1
2	1	43.49 1	54.47 1
2	1	43.258 1	54.238 1
2	1	43.133 1	54.133 1
2	1	43.909 1	54.717 1
2	1	43.152 1	54.150 1
2	1	43.476 1	54.376 1
2	1	43.864 1	54.686 1
2	1	43.252 1	54.232 1
2	1	43.963 1	54.764 1
2	1	43.151 1	54.149 1
2	1	43.35 1	54.34 1
2	1	43.477 1	54.377 1
2	1	43.866 1	54.688 1
2	1	43.499 1	54.401 1
2	1	43.720 1	54.545 1
2	1	43.251 1	54.231 1
2	1	43.551 1	54.453 1
2	1	43.28 1	54.28 1
2	1	43.282 1	54.263 1
2	1	43.850 1	54.672 1
2	1	43.255 1	54.235 1
2	1	43.247 1	54.227 1
2	1	43.110 1	54.108 1
2	1	43.179 1	54.170 1
2	1	43.846 1	54.667 1
2	1	43.974 1	54.771 1
2	1	43.320 1	54.296 1
2	1	43.528 1	54.426 1
2	1	43.889 1	54.710 1
2	1	43.276 1	54.258 1
2	1	43.617 1	54.489 1
2	1	43.828 1	54.648 1
2	1	43.992 1	54.790 1
2	1	43.256 1	54.236 1
2	1	43.297 1	54.276 1
2	1	43.68 1	54.64 1
2	1	43.501 1	54.403 1
2	1	43.515 1	54.437 1
2	1	43.10 1	54.10 1
2	1	43.146 1	54.145 1
2	1	43.391 1	54.650 1
2	1	43.172 1	54.162 1
2	1	43.262 1	54.242 1
2	1	43.976 1	54.773 1
2	1	43.921 1	54.729 1
2	1	43.508 1	54.413 1
2	1	43.706 1	54.532 1
2	1	43.350 1	54.325 1
2	1	43.887 1	54.127 1
2	1	43.924 1	54.732 1
2	1	43.929 1	54.737 1
2	1	43.245 1	54.225 1
2	1	43.337 1	54.318 1
2	1	43.510 1	54.415 1
2	1	43.83 1	54.81 1
2	1	43.703 1	54.530 1
2	1	43.349 1	54.324 1
2	1	43.913 1	54.721 1
2	1	43.926 1	54.734 1
2	1	43.972 1	54.769 1
2	1	43.583 1	54.479 1
3	2	43.422 0.179 43.424 1	54.570 1
2	1	43.552 1	54.454 1
2	1	43.815 1	54.634 1
3	2	43.837 1 43.591 0.833	54.658 1
2	1	43.867 1	54.689 1
2	1	43.970 1	54.767 1
2	1	43.717 1	54.541 1
2	1	43.971 1	54.768 1
2	1	43.174 1	54.165 1
2	1	43.181 1	54.173 1
2	1	43.509 1	54.414 1
3	2	43.188 1 43.42 0.805	54.179 1
2	1	43.613 1	54.488 1
2	1	43.8 1	54.8 1
2	1	43.845 1	54.666 1
2	1	43.727 1	54.552 1
2	1	43.209 1	54.196 1
2	1	43.570 1	54.471 1
2	1	43.742 1	54.565 1
2	1	43.261 1	54.241 1
2	1	43.365 1	54.340 1
2	1	43.761 1	54.585 1
2	1	43.249 1	54.229 1
2	1	43.790 1	54.614 1
2	1	43.869 1	54.691 1
2	1	43.787 1	54.611 1
2	1	43.45 1	54.43 1
2	1	43.961 1	54.762 1
2	1	43.378 1	54.350 1
2	1	43.312 1	54.288 1
2	1	43.96 1	54.331 1
2	1	43.1004 1	54.802 1
2	1	43.238 1	54.220 1
2	1	43.893 1	54.714 1
2	1	43.242 1	54.222 1
2	1	43.304 1	54.280 1
2	1	43.1000 1	54.798 1
2	1	43.178 1	54.169 1
2	1	43.216 1	54.197 1
2	1	43.26 1	54.26 1
2	1	43.822 1	54.642 1
2	1	43.876 1	54.698 1
2	1	43.43 1	54.41 1
2	1	43.397 1	54.368 1
2	1	43.954 1	54.122 1
2	1	43.1006 1	54.804 1
2	1	43.266 1	54.246 1
2	1	43.836 1	54.657 1
2	1	43.87 1	54.85 1
2	1	43.309 1	54.285 1
2	1	43.355 1	54.328 1
2	1	43.359 1	54.334 1
2	1	43.290 1	54.269 1
2	1	43.980 1	54.778 1
2	1	43.364 1	54.339 1
2	1	43.533 1	54.433 1
2	1	43.758 1	54.582 1
2	1	43.109 1	54.107 1
2	1	43.997 1	54.795 1
2	1	43.530 1	54.430 1
2	1	43.227 1	54.208 1
2	1	43.731 1	54.554 1
2	1	43.88 1	54.86 1
2	1	43.934 1	54.742 1
2	1	43.962 1	54.763 1
2	1	43.100 1	54.97 1
2	1	43.363 1	54.338 1
2	1	43.36 1	54.35 1
2	1	43.871 1	54.693 1
2	1	43.874 1	54.696 1
2	1	43.873 1	54.695 1
2	1	43.574 1	54.475 1
2	1	43.712 1	54.467 1
2	1	43.274 1	54.256 1
2	1	43.923 1	54.731 1
2	1	43.37 1	54.36 1
2	1	43.95 1	54.93 1
2	1	43.166 1	54.158 1
2	1	43.20 1	54.20 1
2	1	43.746 1	54.569 1
2	1	43.780 1	54.604 1
2	1	43.892 1	54.713 1
2	1	43.294 1	54.273 1
2	1	43.799 1	54.623 1
2	1	43.853 1	54.676 1
2	1	43.488 1	54.388 1
2	1	43.927 1	54.735 1
2	1	43.958 1	54.759 1
2	1	43.233 1	54.214 1
2	1	43.535 1	54.440 1
2	1	43.792 1	54.616 1
2	1	43.85 1	54.83 1
2	1	43.267 1	54.247 1
2	1	43.880 1	54.703 1
2	1	43.296 1	54.275 1
2	1	43.753 1	54.574 1
2	1	43.22 1	54.22 1
2	1	43.78 1	54.76 1
2	1	43.308 1	54.284 1
2	1	43.734 1	54.557 1
2	1	43.60 1	54.58 1
2	1	43.737 1	54.560 1
2	1	43.783 1	54.607 1
2	1	43.984 1	54.782 1
2	1	43.914 1	54.722 1
2	1	43.21 1	54.21 1
2	1	43.357 1	54.330 1
2	1	43.362 1	54.337 1
4	3	43.48 1 43.590 1 43.904 0.873	54.46 1
2	1	43.54 1	54.52 1
2	1	43.24 1	54.24 1
2	1	43.84 1	54.82 1
2	1	43.931 1	54.739 1
2	1	43.813 1	54.632 1
2	1	43.187 1	54.178 1
2	1	43.498 1	54.400 1
2	1	43.732 1	54.555 1
2	1	43.218 1	54.199 1
2	1	43.317 1	54.293 1
3	2	43.567 0.692 43.572 1	54.472 1
2	1	43.805 1	54.629 1
2	1	43.933 1	54.741 1
2	1	43.496 1	54.398 1
2	1	43.269 1	54.249 1
2	1	43.917 1	54.725 1
2	1	43.987 1	54.785 1
2	1	43.237 1	54.219 1
2	1	43.398 1	54.369 1
2	1	43.524 1	54.422 1
2	1	43.733 1	54.556 1
2	1	43.925 1	54.733 1
2	1	43.851 1	54.674 1
2	1	43.796 1	54.620 1
3	2	43.967 1 43.969 0.927	54.72 1
2	1	43.257 1	54.237 1
2	1	43.336 1	54.317 1
2	1	43.493 1	54.394 1
2	1	43.53 1	54.51 1
2	1	43.865 1	54.687 1
2	1	43.369 1	54.344 1
2	1	43.630 1	54.502 1
2	1	43.685 1	54.522 1
2	1	43.916 1	54.724 1
2	1	43.75 1	54.71 1
2	1	43.775 1	54.598 1
2	1	43.429 1	54.310 1
2	1	43.683 1	54.538 1
2	1	43.298 1	54.277 1
2	1	43.534 1	54.434 1
2	1	43.888 1	54.709 1
2	1	43.936 1	54.744 1
2	1	43.202 1	54.189 1
2	1	43.32 1	54.32 1
2	1	43.541 1	54.445 1
2	1	43.6 1	54.6 1
2	1	43.942 1	54.750 1
2	1	43.832 1	54.653 1
2	1	43.343 1	54.106 1
2	1	43.872 1	54.694 1
2	1	43.786 1	54.610 1
2	1	43.945 1	54.752 1
2	1	43.333 1	54.315 1
2	1	43.1018 1	54.814 1
2	1	43.230 1	54.211 1
2	1	43.44 1	54.42 1
2	1	43.132 1	54.132 1
2	1	43.232 1	54.213 1
2	1	43.348 1	54.323 1
2	1	43.546 1	54.450 1
2	1	43.629 1	54.492 1
2	1	43.818 1	54.637 1
2	1	43.908 1	54.716 1
2	1	43.177 1	54.168 1
2	1	43.34 1	54.33 1
2	1	43.522 1	54.420 1
2	1	43.930 1	54.738 1
2	1	43.937 1	54.745 1
2	1	43.979 1	54.776 1
2	1	43.165 1	54.157 1
2	1	43.483 1	54.385 1
2	1	43.292 1	54.271 1
2	1	43.281 1	54.262 1
2	1	43.324 1	54.303 1
2	1	43.346 1	54.321 1
2	1	43.523 1	54.421 1
2	1	43.939 1	54.747 1
2	1	43.204 1	54.191 1
2	1	43.219 1	54.200 1
2	1	43.735 1	54.558 1
2	1	43.745 1	54.568 1
4	3	43.200 1 43.594 1 43.623 0.897	54.187 1
2	1	43.1020 1	54.816 1
2	1	43.16 1	54.16 1
2	1	43.40 1	54.39 1
2	1	43.223 1	54.204 1
2	1	43.315 1	54.291 1
2	1	43.820 1	54.640 1
2	1	43.186 1	54.177 1
2	1	43.932 1	54.740 1
2	1	43.176 1	54.167 1
2	1	43.323 1	54.300 1
2	1	43.358 1	54.333 1
2	1	43.631 1	54.503 1
2	1	43.755 1	54.579 1
2	1	43.794 1	54.618 1
2	1	43.834 1	54.655 1
2	1	43.98 1	54.95 1
2	1	43.538 1	54.443 1
2	1	43.52 1	54.50 1
2	1	43.919 1	54.727 1
2	1	43.58 1	54.56 1
2	1	43.795 1	54.619 1
2	1	43.231 1	54.212 1
2	1	43.345 1	54.320 1
2	1	43.471 1	54.512 1
2	1	43.1014 1	54.810 1
2	1	43.265 1	54.245 1
2	1	43.628 1	54.491 1
2	1	43.23 1	54.23 1
2	1	43.321 1	54.297 1
2	1	43.633 1	54.505 1
2	1	43.76 1	54.74 1
2	1	43.781 1	54.605 1
2	1	43.882 1	54.705 1
2	1	43.947 1	54.755 1
2	1	43.167 1	54.159 1
2	1	43.222 1	54.203 1
2	1	43.268 1	54.248 1
2	1	43.376 1	54.348 1
2	1	43.550 1	54.452 1
2	1	43.849 1	54.670 1
2	1	43.208 1	54.195 1
2	1	43.544 1	54.448 1
2	1	43.115 1	54.113 1
2	1	43.507 1	54.412 1
2	1	43.206 1	54.193 1
2	1	43.517 1	54.410 1
2	1	43.928 1	54.736 1
2	1	43.764 1	54.588 1
2	1	43.860 1	54.683 1
2	1	43.129 1	54.129 1
2	1	43.229 1	54.210 1
2	1	43.835 1	54.656 1
2	1	43.557 1	54.455 1
2	1	43.497 1	54.399 1
2	1	43.260 1	54.240 1
2	1	43.74 1	54.70 1
2	1	43.782 1	54.606 1
2	1	43.881 1	54.704 1
2	1	43.305 1	54.281 1
2	1	43.50 1	54.48 1
2	1	43.217 1	54.198 1
2	1	43.495 1	54.500 1
2	1	43.27 1	54.27 1
2	1	43.981 1	54.779 1
2	1	43.527 1	54.425 1
2	1	43.293 1	54.272 1
2	1	43.830 1	54.651 1
2	1	43.168 1	54.160 1
3	2	43.423 1 43.425 0.305	54.571 1
2	1	43.511 1	54.416 1
3	2	43.744 1 43.33 0.928	54.567 1
2	1	43.491 1	54.392 1
2	1	43.474 1	54.374 1
2	1	43.492 1	54.393 1
2	1	43.989 1	54.787 1
2	1	43.1003 1	54.801 1
2	1	43.1021 1	54.817 1
2	1	43.519 1	54.417 1
2	1	43.107 1	54.104 1
2	1	43.135 1	54.134 1
2	1	43.899 1	54.457 1
2	1	43.918 1	54.726 1
2	1	43.516 1	54.436 1
4	3	43.667 1 43.748 0.712 43.749 0.714	54.509 1
2	1	43.692 1	54.456 1
3	2	43.966 1 43.968 0.512	54.73 1
2	1	43.588 1	54.254 1
2	1	43.374 1	54.346 1
2	1	43.504 1	54.409 1
2	1	43.704 1	54.78 1
2	1	43.776 1	54.599 1
2	1	43.714 1	54.536 1
2	1	43.965 1	54.766 1
2	1	43.505 1	54.520 1
2	1	43.338 1	54.753 1
2	1	43.390 1	54.364 1
2	1	43.430 1	54.311 1
3	2	43.697 1 43.700 0.055	54.528 1
2	1	43.618 1	54.490 1
