Size	Relations	OrthoA	OrthoB
2	1	43.46 1	51.39 1
2	1	43.47 1	51.40 1
2	1	43.738 1	51.265 1
2	1	43.66 1	51.57 1
2	1	43.64 1	51.54 1
2	1	43.142 1	51.895 1
2	1	43.762 1	51.247 1
2	1	43.326 1	51.304 1
2	1	43.140 1	51.896 1
2	1	43.960 1	51.949 1
2	1	43.480 1	51.384 1
2	1	43.895 1	51.361 1
2	1	43.139 1	51.897 1
2	1	43.561 1	51.411 1
2	1	43.946 1	51.942 1
2	1	43.827 1	51.189 1
2	1	43.549 1	51.440 1
2	1	43.101 1	51.93 1
2	1	43.310 1	51.734 1
2	1	43.225 1	51.833 1
2	1	43.478 1	51.382 1
2	1	43.858 1	51.160 1
2	1	43.379 1	51.351 1
2	1	43.184 1	51.861 1
2	1	43.175 1	51.868 1
2	1	43.127 1	51.561 1
2	1	43.847 1	51.170 1
2	1	43.4 1	51.4 1
2	1	43.347 1	51.319 1
2	1	43.65 1	51.56 1
2	1	43.859 1	51.159 1
2	1	43.3 1	51.3 1
2	1	43.943 1	51.941 1
2	1	43.377 1	51.349 1
2	1	43.13 1	51.12 1
2	1	43.77 1	51.68 1
2	1	43.313 1	51.731 1
2	1	43.385 1	51.359 1
2	1	43.950 1	51.433 1
2	1	43.506 1	51.494 1
2	1	43.253 1	51.809 1
2	1	43.995 1	51.980 1
2	1	43.138 1	51.122 1
2	1	43.108 1	51.98 1
2	1	43.224 1	51.834 1
2	1	43.368 1	51.343 1
2	1	43.145 1	51.892 1
2	1	43.373 1	51.345 1
2	1	43.55 1	51.48 1
3	2	43.353 1 43.354 0.629	51.556 1
2	1	43.155 1	51.883 1
2	1	43.277 1	51.758 1
2	1	43.798 1	51.213 1
2	1	43.128 1	51.112 1
2	1	43.825 1	51.191 1
2	1	43.884 1	51.135 1
2	1	43.327 1	51.306 1
2	1	43.610 1	51.669 1
2	1	43.114 1	51.106 1
2	1	43.97 1	51.89 1
2	1	43.191 1	51.853 1
2	1	43.57 1	51.50 1
2	1	43.283 1	51.755 1
2	1	43.185 1	51.860 1
2	1	43.983 1	51.967 1
2	1	43.190 1	51.854 1
2	1	43.784 1	51.229 1
2	1	43.387 1	51.365 1
2	1	43.18 1	51.17 1
2	1	43.922 1	51.920 1
2	1	43.207 1	51.849 1
2	1	43.367 1	51.342 1
2	1	43.831 1	51.185 1
2	1	43.948 1	51.101 1
2	1	43.959 1	51.948 1
2	1	43.771 1	51.240 1
2	1	43.833 1	51.183 1
2	1	43.272 1	51.763 1
2	1	43.582 1	51.421 1
2	1	43.226 1	51.832 1
2	1	43.284 1	51.793 1
2	1	43.149 1	51.888 1
2	1	43.194 1	51.395 1
2	1	43.119 1	51.111 1
2	1	43.555 1	51.158 1
2	1	43.949 1	51.100 1
2	1	43.772 1	51.239 1
2	1	43.721 1	51.280 1
2	1	43.112 1	51.104 1
2	1	43.723 1	51.278 1
2	1	43.1002 1	51.990 1
2	1	43.996 1	51.981 1
2	1	43.1009 1	51.996 1
2	1	43.581 1	51.422 1
2	1	43.789 1	51.226 1
2	1	43.234 1	51.781 1
2	1	43.690 1	51.124 1
2	1	43.852 1	51.165 1
2	1	43.263 1	51.799 1
2	1	43.169 1	51.81 1
2	1	43.173 1	51.872 1
2	1	43.793 1	51.217 1
2	1	43.986 1	51.970 1
2	1	43.117 1	51.109 1
2	1	43.299 1	51.744 1
2	1	43.1013 1	51.1000 1
2	1	43.93 1	51.82 1
2	1	43.130 1	51.115 1
2	1	43.1007 1	51.994 1
2	1	43.957 1	51.946 1
2	1	43.136 1	51.120 1
2	1	43.199 1	51.851 1
2	1	43.770 1	51.241 1
2	1	43.999 1	51.984 1
2	1	43.279 1	51.323 1
2	1	43.722 1	51.279 1
2	1	43.286 1	51.753 1
3	2	43.285 1 43.814 0.755	51.754 1
2	1	43.99 1	51.91 1
2	1	43.86 1	51.310 1
2	1	43.816 1	51.200 1
2	1	43.953 1	51.430 1
2	1	43.481 1	51.386 1
2	1	43.1015 1	51.1002 1
2	1	43.246 1	51.815 1
2	1	43.998 1	51.983 1
2	1	43.777 1	51.236 1
2	1	43.952 1	51.431 1
2	1	43.848 1	51.169 1
2	1	43.150 1	51.791 1
2	1	43.951 1	51.432 1
2	1	43.736 1	51.267 1
2	1	43.502 1	51.496 1
2	1	43.325 1	51.303 1
2	1	43.366 1	51.341 1
2	1	43.196 1	51.844 1
2	1	43.25 1	51.24 1
2	1	43.1 1	51.1 1
2	1	43.318 1	51.724 1
2	1	43.978 1	51.964 1
2	1	43.270 1	51.765 1
3	2	43.482 1	51.388 1 51.712 0.841
2	1	43.529 1	51.481 1
2	1	43.863 1	51.153 1
2	1	43.956 1	51.944 1
2	1	43.988 1	51.975 1
2	1	43.854 1	51.164 1
2	1	43.116 1	51.108 1
2	1	43.344 1	51.316 1
2	1	43.743 1	51.260 1
2	1	43.993 1	51.979 1
2	1	43.271 1	51.764 1
5	4	43.944 1	51.379 0.124 51.381 0.224 51.695 1 51.769 0.895
2	1	43.386 1	51.364 1
2	1	43.912 1	51.911 1
2	1	43.2 1	51.2 1
2	1	43.316 1	51.726 1
2	1	43.30 1	51.29 1
2	1	43.328 1	51.307 1
2	1	43.562 1	51.646 1
2	1	43.975 1	51.961 1
2	1	43.82 1	51.71 1
2	1	43.113 1	51.105 1
2	1	43.375 1	51.347 1
2	1	43.707 1	51.288 1
2	1	43.870 1	51.149 1
2	1	43.800 1	51.211 1
2	1	43.532 1	51.478 1
2	1	43.938 1	51.936 1
2	1	43.841 1	51.175 1
3	2	43.982 1 43.661 0.850	51.966 1
2	1	43.307 1	51.737 1
2	1	43.1001 1	51.986 1
2	1	43.774 1	51.237 1
2	1	43.489 1	51.398 1
2	1	43.189 1	51.855 1
2	1	43.81 1	51.70 1
2	1	43.475 1	51.376 1
2	1	43.751 1	51.257 1
2	1	43.254 1	51.808 1
2	1	43.915 1	51.913 1
2	1	43.773 1	51.238 1
3	2	43.120 0.075 43.907 1	51.784 1
2	1	43.803 1	51.208 1
2	1	43.59 1	51.52 1
2	1	43.322 1	51.299 1
2	1	43.785 1	51.228 1
2	1	43.768 1	51.243 1
2	1	43.739 1	51.264 1
2	1	43.17 1	51.16 1
2	1	43.70 1	51.61 1
2	1	43.902 1	51.665 1
2	1	43.862 1	51.154 1
2	1	43.220 1	51.838 1
2	1	43.821 1	51.195 1
2	1	43.41 1	51.353 1
2	1	43.264 1	51.798 1
2	1	43.829 1	51.187 1
2	1	43.754 1	51.254 1
2	1	43.311 1	51.733 1
2	1	43.15 1	51.14 1
2	1	43.537 1	51.456 1
2	1	43.608 1	51.690 1
2	1	43.1017 1	51.1006 1
2	1	43.911 1	51.910 1
2	1	43.7 1	51.6 1
2	1	43.143 1	51.894 1
2	1	43.5 1	51.845 1
2	1	43.991 1	51.977 1
2	1	43.500 1	51.498 1
2	1	43.236 1	51.823 1
2	1	43.1019 1	51.1008 1
2	1	43.19 1	51.18 1
2	1	43.239 1	51.643 1
2	1	43.473 1	51.375 1
2	1	43.910 1	51.909 1
2	1	43.839 1	51.177 1
2	1	43.72 1	51.63 1
2	1	43.632 1	51.525 1
2	1	43.954 1	51.429 1
13	12	43.568 0.351 43.573 1 43.710 0.063 43.806 0.314 43.440 0.985 43.513 0.746 43.565 0.910 43.569 0.910 43.607 0.910 43.634 0.910 43.651 0.828 43.807 0.861	51.689 1
2	1	43.235 1	51.824 1
2	1	43.29 1	51.28 1
2	1	43.824 1	51.192 1
2	1	43.920 1	51.918 1
2	1	43.69 1	51.60 1
2	1	43.718 1	51.283 1
2	1	43.490 1	51.399 1
2	1	43.891 1	51.131 1
2	1	43.137 1	51.121 1
2	1	43.384 1	51.358 1
2	1	43.91 1	51.78 1
2	1	43.275 1	51.759 1
2	1	43.382 1	51.356 1
2	1	43.811 1	51.205 1
2	1	43.756 1	51.252 1
2	1	43.725 1	51.276 1
2	1	43.802 1	51.209 1
2	1	43.726 1	51.275 1
2	1	43.740 1	51.263 1
2	1	43.886 1	51.1004 1
4	3	43.392 1 43.394 0.227 43.395 0.649	51.792 1
2	1	43.752 1	51.256 1
2	1	43.875 1	51.144 1
2	1	43.985 1	51.969 1
2	1	43.90 1	51.77 1
2	1	43.352 1	51.329 1
2	1	43.844 1	51.173 1
2	1	43.804 1	51.207 1
2	1	43.67 1	51.58 1
2	1	43.580 1	51.423 1
2	1	43.360 1	51.335 1
2	1	43.526 1	51.483 1
2	1	43.278 1	51.324 1
2	1	43.521 1	51.487 1
2	1	43.314 1	51.730 1
2	1	43.843 1	51.174 1
3	2	43.241 1	51.820 1 51.675 0.784
2	1	43.779 1	51.234 1
2	1	43.273 1	51.761 1
2	1	43.356 1	51.331 1
2	1	43.840 1	51.176 1
2	1	43.935 1	51.933 1
2	1	43.650 1	51.404 1
2	1	43.71 1	51.62 1
2	1	43.38 1	51.36 1
2	1	43.102 1	51.94 1
2	1	43.244 1	51.817 1
2	1	43.716 1	51.285 1
4	3	43.624 1 43.205 0.967 43.598 0.852	51.514 1
2	1	43.484 1	51.390 1
2	1	43.195 1	51.396 1
2	1	43.545 1	51.451 1
2	1	43.885 1	51.134 1
2	1	43.180 1	51.864 1
2	1	43.1008 1	51.995 1
2	1	43.250 1	51.811 1
2	1	43.56 1	51.49 1
2	1	43.148 1	51.889 1
2	1	43.878 1	51.141 1
2	1	43.1016 1	51.1005 1
2	1	43.531 1	51.479 1
2	1	43.153 1	51.885 1
2	1	43.49 1	51.42 1
6	5	43.123 1 43.183 0.100 43.647 0.253 43.655 0.261 43.686 0.265	51.354 1
2	1	43.778 1	51.235 1
2	1	43.941 1	51.939 1
2	1	43.877 1	51.142 1
2	1	43.611 1	51.79 1
2	1	43.759 1	51.250 1
2	1	43.193 1	51.394 1
2	1	43.857 1	51.161 1
2	1	43.494 1	51.503 1
2	1	43.104 1	51.96 1
2	1	43.118 1	51.110 1
2	1	43.306 1	51.738 1
2	1	43.819 1	51.197 1
2	1	43.351 1	51.328 1
2	1	43.864 1	51.152 1
2	1	43.9 1	51.8 1
2	1	43.14 1	51.13 1
2	1	43.990 1	51.976 1
2	1	43.940 1	51.938 1
2	1	43.319 1	51.723 1
2	1	43.560 1	51.549 1
2	1	43.96 1	51.88 1
2	1	43.197 1	51.852 1
2	1	43.300 1	51.743 1
2	1	43.838 1	51.178 1
2	1	43.89 1	51.74 1
2	1	43.51 1	51.44 1
2	1	43.760 1	51.249 1
2	1	43.701 1	51.298 1
2	1	43.472 1	51.374 1
2	1	43.479 1	51.383 1
2	1	43.559 1	51.548 1
3	2	43.198 1	51.55 0.644 51.674 1
2	1	43.252 1	51.810 1
2	1	43.35 1	51.33 1
2	1	43.855 1	51.163 1
2	1	43.477 1	51.378 1
2	1	43.320 1	51.722 1
4	3	43.708 1 43.39 0.950 43.955 0.889	51.287 1
3	2	43.152 1 43.528 0.721	51.886 1
2	1	43.144 1	51.893 1
2	1	43.501 1	51.497 1
2	1	43.147 1	51.735 1
2	1	43.221 1	51.837 1
2	1	43.248 1	51.813 1
2	1	43.295 1	51.749 1
2	1	43.329 1	51.308 1
2	1	43.977 1	51.963 1
2	1	43.741 1	51.262 1
2	1	43.879 1	51.140 1
2	1	43.131 1	51.116 1
2	1	43.383 1	51.357 1
2	1	43.583 1	51.420 1
2	1	43.719 1	51.282 1
2	1	43.887 1	51.1003 1
2	1	43.164 1	51.880 1
2	1	43.256 1	51.806 1
2	1	43.767 1	51.244 1
2	1	43.823 1	51.193 1
2	1	43.766 1	51.245 1
2	1	43.73 1	51.64 1
2	1	43.929 1	51.927 1
2	1	43.340 1	51.435 1
2	1	43.1005 1	51.992 1
2	1	43.485 1	51.391 1
2	1	43.361 1	51.336 1
2	1	43.247 1	51.814 1
2	1	43.720 1	51.281 1
2	1	43.172 1	51.873 1
2	1	43.617 1	51.508 1
2	1	43.228 1	51.830 1
2	1	43.961 1	51.950 1
2	1	43.476 1	51.377 1
2	1	43.894 1	51.362 1
2	1	43.791 1	51.224 1
2	1	43.924 1	51.922 1
2	1	43.826 1	51.190 1
2	1	43.846 1	51.171 1
2	1	43.926 1	51.924 1
2	1	43.976 1	51.962 1
2	1	43.111 1	51.103 1
2	1	43.536 1	51.475 1
2	1	43.543 1	51.453 1
2	1	43.909 1	51.908 1
2	1	43.87 1	51.311 1
2	1	43.181 1	51.862 1
2	1	43.216 1	51.842 1
2	1	43.542 1	51.454 1
2	1	43.587 1	51.729 1
2	1	43.866 1	51.871 1
2	1	43.769 1	51.242 1
2	1	43.558 1	51.547 1
2	1	43.388 1	51.527 1
2	1	43.828 1	51.188 1
2	1	43.612 1	51.507 1
2	1	43.12 1	51.11 1
3	2	43.146 1	51.891 1 51.76 0.851
2	1	43.151 1	51.887 1
2	1	43.801 1	51.210 1
2	1	43.962 1	51.951 1
2	1	43.934 1	51.932 1
2	1	43.94 1	51.87 1
2	1	43.85 1	51.313 1
2	1	43.365 1	51.340 1
2	1	43.893 1	51.129 1
2	1	43.291 1	51.528 1
2	1	43.88 1	51.312 1
2	1	43.901 1	51.664 1
2	1	43.742 1	51.261 1
2	1	43.682 1	51.681 1
2	1	43.11 1	51.10 1
2	1	43.179 1	51.865 1
2	1	43.258 1	51.804 1
2	1	43.349 1	51.326 1
2	1	43.850 1	51.167 1
2	1	43.921 1	51.919 1
2	1	43.192 1	51.393 1
2	1	43.355 1	51.330 1
2	1	43.727 1	51.274 1
2	1	43.45 1	51.363 1
2	1	43.856 1	51.162 1
2	1	43.174 1	51.869 1
2	1	43.242 1	51.819 1
2	1	43.758 1	51.251 1
2	1	43.509 1	51.491 1
2	1	43.337 1	51.315 1
2	1	43.109 1	51.99 1
3	2	43.514 0.128 43.711 1	51.655 1
2	1	43.154 1	51.884 1
2	1	43.359 1	51.334 1
2	1	43.37 1	51.35 1
2	1	43.43 1	51.37 1
3	2	43.896 1	51.648 1 51.649 0.427
2	1	43.255 1	51.807 1
2	1	43.31 1	51.30 1
2	1	43.992 1	51.978 1
2	1	43.724 1	51.277 1
2	1	43.262 1	51.800 1
2	1	43.1006 1	51.993 1
2	1	43.227 1	51.831 1
2	1	43.520 1	51.488 1
2	1	43.68 1	51.59 1
2	1	43.974 1	51.960 1
2	1	43.717 1	51.284 1
3	2	43.837 1 43.591 0.791	51.179 1
2	1	43.249 1	51.812 1
2	1	43.923 1	51.921 1
2	1	43.845 1	51.172 1
2	1	43.100 1	51.92 1
2	1	43.28 1	51.27 1
2	1	43.188 1	51.857 1
2	1	43.499 1	51.499 1
2	1	43.871 1	51.148 1
2	1	43.350 1	51.327 1
2	1	43.927 1	51.925 1
2	1	43.780 1	51.233 1
2	1	43.931 1	51.929 1
3	2	43.133 1 43.703 0.918	51.118 1
2	1	43.963 1	51.954 1
2	1	43.815 1	51.201 1
2	1	43.1000 1	51.985 1
2	1	43.209 1	51.847 1
2	1	43.304 1	51.742 1
2	1	43.312 1	51.732 1
2	1	43.378 1	51.350 1
2	1	43.414 1	51.608 1
2	1	43.551 1	51.438 1
2	1	43.78 1	51.69 1
3	2	43.42 1	51.296 1 51.714 0.772
2	1	43.790 1	51.225 1
2	1	43.218 1	51.840 1
2	1	43.892 1	51.130 1
2	1	43.964 1	51.955 1
2	1	43.586 1	51.728 1
2	1	43.639 1	51.424 1
2	1	43.8 1	51.7 1
2	1	43.245 1	51.816 1
2	1	43.363 1	51.338 1
2	1	43.297 1	51.746 1
2	1	43.889 1	51.132 1
2	1	43.917 1	51.915 1
2	1	43.103 1	51.95 1
2	1	43.110 1	51.102 1
2	1	43.916 1	51.914 1
2	1	43.997 1	51.982 1
2	1	43.753 1	51.255 1
2	1	43.914 1	51.912 1
2	1	43.105 1	51.97 1
2	1	43.296 1	51.748 1
2	1	43.83 1	51.72 1
2	1	43.867 1	51.151 1
2	1	43.876 1	51.143 1
2	1	43.20 1	51.19 1
2	1	43.936 1	51.934 1
2	1	43.141 1	51.825 1
2	1	43.702 1	51.297 1
2	1	43.942 1	51.940 1
2	1	43.925 1	51.923 1
2	1	43.317 1	51.725 1
2	1	43.817 1	51.199 1
2	1	43.508 1	51.492 1
3	2	43.967 1 43.969 0.935	51.448 1
2	1	43.238 1	51.821 1
2	1	43.166 1	51.878 1
2	1	43.266 1	51.796 1
2	1	43.706 1	51.289 1
2	1	43.836 1	51.180 1
2	1	43.362 1	51.337 1
2	1	43.761 1	51.248 1
2	1	43.36 1	51.34 1
3	2	43.411 0.512 43.420 1	51.877 1
2	1	43.622 1	51.513 1
2	1	43.496 1	51.502 1
4	3	43.48 1 43.590 1 43.904 0.873	51.41 1
2	1	43.21 1	51.20 1
2	1	43.1004 1	51.991 1
2	1	43.22 1	51.21 1
2	1	43.261 1	51.801 1
2	1	43.746 1	51.258 1
2	1	43.615 1	51.700 1
2	1	43.243 1	51.818 1
2	1	43.973 1	51.959 1
2	1	43.44 1	51.38 1
2	1	43.733 1	51.270 1
2	1	43.872 1	51.147 1
2	1	43.10 1	51.9 1
2	1	43.822 1	51.194 1
2	1	43.880 1	51.139 1
2	1	43.357 1	51.332 1
2	1	43.818 1	51.198 1
2	1	43.364 1	51.339 1
2	1	43.987 1	51.971 1
2	1	43.933 1	51.931 1
2	1	43.851 1	51.166 1
2	1	43.874 1	51.145 1
2	1	43.799 1	51.212 1
2	1	43.232 1	51.827 1
2	1	43.498 1	51.500 1
2	1	43.267 1	51.795 1
2	1	43.230 1	51.829 1
2	1	43.274 1	51.760 1
2	1	43.530 1	51.480 1
2	1	43.734 1	51.269 1
2	1	43.873 1	51.146 1
2	1	43.984 1	51.968 1
2	1	43.679 1	51.692 1
2	1	43.937 1	51.935 1
2	1	43.510 1	51.490 1
2	1	43.397 1	51.366 1
2	1	43.269 1	51.766 1
2	1	43.24 1	51.23 1
2	1	43.515 1	51.639 1
2	1	43.26 1	51.25 1
2	1	43.333 1	51.309 1
2	1	43.812 1	51.204 1
2	1	43.737 1	51.266 1
2	1	43.554 1	51.184 1
2	1	43.888 1	51.133 1
2	1	43.54 1	51.47 1
2	1	43.630 1	51.524 1
2	1	43.84 1	51.73 1
2	1	43.187 1	51.858 1
2	1	43.60 1	51.53 1
2	1	43.971 1	51.957 1
2	1	43.348 1	51.320 1
2	1	43.930 1	51.928 1
2	1	43.805 1	51.206 1
2	1	43.282 1	51.756 1
2	1	43.165 1	51.879 1
2	1	43.783 1	51.230 1
2	1	43.932 1	51.930 1
2	1	43.488 1	51.397 1
2	1	43.53 1	51.46 1
2	1	43.792 1	51.223 1
2	1	43.292 1	51.752 1
2	1	43.524 1	51.485 1
2	1	43.939 1	51.937 1
2	1	43.979 1	51.965 1
2	1	43.613 1	51.890 1
2	1	43.919 1	51.917 1
2	1	43.796 1	51.214 1
2	1	43.794 1	51.216 1
2	1	43.869 1	51.150 1
2	1	43.336 1	51.314 1
4	3	43.399 1	51.413 0.258 51.707 0.084 51.786 1
2	1	43.76 1	51.67 1
2	1	43.98 1	51.90 1
3	2	43.669 0.059 43.695 1	51.595 1
2	1	43.795 1	51.215 1
2	1	43.75 1	51.66 1
2	1	43.298 1	51.745 1
3	2	43.203 1	51.294 0.075 51.659 1
2	1	43.178 1	51.866 1
2	1	43.23 1	51.22 1
2	1	43.732 1	51.271 1
2	1	43.186 1	51.859 1
2	1	43.52 1	51.45 1
2	1	43.913 1	51.701 1
2	1	43.6 1	51.5 1
2	1	43.369 1	51.344 1
2	1	43.281 1	51.757 1
2	1	43.265 1	51.797 1
2	1	43.223 1	51.835 1
2	1	43.233 1	51.826 1
2	1	43.40 1	51.352 1
2	1	43.358 1	51.333 1
2	1	43.34 1	51.32 1
2	1	43.338 1	51.642 1
2	1	43.958 1	51.947 1
3	2	43.176 1	51.557 1 51.987 0.073
2	1	43.544 1	51.452 1
2	1	43.219 1	51.839 1
2	1	43.32 1	51.31 1
2	1	43.705 1	51.988 1
2	1	43.928 1	51.926 1
2	1	43.947 1	51.943 1
2	1	43.58 1	51.51 1
2	1	43.775 1	51.414 1
2	1	43.906 1	51.666 1
2	1	43.782 1	51.231 1
2	1	43.865 1	51.843 1
2	1	43.633 1	51.526 1
2	1	43.755 1	51.253 1
2	1	43.346 1	51.318 1
2	1	43.493 1	51.504 1
2	1	43.132 1	51.117 1
2	1	43.538 1	51.455 1
3	2	43.670 1 43.696 0.056	51.596 1
2	1	43.115 1	51.107 1
2	1	43.860 1	51.156 1
2	1	43.972 1	51.958 1
2	1	43.268 1	51.768 1
2	1	43.883 1	51.136 1
2	1	43.260 1	51.802 1
2	1	43.787 1	51.227 1
2	1	43.16 1	51.15 1
2	1	43.217 1	51.841 1
2	1	43.315 1	51.727 1
2	1	43.468 1	51.1022 1
2	1	43.849 1	51.168 1
4	4	43.966 1 43.968 0.485	51.449 1 51.697 0.086
2	1	43.900 1	51.663 1
2	1	43.835 1	51.181 1
2	1	43.834 1	51.182 1
2	1	43.507 1	51.493 1
2	1	43.1020 1	51.1009 1
2	1	43.535 1	51.476 1
2	1	43.820 1	51.196 1
2	1	43.398 1	51.367 1
4	3	43.200 1 43.594 1 43.623 0.897	51.657 1
2	1	43.206 1	51.850 1
2	1	43.231 1	51.828 1
2	1	43.305 1	51.739 1
2	1	43.881 1	51.138 1
2	1	43.534 1	51.477 1
2	1	43.483 1	51.389 1
2	1	43.491 1	51.400 1
2	1	43.237 1	51.822 1
2	1	43.376 1	51.348 1
2	1	43.74 1	51.65 1
2	1	43.685 1	51.693 1
3	2	43.744 1 43.33 0.928	51.259 1
2	1	43.830 1	51.186 1
2	1	43.208 1	51.848 1
2	1	43.731 1	51.272 1
2	1	43.294 1	51.750 1
2	1	43.704 1	51.989 1
3	2	43.412 0.145 43.421 1	51.876 1
3	2	43.339 1	51.443 0.334 51.523 1
3	2	43.697 1 43.700 0.734	51.680 1
17	30	43.657 1 43.654 1 43.662 0.677 43.663 0.649 43.688 0.435 43.640 0.331 43.641 0.328 43.642 0.323 43.643 0.318 43.126 0.311 43.646 0.311 43.121 0.309 43.644 0.309 43.645 0.309 43.124 0.276	51.436 1 51.434 1
2	1	43.629 1	51.516 1
2	1	43.334 1	51.601 1
2	1	43.1021 1	51.1010 1
2	1	43.345 1	51.317 1
2	1	43.323 1	51.300 1
2	1	43.495 1	51.767 1
2	1	43.527 1	51.482 1
2	1	43.882 1	51.137 1
2	1	43.1018 1	51.1007 1
2	1	43.79 1	51.702 1
3	2	43.204 1	51.293 1 51.662 1
2	1	43.177 1	51.867 1
2	1	43.764 1	51.246 1
2	1	43.709 1	51.286 1
2	1	43.918 1	51.916 1
2	1	43.497 1	51.501 1
2	1	43.525 1	51.484 1
2	1	43.546 1	51.450 1
2	1	43.293 1	51.751 1
2	1	43.504 1	51.495 1
2	1	43.374 1	51.346 1
2	1	43.135 1	51.119 1
2	1	43.309 1	51.736 1
2	1	43.222 1	51.836 1
2	1	43.321 1	51.721 1
2	1	43.463 1	51.1028 1
2	1	43.50 1	51.43 1
3	2	43.505 1	51.403 0.159 51.406 1
2	1	43.492 1	51.401 1
2	1	43.861 1	51.155 1
2	1	43.523 1	51.486 1
2	1	43.324 1	51.302 1
2	1	43.511 1	51.489 1
4	3	43.301 1 43.302 0.780 43.303 0.711	51.619 1
2	1	43.781 1	51.232 1
2	1	43.557 1	51.437 1
2	1	43.735 1	51.268 1
3	2	43.259 0.740	51.803 0.737 51.1001 0.743
