Size	Relations	OrthoA	OrthoB
2	1	15.588 1	80.1850 1
2	1	15.589 1	80.1851 1
2	1	15.300 1	80.305 1
2	1	15.412 1	80.1820 1
2	1	15.451 1	80.1824 1
2	1	15.609 1	80.174 1
2	1	15.75 1	80.1132 1
2	1	15.175 1	80.1111 1
2	1	15.574 1	80.1478 1
2	1	15.656 1	80.771 1
2	1	15.116 1	80.531 1
2	1	15.421 1	80.1823 1
2	1	15.636 1	80.1106 1
2	1	15.708 1	80.287 1
2	1	15.153 1	80.1321 1
2	1	15.491 1	80.832 1
2	1	15.450 1	80.400 1
2	1	15.102 1	80.735 1
2	1	15.492 1	80.831 1
2	1	15.230 1	80.78 1
2	1	15.39 1	80.162 1
2	1	15.457 1	80.1834 1
2	1	15.216 1	80.1585 1
2	1	15.482 1	80.845 1
2	1	15.459 1	80.1836 1
2	1	15.28 1	80.1442 1
2	1	15.711 1	80.284 1
2	1	15.683 1	80.1408 1
2	1	15.140 1	80.127 1
2	1	15.103 1	80.734 1
2	1	15.92 1	80.923 1
2	1	15.95 1	80.1159 1
2	1	15.357 1	80.448 1
2	1	15.429 1	80.429 1
2	1	15.673 1	80.647 1
2	1	15.319 1	80.1166 1
2	1	15.253 1	80.1109 1
2	1	15.161 1	80.438 1
2	1	15.418 1	80.1031 1
2	1	15.670 1	80.1047 1
2	1	15.384 1	80.1382 1
2	1	15.672 1	80.639 1
2	1	15.629 1	80.466 1
2	1	15.434 1	80.432 1
2	1	15.513 1	80.390 1
2	1	15.308 1	80.483 1
2	1	15.335 1	80.1466 1
2	1	15.170 1	80.1720 1
2	1	15.333 1	80.1469 1
2	1	15.18 1	80.152 1
2	1	15.172 1	80.1718 1
2	1	15.123 1	80.445 1
2	1	15.622 1	80.913 1
2	1	15.692 1	80.1121 1
2	1	15.44 1	80.154 1
2	1	15.307 1	80.1177 1
2	1	15.321 1	80.850 1
2	1	15.511 1	80.999 1
2	1	15.48 1	80.1493 1
2	1	15.94 1	80.1160 1
2	1	15.425 1	80.1847 1
2	1	15.324 1	80.341 1
2	1	15.477 1	80.854 1
2	1	15.498 1	80.829 1
2	1	15.512 1	80.997 1
2	1	15.142 1	80.125 1
2	1	15.108 1	80.1788 1
2	1	15.2 1	80.1458 1
2	1	15.316 1	80.493 1
2	1	15.259 1	80.1724 1
2	1	15.602 1	80.981 1
2	1	15.74 1	80.1131 1
2	1	15.257 1	80.1726 1
2	1	15.369 1	80.918 1
2	1	15.689 1	80.1123 1
2	1	15.210 1	80.273 1
2	1	15.504 1	80.569 1
2	1	15.336 1	80.1554 1
2	1	15.490 1	80.833 1
2	1	15.639 1	80.1103 1
2	1	15.431 1	80.1107 1
2	1	15.472 1	80.1145 1
2	1	15.371 1	80.916 1
2	1	15.523 1	80.864 1
2	1	15.706 1	80.1314 1
2	1	15.372 1	80.915 1
2	1	15.623 1	80.1825 1
2	1	15.29 1	80.812 1
2	1	15.438 1	80.433 1
2	1	15.400 1	80.1366 1
2	1	15.143 1	80.124 1
2	1	15.22 1	80.148 1
2	1	15.43 1	80.155 1
2	1	15.113 1	80.268 1
2	1	15.114 1	80.267 1
2	1	15.208 1	80.121 1
2	1	15.239 1	80.509 1
2	1	15.509 1	80.1001 1
2	1	15.659 1	80.785 1
2	1	15.709 1	80.286 1
2	1	15.698 1	80.871 1
2	1	15.218 1	80.1583 1
2	1	15.667 1	80.1048 1
2	1	15.314 1	80.787 1
2	1	15.248 1	80.318 1
2	1	15.658 1	80.784 1
3	2	15.322 1 15.479 0.883	80.846 1
2	1	15.342 1	80.1046 1
2	1	15.502 1	80.567 1
2	1	15.530 1	80.358 1
2	1	15.694 1	80.888 1
2	1	15.40 1	80.161 1
2	1	15.428 1	80.428 1
2	1	15.488 1	80.839 1
2	1	15.58 1	80.892 1
2	1	15.620 1	80.914 1
2	1	15.341 1	80.1045 1
2	1	15.258 1	80.1725 1
4	3	15.188 0.379 15.541 0.738 15.560 1	80.1995 1
2	1	15.33 1	80.1789 1
2	1	15.133 1	80.1817 1
2	1	15.370 1	80.917 1
2	1	15.483 1	80.844 1
2	1	15.79 1	80.280 1
2	1	15.247 1	80.1254 1
2	1	15.415 1	80.824 1
2	1	15.345 1	80.804 1
2	1	15.443 1	80.423 1
2	1	15.326 1	80.339 1
2	1	15.138 1	80.1341 1
2	1	15.31 1	80.1791 1
2	1	15.35 1	80.1329 1
2	1	15.85 1	80.907 1
2	1	15.448 1	80.398 1
2	1	15.93 1	80.1161 1
2	1	15.62 1	80.1399 1
2	1	15.68 1	80.853 1
3	2	15.695 1	80.886 1 80.1092 0.695
2	1	15.241 1	80.507 1
3	2	15.625 1 15.292 0.776	80.311 1
2	1	15.63 1	80.1398 1
2	1	15.671 1	80.638 1
3	2	15.224 1	80.1305 1 80.1488 0.558
2	1	15.51 1	80.637 1
2	1	15.171 1	80.1719 1
2	1	15.433 1	80.431 1
2	1	15.505 1	80.570 1
2	1	15.638 1	80.1104 1
2	1	15.568 1	80.1492 1
2	1	15.707 1	80.1062 1
2	1	15.262 1	80.281 1
2	1	15.628 1	80.314 1
2	1	15.249 1	80.1248 1
3	2	15.382 1 15.235 0.783	80.1384 1
2	1	15.271 1	80.83 1
2	1	15.610 1	80.173 1
2	1	15.679 1	80.736 1
2	1	15.458 1	80.1835 1
2	1	15.514 1	80.855 1
2	1	15.397 1	80.1369 1
2	1	15.27 1	80.1441 1
2	1	15.675 1	80.649 1
2	1	15.453 1	80.816 1
2	1	15.377 1	80.1389 1
2	1	15.508 1	80.1002 1
2	1	15.364 1	80.203 1
2	1	15.403 1	80.1363 1
2	1	15.137 1	80.1340 1
29	100	15.184 0.153 15.534 0.398 15.550 0.096 15.565 1	80.1172 0.432 80.1274 0.106 80.1331 0.191 80.143 0.629 80.146 0.311 80.1499 1 80.1565 0.644 80.1576 0.364 80.1634 0.437 80.165 0.135 80.1658 0.646 80.1732 0.749 80.1752 0.865 80.1756 0.361 80.176 0.399 80.208 0.332 80.299 0.154 80.401 0.607 80.460 0.089 80.469 0.890 80.53 0.374 80.603 0.095 80.739 0.442 80.801 0.397 80.933 0.202
2	1	15.712 1	80.283 1
2	1	15.250 1	80.1497 1
2	1	15.57 1	80.1653 1
2	1	15.527 1	80.352 1
2	1	15.442 1	80.424 1
2	1	15.64 1	80.1397 1
2	1	15.65 1	80.335 1
2	1	15.207 1	80.120 1
2	1	15.463 1	80.1841 1
3	2	15.474 1	80.1043 0.090 80.1147 1
2	1	15.599 1	80.1729 1
2	1	15.302 1	80.306 1
2	1	15.325 1	80.340 1
2	1	15.465 1	80.1843 1
2	1	15.515 1	80.532 1
2	1	15.388 1	80.1378 1
2	1	15.419 1	80.1129 1
2	1	15.284 1	80.501 1
2	1	15.273 1	80.82 1
2	1	15.229 1	80.79 1
2	1	15.624 1	80.1826 1
2	1	15.402 1	80.1364 1
2	1	15.118 1	80.529 1
2	1	15.391 1	80.1375 1
2	1	15.180 1	80.1577 1
2	1	15.356 1	80.761 1
2	1	15.486 1	80.842 1
2	1	15.473 1	80.1146 1
2	1	15.526 1	80.353 1
2	1	15.69 1	80.645 1
2	1	15.61 1	80.1400 1
2	1	15.355 1	80.760 1
2	1	15.281 1	80.1813 1
2	1	15.616 1	80.500 1
2	1	15.362 1	80.201 1
2	1	15.270 1	80.84 1
2	1	15.227 1	80.81 1
2	1	15.481 1	80.1828 1
2	1	15.660 1	80.789 1
2	1	15.444 1	80.395 1
2	1	15.607 1	80.769 1
2	1	15.383 1	80.1383 1
2	1	15.306 1	80.487 1
2	1	15.42 1	80.159 1
2	1	15.76 1	80.1133 1
2	1	15.269 1	80.85 1
3	2	15.296 1 15.358 0.648	80.327 1
2	1	15.549 1	80.905 1
2	1	15.168 1	80.1310 1
2	1	15.169 1	80.1721 1
2	1	15.627 1	80.313 1
3	2	15.685 1	80.1234 1 80.820 0.050
2	1	15.309 1	80.484 1
2	1	15.567 1	80.1491 1
2	1	15.77 1	80.1134 1
2	1	15.89 1	80.919 1
2	1	15.489 1	80.838 1
2	1	15.53 1	80.931 1
2	1	15.470 1	80.1144 1
2	1	15.90 1	80.921 1
2	1	15.328 1	80.1754 1
2	1	15.612 1	80.1411 1
2	1	15.236 1	80.1728 1
2	1	15.246 1	80.788 1
2	1	15.98 1	80.725 1
2	1	15.286 1	80.503 1
2	1	15.339 1	80.1531 1
2	1	15.396 1	80.1370 1
2	1	15.350 1	80.1196 1
2	1	15.664 1	80.1447 1
2	1	15.393 1	80.1373 1
3	2	15.106 1 15.293 0.204	80.296 1
2	1	15.317 1	80.497 1
2	1	15.510 1	80.1000 1
2	1	15.531 1	80.359 1
2	1	15.378 1	80.1388 1
2	1	15.630 1	80.989 1
2	1	15.666 1	80.1445 1
2	1	15.703 1	80.266 1
2	1	15.91 1	80.922 1
2	1	15.291 1	80.506 1
2	1	15.578 1	80.123 1
2	1	15.385 1	80.1381 1
2	1	15.386 1	80.1380 1
2	1	15.611 1	80.172 1
2	1	15.379 1	80.1387 1
2	1	15.264 1	80.278 1
2	1	15.354 1	80.1198 1
2	1	15.447 1	80.397 1
2	1	15.252 1	80.1337 1
2	1	15.233 1	80.929 1
2	1	15.285 1	80.502 1
2	1	15.460 1	80.1837 1
2	1	15.697 1	80.872 1
2	1	15.72 1	80.992 1
2	1	15.276 1	80.571 1
2	1	15.681 1	80.1409 1
2	1	15.41 1	80.160 1
2	1	15.426 1	80.1848 1
2	1	15.661 1	80.1450 1
2	1	15.691 1	80.1122 1
2	1	15.86 1	80.906 1
2	1	15.330 1	80.350 1
2	1	15.7 1	80.293 1
2	1	15.128 1	80.1480 1
2	1	15.506 1	80.998 1
2	1	15.242 1	80.1342 1
2	1	15.480 1	80.1482 1
2	1	15.5 1	80.295 1
2	1	15.399 1	80.1367 1
2	1	15.34 1	80.1849 1
2	1	15.177 1	80.1821 1
2	1	15.640 1	80.1102 1
2	1	15.151 1	80.1479 1
2	1	15.497 1	80.830 1
2	1	15.696 1	80.873 1
2	1	15.164 1	80.1005 1
2	1	15.211 1	80.990 1
2	1	15.132 1	80.1165 1
2	1	15.303 1	80.310 1
2	1	15.387 1	80.1379 1
2	1	15.228 1	80.80 1
2	1	15.398 1	80.1368 1
2	1	15.522 1	80.863 1
2	1	15.389 1	80.1377 1
2	1	15.686 1	80.1125 1
2	1	15.209 1	80.389 1
2	1	15.461 1	80.1838 1
2	1	15.591 1	80.1630 1
2	1	15.401 1	80.1365 1
2	1	15.154 1	80.1319 1
2	1	15.654 1	80.513 1
2	1	15.662 1	80.1448 1
2	1	15.351 1	80.1197 1
2	1	15.376 1	80.1390 1
2	1	15.52 1	80.930 1
2	1	15.25 1	80.1440 1
2	1	15.117 1	80.530 1
2	1	15.136 1	80.1339 1
2	1	15.20 1	80.150 1
2	1	15.485 1	80.843 1
2	1	15.446 1	80.396 1
2	1	15.621 1	80.443 1
2	1	15.96 1	80.1158 1
2	1	15.162 1	80.439 1
2	1	15.392 1	80.1374 1
2	1	15.518 1	80.861 1
2	1	15.655 1	80.514 1
2	1	15.174 1	80.1112 1
2	1	15.367 1	80.206 1
2	1	15.462 1	80.1839 1
4	3	15.148 0.244 15.569 1 15.71 0.104	80.770 1
2	1	15.693 1	80.1822 1
2	1	15.299 1	80.1091 1
2	1	15.404 1	80.1362 1
2	1	15.532 1	80.360 1
2	1	15.663 1	80.1449 1
2	1	15.363 1	80.202 1
2	1	15.390 1	80.1376 1
2	1	15.637 1	80.1105 1
2	1	15.119 1	80.528 1
2	1	15.268 1	80.86 1
2	1	15.456 1	80.1833 1
2	1	15.503 1	80.568 1
2	1	15.21 1	80.149 1
2	1	15.181 1	80.1311 1
2	1	15.468 1	80.1138 1
2	1	15.121 1	80.1042 1
2	1	15.6 1	80.294 1
5	6	15.198 1 15.544 0.230 15.555 0.264	80.1993 1 80.2006 1
2	1	15.613 1	80.391 1
2	1	15.665 1	80.1446 1
2	1	15.381 1	80.1385 1
2	1	15.476 1	80.1149 1
2	1	15.282 1	80.1815 1
2	1	15.298 1	80.1057 1
2	1	15.311 1	80.488 1
2	1	15.394 1	80.1372 1
2	1	15.32 1	80.1790 1
2	1	15.684 1	80.1407 1
2	1	15.237 1	80.1797 1
2	1	15.46 1	80.1391 1
2	1	15.710 1	80.285 1
2	1	15.519 1	80.862 1
2	1	15.297 1	80.1058 1
3	2	15.234 1	80.705 1 80.903 1
2	1	15.395 1	80.1371 1
2	1	15.365 1	80.204 1
2	1	15.141 1	80.126 1
2	1	15.310 1	80.486 1
2	1	15.50 1	80.636 1
2	1	15.615 1	80.499 1
2	1	15.430 1	80.430 1
2	1	15.501 1	80.566 1
2	1	15.338 1	80.1532 1
2	1	15.652 1	80.512 1
2	1	15.24 1	80.1439 1
2	1	15.49 1	80.671 1
3	2	15.82 1 15.313 0.898	80.1312 1
13	12	15.204 1	80.1040 0.859 80.1604 0.078 80.1689 0.191 80.17 0.078 80.1964 0.891 80.357 0.620 80.369 0.202 80.524 0.846 80.538 0.197 80.727 0.766 80.828 1 80.912 0.189
2	1	15.332 1	80.759 1
2	1	15.130 1	80.92 1
2	1	15.590 1	80.1631 1
2	1	15.11 1	80.1199 1
2	1	15.366 1	80.205 1
2	1	15.215 1	80.1586 1
26	25	15.115 1	80.111 0.824 80.1170 0.836 80.1271 0.745 80.1559 0.848 80.1603 1 80.1674 0.855 80.170 0.177 80.1768 0.879 80.1852 0.727 80.1889 0.733 80.237 0.667 80.419 0.867 80.436 0.861 80.454 0.764 80.543 0.727 80.584 0.824 80.633 1 80.67 0.861 80.698 0.867 80.724 0.861 80.790 0.800 80.806 0.788 80.874 0.879 80.91 0.867 80.940 0.988
2	1	15.601 1	80.337 1
2	1	15.26 1	80.1463 1
2	1	15.380 1	80.1386 1
2	1	15.217 1	80.1584 1
2	1	15.60 1	80.1405 1
2	1	15.17 1	80.699 1
3	2	15.699 1 15.700 0.146	80.870 1
2	1	15.455 1	80.1832 1
2	1	15.548 1	80.904 1
2	1	15.240 1	80.508 1
2	1	15.500 1	80.565 1
2	1	15.110 1	80.1591 1
2	1	15.131 0.789	80.823 0.789
2	1	15.129 0.907	80.437 0.907
