Size	Relations	OrthoA	OrthoB
2	1	15.588 1	82.1074 1
2	1	15.300 1	82.1339 1
2	1	15.412 1	82.1177 1
2	1	15.514 1	82.1423 1
2	1	15.75 1	82.1077 1
2	1	15.609 1	82.494 1
2	1	15.175 1	82.739 1
2	1	15.451 1	82.1164 1
2	1	15.574 1	82.1524 1
2	1	15.636 1	82.1509 1
2	1	15.116 1	82.412 1
2	1	15.421 1	82.1153 1
2	1	15.230 1	82.684 1
2	1	15.569 1	82.813 1
2	1	15.491 1	82.984 1
2	1	15.589 1	82.1072 1
2	1	15.39 1	82.1037 1
2	1	15.492 1	82.985 1
2	1	15.102 1	82.1558 1
2	1	15.459 1	82.1110 1
2	1	15.153 1	82.604 1
2	1	15.711 1	82.200 1
2	1	15.140 1	82.926 1
2	1	15.336 1	82.762 1
2	1	15.216 1	82.640 1
2	1	15.457 1	82.1112 1
2	1	15.92 1	82.1522 1
4	3	15.450 1	82.1186 1 82.523 0.810 82.1188 0.734
2	1	15.482 1	82.974 1
2	1	15.667 1	82.374 1
2	1	15.103 1	82.1560 1
3	2	15.95 1	82.288 1 82.321 0.775
2	1	15.28 1	82.1301 1
2	1	15.319 1	82.1296 1
2	1	15.244 1	82.547 1
2	1	15.698 1	82.1066 1
2	1	15.418 1	82.786 1
2	1	15.683 1	82.1117 1
2	1	15.670 1	82.373 1
2	1	15.71 1	82.1565 1
2	1	15.673 1	82.689 1
2	1	15.511 1	82.1204 1
2	1	15.74 1	82.1078 1
2	1	15.513 1	82.1185 1
2	1	15.629 1	82.522 1
2	1	15.672 1	82.551 1
2	1	15.79 1	82.1532 1
2	1	15.477 1	82.962 1
2	1	15.384 1	82.1265 1
2	1	15.434 1	82.1199 1
2	1	15.253 1	82.942 1
2	1	15.494 1	82.1173 1
2	1	15.602 1	82.442 1
2	1	15.347 1	82.74 1
2	1	15.335 1	82.1224 1
2	1	15.259 1	82.1336 1
2	1	15.172 1	82.1130 1
2	1	15.321 1	82.315 1
2	1	15.170 1	82.1128 1
2	1	15.333 1	82.362 1
2	1	15.307 1	82.719 1
2	1	15.44 1	82.1158 1
2	1	15.316 1	82.694 1
2	1	15.106 1	82.1215 1
2	1	15.142 1	82.924 1
2	1	15.533 1	82.488 1
2	1	15.94 1	82.216 1
2	1	15.512 1	82.1205 1
2	1	15.622 1	82.1304 1
2	1	15.324 1	82.416 1
2	1	15.429 1	82.1203 1
2	1	15.656 1	82.524 1
2	1	15.308 1	82.718 1
2	1	15.454 1	82.600 1
2	1	15.108 1	82.327 1
2	1	15.2 1	82.135 1
2	1	15.134 1	82.1298 1
2	1	15.257 1	82.1334 1
2	1	15.623 1	82.601 1
2	1	15.708 1	82.203 1
2	1	15.48 1	82.615 1
2	1	15.498 1	82.987 1
2	1	15.239 1	82.515 1
2	1	15.369 1	82.1309 1
2	1	15.431 1	82.679 1
2	1	15.472 1	82.855 1
2	1	15.490 1	82.983 1
2	1	15.291 1	82.512 1
4	3	15.189 1 15.542 0.275 15.559 0.133	82.480 1
2	1	15.706 1	82.241 1
2	1	15.250 1	82.1407 1
2	1	15.419 1	82.787 1
2	1	15.576 1	82.934 1
2	1	15.523 1	82.1240 1
2	1	15.400 1	82.1249 1
2	1	15.65 1	82.1320 1
3	2	15.544 0.054 15.555 1	82.40 1
2	1	15.43 1	82.1183 1
2	1	15.504 1	82.993 1
2	1	15.29 1	82.1125 1
2	1	15.575 1	82.935 1
2	1	15.235 1	82.266 1
2	1	15.294 1	82.1214 1
2	1	15.604 1	82.1433 1
2	1	15.292 1	82.1216 1
2	1	15.295 1	82.1213 1
2	1	15.107 1	82.1457 1
2	1	15.125 1	82.88 1
2	1	15.371 1	82.1307 1
2	1	15.659 1	82.424 1
2	1	15.143 1	82.923 1
3	2	15.322 1 15.479 0.868	82.972 1
2	1	15.58 1	82.824 1
2	1	15.113 1	82.1227 1
2	1	15.133 1	82.129 1
2	1	15.114 1	82.1228 1
2	1	15.372 1	82.1306 1
2	1	15.509 1	82.1144 1
2	1	15.639 1	82.1505 1
2	1	15.208 1	82.921 1
2	1	15.709 1	82.202 1
2	1	15.634 1	82.1460 1
2	1	15.309 1	82.229 1
2	1	15.22 1	82.832 1
2	1	15.428 1	82.1028 1
2	1	15.341 1	82.552 1
2	1	15.692 1	82.920 1
2	1	15.620 1	82.1305 1
2	1	15.679 1	82.1408 1
2	1	15.502 1	82.991 1
2	1	15.530 1	82.1187 1
2	1	15.658 1	82.423 1
2	1	15.413 1	82.635 1
2	1	15.246 1	82.546 1
7	12	15.188 0.371 15.541 1 15.560 0.741	82.1619 1 82.1645 0.098 82.1661 0.298 82.1679 0.939
2	1	15.218 1	82.643 1
2	1	15.248 1	82.95 1
2	1	15.417 1	82.150 1
2	1	15.69 1	82.865 1
2	1	15.326 1	82.418 1
2	1	15.357 1	82.1218 1
2	1	15.247 1	82.1326 1
2	1	15.370 1	82.1308 1
2	1	15.258 1	82.1335 1
2	1	15.633 1	82.1462 1
2	1	15.689 1	82.918 1
2	1	15.33 1	82.1121 1
2	1	15.85 1	82.937 1
2	1	15.632 1	82.707 1
2	1	15.262 1	82.1338 1
2	1	15.31 1	82.1123 1
2	1	15.72 1	82.554 1
2	1	15.488 1	82.981 1
2	1	15.568 1	82.761 1
2	1	15.505 1	82.994 1
2	1	15.210 1	82.672 1
2	1	15.638 1	82.1506 1
2	1	15.40 1	82.1029 1
2	1	15.93 1	82.217 1
2	1	15.213 1	82.1159 1
2	1	15.610 1	82.496 1
2	1	15.675 1	82.1168 1
2	1	15.305 1	82.232 1
2	1	15.361 1	82.1083 1
2	1	15.458 1	82.1111 1
2	1	15.279 1	82.1561 1
2	1	15.414 1	82.636 1
2	1	15.167 1	82.1082 1
2	1	15.397 1	82.1252 1
2	1	15.696 1	82.1068 1
2	1	15.27 1	82.1303 1
2	1	15.625 1	82.1366 1
2	1	15.624 1	82.602 1
2	1	15.671 1	82.375 1
2	1	15.349 1	82.70 1
2	1	15.403 1	82.1246 1
2	1	15.118 1	82.410 1
2	1	15.171 1	82.1129 1
2	1	15.207 1	82.15 1
2	1	15.241 1	82.513 1
2	1	15.1 1	82.596 1
2	1	15.463 1	82.1106 1
2	1	15.697 1	82.1067 1
2	1	15.628 1	82.402 1
2	1	15.425 1	82.897 1
2	1	15.138 1	82.1496 1
2	1	15.301 1	82.1340 1
2	1	15.364 1	82.1287 1
2	1	15.271 1	82.625 1
2	1	15.377 1	82.1271 1
2	1	15.64 1	82.1154 1
2	1	15.474 1	82.858 1
3	2	15.515 1	82.508 1 82.322 0.701
2	1	15.284 1	82.509 1
2	1	15.465 1	82.1104 1
2	1	15.616 1	82.507 1
2	1	15.433 1	82.1200 1
2	1	15.299 1	82.1280 1
2	1	15.695 1	82.323 1
2	1	15.496 1	82.104 1
2	1	15.612 1	82.905 1
2	1	15.229 1	82.683 1
2	1	15.388 1	82.1261 1
2	1	15.123 1	82.1276 1
2	1	15.68 1	82.864 1
2	1	15.453 1	82.629 1
2	1	15.18 1	82.1220 1
2	1	15.306 1	82.231 1
2	1	15.483 1	82.975 1
2	1	15.712 1	82.764 1
2	1	15.402 1	82.1247 1
2	1	15.137 1	82.1495 1
2	1	15.549 1	82.1192 1
2	1	15.77 1	82.1075 1
2	1	15.270 1	82.624 1
2	1	15.391 1	82.1258 1
2	1	15.356 1	82.294 1
2	1	15.362 1	82.1290 1
2	1	15.382 1	82.1273 1
2	1	15.486 1	82.978 1
2	1	15.61 1	82.1165 1
2	1	15.281 1	82.1385 1
2	1	15.607 1	82.666 1
2	1	15.76 1	82.1076 1
2	1	15.508 1	82.1058 1
2	1	15.484 1	82.976 1
3	2	15.269 1	82.623 1 82.219 0.750
6	5	15.184 1 15.219 0.130 15.534 0.205 15.550 0.380 15.565 0.216	82.1367 1
2	1	15.227 1	82.681 1
2	1	15.273 1	82.626 1
2	1	15.35 1	82.1414 1
2	1	15.236 1	82.86 1
4	3	15.443 1	82.1197 1 82.425 0.786 82.1652 0.831
4	4	15.685 1 15.131 1	82.817 1 82.816 0.865
2	1	15.383 1	82.1266 1
2	1	15.396 1	82.1253 1
2	1	15.177 1	82.1542 1
2	1	15.473 1	82.857 1
2	1	15.169 1	82.1127 1
2	1	15.526 1	82.901 1
7	10	15.275 1 15.276 1	82.996 1 82.995 1 82.491 0.829 82.1060 0.403 82.1061 0.213
2	1	15.105 1	82.1025 1
2	1	15.296 1	82.405 1
2	1	15.245 1	82.545 1
2	1	15.567 1	82.760 1
2	1	15.481 1	82.1398 1
2	1	15.627 1	82.400 1
2	1	15.302 1	82.1342 1
2	1	15.224 1	82.1549 1
2	1	15.354 1	82.355 1
2	1	15.317 1	82.695 1
2	1	15.342 1	82.771 1
2	1	15.444 1	82.1196 1
2	1	15.51 1	82.69 1
2	1	15.325 1	82.417 1
2	1	15.98 1	82.1557 1
2	1	15.470 1	82.854 1
3	2	15.348 1	82.73 1 82.753 0.935
2	1	15.378 1	82.1270 1
2	1	15.386 1	82.1263 1
2	1	15.531 1	82.1189 1
2	1	15.53 1	82.896 1
2	1	15.399 1	82.1250 1
2	1	15.510 1	82.1206 1
2	1	15.664 1	82.363 1
2	1	15.385 1	82.1264 1
2	1	15.393 1	82.1256 1
2	1	15.653 1	82.1171 1
2	1	15.355 1	82.293 1
2	1	15.691 1	82.919 1
2	1	15.528 1	82.1178 1
2	1	15.285 1	82.510 1
2	1	15.286 1	82.511 1
2	1	15.351 1	82.785 1
2	1	15.91 1	82.1521 1
2	1	15.5 1	82.534 1
2	1	15.252 1	82.928 1
2	1	15.630 1	82.674 1
2	1	15.7 1	82.536 1
2	1	15.62 1	82.1157 1
2	1	15.426 1	82.1140 1
2	1	15.86 1	82.938 1
2	1	15.132 1	82.1300 1
2	1	15.303 1	82.1365 1
2	1	15.89 1	82.1501 1
2	1	15.263 1	82.11 1
5	6	15.699 1 15.700 1	82.99 1 82.1065 1 82.676 0.087
2	1	15.157 1	82.1494 1
2	1	15.42 1	82.1181 1
2	1	15.52 1	82.895 1
2	1	15.591 1	82.951 1
2	1	15.154 1	82.607 1
2	1	15.398 1	82.1251 1
3	2	15.180 1	82.1126 1 82.1114 1
3	2	15.14 1 15.422 0.347	82.729 1
5	4	15.168 1	82.744 1 82.165 0.735 82.1115 0.803 82.1431 0.928
2	1	15.90 1	82.1520 1
2	1	15.593 1	82.778 1
2	1	15.480 1	82.949 1
2	1	15.328 1	82.665 1
2	1	15.211 1	82.673 1
2	1	15.264 1	82.9 1
2	1	15.660 1	82.667 1
3	2	15.621 1	82.1432 0.115 82.1464 1
2	1	15.387 1	82.1262 1
2	1	15.686 1	82.913 1
2	1	15.379 1	82.1269 1
2	1	15.136 1	82.688 1
2	1	15.401 1	82.1248 1
2	1	15.461 1	82.1108 1
2	1	15.662 1	82.698 1
2	1	15.681 1	82.1118 1
2	1	15.389 1	82.1260 1
2	1	15.209 1	82.110 1
2	1	15.151 1	82.1525 1
2	1	15.240 1	82.514 1
3	2	15.251 0.141 15.30 1	82.1124 1
2	1	15.233 1	82.93 1
2	1	15.21 1	82.831 1
2	1	15.164 1	82.1499 1
2	1	15.392 1	82.1257 1
2	1	15.310 1	82.230 1
2	1	15.228 1	82.682 1
2	1	15.497 1	82.986 1
2	1	15.41 1	82.1180 1
2	1	15.460 1	82.1109 1
2	1	15.578 1	82.922 1
2	1	15.654 1	82.1137 1
2	1	15.661 1	82.430 1
2	1	15.666 1	82.365 1
2	1	15.390 1	82.1259 1
2	1	15.640 1	82.1504 1
2	1	15.363 1	82.1288 1
2	1	15.339 1	82.736 1
2	1	15.518 1	82.958 1
2	1	15.117 1	82.411 1
2	1	15.330 1	82.13 1
2	1	15.217 1	82.642 1
2	1	15.282 1	82.1389 1
2	1	15.358 1	82.1291 1
2	1	15.476 1	82.862 1
2	1	15.249 1	82.1544 1
4	3	15.337 1	82.197 0.346 82.763 1 82.1167 0.795
2	1	15.376 1	82.1272 1
2	1	15.268 1	82.622 1
2	1	15.475 1	82.859 1
2	1	15.367 1	82.1284 1
2	1	15.462 1	82.1107 1
2	1	15.121 1	82.1498 1
2	1	15.181 1	82.743 1
2	1	15.468 1	82.852 1
2	1	15.96 1	82.214 1
2	1	15.580 1	82.16 1
2	1	15.489 1	82.982 1
2	1	15.404 1	82.1245 1
2	1	15.135 1	82.1297 1
2	1	15.519 1	82.957 1
2	1	15.344 1	82.617 1
2	1	15.522 1	82.1239 1
4	4	15.545 0.476 15.554 1	82.390 0.282 82.41 1
2	1	15.119 1	82.409 1
2	1	15.166 1	82.638 1
2	1	15.652 1	82.1138 1
2	1	15.141 1	82.925 1
2	1	15.312 1	82.1404 1
2	1	15.485 1	82.977 1
2	1	15.56 1	82.647 1
2	1	15.350 1	82.354 1
2	1	15.532 1	82.1190 1
2	1	15.26 1	82.941 1
2	1	15.234 1	82.1563 1
2	1	15.155 1	82.22 1
2	1	15.394 1	82.1255 1
2	1	15.201 1	82.45 1
2	1	15.256 1	82.1331 1
2	1	15.6 1	82.535 1
2	1	15.637 1	82.1507 1
2	1	15.655 1	82.1136 1
2	1	15.710 1	82.201 1
2	1	15.635 1	82.170 1
2	1	15.381 1	82.1267 1
2	1	15.665 1	82.364 1
2	1	15.11 1	82.356 1
2	1	15.32 1	82.1122 1
2	1	15.456 1	82.1113 1
2	1	15.614 1	82.1406 1
2	1	15.130 1	82.621 1
2	1	15.501 1	82.990 1
2	1	15.590 1	82.952 1
2	1	15.334 1	82.1225 1
2	1	15.332 1	82.292 1
2	1	15.517 1	82.959 1
2	1	15.311 1	82.1405 1
3	2	15.613 1	82.1401 1 82.533 0.116
2	1	15.684 1	82.1116 1
3	2	15.82 1 15.313 1	82.1402 1
2	1	15.297 1	82.404 1
2	1	15.298 1	82.353 1
2	1	15.500 1	82.989 1
2	1	15.380 1	82.1268 1
2	1	15.641 1	82.1139 1
2	1	15.601 1	82.420 1
2	1	15.80 1	82.1281 1
2	1	15.693 1	82.1390 1
2	1	15.237 1	82.1531 1
2	1	15.645 1	82.459 1
2	1	15.525 1	82.1242 1
2	1	15.611 1	82.500 1
2	1	15.701 1	82.1277 1
2	1	15.663 1	82.1086 1
2	1	15.16 1	82.1195 1
2	1	15.215 1	82.14 1
5	4	15.19 1	82.1493 0.597 82.333 0.573 82.384 0.198 82.458 1
4	3	15.34 1	82.301 0.097 82.740 1 82.863 0.200
3	2	15.165 1	82.422 0.108 82.631 1
2	1	15.464 1	82.1105 1
2	1	15.527 1	82.1179 1
2	1	15.366 1	82.1285 1
2	1	15.430 1	82.1201 1
2	1	15.128 1	82.91 1
4	3	15.203 0.465 15.547 0.381 15.552 1	82.51 1
2	1	15.677 1	82.1034 1
