Size	Relations	OrthoA	OrthoB
2	1	15.300 1	81.415 1
2	1	15.588 1	81.255 1
2	1	15.589 1	81.254 1
2	1	15.35 1	81.559 1
2	1	15.321 1	81.437 1
2	1	15.412 1	81.92 1
2	1	15.411 1	81.23 1
2	1	15.514 1	81.657 1
2	1	15.541 1	81.248 1
2	1	15.153 1	81.305 1
2	1	15.602 1	81.233 1
2	1	15.451 1	81.54 1
2	1	15.116 1	81.273 1
2	1	15.609 1	81.228 1
2	1	15.319 1	81.435 1
2	1	15.574 1	81.263 1
2	1	15.175 1	81.328 1
2	1	15.491 1	81.8 1
2	1	15.656 1	81.186 1
2	1	15.75 1	81.602 1
2	1	15.148 1	81.438 1
2	1	15.480 1	81.21 1
2	1	15.39 1	81.562 1
2	1	15.569 1	81.265 1
2	1	15.172 1	81.326 1
2	1	15.566 1	81.268 1
2	1	15.71 1	81.598 1
2	1	15.683 1	81.152 1
2	1	15.92 1	81.514 1
2	1	15.521 1	81.641 1
2	1	15.421 1	81.85 1
2	1	15.708 1	81.488 1
2	1	15.103 1	81.505 1
2	1	15.492 1	81.7 1
2	1	15.90 1	81.516 1
2	1	15.482 1	81.19 1
2	1	15.357 1	81.470 1
2	1	15.95 1	81.511 1
2	1	15.102 1	81.506 1
2	1	15.636 1	81.200 1
2	1	15.161 1	81.312 1
2	1	15.216 1	81.346 1
2	1	15.230 1	81.354 1
2	1	15.336 1	81.455 1
2	1	15.711 1	81.485 1
2	1	15.333 1	81.452 1
2	1	15.140 1	81.295 1
2	1	15.450 1	81.55 1
2	1	15.335 1	81.454 1
2	1	15.134 1	81.289 1
2	1	15.453 1	81.52 1
2	1	15.670 1	81.168 1
2	1	15.418 1	81.88 1
2	1	15.28 1	81.551 1
2	1	15.658 1	81.182 1
2	1	15.138 1	81.293 1
2	1	15.244 1	81.371 1
2	1	15.429 1	81.77 1
2	1	15.639 1	81.197 1
2	1	15.79 1	81.606 1
2	1	15.459 1	81.47 1
2	1	15.253 1	81.381 1
2	1	15.250 1	81.378 1
2	1	15.414 1	81.89 1
2	1	15.477 1	81.28 1
2	1	15.94 1	81.512 1
2	1	15.410 1	81.24 1
2	1	15.384 1	81.114 1
2	1	15.48 1	81.571 1
2	1	15.69 1	81.597 1
2	1	15.698 1	81.137 1
2	1	15.23 1	81.546 1
2	1	15.475 1	81.31 1
2	1	15.125 1	81.282 1
2	1	15.107 1	81.499 1
2	1	15.513 1	81.661 1
2	1	15.431 1	81.75 1
2	1	15.58 1	81.583 1
2	1	15.457 1	81.49 1
2	1	15.673 1	81.165 1
2	1	15.308 1	81.426 1
2	1	15.14 1	81.537 1
2	1	15.690 1	81.145 1
2	1	15.622 1	81.216 1
2	1	15.106 1	81.500 1
2	1	15.535 1	81.249 1
2	1	15.425 1	81.83 1
2	1	15.65 1	81.590 1
2	1	15.667 1	81.171 1
2	1	15.494 1	81.5 1
2	1	15.18 1	81.541 1
2	1	15.692 1	81.143 1
2	1	15.208 1	81.339 1
2	1	15.629 1	81.207 1
2	1	15.672 1	81.166 1
2	1	15.154 1	81.307 1
2	1	15.259 1	81.386 1
2	1	15.419 1	81.87 1
2	1	15.422 1	81.84 1
2	1	15.316 1	81.432 1
2	1	15.434 1	81.72 1
2	1	15.689 1	81.146 1
2	1	15.498 1	81.1 1
2	1	15.369 1	81.213 1
2	1	15.448 1	81.57 1
2	1	15.511 1	81.663 1
2	1	15.523 1	81.639 1
2	1	15.258 1	81.385 1
2	1	15.74 1	81.601 1
2	1	15.123 1	81.279 1
2	1	15.488 1	81.13 1
2	1	15.293 1	81.409 1
2	1	15.307 1	81.424 1
2	1	15.504 1	81.670 1
2	1	15.483 1	81.18 1
2	1	15.142 1	81.297 1
2	1	15.68 1	81.596 1
2	1	15.257 1	81.384 1
2	1	15.697 1	81.138 1
2	1	15.143 1	81.298 1
4	3	15.189 0.122 15.542 1 15.559 0.149	81.245 1
2	1	15.2 1	81.520 1
2	1	15.210 1	81.340 1
2	1	15.512 1	81.662 1
2	1	15.533 1	81.629 1
2	1	15.324 1	81.441 1
2	1	15.218 1	81.348 1
2	1	15.530 1	81.632 1
2	1	15.24 1	81.547 1
2	1	15.44 1	81.567 1
2	1	15.170 1	81.324 1
2	1	15.372 1	81.483 1
2	1	15.610 1	81.226 1
2	1	15.119 1	81.276 1
2	1	15.534 1	81.251 1
2	1	15.490 1	81.9 1
2	1	15.706 1	81.492 1
2	1	15.550 1	81.625 1
2	1	15.502 1	81.672 1
2	1	15.29 1	81.554 1
2	1	15.325 1	81.442 1
2	1	15.275 1	81.398 1
2	1	15.291 1	81.407 1
2	1	15.295 1	81.410 1
2	1	15.22 1	81.545 1
2	1	15.345 1	81.462 1
2	1	15.472 1	81.34 1
2	1	15.371 1	81.482 1
2	1	15.623 1	81.214 1
2	1	15.93 1	81.513 1
2	1	15.438 1	81.67 1
2	1	15.377 1	81.121 1
2	1	15.63 1	81.588 1
2	1	15.469 1	81.37 1
3	2	15.213 1	81.344 1 81.6 0.854
2	1	15.108 1	81.495 1
2	1	15.433 1	81.73 1
2	1	15.235 1	81.361 1
2	1	15.370 1	81.481 1
2	1	15.635 1	81.201 1
2	1	15.671 1	81.167 1
2	1	15.43 1	81.566 1
2	1	15.247 1	81.375 1
2	1	15.497 1	81.2 1
2	1	15.632 1	81.203 1
2	1	15.709 1	81.487 1
2	1	15.276 1	81.399 1
2	1	15.182 1	81.334 1
2	1	15.659 1	81.181 1
2	1	15.246 1	81.373 1
2	1	15.233 1	81.357 1
2	1	15.249 1	81.377 1
2	1	15.271 1	81.395 1
2	1	15.400 1	81.98 1
2	1	15.50 1	81.574 1
2	1	15.568 1	81.266 1
2	1	15.699 1	81.136 1
2	1	15.555 1	81.241 1
2	1	15.509 1	81.665 1
2	1	15.694 1	81.141 1
2	1	15.712 1	81.484 1
2	1	15.120 1	81.448 1
2	1	15.654 1	81.188 1
2	1	15.239 1	81.368 1
2	1	15.528 1	81.634 1
2	1	15.301 1	81.416 1
2	1	15.696 1	81.139 1
3	2	15.72 1	81.599 1 81.231 0.689
3	2	15.322 0.627 15.479 1	81.22 1
2	1	15.679 1	81.155 1
2	1	15.248 1	81.376 1
2	1	15.309 1	81.427 1
2	1	15.62 1	81.587 1
2	1	15.33 1	81.558 1
2	1	15.341 1	81.460 1
2	1	15.432 1	81.74 1
2	1	15.447 1	81.58 1
2	1	15.167 1	81.321 1
2	1	15.242 1	81.533 1
2	1	15.474 1	81.32 1
2	1	15.326 1	81.443 1
2	1	15.620 1	81.218 1
2	1	15.67 1	81.595 1
2	1	15.114 1	81.128 1
2	1	15.31 1	81.556 1
2	1	15.575 1	81.190 1
2	1	15.30 1	81.555 1
2	1	15.454 1	81.131 1
2	1	15.113 1	81.127 1
2	1	15.428 1	81.78 1
2	1	15.342 1	81.461 1
2	1	15.442 1	81.62 1
2	1	15.296 1	81.411 1
2	1	15.292 1	81.408 1
2	1	15.118 1	81.275 1
2	1	15.527 1	81.635 1
2	1	15.302 1	81.417 1
2	1	15.638 1	81.198 1
2	1	15.443 1	81.61 1
3	2	15.576 1	81.191 1 81.480 0.055
2	1	15.40 1	81.563 1
2	1	15.51 1	81.575 1
2	1	15.171 1	81.325 1
2	1	15.27 1	81.550 1
2	1	15.133 1	81.288 1
2	1	15.356 1	81.469 1
2	1	15.505 1	81.669 1
2	1	15.630 1	81.205 1
2	1	15.685 1	81.150 1
2	1	15.262 1	81.388 1
2	1	15.61 1	81.586 1
2	1	15.131 1	81.286 1
2	1	15.674 1	81.164 1
2	1	15.64 1	81.589 1
2	1	15.621 1	81.217 1
2	1	15.177 1	81.331 1
2	1	15.362 1	81.473 1
2	1	15.137 1	81.292 1
2	1	15.458 1	81.48 1
2	1	15.653 1	81.303 1
2	1	15.397 1	81.101 1
2	1	15.628 1	81.208 1
2	1	15.136 1	81.291 1
2	1	15.241 1	81.370 1
2	1	15.508 1	81.666 1
2	1	15.273 1	81.397 1
2	1	15.382 1	81.116 1
2	1	15.327 1	81.445 1
2	1	15.446 1	81.59 1
2	1	15.355 1	81.468 1
2	1	15.408 1	81.26 1
2	1	15.449 1	81.56 1
2	1	15.270 1	81.394 1
2	1	15.627 1	81.209 1
2	1	15.624 1	81.212 1
2	1	15.207 1	81.338 1
2	1	15.165 1	81.317 1
2	1	15.279 1	81.400 1
2	1	15.625 1	81.211 1
2	1	15.578 1	81.262 1
2	1	15.305 1	81.422 1
2	1	15.364 1	81.475 1
2	1	15.42 1	81.565 1
2	1	15.41 1	81.564 1
2	1	15.526 1	81.636 1
2	1	15.85 1	81.611 1
2	1	15.135 1	81.290 1
2	1	15.251 1	81.379 1
2	1	15.347 1	81.464 1
2	1	15.531 1	81.631 1
2	1	15.675 1	81.163 1
3	2	15.496 1	81.4 1 81.359 0.829
2	1	15.549 1	81.626 1
2	1	15.413 1	81.90 1
2	1	15.403 1	81.95 1
2	1	15.444 1	81.60 1
2	1	15.463 1	81.43 1
2	1	15.36 1	81.560 1
2	1	15.465 1	81.41 1
2	1	15.254 1	81.382 1
2	1	15.168 1	81.322 1
2	1	15.46 1	81.569 1
2	1	15.284 1	81.403 1
2	1	15.286 1	81.405 1
2	1	15.470 1	81.36 1
2	1	15.567 1	81.267 1
2	1	15.98 1	81.509 1
2	1	15.180 1	81.332 1
2	1	15.57 1	81.581 1
2	1	15.157 1	81.310 1
2	1	15.152 1	81.301 1
2	1	15.245 1	81.372 1
2	1	15.261 1	81.387 1
2	1	15.299 1	81.414 1
2	1	15.484 1	81.17 1
2	1	15.515 1	81.656 1
2	1	15.473 1	81.33 1
2	1	15.317 1	81.433 1
2	1	15.339 1	81.458 1
2	1	15.73 1	81.600 1
2	1	15.700 1	81.134 1
2	1	15.695 1	81.140 1
2	1	15.139 1	81.294 1
2	1	15.611 1	81.225 1
2	1	15.354 1	81.467 1
2	1	15.89 1	81.518 1
2	1	15.105 1	81.503 1
2	1	15.227 1	81.350 1
2	1	15.660 1	81.180 1
2	1	15.358 1	81.471 1
2	1	15.328 1	81.447 1
2	1	15.174 1	81.327 1
2	1	15.599 1	81.235 1
2	1	15.269 1	81.393 1
2	1	15.391 1	81.107 1
2	1	15.169 1	81.323 1
2	1	15.388 1	81.110 1
2	1	15.607 1	81.229 1
4	3	15.145 0.073 15.150 0.118 15.231 1	81.256 1
2	1	15.282 1	81.402 1
2	1	15.122 1	81.278 1
2	1	15.211 1	81.342 1
2	1	15.236 1	81.362 1
2	1	15.306 1	81.423 1
2	1	15.402 1	81.96 1
2	1	15.155 1	81.308 1
2	1	15.256 1	81.383 1
2	1	15.351 1	81.466 1
2	1	15.156 1	81.309 1
2	1	15.486 1	81.15 1
2	1	15.238 1	81.365 1
2	1	15.663 1	81.177 1
2	1	15.229 1	81.353 1
2	1	15.162 1	81.313 1
2	1	15.132 1	81.287 1
2	1	15.503 1	81.671 1
2	1	15.661 1	81.179 1
2	1	15.666 1	81.174 1
2	1	15.702 1	81.130 1
2	1	15.655 1	81.187 1
2	1	15.285 1	81.404 1
2	1	15.383 1	81.115 1
2	1	15.386 1	81.112 1
2	1	15.280 1	81.401 1
2	1	15.368 1	81.479 1
2	1	15.616 1	81.221 1
2	1	15.485 1	81.16 1
2	1	15.691 1	81.144 1
2	1	15.53 1	81.578 1
2	1	15.163 1	81.315 1
2	1	15.228 1	81.351 1
2	1	15.47 1	81.570 1
2	1	15.510 1	81.664 1
2	1	15.268 1	81.392 1
2	1	15.396 1	81.102 1
2	1	15.617 1	81.220 1
2	1	15.128 1	81.283 1
2	1	15.350 1	81.465 1
2	1	15.682 1	81.153 1
2	1	15.524 1	81.638 1
2	1	15.365 1	81.476 1
2	1	15.481 1	81.20 1
2	1	15.318 1	81.434 1
2	1	15.252 1	81.380 1
2	1	15.506 1	81.668 1
2	1	15.614 1	81.223 1
2	1	15.77 1	81.604 1
2	1	15.240 1	81.369 1
2	1	15.693 1	81.142 1
2	1	15.164 1	81.316 1
2	1	15.76 1	81.603 1
2	1	15.435 1	81.71 1
2	1	15.385 1	81.113 1
2	1	15.640 1	81.196 1
2	1	15.703 1	81.129 1
2	1	15.86 1	81.612 1
2	1	15.591 1	81.252 1
2	1	15.613 1	81.224 1
2	1	15.91 1	81.515 1
2	1	15.303 1	81.418 1
2	1	15.436 1	81.70 1
2	1	15.532 1	81.630 1
4	4	15.340 1 15.573 0.868	81.459 1 81.264 0.934
2	1	15.460 1	81.46 1
2	1	15.525 1	81.637 1
2	1	15.615 1	81.222 1
2	1	15.378 1	81.120 1
2	1	15.379 1	81.119 1
2	1	15.346 1	81.463 1
2	1	15.389 1	81.109 1
2	1	15.529 1	81.633 1
2	1	15.393 1	81.105 1
2	1	15.522 1	81.640 1
2	1	15.710 1	81.486 1
2	1	15.20 1	81.543 1
2	1	15.290 1	81.406 1
2	1	15.334 1	81.453 1
2	1	15.52 1	81.577 1
2	1	15.626 1	81.210 1
2	1	15.312 1	81.430 1
2	1	15.25 1	81.548 1
2	1	15.426 1	81.82 1
2	1	15.662 1	81.178 1
2	1	15.637 1	81.199 1
2	1	15.45 1	81.568 1
2	1	15.467 1	81.39 1
2	1	15.468 1	81.38 1
2	1	15.117 1	81.274 1
2	1	15.489 1	81.12 1
2	1	15.363 1	81.474 1
2	1	15.677 1	81.159 1
2	1	15.263 1	81.389 1
2	1	15.376 1	81.122 1
2	1	15.664 1	81.176 1
2	1	15.701 1	81.133 1
2	1	15.158 1	81.493 1
2	1	15.681 1	81.154 1
2	1	15.166 1	81.318 1
2	1	15.21 1	81.544 1
2	1	15.633 1	81.202 1
2	1	15.151 1	81.300 1
2	1	15.264 1	81.390 1
2	1	15.518 1	81.646 1
2	1	15.580 1	81.259 1
2	1	15.686 1	81.149 1
2	1	15.121 1	81.277 1
2	1	15.398 1	81.100 1
2	1	15.517 1	81.647 1
2	1	15.548 1	81.627 1
2	1	15.310 1	81.428 1
2	1	15.404 1	81.94 1
2	1	15.430 1	81.76 1
2	1	15.232 1	81.356 1
2	1	15.237 1	81.364 1
2	1	15.392 1	81.106 1
2	1	15.603 1	81.126 1
2	1	15.387 1	81.111 1
2	1	15.646 1	81.261 1
2	1	15.88 1	81.618 1
2	1	15.437 1	81.69 1
2	1	15.311 1	81.429 1
2	1	15.420 1	81.86 1
2	1	15.5 1	81.523 1
2	1	15.7 1	81.525 1
2	1	15.129 1	81.284 1
2	1	15.215 1	81.345 1
2	1	15.399 1	81.99 1
2	1	15.298 1	81.413 1
2	1	15.401 1	81.97 1
2	1	15.78 1	81.605 1
2	1	15.462 1	81.44 1
2	1	15.367 1	81.478 1
2	1	15.181 1	81.333 1
2	1	15.49 1	81.573 1
2	1	15.501 1	81.673 1
2	1	15.590 1	81.253 1
2	1	15.381 1	81.117 1
2	1	15.476 1	81.30 1
2	1	15.461 1	81.45 1
2	1	15.297 1	81.412 1
2	1	15.338 1	81.457 1
2	1	15.6 1	81.524 1
2	1	15.11 1	81.534 1
2	1	15.19 1	81.542 1
2	1	15.332 1	81.451 1
2	1	15.337 1	81.456 1
2	1	15.423 1	81.660 1
2	1	15.456 1	81.50 1
2	1	15.547 1	81.238 1
2	1	15.320 1	81.436 1
2	1	15.84 1	81.610 1
2	1	15.59 1	81.584 1
2	1	15.83 1	81.609 1
3	2	15.545 1 15.554 0.171	81.240 1
2	1	15.687 1	81.148 1
2	1	15.82 1	81.607 1
2	1	15.217 1	81.347 1
2	1	15.32 1	81.557 1
2	1	15.417 1	81.615 1
2	1	15.519 1	81.645 1
2	1	15.26 1	81.549 1
2	1	15.395 1	81.103 1
2	1	15.688 1	81.147 1
2	1	15.394 1	81.104 1
2	1	15.464 1	81.42 1
2	1	15.684 1	81.151 1
2	1	15.15 1	81.540 1
2	1	15.487 1	81.14 1
2	1	15.96 1	81.510 1
3	2	15.87 1	81.616 0.868 81.620 1
2	1	15.645 1	81.53 1
2	1	15.313 1	81.431 1
2	1	15.601 1	81.234 1
2	1	15.641 1	81.195 1
2	1	15.366 1	81.477 1
2	1	15.60 1	81.585 1
2	1	15.99 1	81.508 1
2	1	15.455 1	81.51 1
2	1	15.665 1	81.175 1
2	1	15.141 1	81.296 1
2	1	15.323 1	81.440 1
2	1	15.390 1	81.108 1
3	2	15.551 1	81.617 0.410 81.621 1
2	1	15.546 1	81.239 1
2	1	15.571 1	81.552 1
2	1	15.186 1	81.425 1
2	1	15.272 1	81.396 1
2	1	15.409 1	81.25 1
2	1	15.159 1	81.40 1
2	1	15.652 1	81.189 1
2	1	15.66 1	81.594 1
2	1	15.657 1	81.184 1
2	1	15.12 1	81.535 1
2	1	15.234 1	81.360 1
2	1	15.130 1	81.285 1
2	1	15.304 1	81.421 1
2	1	15.265 1	81.391 1
2	1	15.424 1	81.528 1
3	2	15.593 1 15.195 0.793	81.63 1
3	2	15.115 1 15.204 0.255	81.237 1
2	1	15.212 1	81.343 1
2	1	15.56 1	81.501 1
6	5	15.647 0.277 15.648 0.317 15.649 1 15.650 0.349 15.651 0.356	81.193 1
2	1	15.500 1	81.674 1
2	1	15.572 1	81.553 1
2	1	15.631 1	81.204 1
2	1	15.80 1	81.642 1
2	1	15.507 1	81.667 1
2	1	15.680 1	81.580 1
2	1	15.17 1	81.215 1
2	1	15.380 1	81.118 1
5	4	15.288 0.235 15.289 0.401 15.713 1 15.715 0.277	81.11 1
2	1	15.34 1	81.498 1
2	1	15.558 1	81.244 1
2	1	15.13 1	81.536 1
2	1	15.407 1	81.27 1
