Size	Relations	OrthoA	OrthoB
2	1	15.588 1	79.585 1
2	1	15.589 1	79.586 1
2	1	15.300 1	79.884 1
2	1	15.412 1	79.717 1
2	1	15.75 1	79.544 1
2	1	15.609 1	79.774 1
2	1	15.602 1	79.572 1
2	1	15.451 1	79.726 1
2	1	15.175 1	79.733 1
2	1	15.656 1	79.1028 1
2	1	15.574 1	79.453 1
2	1	15.636 1	79.206 1
2	1	15.116 1	79.488 1
2	1	15.708 1	79.174 1
2	1	15.421 1	79.731 1
2	1	15.230 1	79.185 1
2	1	15.491 1	79.952 1
2	1	15.569 1	79.590 1
2	1	15.153 1	79.212 1
2	1	15.492 1	79.951 1
2	1	15.39 1	79.645 1
2	1	15.102 1	79.507 1
2	1	15.459 1	79.283 1
2	1	15.711 1	79.177 1
2	1	15.336 1	79.180 1
2	1	15.414 1	79.583 1
2	1	15.450 1	79.839 1
2	1	15.140 1	79.340 1
2	1	15.457 1	79.281 1
2	1	15.92 1	79.708 1
2	1	15.482 1	79.962 1
2	1	15.667 1	79.434 1
2	1	15.103 1	79.510 1
2	1	15.216 1	79.947 1
2	1	15.28 1	79.31 1
2	1	15.95 1	79.11 1
2	1	15.319 1	79.36 1
2	1	15.357 1	79.972 1
2	1	15.65 1	79.149 1
2	1	15.429 1	79.1017 1
2	1	15.698 1	79.355 1
2	1	15.683 1	79.276 1
2	1	15.253 1	79.344 1
2	1	15.418 1	79.307 1
2	1	15.673 1	79.13 1
2	1	15.161 1	79.630 1
2	1	15.71 1	79.933 1
2	1	15.511 1	79.1018 1
2	1	15.670 1	79.433 1
2	1	15.672 1	79.703 1
2	1	15.74 1	79.543 1
2	1	15.629 1	79.166 1
2	1	15.513 1	79.838 1
2	1	15.384 1	79.618 1
2	1	15.477 1	79.749 1
2	1	15.494 1	79.721 1
2	1	15.335 1	79.479 1
2	1	15.321 1	79.776 1
2	1	15.434 1	79.1014 1
2	1	15.259 1	79.880 1
2	1	15.307 1	79.976 1
2	1	15.142 1	79.338 1
2	1	15.170 1	79.424 1
2	1	15.172 1	79.422 1
2	1	15.123 1	79.744 1
2	1	15.316 1	79.17 1
2	1	15.512 1	79.1019 1
2	1	15.44 1	79.727 1
2	1	15.333 1	79.164 1
2	1	15.689 1	79.332 1
2	1	15.622 1	79.28 1
2	1	15.94 1	79.45 1
2	1	15.324 1	79.492 1
2	1	15.108 1	79.779 1
2	1	15.134 1	79.34 1
2	1	15.143 1	79.337 1
2	1	15.498 1	79.949 1
2	1	15.257 1	79.878 1
2	1	15.431 1	79.460 1
2	1	15.472 1	79.362 1
2	1	15.490 1	79.953 1
2	1	15.308 1	79.975 1
2	1	15.419 1	79.308 1
2	1	15.48 1	79.792 1
2	1	15.250 1	79.759 1
2	1	15.43 1	79.229 1
2	1	15.2 1	79.57 1
2	1	15.400 1	79.602 1
2	1	15.291 1	79.563 1
2	1	15.523 1	79.816 1
2	1	15.239 1	79.566 1
2	1	15.29 1	79.427 1
2	1	15.706 1	79.923 1
2	1	15.438 1	79.1012 1
2	1	15.349 1	79.642 1
2	1	15.504 1	79.313 1
2	1	15.659 1	79.500 1
2	1	15.235 1	79.61 1
3	2	15.322 1 15.479 0.866	79.964 1
2	1	15.113 1	79.477 1
2	1	15.114 1	79.476 1
2	1	15.58 1	79.928 1
2	1	15.295 1	79.1025 1
2	1	15.417 1	79.242 1
2	1	15.694 1	79.632 1
2	1	15.341 1	79.702 1
2	1	15.208 1	79.335 1
2	1	15.509 1	79.87 1
2	1	15.639 1	79.70 1
2	1	15.709 1	79.175 1
2	1	15.530 1	79.840 1
2	1	15.22 1	79.810 1
2	1	15.502 1	79.1001 1
2	1	15.692 1	79.334 1
2	1	15.309 1	79.129 1
2	1	15.413 1	79.582 1
2	1	15.428 1	79.190 1
2	1	15.620 1	79.27 1
2	1	15.248 1	79.994 1
2	1	15.425 1	79.46 1
2	1	15.133 1	79.33 1
2	1	15.658 1	79.499 1
2	1	15.18 1	79.200 1
2	1	15.218 1	79.944 1
5	6	15.188 0.371 15.541 1 15.560 0.741	79.537 1 79.653 0.104
2	1	15.575 1	79.208 1
2	1	15.33 1	79.431 1
2	1	15.623 1	79.217 1
2	1	15.247 1	79.147 1
2	1	15.326 1	79.494 1
2	1	15.258 1	79.879 1
2	1	15.85 1	79.596 1
2	1	15.62 1	79.728 1
2	1	15.262 1	79.883 1
2	1	15.31 1	79.429 1
2	1	15.443 1	79.1010 1
2	1	15.361 1	79.467 1
2	1	15.488 1	79.955 1
2	1	15.632 1	79.1036 1
3	2	15.72 1	79.700 1 79.1040 0.612
2	1	15.93 1	79.44 1
2	1	15.505 1	79.312 1
2	1	15.342 1	79.173 1
2	1	15.382 1	79.625 1
2	1	15.568 1	79.181 1
2	1	15.638 1	79.69 1
2	1	15.610 1	79.773 1
2	1	15.458 1	79.282 1
2	1	15.679 1	79.757 1
2	1	15.305 1	79.132 1
3	2	15.576 1 15.579 0.089	79.207 1
2	1	15.675 1	79.722 1
2	1	15.40 1	79.189 1
4	3	15.189 1 15.542 0.347 15.559 0.219	79.903 1
2	1	15.249 1	79.8 1
2	1	15.397 1	79.605 1
3	2	15.35 1	79.3 1 79.519 0.075
2	1	15.696 1	79.353 1
2	1	15.634 1	79.915 1
2	1	15.442 1	79.1011 1
2	1	15.138 1	79.77 1
2	1	15.167 1	79.466 1
2	1	15.671 1	79.435 1
2	1	15.697 1	79.354 1
2	1	15.241 1	79.564 1
2	1	15.118 1	79.486 1
3	2	15.625 1 15.292 0.776	79.890 1
2	1	15.171 1	79.423 1
2	1	15.57 1	79.833 1
2	1	15.279 1	79.512 1
2	1	15.403 1	79.599 1
2	1	15.182 1	79.1039 1
2	1	15.27 1	79.29 1
2	1	15.628 1	79.439 1
2	1	15.1 1	79.222 1
2	1	15.328 1	79.899 1
2	1	15.377 1	79.623 1
2	1	15.712 1	79.178 1
2	1	15.364 1	79.909 1
2	1	15.207 1	79.529 1
2	1	15.463 1	79.287 1
2	1	15.64 1	79.730 1
2	1	15.271 1	79.678 1
2	1	15.465 1	79.289 1
3	2	15.515 1	79.558 1 79.787 0.807
2	1	15.301 1	79.885 1
2	1	15.79 1	79.444 1
2	1	15.433 1	79.1015 1
2	1	15.137 1	79.78 1
3	2	15.14 1 15.422 0.261	79.855 1
3	2	15.695 1	79.788 1 79.7 0.727
2	1	15.496 1	79.188 1
2	1	15.474 1	79.365 1
2	1	15.527 1	79.47 1
2	1	15.299 1	79.747 1
2	1	15.402 1	79.600 1
4	3	15.190 0.191 15.535 0.405 15.563 1	79.969 1
2	1	15.616 1	79.557 1
2	1	15.388 1	79.614 1
2	1	15.306 1	79.131 1
2	1	15.244 1	79.705 1
2	1	15.77 1	79.546 1
2	1	15.391 1	79.611 1
2	1	15.486 1	79.957 1
2	1	15.281 1	79.901 1
2	1	15.362 1	79.906 1
2	1	15.356 1	79.192 1
2	1	15.229 1	79.464 1
2	1	15.61 1	79.725 1
2	1	15.633 1	79.918 1
2	1	15.612 1	79.137 1
2	1	15.157 1	79.79 1
2	1	15.483 1	79.961 1
2	1	15.549 1	79.822 1
2	1	15.270 1	79.679 1
2	1	15.269 1	79.680 1
2	1	15.533 1	79.81 1
2	1	15.273 1	79.677 1
2	1	15.607 1	79.835 1
2	1	15.177 1	79.10 1
2	1	15.169 1	79.425 1
2	1	15.473 1	79.364 1
2	1	15.76 1	79.545 1
2	1	15.105 1	79.385 1
2	1	15.227 1	79.462 1
2	1	15.383 1	79.619 1
2	1	15.396 1	79.606 1
2	1	15.685 1	79.324 1
2	1	15.454 1	79.219 1
2	1	15.508 1	79.647 1
2	1	15.236 1	79.405 1
2	1	15.526 1	79.48 1
7	10	15.276 1 15.275 1	79.311 1 79.310 1 79.649 0.535 79.84 0.385 79.650 0.268
2	1	15.339 1	79.735 1
2	1	15.567 1	79.182 1
2	1	15.627 1	79.438 1
2	1	15.358 1	79.905 1
2	1	15.444 1	79.1009 1
2	1	15.453 1	79.675 1
2	1	15.354 1	79.983 1
2	1	15.302 1	79.887 1
2	1	15.703 1	79.475 1
3	2	15.481 1	79.263 1 79.66 0.742
2	1	15.317 1	79.18 1
2	1	15.296 1	79.442 1
3	2	15.348 1	79.921 1 79.687 0.938
3	2	15.531 1	79.825 1 79.271 0.739
2	1	15.624 1	79.216 1
2	1	15.510 1	79.1020 1
2	1	15.51 1	79.643 1
2	1	15.53 1	79.798 1
2	1	15.528 1	79.716 1
7	10	15.565 1 15.534 1 15.184 0.254 15.550 0.203 15.219 0.137	79.991 1 79.904 1
2	1	15.325 1	79.493 1
2	1	15.98 1	79.506 1
2	1	15.393 1	79.609 1
2	1	15.470 1	79.361 1
2	1	15.399 1	79.603 1
2	1	15.378 1	79.622 1
2	1	15.282 1	79.939 1
2	1	15.285 1	79.561 1
2	1	15.386 1	79.616 1
2	1	15.664 1	79.1058 1
2	1	15.691 1	79.333 1
2	1	15.242 1	79.1038 1
2	1	15.385 1	79.617 1
2	1	15.506 1	79.251 1
2	1	15.286 1	79.562 1
2	1	15.355 1	79.193 1
2	1	15.5 1	79.160 1
2	1	15.91 1	79.709 1
2	1	15.256 1	79.876 1
2	1	15.128 1	79.269 1
2	1	15.630 1	79.456 1
2	1	15.7 1	79.162 1
2	1	15.284 1	79.560 1
2	1	15.86 1	79.595 1
2	1	15.660 1	79.836 1
2	1	15.480 1	79.501 1
2	1	15.252 1	79.342 1
2	1	15.132 1	79.32 1
2	1	15.370 1	79.470 1
2	1	15.398 1	79.604 1
2	1	15.42 1	79.713 1
2	1	15.591 1	79.107 1
5	6	15.699 1 15.700 0.051	79.356 0.556 79.458 0.412 79.80 1
2	1	15.180 1	79.14 1
2	1	15.426 1	79.870 1
2	1	15.52 1	79.799 1
2	1	15.611 1	79.772 1
2	1	15.211 1	79.843 1
2	1	15.303 1	79.889 1
2	1	15.168 1	79.98 1
2	1	15.154 1	79.209 1
2	1	15.90 1	79.710 1
2	1	15.131 1	79.325 1
2	1	15.387 1	79.615 1
2	1	15.164 1	79.74 1
2	1	15.662 1	79.21 1
3	2	15.251 0.127 15.30 1	79.428 1
2	1	15.379 1	79.621 1
2	1	15.401 1	79.601 1
2	1	15.681 1	79.275 1
2	1	15.621 1	79.919 1
2	1	15.654 1	79.867 1
2	1	15.686 1	79.326 1
2	1	15.240 1	79.565 1
2	1	15.21 1	79.811 1
3	2	15.209 1	79.804 0.073 79.91 1
2	1	15.661 1	79.504 1
2	1	15.228 1	79.463 1
2	1	15.389 1	79.613 1
2	1	15.89 1	79.72 1
2	1	15.151 1	79.452 1
2	1	15.702 1	79.474 1
2	1	15.165 1	79.633 1
2	1	15.392 1	79.610 1
2	1	15.233 1	79.53 1
2	1	15.518 1	79.754 1
2	1	15.162 1	79.629 1
2	1	15.460 1	79.284 1
2	1	15.578 1	79.336 1
2	1	15.264 1	79.302 1
2	1	15.666 1	79.1060 1
2	1	15.640 1	79.71 1
2	1	15.41 1	79.714 1
2	1	15.217 1	79.945 1
2	1	15.367 1	79.912 1
2	1	15.337 1	79.179 1
2	1	15.476 1	79.367 1
2	1	15.119 1	79.485 1
2	1	15.117 1	79.487 1
2	1	15.136 1	79.1053 1
2	1	15.497 1	79.950 1
2	1	15.20 1	79.813 1
2	1	15.420 1	79.853 1
2	1	15.680 1	79.186 1
2	1	15.390 1	79.612 1
2	1	15.376 1	79.624 1
2	1	15.462 1	79.286 1
2	1	15.283 1	79.43 1
2	1	15.135 1	79.35 1
2	1	15.268 1	79.681 1
2	1	15.330 1	79.531 1
2	1	15.363 1	79.908 1
2	1	15.96 1	79.411 1
2	1	15.519 1	79.755 1
2	1	15.141 1	79.339 1
2	1	15.404 1	79.598 1
5	6	15.198 0.277 15.544 0.404 15.555 1	79.539 1 79.668 0.899
2	1	15.181 1	79.99 1
2	1	15.475 1	79.366 1
2	1	15.237 1	79.446 1
2	1	15.532 1	79.824 1
2	1	15.652 1	79.868 1
2	1	15.637 1	79.68 1
2	1	15.489 1	79.954 1
2	1	15.468 1	79.359 1
2	1	15.394 1	79.608 1
2	1	15.25 1	79.805 1
2	1	15.121 1	79.75 1
2	1	15.155 1	79.524 1
2	1	15.158 1	79.627 1
2	1	15.710 1	79.176 1
2	1	15.522 1	79.817 1
2	1	15.234 1	79.514 1
2	1	15.663 1	79.734 1
2	1	15.312 1	79.762 1
2	1	15.501 1	79.1002 1
2	1	15.461 1	79.285 1
2	1	15.350 1	79.299 1
2	1	15.381 1	79.620 1
2	1	15.32 1	79.430 1
2	1	15.6 1	79.161 1
2	1	15.655 1	79.866 1
2	1	15.665 1	79.1059 1
2	1	15.11 1	79.984 1
2	1	15.152 1	79.268 1
2	1	15.456 1	79.280 1
2	1	15.485 1	79.958 1
2	1	15.372 1	79.26 1
2	1	15.614 1	79.760 1
3	2	15.82 1 15.313 1	79.764 1
2	1	15.615 1	79.771 1
2	1	15.297 1	79.441 1
2	1	15.311 1	79.761 1
2	1	15.130 1	79.682 1
2	1	15.500 1	79.1003 1
2	1	15.590 1	79.106 1
2	1	15.684 1	79.277 1
2	1	15.517 1	79.753 1
2	1	15.693 1	79.940 1
2	1	15.601 1	79.496 1
2	1	15.50 1	79.291 1
2	1	15.430 1	79.1016 1
2	1	15.525 1	79.814 1
3	2	15.100 1 15.99 0.099	79.128 1
2	1	15.215 1	79.530 1
2	1	15.298 1	79.270 1
2	1	15.641 1	79.869 1
2	1	15.529 1	79.715 1
3	2	15.604 1	79.591 0.061 79.724 1
2	1	15.16 1	79.819 1
2	1	15.24 1	79.806 1
4	3	15.19 1	79.187 0.465 79.408 1 79.971 0.073
3	2	15.34 1	79.368 0.259 79.732 1
2	1	15.280 1	79.513 1
2	1	15.366 1	79.911 1
2	1	15.129 0.907	79.631 0.907
