Size	Relations	OrthoA	OrthoB
2	1	7.1532 1	90.504 1
2	1	7.1260 1	90.92 1
2	1	7.1259 1	90.93 1
2	1	7.313 1	90.1605 1
2	1	7.1703 1	90.1056 1
2	1	7.1383 1	90.644 1
2	1	7.1428 1	90.2004 1
2	1	7.640 1	90.1678 1
2	1	7.100 1	90.251 1
2	1	7.702 1	90.823 1
2	1	7.706 1	90.827 1
2	1	7.678 1	90.1065 1
2	1	7.784 1	90.1222 1
2	1	7.974 1	90.1867 1
2	1	7.1294 1	90.2082 1
2	1	7.162 1	90.331 1
2	1	7.508 1	90.414 1
2	1	7.1131 1	90.529 1
2	1	7.370 1	90.1806 1
2	1	7.672 1	90.1071 1
2	1	7.426 1	90.4 1
2	1	7.81 1	90.240 1
2	1	7.1171 1	90.561 1
2	1	7.536 1	90.812 1
2	1	7.1753 1	90.175 1
2	1	7.704 1	90.825 1
2	1	7.1256 1	90.96 1
2	1	7.773 1	90.1233 1
2	1	7.1367 1	90.104 1
2	1	7.425 1	90.3 1
2	1	7.149 1	90.326 1
2	1	7.499 1	90.610 1
2	1	7.940 1	90.235 1
2	1	7.1614 1	90.734 1
2	1	7.435 1	90.13 1
2	1	7.1740 1	90.162 1
2	1	7.1396 1	90.1940 1
2	1	7.1391 1	90.617 1
3	2	7.1782 1	90.2159 1 90.403 0.875
3	2	7.327 1	90.2220 0.890 90.922 1
2	1	7.670 1	90.1073 1
2	1	7.510 1	90.416 1
2	1	7.593 1	90.1709 1
2	1	7.393 1	90.1842 1
2	1	7.110 1	90.260 1
2	1	7.1343 1	90.2001 1
2	1	7.239 1	90.375 1
2	1	7.308 1	90.1610 1
2	1	7.1063 1	90.463 1
2	1	7.1643 1	90.1332 1
2	1	7.1647 1	90.1364 1
2	1	7.605 1	90.1741 1
2	1	7.844 1	90.1207 1
2	1	7.1266 1	90.71 1
2	1	7.1418 1	90.2012 1
2	1	7.1429 1	90.2003 1
2	1	7.1615 1	90.733 1
2	1	7.312 1	90.1606 1
2	1	7.161 1	90.330 1
2	1	7.969 1	90.1865 1
2	1	7.1447 1	90.58 1
2	1	7.396 1	90.1845 1
2	1	7.1219 1	90.1944 1
2	1	7.469 1	90.1439 1
2	1	7.1662 1	90.1371 1
2	1	7.1349 1	90.1997 1
2	1	7.513 1	90.419 1
2	1	7.1604 1	90.751 1
2	1	7.1201 1	90.508 1
2	1	7.429 1	90.7 1
2	1	7.1069 1	90.468 1
3	2	7.557 1	90.2193 1 90.894 1
2	1	7.643 1	90.1681 1
2	1	7.1732 1	90.155 1
2	1	7.579 1	90.1696 1
2	1	7.1559 1	90.1122 1
2	1	7.745 1	90.1834 1
2	1	7.129 1	90.279 1
2	1	7.1060 1	90.447 1
2	1	7.855 1	90.1411 1
2	1	7.1354 1	90.1992 1
2	1	7.522 1	90.428 1
2	1	7.1267 1	90.70 1
2	1	7.265 1	90.401 1
3	2	7.566 1	90.2169 1 90.870 1
2	1	7.1030 1	90.19 1
2	1	7.109 1	90.259 1
2	1	7.95 1	90.246 1
2	1	7.1050 1	90.438 1
2	1	7.1402 1	90.1934 1
2	1	7.1616 1	90.732 1
2	1	7.843 1	90.1208 1
2	1	7.1395 1	90.1941 1
2	1	7.1401 1	90.1935 1
3	2	7.1513 1	90.2211 1 90.913 1
2	1	7.1734 1	90.157 1
2	1	7.1051 1	90.439 1
2	1	7.1348 1	90.1998 1
2	1	7.227 1	90.363 1
2	1	7.422 1	90.2108 1
2	1	7.516 1	90.422 1
2	1	7.1439 1	90.32 1
3	2	7.978 1 7.934 0.739	90.1868 1
2	1	7.423 1	90.1 1
2	1	7.145 1	90.318 1
2	1	7.1133 1	90.533 1
2	1	7.1200 1	90.507 1
2	1	7.622 1	90.1667 1
2	1	7.126 1	90.276 1
2	1	7.521 1	90.427 1
2	1	7.694 1	90.813 1
2	1	7.1075 1	90.472 1
2	1	7.130 1	90.280 1
4	4	7.1511 0.966 7.57 1	90.2216 1 90.918 1
2	1	7.1398 1	90.1938 1
2	1	7.1056 1	90.443 1
4	4	7.1488 1 7.958 0.505	90.2150 0.985 90.44 1
2	1	7.1404 1	90.1932 1
2	1	7.854 1	90.1410 1
2	1	7.198 1	90.339 1
2	1	7.1457 1	90.68 1
2	1	7.1042 1	90.493 1
2	1	7.970 1	90.1866 1
2	1	7.1202 1	90.509 1
2	1	7.1070 1	90.469 1
2	1	7.570 1	90.667 1
2	1	7.1507 1	90.1587 1
2	1	7.1399 1	90.1937 1
3	2	7.1491 1	90.2153 1 90.47 1
2	1	7.608 1	90.1744 1
2	1	7.151 1	90.328 1
2	1	7.912 1	90.773 1
2	1	7.1762 1	90.210 1
2	1	7.1702 1	90.1055 1
2	1	7.938 1	90.237 1
2	1	7.1255 1	90.97 1
2	1	7.1208 1	90.516 1
2	1	7.554 1	90.1184 1
2	1	7.779 1	90.1227 1
2	1	7.1143 1	90.546 1
2	1	7.417 1	90.2092 1
2	1	7.419 1	90.2105 1
2	1	7.1425 1	90.2007 1
2	1	7.111 1	90.261 1
2	1	7.1211 1	90.1032 1
2	1	7.1268 1	90.69 1
2	1	7.1542 1	90.1900 1
2	1	7.127 1	90.277 1
2	1	7.1193 1	90.577 1
2	1	7.1679 1	90.1379 1
2	1	7.509 1	90.415 1
2	1	7.83 1	90.242 1
2	1	7.1169 1	90.560 1
2	1	7.1067 1	90.467 1
2	1	7.787 1	90.1219 1
2	1	7.427 1	90.5 1
2	1	7.1012 1	90.2074 1
2	1	7.780 1	90.1226 1
2	1	7.936 1	90.239 1
2	1	7.520 1	90.426 1
3	2	7.560 1	90.2190 1 90.891 1
2	1	7.1453 1	90.64 1
2	1	7.131 1	90.281 1
2	1	7.1748 1	90.170 1
2	1	7.1618 1	90.730 1
2	1	7.518 1	90.424 1
2	1	7.1533 1	90.503 1
2	1	7.1558 1	90.1123 1
2	1	7.1597 1	90.759 1
2	1	7.415 1	90.2090 1
2	1	7.1352 1	90.1994 1
2	1	7.526 1	90.429 1
2	1	7.642 1	90.1680 1
2	1	7.1603 1	90.752 1
2	1	7.711 1	90.854 1
2	1	7.1598 1	90.756 1
2	1	7.637 1	90.1675 1
3	2	7.1783 1	90.402 0.935 90.54 1
2	1	7.434 1	90.12 1
2	1	7.498 1	90.609 1
2	1	7.1104 1	90.521 1
2	1	7.414 1	90.2089 1
2	1	7.1336 1	90.2086 1
2	1	7.1190 1	90.576 1
12	11	7.1178 1	90.1081 0.172 90.111 0.621 90.1341 0.379 90.1730 0.207 90.2055 0.586 90.2203 0.655 90.2236 0.207 90.2253 0.862 90.294 0.586 90.937 0.172 90.953 1
2	1	7.1751 1	90.173 1
2	1	7.144 1	90.317 1
2	1	7.539 1	90.1391 1
2	1	7.1578 1	90.975 1
7	12	7.78 1 7.927 1 7.1514 0.202 7.77 0.062	90.2210 1 90.985 1 90.912 0.957
2	1	7.1451 1	90.62 1
2	1	7.519 1	90.425 1
2	1	7.1548 1	90.1908 1
2	1	7.101 1	90.252 1
2	1	7.424 1	90.2 1
2	1	7.395 1	90.1844 1
2	1	7.1337 1	90.2087 1
2	1	7.124 1	90.274 1
2	1	7.398 1	90.1847 1
2	1	7.826 1	90.631 1
3	2	7.556 1	90.2194 1 90.895 1
2	1	7.1770 1	90.217 1
2	1	7.1076 1	90.473 1
2	1	7.514 1	90.420 1
2	1	7.569 1	90.668 1
2	1	7.705 1	90.826 1
2	1	7.103 1	90.254 1
2	1	7.772 1	90.1234 1
2	1	7.1535 1	90.501 1
2	1	7.602 1	90.1738 1
3	2	7.1248 1 7.1492 0.619	90.1038 1
2	1	7.1463 1	90.1947 1
2	1	7.165 1	90.334 1
2	1	7.863 1	90.1427 1
2	1	7.884 1	90.599 1
2	1	7.1546 1	90.1906 1
2	1	7.753 1	90.1089 1
2	1	7.1071 1	90.470 1
2	1	7.646 1	90.1797 1
2	1	7.517 1	90.423 1
2	1	7.589 1	90.1706 1
2	1	7.1424 1	90.2008 1
2	1	7.842 1	90.1209 1
2	1	7.143 1	90.316 1
2	1	7.1044 1	90.494 1
2	1	7.1744 1	90.166 1
2	1	7.232 1	90.368 1
2	1	7.1137 1	90.540 1
2	1	7.515 1	90.421 1
2	1	7.1430 1	90.2002 1
2	1	7.623 1	90.1668 1
4	4	7.1487 0.667 7.959 1	90.2148 1 90.225 0.938
2	1	7.199 1	90.340 1
2	1	7.737 1	90.581 1
2	1	7.1617 1	90.731 1
2	1	7.1029 1	90.20 1
2	1	7.107 1	90.257 1
2	1	7.1534 1	90.502 1
2	1	7.636 1	90.1674 1
2	1	7.1437 1	90.26 1
2	1	7.1303 1	90.2080 1
3	2	7.440 1	90.787 0.904 90.976 1
2	1	7.1057 1	90.444 1
2	1	7.392 1	90.1841 1
2	1	7.1761 1	90.209 1
2	1	7.164 1	90.333 1
2	1	7.1508 1	90.1588 1
3	2	7.325 1	90.2219 1 90.921 1
2	1	7.638 1	90.1676 1
2	1	7.1601 1	90.754 1
2	1	7.163 1	90.332 1
2	1	7.1265 1	90.72 1
2	1	7.242 1	90.377 1
2	1	7.939 1	90.236 1
2	1	7.1661 1	90.1370 1
2	1	7.404 1	90.1849 1
2	1	7.211 1	90.347 1
2	1	7.1610 1	90.741 1
2	1	7.1743 1	90.165 1
2	1	7.656 1	90.1200 1
2	1	7.437 1	90.15 1
2	1	7.562 1	90.2048 1
2	1	7.1302 1	90.2081 1
2	1	7.1531 1	90.505 1
2	1	7.751 1	90.1092 1
2	1	7.883 1	90.600 1
2	1	7.1357 1	90.1405 1
2	1	7.588 1	90.1705 1
2	1	7.653 1	90.1198 1
2	1	7.1448 1	90.59 1
2	1	7.82 1	90.241 1
2	1	7.633 1	90.1671 1
3	2	7.1519 0.802 7.71 1	90.1029 1
2	1	7.1140 1	90.543 1
3	2	7.1646 1 7.1573 0.796	90.1363 1
2	1	7.511 1	90.417 1
2	1	7.1205 1	90.512 1
2	1	7.924 1	90.788 1
2	1	7.774 1	90.1232 1
2	1	7.400 1	90.1848 1
2	1	7.1733 1	90.156 1
2	1	7.795 1	90.1213 1
2	1	7.797 1	90.1212 1
2	1	7.1752 1	90.174 1
2	1	7.937 1	90.238 1
2	1	7.104 1	90.255 1
2	1	7.733 1	90.583 1
7	10	7.1509 0.347 7.965 1	90.1236 1 90.1324 0.276 90.1794 0.954 90.204 0.339 90.832 0.349
2	1	7.1550 1	90.1910 1
2	1	7.778 1	90.1228 1
2	1	7.237 1	90.373 1
2	1	7.1350 1	90.1996 1
2	1	7.19 1	90.809 1
2	1	7.14 1	90.810 1
2	1	7.595 1	90.1711 1
2	1	7.261 1	90.397 1
2	1	7.196 1	90.337 1
2	1	7.1452 1	90.63 1
2	1	7.307 1	90.1611 1
2	1	7.590 1	90.1707 1
2	1	7.416 1	90.2091 1
2	1	7.436 1	90.14 1
2	1	7.138 1	90.315 1
2	1	7.1746 1	90.168 1
2	1	7.669 1	90.1074 1
2	1	7.1142 1	90.545 1
2	1	7.1549 1	90.1909 1
2	1	7.741 1	90.580 1
2	1	7.786 1	90.1220 1
2	1	7.1382 1	90.645 1
2	1	7.657 1	90.1327 1
2	1	7.1356 1	90.1404 1
2	1	7.122 1	90.272 1
2	1	7.1110 1	90.520 1
2	1	7.123 1	90.273 1
2	1	7.1749 1	90.171 1
2	1	7.1736 1	90.159 1
2	1	7.1728 1	90.151 1
2	1	7.1663 1	90.1372 1
2	1	7.674 1	90.1070 1
2	1	7.1061 1	90.448 1
2	1	7.364 1	90.1804 1
2	1	7.1632 1	90.988 1
2	1	7.408 1	90.2072 1
2	1	7.432 1	90.10 1
2	1	7.857 1	90.1412 1
2	1	7.1351 1	90.1995 1
2	1	7.214 1	90.350 1
2	1	7.1588 1	90.1005 1
33	90	7.1182 1 7.1185 1 7.50 1	90.114 1 90.1084 1 90.1356 0.826 90.1629 0.620 90.940 0.572 90.1727 0.485 90.1725 0.441 90.900 0.441 90.2199 0.425 90.957 0.326 90.775 0.229 90.1917 0.201 90.2198 0.165 90.1916 0.154 90.1357 0.153 90.2239 0.132 90.1973 0.129 90.956 0.129 90.2256 0.123 90.1450 0.121 90.2052 0.121 90.297 0.121 90.2260 0.110 90.899 0.107 90.960 0.098 90.1134 0.095 90.941 0.086 90.1726 0.084 90.1337 0.078 90.2034 0.052
2	1	7.1334 1	90.2084 1
2	1	7.1747 1	90.169 1
2	1	7.208 1	90.344 1
2	1	7.1538 1	90.498 1
2	1	7.1144 1	90.547 1
2	1	7.85 1	90.244 1
2	1	7.1742 1	90.164 1
2	1	7.1423 1	90.2009 1
2	1	7.1456 1	90.67 1
2	1	7.1464 1	90.1951 1
2	1	7.391 1	90.1840 1
2	1	7.113 1	90.264 1
2	1	7.1087 1	90.482 1
2	1	7.1718 1	90.1583 1
2	1	7.234 1	90.370 1
2	1	7.578 1	90.1695 1
2	1	7.658 1	90.1326 1
2	1	7.634 1	90.1672 1
2	1	7.433 1	90.11 1
2	1	7.794 1	90.1214 1
2	1	7.1400 1	90.1936 1
2	1	7.792 1	90.1216 1
2	1	7.375 1	90.1810 1
2	1	7.258 1	90.392 1
2	1	7.911 1	90.774 1
2	1	7.479 1	90.602 1
2	1	7.1146 1	90.549 1
2	1	7.652 1	90.1197 1
2	1	7.1333 1	90.2083 1
2	1	7.512 1	90.418 1
3	2	7.720 1	90.1579 0.127 90.588 1
2	1	7.1536 1	90.500 1
2	1	7.1655 1	90.1366 1
3	2	7.614 1	90.1886 0.860 90.455 1
2	1	7.1726 1	90.149 1
2	1	7.228 1	90.364 1
2	1	7.591 1	90.1708 1
2	1	7.598 1	90.1737 1
2	1	7.470 1	90.1438 1
2	1	7.1642 1	90.1124 1
2	1	7.644 1	90.1682 1
2	1	7.850 1	90.1407 1
3	2	7.1565 1	90.2261 1 90.961 1
2	1	7.1088 1	90.483 1
2	1	7.431 1	90.9 1
2	1	7.166 1	90.335 1
3	2	7.851 1 7.852 0.868	90.1408 1
2	1	7.1462 1	90.1946 1
2	1	7.246 1	90.383 1
2	1	7.1147 1	90.550 1
3	2	7.1393 1 7.244 0.746	90.615 1
2	1	7.1503 1	90.1585 1
2	1	7.209 1	90.345 1
2	1	7.1049 1	90.437 1
2	1	7.654 1	90.1199 1
3	2	7.555 1	90.2195 1 90.896 1
2	1	7.133 1	90.283 1
2	1	7.1593 1	90.1016 1
2	1	7.275 1	90.1636 1
2	1	7.1203 1	90.510 1
2	1	7.1344 1	90.2000 1
2	1	7.1392 1	90.616 1
2	1	7.1054 1	90.441 1
2	1	7.1545 1	90.1905 1
2	1	7.270 1	90.1638 1
2	1	7.117 1	90.267 1
4	3	7.1489 1	90.2151 1 90.230 0.257 90.45 0.981
2	1	7.1449 1	90.60 1
2	1	7.269 1	90.1639 1
2	1	7.1089 1	90.484 1
2	1	7.1364 1	90.491 1
2	1	7.1419 1	90.2011 1
2	1	7.1719 1	90.1584 1
2	1	7.474 1	90.1434 1
2	1	7.833 1	90.626 1
2	1	7.1064 1	90.464 1
3	2	7.558 1	90.2192 1 90.893 1
2	1	7.1066 1	90.466 1
2	1	7.1148 1	90.554 1
2	1	7.1028 1	90.21 1
2	1	7.1389 1	90.619 1
2	1	7.713 1	90.856 1
2	1	7.119 1	90.269 1
2	1	7.1612 1	90.736 1
3	2	7.587 1 7.1556 0.790	90.1704 1
2	1	7.1738 1	90.160 1
2	1	7.1373 1	90.119 1
2	1	7.529 1	90.432 1
2	1	7.1602 1	90.753 1
2	1	7.238 1	90.374 1
2	1	7.935 1	90.1205 1
2	1	7.121 1	90.271 1
2	1	7.675 1	90.1069 1
2	1	7.1157 1	90.559 1
2	1	7.1055 1	90.442 1
2	1	7.148 1	90.325 1
2	1	7.146 1	90.319 1
2	1	7.859 1	90.1426 1
2	1	7.397 1	90.1846 1
2	1	7.1403 1	90.1933 1
3	2	7.1520 1 7.70 0.198	90.1879 1
2	1	7.223 1	90.359 1
2	1	7.1731 1	90.154 1
2	1	7.1441 1	90.56 1
2	1	7.225 1	90.361 1
2	1	7.615 1	90.454 1
2	1	7.1065 1	90.465 1
2	1	7.1078 1	90.475 1
2	1	7.1363 1	90.492 1
2	1	7.789 1	90.1217 1
2	1	7.1664 1	90.1373 1
2	1	7.1420 1	90.2010 1
2	1	7.785 1	90.1221 1
2	1	7.1750 1	90.172 1
2	1	7.20 1	90.808 1
2	1	7.220 1	90.356 1
2	1	7.132 1	90.282 1
2	1	7.1438 1	90.30 1
3	2	7.728 1	90.1576 1 90.586 0.988
2	1	7.102 1	90.253 1
2	1	7.1454 1	90.65 1
2	1	7.384 1	90.1835 1
2	1	7.639 1	90.1677 1
4	3	7.962 1	90.2145 1 90.222 1 90.39 1
2	1	7.466 1	90.1456 1
2	1	7.1257 1	90.95 1
2	1	7.1537 1	90.499 1
2	1	7.112 1	90.262 1
2	1	7.1156 1	90.558 1
2	1	7.503 1	90.406 1
2	1	7.1659 1	90.1368 1
2	1	7.1589 1	90.1006 1
2	1	7.1600 1	90.755 1
2	1	7.1390 1	90.618 1
2	1	7.262 1	90.398 1
2	1	7.788 1	90.1218 1
2	1	7.430 1	90.8 1
2	1	7.282 1	90.1633 1
2	1	7.586 1	90.1703 1
2	1	7.1145 1	90.548 1
2	1	7.574 1	90.1692 1
2	1	7.248 1	90.385 1
2	1	7.647 1	90.1796 1
2	1	7.1547 1	90.1907 1
2	1	7.604 1	90.1739 1
2	1	7.754 1	90.1088 1
2	1	7.1426 1	90.2006 1
2	1	7.1648 1	90.1365 1
2	1	7.311 1	90.1607 1
2	1	7.1017 1	90.2063 1
2	1	7.216 1	90.352 1
2	1	7.1394 1	90.1942 1
2	1	7.264 1	90.400 1
2	1	7.215 1	90.351 1
2	1	7.528 1	90.431 1
2	1	7.1408 1	90.1911 1
2	1	7.1607 1	90.744 1
2	1	7.1384 1	90.643 1
2	1	7.371 1	90.1807 1
2	1	7.866 1	90.1430 1
2	1	7.777 1	90.1229 1
2	1	7.1258 1	90.94 1
2	1	7.1577 1	90.974 1
2	1	7.1543 1	90.1901 1
2	1	7.195 1	90.336 1
2	1	7.703 1	90.824 1
13	22	7.1176 1 7.343 0.400	90.109 0.067 90.1108 0.167 90.1349 0.100 90.1444 0.133 90.2206 0.133 90.2225 0.967 90.2233 0.100 90.2250 0.100 90.908 0.233 90.927 1 90.950 0.100
2	1	7.304 1	90.1614 1
2	1	7.1335 1	90.2085 1
2	1	7.660 1	90.1289 1
2	1	7.775 1	90.1231 1
9	14	7.1271 1 7.616 1	90.1547 1 90.1564 1 90.1532 0.426 90.1513 0.384 90.1484 0.359 90.1497 0.337 90.1121 0.260
2	1	7.428 1	90.6 1
2	1	7.1086 1	90.481 1
2	1	7.1587 1	90.1004 1
4	3	7.1486 1	90.2147 1 90.224 0.087 90.41 0.696
2	1	7.1141 1	90.544 1
2	1	7.527 1	90.430 1
2	1	7.226 1	90.362 1
2	1	7.1504 1	90.1586 1
2	1	7.1059 1	90.446 1
2	1	7.1644 1	90.1333 1
2	1	7.1253 1	90.99 1
2	1	7.276 1	90.1635 1
2	1	7.1576 1	90.973 1
3	2	7.1510 1	90.2215 1 90.917 1
2	1	7.1427 1	90.2005 1
2	1	7.120 1	90.270 1
2	1	7.1135 1	90.535 1
2	1	7.197 1	90.338 1
2	1	7.865 1	90.1429 1
2	1	7.1353 1	90.1993 1
2	1	7.1645 1	90.1362 1
2	1	7.478 1	90.601 1
2	1	7.752 1	90.1090 1
2	1	7.708 1	90.829 1
2	1	7.1741 1	90.163 1
3	2	7.1566 1	90.2262 1 90.962 1
2	1	7.21 1	90.807 1
2	1	7.1756 1	90.177 1
2	1	7.609 1	90.1745 1
2	1	7.125 1	90.275 1
2	1	7.1727 1	90.150 1
2	1	7.671 1	90.1072 1
2	1	7.231 1	90.367 1
2	1	7.22 1	90.803 1
2	1	7.281 1	90.1634 1
2	1	7.1346 1	90.1999 1
2	1	7.1766 1	90.213 1
2	1	7.798 1	90.1211 1
2	1	7.84 1	90.243 1
2	1	7.635 1	90.1673 1
2	1	7.405 1	90.1851 1
2	1	7.222 1	90.358 1
2	1	7.1027 1	90.22 1
2	1	7.76 1	90.1323 1
2	1	7.1186 1	90.1837 1
3	2	7.1493 1 7.1778 0.755	90.1039 1
2	1	7.1634 1	90.987 1
2	1	7.249 1	90.386 1
4	3	7.1485 1	90.2146 1 90.223 1 90.40 1
2	1	7.218 1	90.354 1
2	1	7.932 1	90.490 1
2	1	7.1132 1	90.532 1
2	1	7.160 1	90.329 1
2	1	7.233 1	90.369 1
8	12	7.1524 0.893 7.64 1	90.1154 0.215 90.1268 0.836 90.1311 0.829 90.1764 0.836 90.2305 1 90.707 0.822
2	1	7.1582 1	90.999 1
2	1	7.853 1	90.1409 1
2	1	7.1251 1	90.102 1
2	1	7.1026 1	90.23 1
2	1	7.230 1	90.366 1
8	7	7.1179 1	90.1113 1 90.112 0.857 90.1627 0.086 90.2054 0.857 90.2254 1 90.295 0.857 90.954 0.857
3	2	7.1571 1	90.2266 1 90.966 1
2	1	7.243 1	90.378 1
2	1	7.783 1	90.1223 1
2	1	7.302 1	90.1617 1
2	1	7.1440 1	90.33 1
2	1	7.534 1	90.811 1
2	1	7.213 1	90.349 1
2	1	7.257 1	90.391 1
2	1	7.224 1	90.360 1
5	4	7.322 0.110 7.451 0.063 7.502 1 7.975 0.102	90.612 1
13	22	7.759 1 7.758 1	90.1479 1 90.1524 1 90.1550 0.872 90.1482 0.487 90.1533 0.227 90.1512 0.209 90.1567 0.206 90.1536 0.136 90.1509 0.113 90.1506 0.077 90.1495 0.051
3	2	7.829 1 7.1650 0.738	90.634 1
2	1	7.1575 1	90.972 1
2	1	7.65 1	90.1884 1
2	1	7.707 1	90.828 1
2	1	7.1031 1	90.18 1
2	1	7.468 1	90.1454 1
2	1	7.1252 1	90.100 1
2	1	7.284 1	90.1631 1
2	1	7.259 1	90.393 1
2	1	7.306 1	90.1612 1
2	1	7.864 1	90.1428 1
2	1	7.1120 1	90.523 1
2	1	7.1660 1	90.1369 1
2	1	7.1207 1	90.514 1
2	1	7.1658 1	90.1367 1
2	1	7.23 1	90.804 1
2	1	7.730 1	90.585 1
2	1	7.821 1	90.629 1
2	1	7.714 1	90.857 1
2	1	7.219 1	90.355 1
2	1	7.1619 1	90.729 1
2	1	7.1254 1	90.98 1
2	1	7.1191 1	90.1383 1
2	1	7.263 1	90.399 1
6	8	7.335 0.118 7.963 1	90.1896 0.188 90.2144 1 90.221 0.750 90.38 0.750
2	1	7.1608 1	90.743 1
2	1	7.931 1	90.488 1
2	1	7.207 1	90.343 1
2	1	7.995 1	90.566 1
2	1	7.941 1	90.234 1
2	1	7.372 1	90.1808 1
2	1	7.350 1	90.1958 1
2	1	7.128 1	90.278 1
2	1	7.99 1	90.250 1
2	1	7.1768 1	90.215 1
2	1	7.1730 1	90.153 1
2	1	7.648 1	90.1823 1
2	1	7.858 1	90.1425 1
2	1	7.150 1	90.327 1
2	1	7.1544 1	90.1902 1
2	1	7.212 1	90.348 1
7	6	7.613 1	90.1270 0.183 90.1762 0.186 90.1887 0.971 90.2307 0.176 90.456 1 90.709 0.176
2	1	7.781 1	90.1225 1
2	1	7.210 1	90.346 1
2	1	7.247 1	90.384 1
2	1	7.116 1	90.266 1
2	1	7.108 1	90.258 1
2	1	7.1139 1	90.542 1
2	1	7.1586 1	90.1002 1
2	1	7.677 1	90.1067 1
2	1	7.260 1	90.395 1
4	4	7.1512 0.667 7.56 1	90.2212 1 90.914 1
5	4	7.928 1	90.2140 0.107 90.51 1 90.678 0.071 90.833 0.083
2	1	7.1122 1	90.525 1
2	1	7.1442 1	90.57 1
2	1	7.374 1	90.1809 1
2	1	7.1018 1	90.2062 1
2	1	7.1515 1	90.2274 1
2	1	7.420 1	90.2106 1
2	1	7.1760 1	90.179 1
2	1	7.580 1	90.1698 1
2	1	7.418 1	90.2104 1
2	1	7.118 1	90.268 1
2	1	7.480 1	90.603 1
2	1	7.1138 1	90.541 1
2	1	7.731 1	90.584 1
2	1	7.533 1	90.433 1
2	1	7.394 1	90.1843 1
2	1	7.1121 1	90.524 1
3	2	7.495 1	90.1988 0.162 90.2017 1
3	2	7.822 1	90.1013 1 90.630 0.408
2	1	7.1611 1	90.737 1
2	1	7.1079 1	90.479 1
2	1	7.1729 1	90.152 1
2	1	7.1745 1	90.167 1
2	1	7.255 1	90.389 1
2	1	7.347 1	90.1398 1
2	1	7.827 1	90.632 1
2	1	7.607 1	90.1743 1
2	1	7.365 1	90.1805 1
2	1	7.1155 1	90.1864 1
2	1	7.463 1	90.977 1
2	1	7.793 1	90.1215 1
2	1	7.1635 1	90.986 1
4	3	7.581 1	90.1248 1 90.1782 0.989 90.687 0.989
2	1	7.699 1	90.820 1
2	1	7.241 1	90.376 1
2	1	7.1058 1	90.445 1
2	1	7.1397 1	90.1939 1
2	1	7.409 1	90.2067 1
2	1	7.571 1	90.1872 1
2	1	7.1739 1	90.161 1
2	1	7.217 1	90.353 1
2	1	7.1355 1	90.1403 1
2	1	7.1053 1	90.440 1
2	1	7.606 1	90.1742 1
2	1	7.496 1	90.607 1
2	1	7.1036 1	90.1235 1
2	1	7.348 1	90.435 1
2	1	7.358 1	90.1798 1
3	2	7.567 1	90.2168 1 90.869 1
4	4	7.719 1 7.94 0.055	90.2172 1 90.873 1
2	1	7.96 1	90.247 1
3	2	7.1624 1 7.386 0.873	90.672 1
2	1	7.540 1	90.1210 1
3	2	7.15 1	90.1666 0.059 90.642 1
2	1	7.363 1	90.1803 1
3	2	7.1568 1	90.2264 1 90.964 1
2	1	7.1025 1	90.24 1
2	1	7.980 1	90.1871 1
3	2	7.1308 1	90.1713 1 90.285 1
2	1	7.1307 1	90.2078 1
2	1	7.1374 1	90.120 1
5	4	7.1021 0.368 7.1094 0.421 7.1175 1 7.169 0.263	90.1388 1
2	1	7.641 1	90.1679 1
2	1	7.202 1	90.341 1
2	1	7.472 1	90.1436 1
2	1	7.1540 1	90.1591 1
3	2	7.1090 1	90.2189 1 90.890 1
2	1	7.782 1	90.1224 1
2	1	7.701 1	90.822 1
2	1	7.1561 1	90.1101 1
2	1	7.1769 1	90.216 1
2	1	7.1735 1	90.158 1
2	1	7.229 1	90.365 1
2	1	7.256 1	90.390 1
2	1	7.626 1	90.1670 1
5	4	7.1517 0.727 7.1724 0.680 7.73 0.753 7.930 1	90.983 1
25	46	7.1180 0.625 7.183 1	90.1083 0.917 90.1098 0.667 90.1114 0.833 90.113 0.917 90.1135 1 90.1355 1 90.1449 0.917 90.1628 1 90.1724 0.917 90.1728 0.917 90.1919 0.667 90.1974 0.917 90.2036 0.833 90.2053 0.917 90.2097 0.833 90.2201 0.917 90.2238 0.917 90.2255 0.917 90.296 0.917 90.777 0.583 90.902 0.917 90.939 0.917 90.955 0.583
7	10	7.1458 0.854 7.1518 0.935 7.1725 1 7.1784 0.603 7.72 0.984	90.1060 0.158 90.301 1
2	1	7.1048 1	90.436 1
3	2	7.1095 1	90.1927 1 90.2044 0.692
2	1	7.697 1	90.818 1
3	2	7.559 1	90.2191 1 90.892 1
2	1	7.376 1	90.1824 1
2	1	7.1530 1	90.506 1
2	1	7.1206 1	90.513 1
2	1	7.1541 1	90.1899 1
2	1	7.577 1	90.1694 1
2	1	7.594 1	90.1710 1
4	3	7.1213 1	90.1493 0.190 90.1522 0.714 90.1569 1
2	1	7.700 1	90.821 1
2	1	7.1326 1	90.1049 1
2	1	7.221 1	90.357 1
2	1	7.1606 1	90.750 1
2	1	7.1074 1	90.471 1
2	1	7.568 1	90.671 1
2	1	7.1455 1	90.66 1
2	1	7.1763 1	90.211 1
2	1	7.625 1	90.1669 1
2	1	7.1450 1	90.61 1
24	44	7.1177 1 7.176 0.996	90.1080 0.867 90.110 0.867 90.1110 0.800 90.1139 0.867 90.1351 0.800 90.1446 0.867 90.1624 1 90.1721 0.867 90.1731 0.800 90.1816 0.733 90.1977 0.867 90.2056 0.800 90.2204 1 90.2227 0.933 90.2235 0.800 90.2252 0.800 90.293 0.800 90.906 0.667 90.929 1 90.936 0.800 90.952 0.867 90.1923 0.903
2	1	7.1123 1	90.1087 1
2	1	7.1407 1	90.1912 1
2	1	7.467 1	90.1455 1
2	1	7.585 1	90.1702 1
2	1	7.776 1	90.1230 1
2	1	7.137 1	90.314 1
2	1	7.24 1	90.805 1
2	1	7.134 1	90.284 1
13	22	7.173 0.429 7.1787 1	90.1286 0.667 90.1293 1 90.1718 0.667 90.1747 0.667 90.184 0.667 90.2176 0.667 90.649 1 90.726 0.667 90.798 1 90.849 0.667 90.877 0.667
2	1	7.710 1	90.853 1
2	1	7.114 1	90.265 1
2	1	7.303 1	90.1615 1
2	1	7.659 1	90.1325 1
3	2	7.1216 1	90.1520 1 90.1556 0.065
7	6	7.67 1	90.1269 0.986 90.1310 0.869 90.1763 0.971 90.2109 0.724 90.2306 0.710 90.708 1
2	1	7.1134 1	90.534 1
3	2	7.1218 1	90.1518 1 90.1573 0.400
2	1	7.1584 1	90.1001 1
4	4	7.1412 0.577 7.724 1	90.1577 1 90.587 1
6	5	7.1215 1	90.1466 1 90.1492 1 90.1521 1 90.1539 1 90.1570 1
4	3	7.1522 0.969 7.339 1 7.68 0.344	90.1882 1
2	1	7.987 1	90.1873 1
2	1	7.712 1	90.855 1
2	1	7.1013 1	90.2077 1
2	1	7.1024 1	90.25 1
6	5	7.1325 1	90.1274 1 90.1304 1 90.1758 1 90.195 1 90.713 0.957
2	1	7.452 1	90.1201 1
2	1	7.1695 1	90.1903 1
2	1	7.676 1	90.1068 1
2	1	7.97 1	90.248 1
2	1	7.1623 1	90.320 1
2	1	7.1626 1	90.998 1
2	1	7.1680 1	90.1380 1
2	1	7.573 1	90.1693 1
7	6	7.1217 1	90.1490 0.857 90.1503 0.857 90.1519 0.714 90.1541 0.714 90.1557 0.714 90.1572 1
2	1	7.283 1	90.1632 1
2	1	7.310 1	90.1608 1
2	1	7.610 1	90.1852 1
2	1	7.885 1	90.598 1
3	2	7.1312 1	90.1166 0.400 90.1893 1
2	1	7.206 1	90.342 1
2	1	7.742 1	90.579 1
2	1	7.1613 1	90.735 1
32	135	7.1020 1 7.1093 1 7.1174 0.444 7.168 0.111 7.45 0.997	90.1929 1 90.105 1 90.620 1 90.911 0.910 90.923 1 90.1009 1 90.1075 1 90.1103 1 90.1146 1 90.1196 1 90.1346 1 90.1361 1 90.1377 1 90.1441 1 90.1592 1 90.1604 1 90.1619 1 90.1736 1 90.1822 1 90.1826 1 90.1829 1 90.1982 1 90.2061 1 90.2209 1 90.2221 1 90.2228 1 90.2246 1
2	1	7.353 1	90.1959 1
2	1	7.421 1	90.2107 1
2	1	7.1405 1	90.1930 1
6	8	7.1527 1 7.611 1	90.718 1 90.1020 1 90.460 0.827 90.1046 0.075
2	1	7.1569 1	90.965 1
14	40	7.1313 1 7.1526 0.192 7.612 0.192 7.62 0.115	90.1163 0.600 90.1277 1 90.1300 1 90.1756 0.132 90.1891 0.600 90.193 1 90.2184 0.650 90.459 0.600 90.716 0.950 90.885 0.650
3	2	7.167 0.333 7.345 1	90.1389 1
2	1	7.1306 1	90.2079 1
26	48	7.55 1 7.175 1	90.1079 1 90.1350 1 90.1720 1 90.1732 1 90.1978 1 90.907 1 90.935 1 90.1343 1 90.1140 0.929 90.2205 0.929 90.2234 0.929 90.1109 0.857 90.2226 0.857 90.1817 0.821 90.928 0.821 90.780 0.607 90.1924 0.576 90.1623 0.500 90.2057 0.429 90.292 0.429 90.1445 0.393 90.2041 0.393 90.2251 0.393 90.951 0.393
2	1	7.1019 1	90.786 1
2	1	7.471 1	90.1437 1
2	1	7.235 1	90.371 1
2	1	7.619 1	90.1460 1
2	1	7.1583 1	90.1000 1
12	11	7.1310 1	90.1019 0.333 90.1167 0.200 90.1298 1 90.1415 0.267 90.1598 0.200 90.189 0.067 90.1895 0.200 90.2181 1 90.37 0.267 90.793 0.267 90.882 1
2	1	7.98 1	90.249 1
2	1	7.698 1	90.819 1
2	1	7.240 1	90.486 1
2	1	7.66 1	90.1883 1
2	1	7.356 1	90.1960 1
2	1	7.1417 1	90.2013 1
2	1	7.535 1	90.1054 1
3	2	7.1091 0.107 7.152 1	90.1618 1
2	1	7.317 1	90.487 1
2	1	7.1214 1	90.1554 1
6	9	7.1040 0.961 7.1490 1 7.1785 0.906	90.2152 0.961 90.231 1 90.46 0.961
2	1	7.1599 1	90.628 1
