Size	Relations	OrthoA	OrthoB
2	1	7.1532 1	91.480 1
2	1	7.562 1	91.198 1
2	1	7.1260 1	91.884 1
2	1	7.313 1	91.1280 1
2	1	7.1259 1	91.883 1
2	1	7.1383 1	91.363 1
2	1	7.1428 1	91.1029 1
2	1	7.390 1	91.1137 1
2	1	7.408 1	91.1002 1
2	1	7.640 1	91.1240 1
2	1	7.100 1	91.731 1
2	1	7.702 1	91.172 1
2	1	7.162 1	91.673 1
2	1	7.706 1	91.176 1
2	1	7.979 1	91.1098 1
2	1	7.1131 1	91.451 1
2	1	7.784 1	91.24 1
2	1	7.672 1	91.216 1
2	1	7.508 1	91.591 1
2	1	7.320 1	91.1295 1
2	1	7.1294 1	91.961 1
2	1	7.974 1	91.1102 1
2	1	7.370 1	91.1155 1
2	1	7.1753 1	91.769 1
2	1	7.536 1	91.164 1
2	1	7.1367 1	91.810 1
2	1	7.426 1	91.942 1
2	1	7.81 1	91.745 1
2	1	7.1171 1	91.426 1
2	1	7.773 1	91.13 1
2	1	7.704 1	91.174 1
2	1	7.1349 1	91.1042 1
2	1	7.1256 1	91.820 1
2	1	7.564 1	91.196 1
2	1	7.499 1	91.377 1
2	1	7.312 1	91.1279 1
2	1	7.1740 1	91.782 1
2	1	7.388 1	91.1139 1
2	1	7.1614 1	91.245 1
2	1	7.327 1	91.207 1
2	1	7.1615 1	91.244 1
2	1	7.239 1	91.627 1
2	1	7.1457 1	91.893 1
3	2	7.593 1	91.1212 1 91.265 0.650
2	1	7.149 1	91.679 1
2	1	7.425 1	91.943 1
2	1	7.1012 1	91.971 1
2	1	7.1396 1	91.1068 1
2	1	7.510 1	91.589 1
2	1	7.393 1	91.1134 1
2	1	7.670 1	91.214 1
2	1	7.1391 1	91.369 1
2	1	7.435 1	91.933 1
2	1	7.940 1	91.754 1
2	1	7.1647 1	91.1392 1
2	1	7.844 1	91.41 1
2	1	7.110 1	91.718 1
2	1	7.308 1	91.1276 1
2	1	7.1343 1	91.1035 1
2	1	7.1418 1	91.1021 1
2	1	7.1266 1	91.889 1
2	1	7.522 1	91.574 1
2	1	7.1643 1	91.1396 1
2	1	7.605 1	91.1205 1
2	1	7.1063 1	91.553 1
2	1	7.1662 1	91.1385 1
2	1	7.969 1	91.1104 1
2	1	7.469 1	91.96 1
2	1	7.1438 1	91.920 1
2	1	7.396 1	91.1131 1
2	1	7.429 1	91.939 1
2	1	7.1219 1	91.1064 1
2	1	7.1559 1	91.302 1
2	1	7.1201 1	91.476 1
2	1	7.161 1	91.674 1
2	1	7.557 1	91.203 1
2	1	7.570 1	91.360 1
2	1	7.1366 1	91.811 1
2	1	7.513 1	91.586 1
2	1	7.1069 1	91.548 1
2	1	7.643 1	91.1237 1
2	1	7.1075 1	91.515 1
2	1	7.579 1	91.1229 1
2	1	7.1604 1	91.254 1
2	1	7.109 1	91.719 1
2	1	7.1616 1	91.243 1
2	1	7.855 1	91.116 1
2	1	7.1060 1	91.556 1
2	1	7.129 1	91.699 1
2	1	7.1348 1	91.1041 1
2	1	7.566 1	91.193 1
2	1	7.715 1	91.185 1
2	1	7.1437 1	91.921 1
2	1	7.1267 1	91.890 1
2	1	7.1732 1	91.789 1
2	1	7.619 1	91.1253 1
2	1	7.1395 1	91.1067 1
2	1	7.1136 1	91.446 1
2	1	7.1401 1	91.1073 1
2	1	7.1051 1	91.565 1
4	4	7.1496 0.742 7.1782 1	91.519 1 91.998 0.802
2	1	7.1030 1	91.927 1
2	1	7.265 1	91.596 1
2	1	7.1050 1	91.566 1
2	1	7.95 1	91.735 1
2	1	7.1354 1	91.1047 1
2	1	7.486 1	91.384 1
2	1	7.1070 1	91.547 1
2	1	7.843 1	91.40 1
2	1	7.1036 1	91.929 1
2	1	7.1402 1	91.1074 1
2	1	7.126 1	91.702 1
2	1	7.1679 1	91.1328 1
2	1	7.145 1	91.688 1
2	1	7.1404 1	91.1076 1
2	1	7.978 1	91.1099 1
2	1	7.1439 1	91.919 1
2	1	7.422 1	91.946 1
2	1	7.227 1	91.639 1
2	1	7.516 1	91.583 1
2	1	7.1133 1	91.449 1
2	1	7.1734 1	91.787 1
2	1	7.1398 1	91.1070 1
2	1	7.1200 1	91.477 1
2	1	7.521 1	91.578 1
2	1	7.1447 1	91.904 1
3	2	7.1185 1 7.50 0.867	91.219 1
2	1	7.622 1	91.1252 1
2	1	7.423 1	91.945 1
2	1	7.514 1	91.585 1
2	1	7.1042 1	91.493 1
2	1	7.1762 1	91.765 1
2	1	7.130 1	91.698 1
2	1	7.198 1	91.663 1
2	1	7.854 1	91.117 1
2	1	7.1208 1	91.469 1
2	1	7.1056 1	91.560 1
2	1	7.380 1	91.1147 1
2	1	7.83 1	91.743 1
2	1	7.1399 1	91.1071 1
2	1	7.1268 1	91.891 1
2	1	7.970 1	91.1103 1
2	1	7.111 1	91.717 1
2	1	7.1507 1	91.1300 1
2	1	7.711 1	91.181 1
2	1	7.1202 1	91.475 1
2	1	7.1429 1	91.1030 1
2	1	7.151 1	91.677 1
2	1	7.1597 1	91.260 1
2	1	7.934 1	91.748 1
2	1	7.1132 1	91.450 1
2	1	7.787 1	91.27 1
2	1	7.1533 1	91.481 1
2	1	7.779 1	91.19 1
2	1	7.1453 1	91.897 1
2	1	7.608 1	91.1202 1
2	1	7.417 1	91.951 1
2	1	7.509 1	91.590 1
2	1	7.912 1	91.153 1
2	1	7.1194 1	91.405 1
2	1	7.938 1	91.752 1
2	1	7.560 1	91.200 1
2	1	7.1440 1	91.918 1
2	1	7.646 1	91.1161 1
2	1	7.131 1	91.697 1
2	1	7.1425 1	91.1026 1
2	1	7.419 1	91.949 1
2	1	7.660 1	91.10 1
2	1	7.427 1	91.941 1
2	1	7.975 1	91.1100 1
2	1	7.1169 1	91.428 1
2	1	7.1558 1	91.301 1
2	1	7.1542 1	91.1090 1
2	1	7.317 1	91.1292 1
2	1	7.1255 1	91.819 1
2	1	7.1067 1	91.549 1
2	1	7.554 1	91.1352 1
2	1	7.1137 1	91.444 1
2	1	7.1623 1	91.239 1
2	1	7.1143 1	91.438 1
3	2	7.1211 1	91.825 1 91.90 0.566
2	1	7.502 1	91.376 1
2	1	7.127 1	91.701 1
2	1	7.1539 1	91.92 1
2	1	7.520 1	91.579 1
2	1	7.1603 1	91.255 1
2	1	7.936 1	91.750 1
2	1	7.539 1	91.125 1
2	1	7.1360 1	91.495 1
2	1	7.1618 1	91.241 1
2	1	7.1193 1	91.407 1
2	1	7.1463 1	91.1061 1
2	1	7.1748 1	91.774 1
2	1	7.1352 1	91.1045 1
2	1	7.1578 1	91.314 1
2	1	7.618 1	91.1254 1
2	1	7.780 1	91.20 1
2	1	7.387 1	91.1140 1
2	1	7.637 1	91.1243 1
2	1	7.692 1	91.814 1
2	1	7.642 1	91.1238 1
2	1	7.518 1	91.581 1
2	1	7.498 1	91.378 1
4	3	7.457 1	91.1325 1 91.1380 0.214 91.331 0.345
2	1	7.19 1	91.160 1
2	1	7.1104 1	91.465 1
2	1	7.199 1	91.662 1
2	1	7.657 1	91.8 1
2	1	7.1598 1	91.259 1
2	1	7.101 1	91.730 1
2	1	7.103 1	91.728 1
2	1	7.1305 1	91.968 1
2	1	7.753 1	91.211 1
2	1	7.1548 1	91.1084 1
2	1	7.705 1	91.175 1
3	2	7.935 1	91.749 1 91.46 0.883
2	1	7.932 1	91.499 1
2	1	7.1359 1	91.494 1
2	1	7.561 1	91.199 1
2	1	7.1090 1	91.505 1
2	1	7.415 1	91.953 1
2	1	7.556 1	91.204 1
2	1	7.694 1	91.166 1
2	1	7.1535 1	91.483 1
2	1	7.1130 1	91.454 1
2	1	7.1076 1	91.514 1
2	1	7.863 1	91.110 1
2	1	7.1336 1	91.957 1
2	1	7.1751 1	91.771 1
2	1	7.1337 1	91.956 1
2	1	7.424 1	91.944 1
2	1	7.414 1	91.954 1
2	1	7.1190 1	91.409 1
2	1	7.772 1	91.12 1
2	1	7.124 1	91.704 1
2	1	7.1451 1	91.899 1
2	1	7.451 1	91.1058 1
2	1	7.1062 1	91.554 1
2	1	7.398 1	91.1129 1
3	2	7.144 1	91.689 1 91.48 0.969
2	1	7.1534 1	91.482 1
3	2	7.1248 1 7.1492 0.597	91.994 1
2	1	7.395 1	91.1132 1
2	1	7.1718 1	91.1305 1
2	1	7.14 1	91.161 1
2	1	7.519 1	91.580 1
3	2	7.1488 0.733 7.958 1	91.533 1
2	1	7.1430 1	91.1032 1
2	1	7.1152 1	91.432 1
2	1	7.1706 1	91.1314 1
2	1	7.1031 1	91.928 1
2	1	7.1462 1	91.1062 1
2	1	7.708 1	91.179 1
2	1	7.1546 1	91.1086 1
2	1	7.589 1	91.1221 1
2	1	7.1770 1	91.759 1
2	1	7.1508 1	91.1299 1
2	1	7.751 1	91.209 1
2	1	7.602 1	91.1207 1
2	1	7.569 1	91.359 1
2	1	7.623 1	91.1251 1
2	1	7.653 1	91.281 1
2	1	7.1743 1	91.779 1
2	1	7.517 1	91.582 1
2	1	7.636 1	91.1244 1
2	1	7.165 1	91.670 1
2	1	7.1029 1	91.926 1
2	1	7.284 1	91.1265 1
2	1	7.632 1	91.1248 1
2	1	7.325 1	91.206 1
2	1	7.112 1	91.716 1
3	2	7.1098 0.338 7.1178 1	91.223 1
2	1	7.884 1	91.391 1
2	1	7.143 1	91.690 1
2	1	7.1744 1	91.778 1
2	1	7.1717 1	91.1306 1
2	1	7.515 1	91.584 1
2	1	7.638 1	91.1242 1
2	1	7.1761 1	91.766 1
2	1	7.842 1	91.39 1
2	1	7.1057 1	91.559 1
2	1	7.392 1	91.1135 1
2	1	7.237 1	91.629 1
2	1	7.1044 1	91.492 1
2	1	7.232 1	91.634 1
2	1	7.1357 1	91.121 1
2	1	7.164 1	91.671 1
2	1	7.937 1	91.751 1
2	1	7.1424 1	91.1025 1
2	1	7.716 1	91.188 1
3	2	7.1601 1	91.257 1 91.909 0.766
2	1	7.503 1	91.593 1
2	1	7.1661 1	91.1386 1
2	1	7.1617 1	91.242 1
2	1	7.1448 1	91.902 1
2	1	7.1610 1	91.249 1
2	1	7.148 1	91.680 1
2	1	7.242 1	91.623 1
2	1	7.1456 1	91.894 1
2	1	7.107 1	91.725 1
2	1	7.1251 1	91.815 1
2	1	7.196 1	91.665 1
2	1	7.939 1	91.753 1
2	1	7.1303 1	91.967 1
2	1	7.82 1	91.744 1
2	1	7.1465 1	91.682 1
2	1	7.1531 1	91.479 1
2	1	7.1265 1	91.888 1
2	1	7.1545 1	91.1087 1
2	1	7.883 1	91.390 1
2	1	7.1382 1	91.362 1
2	1	7.924 1	91.148 1
2	1	7.404 1	91.1127 1
2	1	7.1646 1	91.1393 1
2	1	7.261 1	91.600 1
2	1	7.925 1	91.147 1
2	1	7.437 1	91.931 1
2	1	7.565 1	91.195 1
2	1	7.1302 1	91.966 1
2	1	7.1140 1	91.441 1
2	1	7.362 1	91.1159 1
2	1	7.436 1	91.932 1
2	1	7.795 1	91.33 1
2	1	7.104 1	91.727 1
2	1	7.1752 1	91.770 1
2	1	7.588 1	91.1222 1
2	1	7.778 1	91.18 1
2	1	7.1205 1	91.472 1
2	1	7.211 1	91.655 1
2	1	7.163 1	91.672 1
2	1	7.1365 1	91.812 1
2	1	7.1452 1	91.898 1
2	1	7.1733 1	91.788 1
2	1	7.1262 1	91.886 1
2	1	7.1565 1	91.305 1
2	1	7.1061 1	91.555 1
2	1	7.400 1	91.1128 1
2	1	7.634 1	91.1246 1
2	1	7.1356 1	91.122 1
2	1	7.138 1	91.691 1
2	1	7.1714 1	91.1308 1
2	1	7.797 1	91.34 1
2	1	7.1253 1	91.817 1
2	1	7.1549 1	91.1083 1
2	1	7.511 1	91.588 1
2	1	7.318 1	91.1293 1
2	1	7.123 1	91.705 1
2	1	7.774 1	91.14 1
2	1	7.1550 1	91.1082 1
2	1	7.1663 1	91.1384 1
2	1	7.1540 1	91.1298 1
2	1	7.1747 1	91.775 1
2	1	7.307 1	91.1275 1
2	1	7.1350 1	91.1043 1
2	1	7.1736 1	91.785 1
2	1	7.1719 1	91.1304 1
2	1	7.496 1	91.379 1
2	1	7.260 1	91.601 1
2	1	7.652 1	91.282 1
2	1	7.595 1	91.1210 1
2	1	7.1142 1	91.439 1
2	1	7.1632 1	91.322 1
2	1	7.669 1	91.213 1
2	1	7.432 1	91.936 1
2	1	7.555 1	91.205 1
2	1	7.122 1	91.706 1
2	1	7.1334 1	91.959 1
2	1	7.416 1	91.952 1
2	1	7.1602 1	91.256 1
2	1	7.315 1	91.1291 1
2	1	7.857 1	91.114 1
2	1	7.590 1	91.1220 1
2	1	7.786 1	91.26 1
2	1	7.1594 1	91.336 1
2	1	7.1746 1	91.776 1
2	1	7.1351 1	91.1044 1
2	1	7.1749 1	91.773 1
2	1	7.674 1	91.233 1
2	1	7.1720 1	91.681 1
2	1	7.794 1	91.32 1
2	1	7.1582 1	91.323 1
2	1	7.240 1	91.626 1
2	1	7.792 1	91.30 1
2	1	7.1588 1	91.327 1
2	1	7.364 1	91.1157 1
2	1	7.1728 1	91.793 1
2	1	7.526 1	91.572 1
2	1	7.1431 1	91.1033 1
2	1	7.617 1	91.1255 1
2	1	7.1110 1	91.466 1
2	1	7.208 1	91.658 1
2	1	7.391 1	91.1136 1
2	1	7.633 1	91.1247 1
2	1	7.624 1	91.1250 1
4	4	7.1247 1 7.1491 0.682	91.527 1 91.993 0.147
2	1	7.656 1	91.279 1
2	1	7.195 1	91.666 1
2	1	7.389 1	91.1138 1
2	1	7.470 1	91.97 1
2	1	7.1405 1	91.1077 1
2	1	7.214 1	91.652 1
4	3	7.1551 1	91.1010 0.192 91.1011 1 91.491 0.298
2	1	7.1123 1	91.457 1
2	1	7.1144 1	91.437 1
2	1	7.1742 1	91.780 1
3	2	7.598 1	91.1208 1 91.3 0.776
2	1	7.94 1	91.738 1
2	1	7.700 1	91.170 1
2	1	7.919 1	91.149 1
2	1	7.573 1	91.1232 1
2	1	7.1642 1	91.292 1
2	1	7.85 1	91.741 1
2	1	7.311 1	91.1278 1
2	1	7.1087 1	91.508 1
2	1	7.258 1	91.603 1
2	1	7.1146 1	91.435 1
2	1	7.234 1	91.632 1
2	1	7.1538 1	91.486 1
3	2	7.319 1	91.1294 1 91.796 0.816
2	1	7.911 1	91.154 1
2	1	7.479 1	91.388 1
2	1	7.1423 1	91.1024 1
2	1	7.1767 1	91.761 1
2	1	7.113 1	91.714 1
2	1	7.244 1	91.620 1
2	1	7.1568 1	91.307 1
2	1	7.309 1	91.1277 1
2	1	7.1464 1	91.1060 1
2	1	7.375 1	91.1150 1
2	1	7.658 1	91.9 1
2	1	7.1560 1	91.303 1
2	1	7.302 1	91.1270 1
2	1	7.166 1	91.669 1
2	1	7.671 1	91.215 1
2	1	7.1333 1	91.960 1
2	1	7.1364 1	91.498 1
2	1	7.1400 1	91.1072 1
2	1	7.433 1	91.935 1
2	1	7.243 1	91.621 1
2	1	7.434 1	91.934 1
2	1	7.1088 1	91.507 1
2	1	7.1655 1	91.1390 1
2	1	7.246 1	91.619 1
2	1	7.578 1	91.1230 1
3	2	7.851 1 7.852 0.868	91.119 1
2	1	7.1536 1	91.484 1
2	1	7.1503 1	91.1303 1
2	1	7.1670 1	91.1334 1
2	1	7.228 1	91.638 1
2	1	7.693 1	91.165 1
2	1	7.275 1	91.1260 1
2	1	7.850 1	91.120 1
2	1	7.1633 1	91.321 1
2	1	7.238 1	91.628 1
2	1	7.1342 1	91.1034 1
2	1	7.1157 1	91.429 1
2	1	7.1393 1	91.371 1
2	1	7.577 1	91.1231 1
2	1	7.1078 1	91.513 1
2	1	7.384 1	91.1146 1
2	1	7.591 1	91.1219 1
2	1	7.1756 1	91.767 1
2	1	7.1203 1	91.474 1
2	1	7.474 1	91.100 1
2	1	7.512 1	91.587 1
2	1	7.133 1	91.695 1
2	1	7.1726 1	91.795 1
3	2	7.587 1 7.1556 0.790	91.1223 1
2	1	7.263 1	91.598 1
2	1	7.59 1	91.217 1
2	1	7.431 1	91.937 1
2	1	7.675 1	91.234 1
2	1	7.604 1	91.1206 1
2	1	7.644 1	91.1236 1
2	1	7.121 1	91.707 1
2	1	7.1344 1	91.1036 1
2	1	7.1738 1	91.784 1
2	1	7.713 1	91.183 1
2	1	7.1593 1	91.335 1
2	1	7.250 1	91.614 1
2	1	7.654 1	91.280 1
2	1	7.1028 1	91.925 1
2	1	7.117 1	91.711 1
2	1	7.1054 1	91.562 1
2	1	7.1049 1	91.567 1
2	1	7.915 1	91.150 1
2	1	7.1147 1	91.434 1
2	1	7.1392 1	91.370 1
2	1	7.1608 1	91.250 1
2	1	7.209 1	91.657 1
2	1	7.1419 1	91.1022 1
2	1	7.269 1	91.1257 1
2	1	7.102 1	91.729 1
2	1	7.1138 1	91.443 1
2	1	7.285 1	91.1266 1
2	1	7.270 1	91.1258 1
2	1	7.754 1	91.212 1
2	1	7.119 1	91.709 1
2	1	7.1362 1	91.496 1
2	1	7.1207 1	91.470 1
2	1	7.529 1	91.569 1
2	1	7.1704 1	91.1316 1
2	1	7.430 1	91.938 1
2	1	7.405 1	91.1126 1
2	1	7.472 1	91.99 1
2	1	7.1449 1	91.901 1
2	1	7.216 1	91.650 1
2	1	7.752 1	91.210 1
2	1	7.1254 1	91.818 1
2	1	7.1710 1	91.1309 1
2	1	7.225 1	91.641 1
2	1	7.1055 1	91.561 1
2	1	7.1064 1	91.552 1
2	1	7.1089 1	91.506 1
2	1	7.1403 1	91.1075 1
2	1	7.286 1	91.1268 1
2	1	7.262 1	91.599 1
2	1	7.586 1	91.1224 1
2	1	7.1389 1	91.367 1
2	1	7.1664 1	91.1383 1
2	1	7.528 1	91.570 1
2	1	7.639 1	91.1241 1
2	1	7.1148 1	91.433 1
2	1	7.1373 1	91.808 1
2	1	7.859 1	91.111 1
2	1	7.1156 1	91.430 1
2	1	7.1547 1	91.1085 1
2	1	7.1065 1	91.551 1
2	1	7.1705 1	91.1315 1
2	1	7.1066 1	91.550 1
2	1	7.1636 1	91.319 1
2	1	7.132 1	91.696 1
2	1	7.571 1	91.1235 1
2	1	7.1612 1	91.247 1
2	1	7.1374 1	91.807 1
2	1	7.1577 1	91.313 1
2	1	7.379 1	91.1148 1
2	1	7.1390 1	91.368 1
2	1	7.20 1	91.159 1
2	1	7.789 1	91.29 1
2	1	7.397 1	91.1130 1
2	1	7.785 1	91.25 1
2	1	7.1750 1	91.772 1
2	1	7.409 1	91.1003 1
2	1	7.968 1	91.1105 1
2	1	7.223 1	91.643 1
2	1	7.146 1	91.687 1
2	1	7.1444 1	91.905 1
2	1	7.1659 1	91.1388 1
2	1	7.1530 1	91.478 1
2	1	7.1731 1	91.790 1
2	1	7.1363 1	91.497 1
2	1	7.220 1	91.646 1
3	2	7.540 1	91.124 0.107 91.167 1
2	1	7.1420 1	91.1023 1
2	1	7.1537 1	91.485 1
2	1	7.358 1	91.1160 1
2	1	7.1454 1	91.896 1
2	1	7.870 1	91.105 1
2	1	7.1145 1	91.436 1
2	1	7.305 1	91.1273 1
2	1	7.1589 1	91.328 1
2	1	7.1613 1	91.246 1
2	1	7.248 1	91.617 1
2	1	7.699 1	91.169 1
2	1	7.1587 1	91.326 1
2	1	7.264 1	91.597 1
4	3	7.645 1	91.1326 1 91.1381 0.626 91.330 0.582
2	1	7.1345 1	91.1037 1
2	1	7.282 1	91.1263 1
2	1	7.1576 1	91.312 1
2	1	7.249 1	91.616 1
2	1	7.478 1	91.389 1
2	1	7.527 1	91.571 1
2	1	7.333 1	91.361 1
2	1	7.1600 1	91.258 1
2	1	7.1052 1	91.564 1
2	1	7.276 1	91.1261 1
2	1	7.775 1	91.15 1
2	1	7.1257 1	91.821 1
2	1	7.1408 1	91.1080 1
2	1	7.1700 1	91.1317 1
2	1	7.703 1	91.173 1
2	1	7.1571 1	91.309 1
2	1	7.866 1	91.107 1
2	1	7.788 1	91.28 1
2	1	7.1504 1	91.1302 1
2	1	7.1645 1	91.1394 1
3	2	7.371 1 7.1441 0.705	91.1154 1
2	1	7.120 1	91.708 1
2	1	7.1394 1	91.1066 1
2	1	7.1426 1	91.1027 1
2	1	7.283 1	91.1264 1
2	1	7.466 1	91.93 1
3	2	7.647 1	91.1162 1 91.456 0.194
2	1	7.1141 1	91.440 1
6	5	7.15 1	91.1065 1 91.178 0.575 91.272 0.464 91.291 0.342 91.736 0.471
2	1	7.1648 1	91.1391 1
2	1	7.635 1	91.1245 1
2	1	7.1017 1	91.1004 1
2	1	7.1543 1	91.1089 1
2	1	7.18 1	91.283 1
2	1	7.1644 1	91.1395 1
2	1	7.1059 1	91.557 1
2	1	7.257 1	91.604 1
2	1	7.597 1	91.1209 1
2	1	7.1058 1	91.558 1
2	1	7.777 1	91.17 1
2	1	7.568 1	91.237 1
2	1	7.609 1	91.1201 1
2	1	7.838 1	91.38 1
2	1	7.712 1	91.182 1
4	4	7.1039 1 7.1489 0.129	91.532 1 91.989 0.062
2	1	7.1335 1	91.958 1
2	1	7.1680 1	91.1327 1
2	1	7.304 1	91.1272 1
2	1	7.1607 1	91.251 1
2	1	7.1730 1	91.791 1
2	1	7.490 1	91.381 1
2	1	7.1471 1	91.683 1
2	1	7.1135 1	91.447 1
2	1	7.1353 1	91.1046 1
2	1	7.798 1	91.35 1
2	1	7.428 1	91.940 1
2	1	7.215 1	91.651 1
2	1	7.1258 1	91.822 1
2	1	7.1619 1	91.240 1
2	1	7.1086 1	91.509 1
2	1	7.1566 1	91.306 1
2	1	7.108 1	91.720 1
2	1	7.125 1	91.703 1
2	1	7.1634 1	91.320 1
2	1	7.1346 1	91.1038 1
2	1	7.1673 1	91.1333 1
2	1	7.21 1	91.158 1
2	1	7.1707 1	91.1311 1
2	1	7.97 1	91.733 1
2	1	7.1727 1	91.794 1
2	1	7.281 1	91.1262 1
2	1	7.1026 1	91.923 1
2	1	7.197 1	91.664 1
2	1	7.626 1	91.1249 1
2	1	7.1191 1	91.408 1
2	1	7.160 1	91.675 1
2	1	7.865 1	91.108 1
2	1	7.226 1	91.640 1
2	1	7.710 1	91.180 1
2	1	7.1252 1	91.816 1
2	1	7.1427 1	91.1028 1
2	1	7.1766 1	91.762 1
2	1	7.826 1	91.839 1
2	1	7.1741 1	91.781 1
2	1	7.22 1	91.157 1
2	1	7.1658 1	91.1389 1
2	1	7.1660 1	91.1387 1
2	1	7.563 1	91.197 1
2	1	7.1575 1	91.311 1
2	1	7.853 1	91.118 1
2	1	7.222 1	91.644 1
2	1	7.489 1	91.382 1
2	1	7.864 1	91.109 1
2	1	7.231 1	91.635 1
2	1	7.941 1	91.755 1
2	1	7.1703 1	91.667 1
2	1	7.84 1	91.742 1
2	1	7.218 1	91.648 1
2	1	7.1590 1	91.334 1
2	1	7.418 1	91.950 1
2	1	7.707 1	91.177 1
2	1	7.386 1	91.1141 1
2	1	7.372 1	91.1153 1
2	1	7.1027 1	91.924 1
2	1	7.783 1	91.23 1
2	1	7.192 1	91.340 1
2	1	7.23 1	91.156 1
2	1	7.1182 1	91.343 1
2	1	7.407 1	91.1001 1
2	1	7.781 1	91.21 1
2	1	7.233 1	91.633 1
2	1	7.1179 1	91.345 1
2	1	7.1771 1	91.758 1
2	1	7.230 1	91.636 1
2	1	7.1120 1	91.460 1
5	6	7.1176 1 7.174 0.373 7.343 0.776	91.224 1 91.349 0.613
2	1	7.224 1	91.642 1
2	1	7.714 1	91.184 1
2	1	7.1300 1	91.964 1
2	1	7.1501 1	91.685 1
2	1	7.13 1	91.162 1
2	1	7.259 1	91.602 1
2	1	7.468 1	91.95 1
2	1	7.1506 1	91.1301 1
3	2	7.931 1	91.1178 0.204 91.500 1
2	1	7.118 1	91.710 1
2	1	7.1406 1	91.1078 1
2	1	7.116 1	91.712 1
2	1	7.213 1	91.653 1
2	1	7.677 1	91.236 1
2	1	7.858 1	91.113 1
2	1	7.986 1	91.1096 1
2	1	7.1461 1	91.1063 1
2	1	7.128 1	91.700 1
2	1	7.156 1	91.676 1
2	1	7.306 1	91.1274 1
2	1	7.219 1	91.647 1
2	1	7.1586 1	91.325 1
2	1	7.1570 1	91.308 1
2	1	7.150 1	91.678 1
2	1	7.207 1	91.659 1
2	1	7.1018 1	91.1005 1
2	1	7.1139 1	91.442 1
2	1	7.334 1	91.747 1
2	1	7.1121 1	91.459 1
2	1	7.580 1	91.1228 1
2	1	7.374 1	91.1151 1
2	1	7.394 1	91.1133 1
2	1	7.99 1	91.732 1
2	1	7.350 1	91.1051 1
2	1	7.247 1	91.618 1
2	1	7.1624 1	91.238 1
2	1	7.1573 1	91.310 1
2	1	7.1417 1	91.1020 1
2	1	7.507 1	91.592 1
2	1	7.793 1	91.31 1
2	1	7.1307 1	91.969 1
2	1	7.606 1	91.1204 1
2	1	7.420 1	91.948 1
2	1	7.440 1	91.1200 1
2	1	7.495 1	91.423 1
2	1	7.480 1	91.387 1
2	1	7.1442 1	91.907 1
2	1	7.1122 1	91.458 1
2	1	7.212 1	91.654 1
2	1	7.1754 1	91.768 1
2	1	7.1544 1	91.1088 1
2	1	7.210 1	91.656 1
2	1	7.558 1	91.202 1
2	1	7.115 1	91.713 1
2	1	7.1384 1	91.364 1
2	1	7.1745 1	91.777 1
2	1	7.363 1	91.1158 1
2	1	7.365 1	91.1156 1
2	1	7.980 1	91.1097 1
3	2	7.995 1	91.1197 0.179 91.852 1
2	1	7.1079 1	91.512 1
2	1	7.255 1	91.606 1
2	1	7.856 1	91.115 1
2	1	7.1669 1	91.1335 1
2	1	7.1611 1	91.248 1
2	1	7.1388 1	91.366 1
2	1	7.607 1	91.1203 1
2	1	7.1585 1	91.324 1
2	1	7.641 1	91.1239 1
2	1	7.701 1	91.171 1
2	1	7.1729 1	91.792 1
2	1	7.1206 1	91.471 1
2	1	7.96 1	91.734 1
2	1	7.1037 1	91.930 1
2	1	7.1397 1	91.1069 1
2	1	7.105 1	91.726 1
2	1	7.1301 1	91.965 1
2	1	7.750 1	91.208 1
2	1	7.1455 1	91.895 1
2	1	7.567 1	91.192 1
2	1	7.610 1	91.1117 1
2	1	7.1355 1	91.123 1
2	1	7.1739 1	91.783 1
2	1	7.782 1	91.22 1
2	1	7.1735 1	91.786 1
2	1	7.241 1	91.625 1
2	1	7.1606 1	91.252 1
2	1	7.134 1	91.694 1
2	1	7.1053 1	91.563 1
2	1	7.256 1	91.605 1
2	1	7.217 1	91.649 1
2	1	7.594 1	91.1211 1
2	1	7.1579 1	91.315 1
2	1	7.236 1	91.630 1
3	2	7.303 1	91.1271 1 91.850 0.882
2	1	7.814 1	91.1189 1
2	1	7.697 1	91.168 1
2	1	7.202 1	91.661 1
2	1	7.913 1	91.151 1
3	2	7.1175 1	91.230 1 91.356 1
2	1	7.1443 1	91.906 1
2	1	7.1074 1	91.516 1
2	1	7.1541 1	91.1091 1
2	1	7.376 1	91.1149 1
2	1	7.1025 1	91.922 1
2	1	7.1769 1	91.760 1
2	1	7.1372 1	91.809 1
3	2	7.1297 1 7.328 0.700	91.962 1
2	1	7.1715 1	91.1307 1
2	1	7.1561 1	91.304 1
2	1	7.229 1	91.637 1
2	1	7.183 1	91.220 1
8	15	7.1484 1 7.1485 1 7.962 0.733 7.961 0.701 7.342 0.124	91.537 1 91.536 1 91.983 0.297
2	1	7.534 1	91.163 1
2	1	7.221 1	91.645 1
2	1	7.1763 1	91.764 1
2	1	7.559 1	91.201 1
2	1	7.1407 1	91.1079 1
2	1	7.24 1	91.155 1
2	1	7.206 1	91.660 1
2	1	7.353 1	91.1050 1
2	1	7.467 1	91.94 1
2	1	7.805 1	91.1184 1
2	1	7.1450 1	91.900 1
3	2	7.1177 1 7.176 1	91.347 1
2	1	7.987 1	91.1095 1
2	1	7.585 1	91.1225 1
2	1	7.776 1	91.16 1
2	1	7.314 1	91.1290 1
2	1	7.268 1	91.1256 1
2	1	7.572 1	91.1234 1
2	1	7.1278 1	91.1049 1
4	3	7.1186 1	91.218 1 91.339 0.065 91.342 0.263
2	1	7.235 1	91.631 1
6	8	7.459 1 7.688 0.806	91.42 1 91.611 0.818 91.1056 0.858 91.1164 0.858
2	1	7.1246 1	91.813 1
3	2	7.1486 1 7.960 0.856	91.984 1
2	1	7.1170 1	91.427 1
2	1	7.181 1	91.222 1
2	1	7.676 1	91.235 1
2	1	7.385 1	91.1142 1
2	1	7.1261 1	91.885 1
2	1	7.885 1	91.392 1
2	1	7.1299 1	91.963 1
2	1	7.1134 1	91.448 1
2	1	7.1347 1	91.1040 1
3	2	7.171 1	91.228 1 91.354 1
4	3	7.452 1	91.1120 0.562 91.275 1 91.277 0.581
2	1	7.1605 1	91.253 1
2	1	7.421 1	91.947 1
2	1	7.80 1	91.746 1
7	10	7.1020 1 7.1093 1 7.1174 0.545 7.168 0.273 7.45 1	91.231 1 91.357 1
9	8	7.1197 0.242 7.1249 0.215 7.1493 0.274 7.1515 0.356 7.1722 0.270 7.1778 0.240 7.76 0.318 7.928 1	91.1039 1
2	1	7.471 1	91.98 1
2	1	7.1554 1	91.914 1
3	2	7.1650 1	91.68 1 91.867 0.387
2	1	7.26 1	91.422 1
2	1	7.55 1	91.348 1
4	4	7.167 0.556 7.345 1	91.232 0.201 91.358 1
26	25	7.1046 0.993 7.1115 0.626 7.1127 0.993 7.1188 0.993 7.1321 0.959 7.1563 0.993 7.1637 0.993 7.299 0.993 7.323 0.993 7.34 0.993 7.35 0.943 7.410 1 7.438 0.993 7.462 0.993 7.493 0.959 7.649 0.983 7.726 0.993 7.734 0.993 7.740 0.993 7.743 0.993 7.807 0.988 7.811 0.993 7.888 0.892 7.903 0.993 7.955 0.993	91.723 1
2	1	7.266 1	91.594 1
4	3	7.1195 1	91.1181 1 91.398 0.771 91.403 0.252
8	12	7.1225 1 7.1226 1 7.953 0.408 7.1516 0.348 7.1723 0.317 7.1196 0.244	91.608 1 91.410 1
3	2	7.170 1	91.229 1 91.355 0.089
2	1	7.1083 1	91.511 1
