Size	Relations	OrthoA	OrthoB
2	1	7.1532 1	89.502 1
2	1	7.1260 1	89.96 1
2	1	7.1259 1	89.97 1
2	1	7.313 1	89.1611 1
2	1	7.1703 1	89.1051 1
2	1	7.1383 1	89.639 1
2	1	7.1428 1	89.2002 1
2	1	7.640 1	89.1682 1
2	1	7.100 1	89.255 1
2	1	7.702 1	89.815 1
2	1	7.706 1	89.819 1
2	1	7.678 1	89.1063 1
2	1	7.784 1	89.1223 1
2	1	7.1294 1	89.2081 1
2	1	7.974 1	89.1871 1
2	1	7.162 1	89.333 1
2	1	7.1131 1	89.528 1
2	1	7.508 1	89.415 1
2	1	7.370 1	89.1809 1
2	1	7.672 1	89.1069 1
2	1	7.426 1	89.4 1
2	1	7.81 1	89.243 1
2	1	7.1171 1	89.558 1
2	1	7.1753 1	89.178 1
2	1	7.536 1	89.807 1
2	1	7.704 1	89.817 1
2	1	7.1256 1	89.100 1
2	1	7.773 1	89.1234 1
2	1	7.1367 1	89.108 1
2	1	7.425 1	89.3 1
2	1	7.149 1	89.328 1
2	1	7.499 1	89.605 1
2	1	7.940 1	89.238 1
2	1	7.1740 1	89.164 1
2	1	7.1614 1	89.724 1
2	1	7.435 1	89.13 1
2	1	7.1391 1	89.611 1
2	1	7.1396 1	89.1942 1
3	2	7.1782 1	89.2153 1 89.404 0.894
3	2	7.327 1	89.2220 1 89.913 1
2	1	7.510 1	89.417 1
2	1	7.670 1	89.1072 1
2	1	7.393 1	89.1846 1
3	2	7.110 1 7.1132 0.780	89.264 1
2	1	7.1343 1	89.1999 1
2	1	7.239 1	89.377 1
2	1	7.308 1	89.1615 1
2	1	7.1063 1	89.461 1
2	1	7.1643 1	89.1338 1
2	1	7.605 1	89.1743 1
2	1	7.844 1	89.1208 1
2	1	7.1647 1	89.1371 1
2	1	7.1266 1	89.72 1
2	1	7.1615 1	89.723 1
2	1	7.1418 1	89.2010 1
2	1	7.1429 1	89.2001 1
2	1	7.312 1	89.1612 1
2	1	7.161 1	89.332 1
2	1	7.396 1	89.1849 1
2	1	7.969 1	89.1869 1
2	1	7.1447 1	89.59 1
2	1	7.1349 1	89.1995 1
2	1	7.1219 1	89.1946 1
2	1	7.1662 1	89.1378 1
2	1	7.469 1	89.1444 1
2	1	7.513 1	89.421 1
2	1	7.593 1	89.1712 1
2	1	7.1604 1	89.739 1
2	1	7.1201 1	89.506 1
2	1	7.429 1	89.7 1
2	1	7.1069 1	89.466 1
3	2	7.557 1	89.2186 1 89.883 1
2	1	7.643 1	89.1685 1
2	1	7.1732 1	89.157 1
2	1	7.579 1	89.1701 1
2	1	7.1559 1	89.1122 1
2	1	7.129 1	89.283 1
2	1	7.1060 1	89.445 1
2	1	7.855 1	89.1419 1
2	1	7.745 1	89.1838 1
2	1	7.522 1	89.430 1
2	1	7.1354 1	89.1990 1
2	1	7.265 1	89.402 1
2	1	7.1267 1	89.71 1
2	1	7.1030 1	89.19 1
2	1	7.109 1	89.263 1
3	2	7.566 1	89.2162 1 89.858 1
2	1	7.95 1	89.250 1
2	1	7.1050 1	89.437 1
2	1	7.1395 1	89.1943 1
2	1	7.1402 1	89.1936 1
2	1	7.1616 1	89.722 1
2	1	7.1401 1	89.1937 1
2	1	7.1051 1	89.438 1
2	1	7.843 1	89.1209 1
2	1	7.1734 1	89.159 1
2	1	7.227 1	89.365 1
2	1	7.1348 1	89.1996 1
2	1	7.422 1	89.2103 1
2	1	7.516 1	89.424 1
2	1	7.1439 1	89.31 1
2	1	7.423 1	89.1 1
2	1	7.1133 1	89.532 1
3	2	7.1511 0.963 7.57 1	89.909 1
3	2	7.978 1 7.934 0.679	89.1872 1
2	1	7.622 1	89.1671 1
2	1	7.1200 1	89.505 1
2	1	7.126 1	89.280 1
2	1	7.145 1	89.322 1
3	2	7.1248 1 7.1492 0.508	89.2148 1
2	1	7.521 1	89.429 1
2	1	7.1075 1	89.470 1
2	1	7.694 1	89.808 1
2	1	7.130 1	89.284 1
2	1	7.1137 1	89.539 1
2	1	7.1398 1	89.1940 1
4	4	7.1488 1 7.958 0.505	89.2144 0.985 89.44 1
2	1	7.1404 1	89.1934 1
2	1	7.1056 1	89.442 1
2	1	7.198 1	89.341 1
4	3	7.1514 0.711 7.77 0.072 7.927 1	89.974 1
2	1	7.854 1	89.1418 1
2	1	7.1457 1	89.69 1
2	1	7.1042 1	89.491 1
2	1	7.970 1	89.1870 1
2	1	7.1507 1	89.1593 1
2	1	7.1202 1	89.507 1
2	1	7.608 1	89.1746 1
2	1	7.1070 1	89.467 1
2	1	7.1399 1	89.1939 1
3	2	7.1491 1	89.2147 1 89.47 1
2	1	7.570 1	89.662 1
2	1	7.151 1	89.330 1
2	1	7.1762 1	89.211 1
2	1	7.912 1	89.762 1
2	1	7.1702 1	89.1050 1
2	1	7.1208 1	89.513 1
2	1	7.938 1	89.240 1
2	1	7.1255 1	89.101 1
2	1	7.779 1	89.1228 1
2	1	7.554 1	89.1184 1
2	1	7.1143 1	89.545 1
2	1	7.419 1	89.2100 1
2	1	7.417 1	89.2091 1
2	1	7.111 1	89.265 1
2	1	7.1425 1	89.2005 1
2	1	7.1211 1	89.1025 1
2	1	7.1268 1	89.70 1
2	1	7.127 1	89.281 1
2	1	7.1193 1	89.573 1
2	1	7.83 1	89.245 1
2	1	7.787 1	89.1220 1
2	1	7.1542 1	89.1904 1
2	1	7.1679 1	89.1386 1
2	1	7.1169 1	89.557 1
2	1	7.509 1	89.416 1
2	1	7.520 1	89.428 1
2	1	7.1067 1	89.465 1
2	1	7.936 1	89.242 1
3	2	7.1513 1 7.79 0.213	89.904 1
2	1	7.427 1	89.5 1
2	1	7.1453 1	89.65 1
2	1	7.780 1	89.1227 1
3	2	7.560 1	89.2183 1 89.880 1
2	1	7.131 1	89.285 1
2	1	7.1533 1	89.501 1
2	1	7.1748 1	89.173 1
2	1	7.1618 1	89.720 1
2	1	7.518 1	89.426 1
2	1	7.1597 1	89.749 1
2	1	7.415 1	89.2089 1
2	1	7.1558 1	89.1123 1
2	1	7.526 1	89.431 1
2	1	7.1352 1	89.1992 1
2	1	7.642 1	89.1684 1
2	1	7.711 1	89.844 1
2	1	7.1603 1	89.740 1
2	1	7.637 1	89.1679 1
2	1	7.1598 1	89.745 1
2	1	7.434 1	89.12 1
2	1	7.498 1	89.604 1
2	1	7.1190 1	89.572 1
2	1	7.414 1	89.2088 1
2	1	7.1104 1	89.519 1
2	1	7.1336 1	89.2085 1
2	1	7.144 1	89.321 1
9	8	7.1178 1	89.1083 0.333 89.115 1 89.1733 0.636 89.2053 0.727 89.2196 0.879 89.2233 0.576 89.298 0.727 89.927 0.333
2	1	7.1337 1	89.2086 1
2	1	7.1751 1	89.176 1
2	1	7.539 1	89.1397 1
2	1	7.1578 1	89.963 1
2	1	7.1451 1	89.63 1
2	1	7.1548 1	89.1913 1
2	1	7.101 1	89.256 1
2	1	7.424 1	89.2 1
2	1	7.519 1	89.427 1
2	1	7.395 1	89.1848 1
2	1	7.826 1	89.625 1
2	1	7.398 1	89.1851 1
2	1	7.124 1	89.278 1
3	2	7.556 1	89.2187 1 89.884 1
2	1	7.772 1	89.1235 1
2	1	7.705 1	89.818 1
2	1	7.1770 1	89.218 1
2	1	7.1076 1	89.471 1
2	1	7.569 1	89.663 1
2	1	7.602 1	89.1741 1
2	1	7.103 1	89.258 1
2	1	7.1012 1	89.2074 1
2	1	7.1535 1	89.499 1
2	1	7.514 1	89.422 1
2	1	7.1463 1	89.1949 1
2	1	7.1546 1	89.1911 1
2	1	7.165 1	89.336 1
2	1	7.863 1	89.1435 1
2	1	7.1071 1	89.468 1
2	1	7.884 1	89.594 1
2	1	7.753 1	89.1092 1
2	1	7.517 1	89.425 1
2	1	7.1424 1	89.2006 1
2	1	7.646 1	89.1801 1
2	1	7.842 1	89.1210 1
2	1	7.143 1	89.320 1
2	1	7.1044 1	89.492 1
2	1	7.1744 1	89.169 1
2	1	7.232 1	89.370 1
2	1	7.440 1	89.964 1
2	1	7.623 1	89.1672 1
2	1	7.1430 1	89.2000 1
2	1	7.515 1	89.423 1
4	4	7.1487 0.668 7.959 1	89.2142 1 89.226 0.972
2	1	7.589 1	89.1709 1
2	1	7.1029 1	89.20 1
2	1	7.737 1	89.576 1
2	1	7.199 1	89.342 1
2	1	7.1617 1	89.721 1
2	1	7.107 1	89.261 1
2	1	7.1534 1	89.500 1
2	1	7.1783 1	89.2154 1
2	1	7.1303 1	89.2079 1
2	1	7.636 1	89.1678 1
2	1	7.1057 1	89.443 1
2	1	7.1761 1	89.210 1
2	1	7.112 1	89.266 1
2	1	7.638 1	89.1680 1
2	1	7.392 1	89.1845 1
2	1	7.1508 1	89.1594 1
2	1	7.1601 1	89.742 1
2	1	7.164 1	89.335 1
2	1	7.211 1	89.349 1
3	2	7.325 1	89.2219 1 89.912 1
2	1	7.242 1	89.379 1
2	1	7.1265 1	89.73 1
2	1	7.404 1	89.1853 1
2	1	7.163 1	89.334 1
2	1	7.939 1	89.239 1
2	1	7.656 1	89.1199 1
2	1	7.1661 1	89.1377 1
2	1	7.437 1	89.15 1
2	1	7.883 1	89.595 1
2	1	7.751 1	89.1094 1
2	1	7.1302 1	89.2080 1
2	1	7.588 1	89.1708 1
2	1	7.653 1	89.1197 1
2	1	7.562 1	89.2044 1
2	1	7.1357 1	89.1413 1
2	1	7.1140 1	89.542 1
2	1	7.1531 1	89.503 1
2	1	7.633 1	89.1675 1
2	1	7.82 1	89.244 1
3	2	7.1646 1 7.1573 0.796	89.1370 1
2	1	7.1448 1	89.60 1
2	1	7.511 1	89.418 1
3	2	7.1519 0.811 7.71 1	89.1022 1
2	1	7.924 1	89.777 1
2	1	7.733 1	89.578 1
2	1	7.774 1	89.1233 1
2	1	7.937 1	89.241 1
2	1	7.400 1	89.1852 1
8	12	7.1509 0.335 7.965 1	89.1175 0.124 89.1331 0.213 89.1668 0.718 89.206 1 89.661 0.769 89.824 0.987
2	1	7.1752 1	89.177 1
2	1	7.1733 1	89.158 1
2	1	7.795 1	89.1214 1
2	1	7.797 1	89.1213 1
2	1	7.104 1	89.259 1
2	1	7.1550 1	89.1915 1
2	1	7.778 1	89.1229 1
2	1	7.19 1	89.803 1
2	1	7.1350 1	89.1994 1
2	1	7.237 1	89.375 1
2	1	7.1205 1	89.510 1
2	1	7.261 1	89.398 1
2	1	7.1452 1	89.64 1
2	1	7.14 1	89.804 1
2	1	7.196 1	89.339 1
2	1	7.590 1	89.1710 1
2	1	7.307 1	89.1616 1
2	1	7.436 1	89.14 1
2	1	7.138 1	89.319 1
2	1	7.1549 1	89.1914 1
2	1	7.1718 1	89.1589 1
2	1	7.416 1	89.2090 1
2	1	7.1746 1	89.171 1
2	1	7.1142 1	89.544 1
2	1	7.741 1	89.575 1
2	1	7.669 1	89.1073 1
2	1	7.1382 1	89.640 1
2	1	7.786 1	89.1221 1
2	1	7.408 1	89.2068 1
2	1	7.122 1	89.276 1
2	1	7.1438 1	89.29 1
2	1	7.1356 1	89.1412 1
2	1	7.657 1	89.1334 1
2	1	7.1110 1	89.518 1
2	1	7.1663 1	89.1379 1
2	1	7.1437 1	89.27 1
2	1	7.1728 1	89.153 1
2	1	7.1736 1	89.161 1
2	1	7.1749 1	89.174 1
2	1	7.123 1	89.277 1
2	1	7.1061 1	89.446 1
2	1	7.674 1	89.1068 1
2	1	7.432 1	89.10 1
27	72	7.1182 1 7.1185 1 7.50 1	89.1973 1 89.1086 1 89.1456 0.798 89.301 0.788 89.945 0.771 89.2251 0.767 89.930 0.759 89.2236 0.757 89.1364 0.749 89.1730 0.716 89.118 0.682 89.2096 0.370 89.889 0.355 89.2192 0.322 89.1729 0.264 89.1633 0.262 89.948 0.226 89.2255 0.194 89.2191 0.164 89.888 0.152 89.2050 0.115 89.2030 0.109 89.1133 0.070 89.1343 0.066
2	1	7.1632 1	89.978 1
2	1	7.1609 1	89.731 1
2	1	7.364 1	89.1807 1
2	1	7.1351 1	89.1993 1
2	1	7.857 1	89.1420 1
2	1	7.208 1	89.346 1
2	1	7.214 1	89.352 1
2	1	7.1747 1	89.172 1
2	1	7.85 1	89.247 1
2	1	7.1334 1	89.2083 1
2	1	7.1538 1	89.496 1
2	1	7.1588 1	89.994 1
2	1	7.1144 1	89.546 1
2	1	7.391 1	89.1844 1
2	1	7.1087 1	89.479 1
2	1	7.1423 1	89.2007 1
2	1	7.1464 1	89.1952 1
2	1	7.1742 1	89.166 1
2	1	7.1456 1	89.68 1
2	1	7.113 1	89.268 1
2	1	7.634 1	89.1676 1
2	1	7.658 1	89.1333 1
2	1	7.578 1	89.1700 1
2	1	7.234 1	89.372 1
2	1	7.1520 1	89.1883 1
2	1	7.433 1	89.11 1
2	1	7.794 1	89.1215 1
2	1	7.302 1	89.1621 1
2	1	7.1400 1	89.1938 1
2	1	7.375 1	89.1813 1
2	1	7.792 1	89.1217 1
2	1	7.258 1	89.393 1
2	1	7.652 1	89.1196 1
2	1	7.911 1	89.763 1
2	1	7.479 1	89.597 1
2	1	7.512 1	89.419 1
2	1	7.1333 1	89.2082 1
3	2	7.614 1	89.1890 0.844 89.453 1
2	1	7.1633 1	89.977 1
2	1	7.1536 1	89.498 1
2	1	7.1146 1	89.548 1
2	1	7.1655 1	89.1373 1
2	1	7.1726 1	89.151 1
2	1	7.598 1	89.1740 1
2	1	7.1642 1	89.1124 1
2	1	7.228 1	89.366 1
2	1	7.470 1	89.1443 1
2	1	7.591 1	89.1711 1
3	2	7.720 1	89.1587 0.078 89.583 1
2	1	7.850 1	89.1415 1
2	1	7.246 1	89.384 1
2	1	7.644 1	89.1686 1
2	1	7.244 1	89.383 1
2	1	7.431 1	89.9 1
3	2	7.851 1 7.852 0.868	89.1416 1
2	1	7.1147 1	89.549 1
2	1	7.166 1	89.337 1
2	1	7.209 1	89.347 1
2	1	7.654 1	89.1198 1
2	1	7.1393 1	89.609 1
3	2	7.555 1	89.2188 1 89.885 1
2	1	7.1049 1	89.436 1
2	1	7.1088 1	89.480 1
2	1	7.133 1	89.287 1
2	1	7.1462 1	89.1948 1
2	1	7.1503 1	89.1591 1
2	1	7.1593 1	89.1006 1
2	1	7.604 1	89.1742 1
2	1	7.1545 1	89.1910 1
2	1	7.275 1	89.1640 1
2	1	7.1203 1	89.508 1
2	1	7.1344 1	89.1998 1
2	1	7.1054 1	89.440 1
2	1	7.1392 1	89.610 1
2	1	7.595 1	89.1715 1
2	1	7.270 1	89.1642 1
2	1	7.1582 1	89.988 1
2	1	7.117 1	89.271 1
2	1	7.1449 1	89.61 1
3	2	7.1565 1	89.2257 1 89.949 1
2	1	7.269 1	89.1643 1
2	1	7.1419 1	89.2009 1
2	1	7.1066 1	89.464 1
2	1	7.1089 1	89.481 1
2	1	7.1064 1	89.462 1
2	1	7.474 1	89.1441 1
2	1	7.119 1	89.273 1
3	2	7.558 1	89.2185 1 89.882 1
2	1	7.1364 1	89.488 1
2	1	7.1719 1	89.1590 1
2	1	7.1148 1	89.551 1
3	2	7.587 1 7.1556 0.790	89.1707 1
2	1	7.1028 1	89.21 1
2	1	7.1389 1	89.613 1
2	1	7.1602 1	89.741 1
2	1	7.1612 1	89.726 1
2	1	7.238 1	89.376 1
2	1	7.713 1	89.846 1
2	1	7.1738 1	89.162 1
2	1	7.1055 1	89.441 1
2	1	7.1373 1	89.123 1
2	1	7.833 1	89.620 1
2	1	7.529 1	89.434 1
2	1	7.59 1	89.1125 1
2	1	7.1157 1	89.556 1
2	1	7.121 1	89.275 1
2	1	7.148 1	89.327 1
2	1	7.859 1	89.1434 1
2	1	7.1403 1	89.1935 1
2	1	7.146 1	89.323 1
2	1	7.639 1	89.1681 1
2	1	7.935 1	89.1206 1
2	1	7.675 1	89.1067 1
2	1	7.397 1	89.1850 1
2	1	7.1078 1	89.474 1
2	1	7.1441 1	89.57 1
2	1	7.1731 1	89.156 1
2	1	7.223 1	89.361 1
2	1	7.225 1	89.363 1
2	1	7.1065 1	89.463 1
2	1	7.615 1	89.452 1
2	1	7.789 1	89.1218 1
2	1	7.503 1	89.409 1
2	1	7.1363 1	89.489 1
2	1	7.1664 1	89.1380 1
2	1	7.1420 1	89.2008 1
2	1	7.1750 1	89.175 1
2	1	7.20 1	89.802 1
2	1	7.220 1	89.358 1
2	1	7.785 1	89.1222 1
2	1	7.132 1	89.286 1
3	2	7.728 1	89.1584 1 89.581 0.723
2	1	7.502 1	89.608 1
2	1	7.1454 1	89.66 1
2	1	7.1610 1	89.730 1
2	1	7.384 1	89.1839 1
2	1	7.1743 1	89.167 1
2	1	7.102 1	89.257 1
2	1	7.262 1	89.399 1
4	3	7.962 1	89.2139 1 89.223 1 89.38 1
2	1	7.466 1	89.1462 1
2	1	7.430 1	89.8 1
2	1	7.1257 1	89.99 1
2	1	7.1156 1	89.555 1
2	1	7.1537 1	89.497 1
2	1	7.1390 1	89.612 1
2	1	7.1589 1	89.995 1
2	1	7.282 1	89.1637 1
2	1	7.1600 1	89.743 1
2	1	7.788 1	89.1219 1
2	1	7.1659 1	89.1375 1
2	1	7.1547 1	89.1912 1
2	1	7.1145 1	89.547 1
2	1	7.586 1	89.1706 1
2	1	7.647 1	89.1800 1
2	1	7.1426 1	89.2004 1
2	1	7.248 1	89.386 1
2	1	7.243 1	89.382 1
2	1	7.1648 1	89.1372 1
2	1	7.216 1	89.354 1
2	1	7.754 1	89.1091 1
2	1	7.1408 1	89.1916 1
2	1	7.1017 1	89.2061 1
2	1	7.264 1	89.401 1
2	1	7.1394 1	89.1944 1
2	1	7.215 1	89.353 1
2	1	7.311 1	89.1613 1
2	1	7.371 1	89.1810 1
2	1	7.528 1	89.433 1
2	1	7.1607 1	89.734 1
2	1	7.1577 1	89.962 1
2	1	7.777 1	89.1230 1
2	1	7.866 1	89.1438 1
2	1	7.1258 1	89.98 1
2	1	7.1384 1	89.638 1
2	1	7.1623 1	89.324 1
2	1	7.703 1	89.816 1
2	1	7.1543 1	89.1905 1
2	1	7.249 1	89.387 1
2	1	7.1335 1	89.2084 1
2	1	7.195 1	89.338 1
2	1	7.775 1	89.1232 1
2	1	7.660 1	89.1290 1
2	1	7.1186 1	89.1841 1
2	1	7.1587 1	89.993 1
2	1	7.263 1	89.400 1
2	1	7.304 1	89.1619 1
2	1	7.428 1	89.6 1
2	1	7.1141 1	89.543 1
4	3	7.1486 1	89.2141 1 89.225 0.087 89.40 0.913
2	1	7.527 1	89.432 1
23	42	7.1176 1 7.343 0.545	89.1080 0.659 89.1110 1 89.113 0.707 89.1141 0.366 89.1351 0.268 89.1357 0.805 89.1450 0.707 89.1602 0.119 89.1736 0.220 89.1927 0.610 89.1979 0.707 89.2037 0.756 89.2056 0.780 89.2199 0.805 89.2230 0.780 89.2245 0.805 89.295 0.732 89.769 0.415 89.897 0.707 89.924 0.732 89.939 0.756
2	1	7.1059 1	89.444 1
2	1	7.1644 1	89.1339 1
2	1	7.276 1	89.1639 1
2	1	7.120 1	89.274 1
2	1	7.1504 1	89.1592 1
2	1	7.1253 1	89.103 1
2	1	7.226 1	89.364 1
2	1	7.197 1	89.340 1
2	1	7.1427 1	89.2003 1
2	1	7.616 1	89.1571 1
2	1	7.1135 1	89.534 1
2	1	7.1576 1	89.961 1
2	1	7.1645 1	89.1369 1
3	2	7.995 1	89.563 0.143 89.83 1
2	1	7.865 1	89.1437 1
2	1	7.1207 1	89.512 1
2	1	7.1353 1	89.1991 1
2	1	7.1741 1	89.165 1
2	1	7.478 1	89.596 1
2	1	7.1031 1	89.17 1
2	1	7.21 1	89.801 1
2	1	7.708 1	89.821 1
2	1	7.1510 1	89.908 1
3	2	7.1566 1	89.2258 1 89.950 1
2	1	7.125 1	89.279 1
2	1	7.609 1	89.1747 1
2	1	7.534 1	89.806 1
2	1	7.752 1	89.1093 1
4	3	7.495 1	89.147 0.079 89.1987 1 89.2015 0.257
2	1	7.281 1	89.1638 1
2	1	7.231 1	89.369 1
2	1	7.1346 1	89.1997 1
2	1	7.22 1	89.797 1
2	1	7.1727 1	89.152 1
2	1	7.1027 1	89.22 1
2	1	7.1766 1	89.214 1
2	1	7.222 1	89.360 1
2	1	7.635 1	89.1677 1
2	1	7.84 1	89.246 1
2	1	7.1251 1	89.106 1
3	2	7.1493 1 7.1778 0.755	89.1033 1
2	1	7.798 1	89.1212 1
4	3	7.1485 1	89.2140 1 89.224 1 89.39 1
2	1	7.218 1	89.356 1
2	1	7.1634 1	89.976 1
2	1	7.405 1	89.1855 1
2	1	7.853 1	89.1417 1
2	1	7.160 1	89.331 1
2	1	7.1026 1	89.23 1
3	2	7.1571 1	89.2261 1 89.954 1
2	1	7.1568 1	89.2259 1
8	7	7.1179 1	89.1115 1 89.116 0.886 89.1631 0.743 89.2052 0.886 89.2249 0.886 89.299 0.886 89.943 0.886
2	1	7.230 1	89.368 1
2	1	7.233 1	89.371 1
7	10	7.1786 1 7.1489 1	89.231 1 89.2145 1 89.45 0.403 89.1884 0.080 89.1019 0.061
2	1	7.1254 1	89.102 1
2	1	7.1440 1	89.32 1
3	2	7.1515 1	89.1795 0.109 89.2270 1
8	12	7.1524 0.895 7.64 1	89.1154 0.291 89.1269 0.991 89.1314 1 89.1768 0.991 89.2306 0.687 89.700 0.979
2	1	7.257 1	89.392 1
2	1	7.707 1	89.820 1
2	1	7.715 1	89.849 1
2	1	7.783 1	89.1224 1
2	1	7.1575 1	89.960 1
14	24	7.758 1 7.759 1	89.1533 1 89.1545 1 89.1560 0.866 89.1484 0.700 89.1487 0.496 89.1514 0.359 89.1523 0.223 89.1501 0.099 89.1574 0.089 89.1519 0.071 89.1559 0.070 89.1544 0.067
2	1	7.213 1	89.351 1
2	1	7.65 1	89.1888 1
3	2	7.829 1 7.1650 0.872	89.627 1
2	1	7.128 1	89.282 1
2	1	7.224 1	89.362 1
2	1	7.1252 1	89.104 1
2	1	7.468 1	89.1460 1
2	1	7.260 1	89.395 1
2	1	7.259 1	89.394 1
2	1	7.864 1	89.1436 1
2	1	7.1554 1	89.1102 1
2	1	7.1619 1	89.719 1
2	1	7.1658 1	89.1374 1
2	1	7.306 1	89.1617 1
2	1	7.1120 1	89.522 1
2	1	7.1660 1	89.1376 1
2	1	7.730 1	89.580 1
2	1	7.821 1	89.623 1
2	1	7.23 1	89.798 1
2	1	7.714 1	89.847 1
2	1	7.1191 1	89.1391 1
2	1	7.219 1	89.357 1
2	1	7.207 1	89.345 1
9	14	7.335 0.118 7.963 1	89.1718 0.188 89.1900 0.188 89.2138 1 89.222 0.750 89.37 1 89.449 0.625 89.460 0.188
2	1	7.1608 1	89.733 1
2	1	7.931 1	89.485 1
2	1	7.372 1	89.1811 1
2	1	7.99 1	89.254 1
2	1	7.858 1	89.1433 1
2	1	7.284 1	89.1634 1
2	1	7.350 1	89.1960 1
2	1	7.648 1	89.1827 1
2	1	7.1544 1	89.1906 1
2	1	7.1730 1	89.155 1
2	1	7.247 1	89.385 1
2	1	7.150 1	89.329 1
2	1	7.212 1	89.350 1
2	1	7.1018 1	89.2060 1
2	1	7.1586 1	89.991 1
2	1	7.1768 1	89.216 1
2	1	7.1139 1	89.541 1
2	1	7.108 1	89.262 1
2	1	7.116 1	89.270 1
2	1	7.1760 1	89.182 1
2	1	7.210 1	89.348 1
8	7	7.613 1	89.1271 0.198 89.1312 0.189 89.1766 0.198 89.1891 0.212 89.2308 0.208 89.454 1 89.702 0.198
2	1	7.677 1	89.1065 1
2	1	7.781 1	89.1226 1
2	1	7.1138 1	89.540 1
2	1	7.420 1	89.2101 1
2	1	7.1442 1	89.58 1
2	1	7.374 1	89.1812 1
2	1	7.1122 1	89.524 1
2	1	7.118 1	89.272 1
2	1	7.580 1	89.1703 1
2	1	7.418 1	89.2099 1
2	1	7.480 1	89.598 1
2	1	7.1121 1	89.523 1
2	1	7.822 1	89.1003 1
2	1	7.731 1	89.579 1
2	1	7.1611 1	89.727 1
2	1	7.394 1	89.1847 1
3	2	7.1624 1 7.386 0.934	89.666 1
2	1	7.827 1	89.626 1
2	1	7.365 1	89.1808 1
2	1	7.1079 1	89.476 1
2	1	7.255 1	89.390 1
2	1	7.1745 1	89.170 1
2	1	7.1729 1	89.154 1
2	1	7.463 1	89.967 1
2	1	7.607 1	89.1745 1
2	1	7.793 1	89.1216 1
4	3	7.581 1	89.1249 1 89.1786 0.978 89.680 0.989
2	1	7.1635 1	89.975 1
2	1	7.571 1	89.1876 1
2	1	7.241 1	89.378 1
2	1	7.1397 1	89.1941 1
2	1	7.217 1	89.355 1
2	1	7.1053 1	89.439 1
2	1	7.624 1	89.1673 1
2	1	7.1739 1	89.163 1
2	1	7.606 1	89.1744 1
2	1	7.96 1	89.251 1
2	1	7.1355 1	89.1411 1
2	1	7.1036 1	89.1236 1
3	2	7.1094 0.083 7.1175 1	89.1394 1
2	1	7.1307 1	89.2078 1
2	1	7.671 1	89.1071 1
2	1	7.496 1	89.602 1
2	1	7.363 1	89.1806 1
2	1	7.358 1	89.1802 1
3	2	7.1308 1	89.1717 0.500 89.289 1
2	1	7.15 1	89.637 1
3	2	7.567 1	89.2161 1 89.857 1
2	1	7.980 1	89.1875 1
2	1	7.1025 1	89.24 1
2	1	7.1374 1	89.124 1
2	1	7.641 1	89.1683 1
2	1	7.1405 1	89.1932 1
2	1	7.1372 1	89.121 1
2	1	7.1540 1	89.1597 1
2	1	7.202 1	89.343 1
2	1	7.1769 1	89.217 1
3	2	7.1090 1	89.2182 1 89.879 1
2	1	7.1561 1	89.1103 1
2	1	7.1326 1	89.1043 1
2	1	7.1086 1	89.478 1
9	8	7.1095 1	89.1448 1 89.1981 1 89.2058 0.875 89.2228 1 89.2243 1 89.293 0.875 89.922 0.250 89.937 0.875
2	1	7.1755 1	89.180 1
2	1	7.626 1	89.1674 1
2	1	7.701 1	89.814 1
2	1	7.540 1	89.1211 1
6	5	7.1458 0.853 7.1518 0.935 7.1725 1 7.1784 0.602 7.72 0.984	89.307 1
3	2	7.1625 1 7.926 0.619	89.903 1
2	1	7.574 1	89.1696 1
2	1	7.1541 1	89.1903 1
2	1	7.1735 1	89.160 1
2	1	7.229 1	89.367 1
2	1	7.256 1	89.391 1
4	3	7.337 0.074 7.347 1 7.448 0.074	89.1406 1
3	2	7.1512 1 7.56 0.959	89.905 1
2	1	7.932 1	89.487 1
2	1	7.700 1	89.813 1
2	1	7.782 1	89.1225 1
26	48	7.1180 0.625 7.183 1	89.1085 0.917 89.1100 0.833 89.1116 0.750 89.1134 0.833 89.117 0.917 89.1346 0.583 89.1363 1 89.1455 0.833 89.1632 0.833 89.1728 0.917 89.1731 0.917 89.1922 0.917 89.1974 0.917 89.2031 0.583 89.2051 0.917 89.2095 0.833 89.2194 0.917 89.2235 0.917 89.2250 0.917 89.300 0.917 89.766 0.667 89.891 1 89.929 0.917 89.944 0.583
2	1	7.1206 1	89.511 1
2	1	7.376 1	89.1828 1
3	2	7.559 1	89.2184 1 89.881 1
2	1	7.697 1	89.810 1
2	1	7.594 1	89.1714 1
4	3	7.1213 1	89.1499 0.857 89.1548 0.857 89.1577 1
2	1	7.577 1	89.1699 1
2	1	7.1606 1	89.738 1
2	1	7.1530 1	89.504 1
2	1	7.1074 1	89.469 1
2	1	7.221 1	89.359 1
24	44	7.1177 1 7.176 1	89.1082 0.929 89.1112 0.929 89.1138 0.929 89.114 0.929 89.1349 0.643 89.1359 0.929 89.1452 1 89.1628 0.714 89.1725 0.929 89.1734 0.929 89.1819 0.714 89.1925 0.929 89.1977 0.929 89.2054 0.929 89.2197 0.714 89.2232 0.929 89.2247 0.929 89.297 0.929 89.895 0.357 89.919 0.714 89.926 0.929 89.941 1
2	1	7.1407 1	89.1917 1
2	1	7.585 1	89.1705 1
2	1	7.1763 1	89.212 1
2	1	7.137 1	89.318 1
2	1	7.409 1	89.2067 1
2	1	7.941 1	89.237 1
2	1	7.467 1	89.1461 1
2	1	7.837 1	89.79 1
2	1	7.24 1	89.799 1
2	1	7.776 1	89.1231 1
2	1	7.134 1	89.288 1
12	20	7.173 0.429 7.1787 1	89.1287 0.667 89.1294 1 89.1722 0.667 89.1750 0.667 89.186 0.667 89.2169 0.667 89.644 1 89.716 0.667 89.840 0.667 89.866 0.667
2	1	7.1155 1	89.1868 1
2	1	7.659 1	89.1332 1
2	1	7.699 1	89.812 1
2	1	7.303 1	89.1620 1
2	1	7.114 1	89.269 1
5	4	7.1218 1	89.1495 0.714 89.1509 0.714 89.1529 0.714 89.1552 1
3	2	7.719 1 7.94 0.072	89.862 1
2	1	7.203 1	89.344 1
2	1	7.1584 1	89.989 1
2	1	7.1215 1	89.1578 1
9	8	7.67 1	89.1148 1 89.1156 0.932 89.1270 0.966 89.1313 0.966 89.1767 0.949 89.2104 0.407 89.2307 0.450 89.701 0.966
4	4	7.1412 0.566 7.724 1	89.1585 1 89.582 0.870
2	1	7.1013 1	89.2077 1
2	1	7.1216 1	89.1565 1
2	1	7.987 1	89.1877 1
2	1	7.1134 1	89.533 1
2	1	7.1380 1	89.1305 1
2	1	7.712 1	89.845 1
2	1	7.1455 1	89.67 1
4	3	7.1522 1 7.339 0.941 7.68 0.324	89.1886 1
2	1	7.97 1	89.252 1
6	5	7.1325 1	89.1275 1 89.1307 0.979 89.1762 1 89.197 1 89.706 0.979
2	1	7.676 1	89.1066 1
2	1	7.1077 1	89.473 1
2	1	7.452 1	89.1200 1
2	1	7.1695 1	89.1908 1
2	1	7.1626 1	89.987 1
2	1	7.1680 1	89.1387 1
2	1	7.610 1	89.1856 1
2	1	7.885 1	89.593 1
7	6	7.1217 1	89.1496 1 89.1510 1 89.1530 0.400 89.1551 0.800 89.1566 1 89.1580 0.800
2	1	7.573 1	89.1698 1
2	1	7.1613 1	89.725 1
2	1	7.283 1	89.1636 1
2	1	7.235 1	89.373 1
2	1	7.742 1	89.574 1
4	3	7.611 1	89.1010 1 89.1040 0.083 89.458 0.500
32	135	7.1020 1 7.1093 1 7.1174 0.444 7.168 0.111 7.45 1	89.1076 0.111 89.1105 0.778 89.1195 0.111 89.1384 1 89.1399 0.444 89.1931 1 89.614 0.111 89.109 1 89.235 1 89.773 1 89.900 1 89.914 1 89.998 1 89.1145 1 89.1353 1 89.1368 1 89.1395 1 89.1446 1 89.1598 1 89.1610 1 89.1623 1 89.1739 1 89.1824 1 89.1830 1 89.1833 1 89.2202 1 89.2221 1
2	1	7.353 1	89.1961 1
2	1	7.421 1	89.2102 1
2	1	7.1694 1	89.1907 1
2	1	7.1599 1	89.744 1
4	3	7.1313 1 7.1526 0.125 7.612 0.125	89.1163 1
4	3	7.1092 1	89.1146 1 89.1829 1 89.1834 1
3	2	7.66 1	89.1014 0.262 89.1887 1
23	42	7.175 1 7.55 1	89.1350 1 89.2198 1 89.1926 1 89.1081 0.960 89.1724 0.960 89.1735 0.960 89.1978 0.960 89.2231 0.960 89.896 0.960 89.925 0.960 89.1139 0.880 89.1111 0.840 89.1820 0.800 89.1627 0.520 89.1358 0.400 89.1451 0.400 89.2036 0.400 89.2246 0.400 89.940 0.400 89.2055 0.320 89.296 0.320
2	1	7.651 1	89.1825 1
3	2	7.1569 1	89.2260 1 89.953 0.389
2	1	7.1450 1	89.62 1
3	2	7.1312 1	89.1166 1 89.1897 0.804
2	1	7.471 1	89.1442 1
8	7	7.1310 1	89.1299 0.119 89.1424 1 89.1604 1 89.2174 0.119 89.36 0.327 89.785 0.178 89.871 0.119
2	1	7.1461 1	89.1947 1
10	16	7.167 0.667 7.345 1	89.1075 0.259 89.1352 0.103 89.2203 1 89.2265 0.185 89.901 1 89.920 0.214 89.935 0.331 89.958 0.185
2	1	7.698 1	89.811 1
2	1	7.98 1	89.253 1
2	1	7.710 1	89.843 1
2	1	7.1721 1	89.972 1
2	1	7.619 1	89.1466 1
7	10	7.1196 0.382 7.1225 0.359 7.1516 1 7.1723 0.727 7.953 0.476	89.1901 1 89.494 0.069
3	2	7.1381 1 7.1528 0.201	89.459 1
2	1	7.356 1	89.1962 1
2	1	7.240 1	89.483 1
2	1	7.535 1	89.1049 1
2	1	7.1417 1	89.2011 1
3	2	7.1091 0.106 7.152 1	89.1622 1
2	1	7.317 1	89.484 1
6	9	7.1040 0.960 7.1490 1 7.1785 0.904	89.2146 0.738 89.232 0.702 89.46 1
2	1	7.709 1	89.823 1
2	1	7.266 1	89.408 1
