Size	Relations	OrthoA	OrthoB
2	1	7.1532 1	88.505 1
2	1	7.1260 1	88.91 1
2	1	7.1259 1	88.92 1
2	1	7.313 1	88.1613 1
2	1	7.1703 1	88.1056 1
2	1	7.1383 1	88.648 1
2	1	7.1428 1	88.2009 1
2	1	7.640 1	88.1687 1
2	1	7.100 1	88.255 1
2	1	7.702 1	88.824 1
2	1	7.706 1	88.828 1
2	1	7.678 1	88.1066 1
2	1	7.784 1	88.1227 1
2	1	7.974 1	88.1876 1
2	1	7.1294 1	88.2091 1
2	1	7.162 1	88.334 1
2	1	7.508 1	88.418 1
2	1	7.1131 1	88.530 1
2	1	7.370 1	88.1815 1
2	1	7.672 1	88.1072 1
2	1	7.426 1	88.4 1
2	1	7.81 1	88.244 1
2	1	7.1171 1	88.562 1
2	1	7.536 1	88.813 1
2	1	7.1753 1	88.175 1
2	1	7.704 1	88.826 1
2	1	7.1256 1	88.95 1
2	1	7.773 1	88.1238 1
2	1	7.1367 1	88.103 1
2	1	7.425 1	88.3 1
2	1	7.149 1	88.329 1
2	1	7.499 1	88.610 1
2	1	7.940 1	88.239 1
2	1	7.1614 1	88.733 1
2	1	7.435 1	88.13 1
2	1	7.1740 1	88.162 1
2	1	7.1396 1	88.1947 1
2	1	7.1391 1	88.617 1
4	3	7.1782 1	88.2171 1 88.407 0.896 88.52 0.875
3	2	7.327 1	88.2232 1 88.920 1
2	1	7.670 1	88.1074 1
2	1	7.510 1	88.420 1
2	1	7.593 1	88.1718 1
2	1	7.393 1	88.1851 1
2	1	7.110 1	88.264 1
2	1	7.1343 1	88.2006 1
2	1	7.239 1	88.378 1
2	1	7.308 1	88.1618 1
2	1	7.1063 1	88.466 1
2	1	7.1643 1	88.1337 1
2	1	7.1647 1	88.1371 1
2	1	7.605 1	88.1749 1
2	1	7.844 1	88.1212 1
2	1	7.1266 1	88.70 1
2	1	7.1418 1	88.2017 1
2	1	7.1429 1	88.2008 1
2	1	7.1615 1	88.732 1
2	1	7.312 1	88.1614 1
2	1	7.161 1	88.333 1
2	1	7.969 1	88.1874 1
2	1	7.1447 1	88.57 1
2	1	7.396 1	88.1854 1
2	1	7.1219 1	88.1951 1
2	1	7.469 1	88.1445 1
2	1	7.1662 1	88.1378 1
2	1	7.1349 1	88.2002 1
2	1	7.513 1	88.423 1
2	1	7.1604 1	88.749 1
2	1	7.1201 1	88.509 1
2	1	7.429 1	88.7 1
2	1	7.1069 1	88.471 1
3	2	7.557 1	88.2205 1 88.895 1
2	1	7.643 1	88.1690 1
2	1	7.1732 1	88.155 1
2	1	7.579 1	88.1705 1
2	1	7.1559 1	88.1126 1
2	1	7.745 1	88.1843 1
2	1	7.129 1	88.283 1
2	1	7.1060 1	88.451 1
2	1	7.855 1	88.1418 1
2	1	7.1354 1	88.1997 1
2	1	7.522 1	88.432 1
2	1	7.1267 1	88.69 1
2	1	7.265 1	88.405 1
3	2	7.566 1	88.2181 1 88.871 1
2	1	7.109 1	88.263 1
2	1	7.1030 1	88.19 1
2	1	7.95 1	88.250 1
2	1	7.1050 1	88.442 1
2	1	7.1402 1	88.1941 1
2	1	7.1616 1	88.731 1
2	1	7.1401 1	88.1942 1
2	1	7.843 1	88.1213 1
2	1	7.1395 1	88.1948 1
3	2	7.1513 1	88.2223 1 88.912 1
2	1	7.1734 1	88.157 1
2	1	7.1051 1	88.443 1
2	1	7.1348 1	88.2003 1
2	1	7.227 1	88.366 1
2	1	7.422 1	88.2114 1
2	1	7.516 1	88.426 1
2	1	7.1439 1	88.32 1
3	2	7.978 1 7.934 0.739	88.1877 1
2	1	7.423 1	88.1 1
2	1	7.145 1	88.321 1
2	1	7.1133 1	88.534 1
2	1	7.1200 1	88.508 1
2	1	7.126 1	88.280 1
2	1	7.622 1	88.1676 1
2	1	7.521 1	88.431 1
2	1	7.694 1	88.814 1
2	1	7.1075 1	88.475 1
2	1	7.130 1	88.284 1
4	4	7.1511 0.966 7.57 1	88.2228 1 88.917 1
2	1	7.1398 1	88.1945 1
4	4	7.1488 1 7.958 0.500	88.2162 0.949 88.44 1
2	1	7.1056 1	88.447 1
2	1	7.1404 1	88.1939 1
2	1	7.198 1	88.342 1
2	1	7.854 1	88.1417 1
2	1	7.1457 1	88.67 1
2	1	7.1042 1	88.495 1
2	1	7.970 1	88.1875 1
2	1	7.1202 1	88.510 1
2	1	7.1070 1	88.472 1
2	1	7.570 1	88.669 1
2	1	7.1507 1	88.1592 1
2	1	7.1399 1	88.1944 1
3	2	7.1491 1	88.2165 1 88.47 1
2	1	7.608 1	88.1752 1
2	1	7.151 1	88.331 1
2	1	7.912 1	88.771 1
2	1	7.1762 1	88.215 1
2	1	7.1702 1	88.1055 1
2	1	7.938 1	88.241 1
2	1	7.1255 1	88.96 1
2	1	7.1208 1	88.517 1
6	9	7.78 1 7.927 1 7.1514 0.202	88.2222 1 88.985 1 88.911 0.956
2	1	7.554 1	88.1189 1
2	1	7.779 1	88.1232 1
2	1	7.1143 1	88.547 1
2	1	7.419 1	88.2111 1
2	1	7.417 1	88.2101 1
2	1	7.1425 1	88.2012 1
2	1	7.111 1	88.265 1
2	1	7.1211 1	88.1032 1
2	1	7.1268 1	88.68 1
2	1	7.1542 1	88.1908 1
2	1	7.127 1	88.281 1
2	1	7.1193 1	88.578 1
2	1	7.509 1	88.419 1
2	1	7.1679 1	88.1386 1
2	1	7.83 1	88.246 1
2	1	7.1169 1	88.561 1
2	1	7.1067 1	88.470 1
2	1	7.427 1	88.5 1
2	1	7.787 1	88.1224 1
2	1	7.1012 1	88.2083 1
2	1	7.780 1	88.1231 1
2	1	7.936 1	88.243 1
2	1	7.520 1	88.430 1
3	2	7.560 1	88.2202 1 88.892 1
17	30	7.1185 1 7.50 1	88.1086 1 88.1137 0.185 88.1342 0.251 88.1457 0.583 88.1735 0.630 88.1978 0.072 88.2039 0.083 88.2107 0.165 88.2210 0.086 88.2250 0.785 88.2266 0.771 88.2269 0.238 88.900 0.112 88.956 0.308 88.960 0.242
2	1	7.1453 1	88.63 1
2	1	7.131 1	88.285 1
2	1	7.1748 1	88.170 1
2	1	7.1533 1	88.504 1
2	1	7.1618 1	88.729 1
2	1	7.518 1	88.428 1
2	1	7.1558 1	88.1127 1
2	1	7.1597 1	88.757 1
2	1	7.415 1	88.2099 1
2	1	7.1352 1	88.1999 1
2	1	7.526 1	88.433 1
2	1	7.642 1	88.1689 1
2	1	7.1603 1	88.750 1
2	1	7.711 1	88.856 1
2	1	7.1598 1	88.754 1
2	1	7.637 1	88.1684 1
3	2	7.1783 1	88.406 0.930 88.53 1
2	1	7.434 1	88.12 1
2	1	7.498 1	88.609 1
2	1	7.1104 1	88.522 1
2	1	7.414 1	88.2098 1
2	1	7.1336 1	88.2095 1
2	1	7.1190 1	88.577 1
12	11	7.1178 1	88.1083 0.167 88.110 0.733 88.1738 0.233 88.2062 0.767 88.2215 1 88.2247 0.300 88.2263 0.333 88.298 0.400 88.776 0.333 88.905 0.667 88.936 0.167
2	1	7.1751 1	88.173 1
2	1	7.144 1	88.320 1
2	1	7.539 1	88.1398 1
2	1	7.1578 1	88.975 1
2	1	7.1451 1	88.61 1
2	1	7.519 1	88.429 1
2	1	7.1548 1	88.1916 1
2	1	7.101 1	88.256 1
2	1	7.395 1	88.1853 1
2	1	7.424 1	88.2 1
2	1	7.1337 1	88.2096 1
2	1	7.124 1	88.278 1
2	1	7.398 1	88.1856 1
2	1	7.826 1	88.633 1
3	2	7.556 1	88.2206 1 88.896 1
2	1	7.1770 1	88.222 1
2	1	7.1076 1	88.476 1
2	1	7.514 1	88.424 1
2	1	7.569 1	88.670 1
2	1	7.705 1	88.827 1
2	1	7.103 1	88.258 1
2	1	7.772 1	88.1239 1
2	1	7.1535 1	88.502 1
2	1	7.602 1	88.1746 1
2	1	7.1463 1	88.1955 1
2	1	7.884 1	88.599 1
2	1	7.165 1	88.337 1
2	1	7.863 1	88.1433 1
2	1	7.1546 1	88.1914 1
2	1	7.753 1	88.1092 1
2	1	7.1071 1	88.473 1
6	9	7.1248 1 7.1777 1 7.1492 0.493	88.2166 1 88.2167 1 88.1840 0.116
2	1	7.646 1	88.1806 1
2	1	7.517 1	88.427 1
2	1	7.1424 1	88.2013 1
2	1	7.589 1	88.1715 1
2	1	7.143 1	88.319 1
2	1	7.842 1	88.1214 1
2	1	7.1044 1	88.496 1
2	1	7.1744 1	88.166 1
2	1	7.232 1	88.371 1
2	1	7.1137 1	88.541 1
2	1	7.515 1	88.425 1
2	1	7.623 1	88.1677 1
5	6	7.1487 0.667 7.959 1	88.2160 1 88.229 0.960 88.42 0.807
2	1	7.1430 1	88.2007 1
2	1	7.199 1	88.343 1
2	1	7.737 1	88.582 1
2	1	7.1617 1	88.730 1
2	1	7.1029 1	88.20 1
2	1	7.107 1	88.261 1
2	1	7.1534 1	88.503 1
2	1	7.636 1	88.1683 1
2	1	7.1437 1	88.26 1
2	1	7.1303 1	88.2089 1
2	1	7.440 1	88.976 1
2	1	7.1057 1	88.448 1
2	1	7.1761 1	88.214 1
2	1	7.392 1	88.1850 1
2	1	7.164 1	88.336 1
2	1	7.1508 1	88.1593 1
2	1	7.1601 1	88.752 1
3	2	7.325 1	88.2231 1 88.919 1
2	1	7.638 1	88.1685 1
2	1	7.163 1	88.335 1
2	1	7.1265 1	88.71 1
2	1	7.242 1	88.380 1
2	1	7.939 1	88.240 1
2	1	7.1661 1	88.1377 1
2	1	7.404 1	88.1858 1
2	1	7.211 1	88.350 1
2	1	7.1610 1	88.739 1
2	1	7.1743 1	88.165 1
2	1	7.656 1	88.1205 1
2	1	7.437 1	88.15 1
2	1	7.562 1	88.2055 1
2	1	7.1302 1	88.2090 1
2	1	7.1531 1	88.506 1
2	1	7.751 1	88.1096 1
2	1	7.883 1	88.600 1
2	1	7.1357 1	88.1412 1
2	1	7.588 1	88.1714 1
2	1	7.653 1	88.1203 1
2	1	7.1448 1	88.58 1
2	1	7.82 1	88.245 1
3	2	7.1519 0.802 7.71 1	88.1030 1
2	1	7.633 1	88.1680 1
2	1	7.1140 1	88.544 1
2	1	7.511 1	88.421 1
3	2	7.1646 1 7.1573 0.796	88.1370 1
2	1	7.1205 1	88.513 1
2	1	7.924 1	88.787 1
2	1	7.774 1	88.1237 1
2	1	7.400 1	88.1857 1
2	1	7.1733 1	88.156 1
2	1	7.795 1	88.1218 1
2	1	7.797 1	88.1217 1
2	1	7.1752 1	88.174 1
2	1	7.937 1	88.242 1
2	1	7.104 1	88.259 1
8	12	7.1509 0.346 7.965 1	88.1241 1 88.1329 0.273 88.1803 0.952 88.209 0.339 88.2154 0.150 88.833 0.342
2	1	7.733 1	88.584 1
2	1	7.1550 1	88.1918 1
2	1	7.778 1	88.1233 1
2	1	7.237 1	88.376 1
2	1	7.1350 1	88.2001 1
2	1	7.19 1	88.810 1
2	1	7.14 1	88.811 1
2	1	7.595 1	88.1720 1
2	1	7.196 1	88.340 1
2	1	7.261 1	88.401 1
2	1	7.1452 1	88.62 1
2	1	7.307 1	88.1619 1
2	1	7.416 1	88.2100 1
2	1	7.590 1	88.1716 1
2	1	7.436 1	88.14 1
2	1	7.138 1	88.318 1
2	1	7.1746 1	88.168 1
2	1	7.669 1	88.1075 1
2	1	7.1142 1	88.546 1
2	1	7.1549 1	88.1917 1
2	1	7.741 1	88.581 1
2	1	7.786 1	88.1225 1
2	1	7.657 1	88.1332 1
2	1	7.1382 1	88.649 1
2	1	7.1356 1	88.1411 1
2	1	7.122 1	88.276 1
2	1	7.1110 1	88.521 1
2	1	7.123 1	88.277 1
2	1	7.1736 1	88.159 1
2	1	7.1749 1	88.171 1
2	1	7.1728 1	88.151 1
2	1	7.1663 1	88.1379 1
2	1	7.674 1	88.1071 1
2	1	7.1061 1	88.452 1
2	1	7.364 1	88.1813 1
2	1	7.1632 1	88.988 1
2	1	7.432 1	88.10 1
2	1	7.857 1	88.1419 1
2	1	7.1351 1	88.2000 1
2	1	7.214 1	88.353 1
2	1	7.1588 1	88.1004 1
2	1	7.1747 1	88.169 1
2	1	7.1334 1	88.2093 1
2	1	7.1538 1	88.499 1
2	1	7.208 1	88.347 1
2	1	7.1144 1	88.548 1
2	1	7.85 1	88.248 1
2	1	7.1742 1	88.164 1
2	1	7.1423 1	88.2014 1
2	1	7.1456 1	88.66 1
2	1	7.1464 1	88.1959 1
2	1	7.391 1	88.1849 1
2	1	7.113 1	88.268 1
2	1	7.1087 1	88.484 1
2	1	7.234 1	88.373 1
2	1	7.1718 1	88.1588 1
2	1	7.578 1	88.1704 1
2	1	7.658 1	88.1331 1
2	1	7.634 1	88.1681 1
2	1	7.433 1	88.11 1
2	1	7.794 1	88.1219 1
2	1	7.1400 1	88.1943 1
2	1	7.408 1	88.2077 1
2	1	7.792 1	88.1221 1
2	1	7.258 1	88.396 1
2	1	7.375 1	88.1819 1
2	1	7.911 1	88.772 1
2	1	7.479 1	88.602 1
2	1	7.1146 1	88.550 1
2	1	7.652 1	88.1202 1
2	1	7.1333 1	88.2092 1
2	1	7.512 1	88.422 1
2	1	7.1536 1	88.501 1
2	1	7.1655 1	88.1373 1
3	2	7.720 1	88.1584 1 88.589 0.402
3	2	7.614 1	88.1896 0.800 88.458 1
2	1	7.1726 1	88.149 1
2	1	7.228 1	88.367 1
2	1	7.591 1	88.1717 1
2	1	7.598 1	88.1745 1
2	1	7.1642 1	88.1128 1
2	1	7.470 1	88.1444 1
2	1	7.644 1	88.1691 1
2	1	7.850 1	88.1414 1
3	2	7.1565 1	88.2270 1 88.961 1
2	1	7.1088 1	88.485 1
2	1	7.431 1	88.9 1
3	2	7.851 1 7.852 0.868	88.1415 1
2	1	7.166 1	88.338 1
2	1	7.1462 1	88.1954 1
2	1	7.246 1	88.387 1
2	1	7.1049 1	88.441 1
3	2	7.1393 1 7.244 0.746	88.615 1
2	1	7.1503 1	88.1590 1
2	1	7.209 1	88.348 1
2	1	7.1147 1	88.551 1
2	1	7.654 1	88.1204 1
2	1	7.133 1	88.287 1
3	2	7.1520 1 7.70 0.130	88.1029 1
3	2	7.555 1	88.2207 1 88.897 1
2	1	7.275 1	88.1643 1
2	1	7.1593 1	88.1016 1
2	1	7.1203 1	88.511 1
2	1	7.1344 1	88.2005 1
2	1	7.1054 1	88.445 1
2	1	7.1392 1	88.616 1
2	1	7.1545 1	88.1913 1
2	1	7.270 1	88.1645 1
2	1	7.117 1	88.271 1
4	3	7.1489 1	88.2163 1 88.234 0.255 88.45 0.972
2	1	7.1449 1	88.59 1
2	1	7.269 1	88.1646 1
2	1	7.1089 1	88.486 1
2	1	7.474 1	88.1440 1
2	1	7.1364 1	88.493 1
2	1	7.1419 1	88.2016 1
2	1	7.1719 1	88.1589 1
2	1	7.833 1	88.627 1
2	1	7.1066 1	88.469 1
2	1	7.1064 1	88.467 1
2	1	7.119 1	88.273 1
3	2	7.558 1	88.2204 1 88.894 1
2	1	7.1148 1	88.555 1
2	1	7.1028 1	88.21 1
2	1	7.1612 1	88.735 1
2	1	7.1389 1	88.619 1
3	2	7.587 1 7.1556 0.790	88.1713 1
2	1	7.713 1	88.858 1
2	1	7.1738 1	88.160 1
2	1	7.1373 1	88.118 1
2	1	7.529 1	88.436 1
2	1	7.1602 1	88.751 1
2	1	7.238 1	88.377 1
2	1	7.935 1	88.1210 1
2	1	7.1157 1	88.560 1
2	1	7.121 1	88.275 1
2	1	7.675 1	88.1070 1
2	1	7.1055 1	88.446 1
2	1	7.148 1	88.328 1
2	1	7.859 1	88.1432 1
2	1	7.146 1	88.322 1
2	1	7.397 1	88.1855 1
2	1	7.1403 1	88.1940 1
2	1	7.1441 1	88.55 1
2	1	7.1731 1	88.154 1
2	1	7.223 1	88.362 1
2	1	7.225 1	88.364 1
2	1	7.1065 1	88.468 1
2	1	7.1078 1	88.478 1
2	1	7.615 1	88.457 1
2	1	7.1363 1	88.494 1
2	1	7.789 1	88.1222 1
2	1	7.1664 1	88.1380 1
2	1	7.785 1	88.1226 1
2	1	7.1420 1	88.2015 1
2	1	7.220 1	88.359 1
2	1	7.1750 1	88.172 1
2	1	7.20 1	88.809 1
2	1	7.132 1	88.286 1
2	1	7.1438 1	88.30 1
3	2	7.728 1	88.1581 1 88.587 0.989
2	1	7.102 1	88.257 1
2	1	7.1454 1	88.64 1
2	1	7.384 1	88.1844 1
2	1	7.639 1	88.1686 1
2	1	7.466 1	88.1464 1
4	3	7.962 1	88.2157 1 88.226 1 88.39 1
2	1	7.1537 1	88.500 1
7	6	7.1271 1	88.1492 0.406 88.1505 0.477 88.1521 0.580 88.1537 0.436 88.1553 0.428 88.1569 1
2	1	7.1257 1	88.94 1
2	1	7.112 1	88.266 1
2	1	7.1156 1	88.559 1
2	1	7.1659 1	88.1375 1
2	1	7.503 1	88.411 1
2	1	7.1589 1	88.1005 1
2	1	7.1600 1	88.753 1
2	1	7.1390 1	88.618 1
2	1	7.262 1	88.402 1
2	1	7.788 1	88.1223 1
2	1	7.430 1	88.8 1
2	1	7.282 1	88.1640 1
2	1	7.586 1	88.1712 1
2	1	7.1145 1	88.549 1
2	1	7.574 1	88.1701 1
2	1	7.248 1	88.389 1
2	1	7.647 1	88.1805 1
2	1	7.1547 1	88.1915 1
2	1	7.604 1	88.1747 1
2	1	7.1426 1	88.2011 1
2	1	7.754 1	88.1091 1
2	1	7.1648 1	88.1372 1
2	1	7.311 1	88.1615 1
2	1	7.1017 1	88.2070 1
2	1	7.216 1	88.355 1
2	1	7.1394 1	88.1949 1
2	1	7.264 1	88.404 1
2	1	7.215 1	88.354 1
2	1	7.528 1	88.435 1
2	1	7.1408 1	88.1919 1
2	1	7.1384 1	88.647 1
2	1	7.1607 1	88.742 1
2	1	7.866 1	88.1436 1
2	1	7.777 1	88.1234 1
2	1	7.371 1	88.1816 1
2	1	7.1258 1	88.93 1
2	1	7.1577 1	88.974 1
2	1	7.1543 1	88.1909 1
2	1	7.195 1	88.339 1
2	1	7.1335 1	88.2094 1
2	1	7.304 1	88.1622 1
2	1	7.703 1	88.825 1
6	8	7.1176 1 7.343 0.444	88.1112 0.133 88.1355 0.067 88.2237 0.933 88.926 1
2	1	7.660 1	88.1294 1
2	1	7.775 1	88.1236 1
2	1	7.428 1	88.6 1
2	1	7.1086 1	88.483 1
2	1	7.1587 1	88.1003 1
2	1	7.527 1	88.434 1
4	3	7.1486 1	88.2159 1 88.228 0.087 88.41 0.696
2	1	7.1141 1	88.545 1
2	1	7.226 1	88.365 1
2	1	7.1504 1	88.1591 1
2	1	7.1644 1	88.1338 1
2	1	7.1059 1	88.450 1
2	1	7.1253 1	88.98 1
2	1	7.1135 1	88.536 1
2	1	7.120 1	88.274 1
2	1	7.1427 1	88.2010 1
3	2	7.1510 1	88.2227 1 88.916 1
2	1	7.1576 1	88.973 1
2	1	7.276 1	88.1642 1
2	1	7.197 1	88.341 1
2	1	7.865 1	88.1435 1
2	1	7.752 1	88.1093 1
2	1	7.478 1	88.601 1
2	1	7.1645 1	88.1369 1
2	1	7.1353 1	88.1998 1
2	1	7.708 1	88.830 1
2	1	7.1741 1	88.163 1
2	1	7.21 1	88.808 1
3	2	7.1566 1	88.2271 1 88.962 1
2	1	7.1186 1	88.1846 1
2	1	7.1756 1	88.177 1
2	1	7.609 1	88.1753 1
2	1	7.125 1	88.279 1
2	1	7.1727 1	88.150 1
2	1	7.671 1	88.1073 1
2	1	7.22 1	88.804 1
2	1	7.231 1	88.370 1
2	1	7.1346 1	88.2004 1
2	1	7.281 1	88.1641 1
2	1	7.1766 1	88.218 1
2	1	7.222 1	88.361 1
2	1	7.84 1	88.247 1
2	1	7.1027 1	88.22 1
2	1	7.405 1	88.1860 1
2	1	7.1254 1	88.97 1
2	1	7.798 1	88.1216 1
2	1	7.635 1	88.1682 1
2	1	7.76 1	88.1328 1
3	2	7.1493 1 7.1778 0.755	88.1040 1
2	1	7.1634 1	88.987 1
2	1	7.249 1	88.390 1
4	3	7.1485 1	88.2158 1 88.227 1 88.40 1
2	1	7.218 1	88.357 1
2	1	7.1132 1	88.533 1
2	1	7.932 1	88.492 1
2	1	7.160 1	88.332 1
2	1	7.233 1	88.372 1
2	1	7.853 1	88.1416 1
2	1	7.1582 1	88.998 1
2	1	7.1251 1	88.101 1
8	12	7.1524 0.893 7.64 1	88.1158 0.225 88.1273 0.812 88.1316 0.809 88.1772 0.812 88.2317 1 88.708 0.816
2	1	7.1026 1	88.23 1
2	1	7.230 1	88.369 1
8	7	7.1179 1	88.111 0.857 88.1117 1 88.1634 0.886 88.2061 0.914 88.2264 1 88.299 0.914 88.954 0.914
3	2	7.1571 1	88.2274 1 88.965 1
2	1	7.243 1	88.381 1
2	1	7.783 1	88.1228 1
2	1	7.1440 1	88.33 1
2	1	7.534 1	88.812 1
2	1	7.213 1	88.352 1
2	1	7.257 1	88.395 1
2	1	7.65 1	88.1894 1
2	1	7.224 1	88.363 1
5	4	7.322 0.110 7.451 0.063 7.502 1 7.975 0.102	88.612 1
12	20	7.759 1 7.758 1	88.1487 1 88.1529 1 88.1556 0.863 88.1490 0.502 88.1542 0.208 88.1520 0.208 88.1572 0.206 88.1517 0.111 88.1514 0.077 88.1503 0.051
2	1	7.707 1	88.829 1
2	1	7.1575 1	88.972 1
3	2	7.829 1 7.1650 0.751	88.636 1
2	1	7.1031 1	88.18 1
2	1	7.468 1	88.1462 1
2	1	7.1252 1	88.99 1
2	1	7.284 1	88.1638 1
2	1	7.259 1	88.397 1
2	1	7.306 1	88.1620 1
2	1	7.1120 1	88.524 1
2	1	7.1660 1	88.1376 1
2	1	7.864 1	88.1434 1
2	1	7.821 1	88.630 1
2	1	7.730 1	88.586 1
2	1	7.23 1	88.805 1
2	1	7.1658 1	88.1374 1
2	1	7.1207 1	88.515 1
2	1	7.714 1	88.859 1
2	1	7.219 1	88.358 1
2	1	7.1191 1	88.1390 1
2	1	7.1619 1	88.728 1
2	1	7.1608 1	88.741 1
2	1	7.263 1	88.403 1
7	10	7.335 0.118 7.963 1	88.1905 0.188 88.2156 1 88.225 0.438 88.38 0.750 88.454 0.625
2	1	7.931 1	88.490 1
2	1	7.207 1	88.346 1
2	1	7.995 1	88.567 1
2	1	7.941 1	88.238 1
2	1	7.128 1	88.282 1
2	1	7.372 1	88.1817 1
2	1	7.350 1	88.1966 1
2	1	7.648 1	88.1832 1
2	1	7.99 1	88.254 1
2	1	7.1768 1	88.220 1
2	1	7.858 1	88.1431 1
2	1	7.1730 1	88.153 1
2	1	7.150 1	88.330 1
2	1	7.1544 1	88.1910 1
2	1	7.212 1	88.351 1
7	6	7.613 1	88.1275 0.120 88.1314 0.090 88.1897 1 88.2319 0.150 88.459 0.910 88.710 0.130
2	1	7.781 1	88.1230 1
2	1	7.108 1	88.262 1
2	1	7.116 1	88.270 1
2	1	7.210 1	88.349 1
2	1	7.247 1	88.388 1
2	1	7.302 1	88.1625 1
2	1	7.677 1	88.1068 1
2	1	7.1586 1	88.1001 1
2	1	7.1139 1	88.543 1
2	1	7.260 1	88.399 1
4	4	7.1512 0.667 7.56 1	88.2224 1 88.913 1
2	1	7.1122 1	88.526 1
2	1	7.1442 1	88.56 1
2	1	7.1018 1	88.2069 1
3	2	7.1515 1	88.2283 1 88.2286 0.205
2	1	7.374 1	88.1818 1
2	1	7.420 1	88.2112 1
2	1	7.1760 1	88.179 1
5	4	7.928 1	88.2152 0.185 88.408 0.087 88.51 1 88.680 0.127
2	1	7.418 1	88.2110 1
2	1	7.580 1	88.1707 1
2	1	7.118 1	88.272 1
2	1	7.480 1	88.603 1
2	1	7.1138 1	88.542 1
2	1	7.731 1	88.585 1
2	1	7.394 1	88.1852 1
3	2	7.495 1	88.1993 0.143 88.2022 1
2	1	7.1121 1	88.525 1
3	2	7.822 1	88.1013 1 88.631 0.191
2	1	7.1611 1	88.736 1
2	1	7.1729 1	88.152 1
2	1	7.1079 1	88.481 1
2	1	7.1745 1	88.167 1
2	1	7.255 1	88.393 1
2	1	7.347 1	88.1405 1
2	1	7.827 1	88.634 1
2	1	7.365 1	88.1814 1
2	1	7.607 1	88.1751 1
2	1	7.1155 1	88.1873 1
2	1	7.1635 1	88.986 1
2	1	7.463 1	88.977 1
2	1	7.793 1	88.1220 1
4	3	7.581 1	88.1253 1 88.1789 0.989 88.689 0.989
2	1	7.699 1	88.821 1
2	1	7.241 1	88.379 1
2	1	7.1397 1	88.1946 1
2	1	7.1058 1	88.449 1
2	1	7.409 1	88.2075 1
2	1	7.571 1	88.1881 1
2	1	7.1355 1	88.1410 1
2	1	7.1739 1	88.161 1
2	1	7.217 1	88.356 1
2	1	7.533 1	88.437 1
2	1	7.1053 1	88.444 1
2	1	7.606 1	88.1750 1
2	1	7.496 1	88.607 1
2	1	7.540 1	88.1215 1
4	4	7.719 1 7.94 0.055	88.2184 1 88.874 1
2	1	7.96 1	88.251 1
3	2	7.567 1	88.2180 1 88.870 1
2	1	7.358 1	88.1807 1
2	1	7.348 1	88.439 1
2	1	7.1036 1	88.1240 1
3	2	7.1624 1 7.386 0.873	88.674 1
2	1	7.363 1	88.1812 1
3	2	7.15 1	88.1675 0.059 88.646 1
3	2	7.1568 1	88.2272 1 88.963 1
2	1	7.980 1	88.1880 1
2	1	7.1025 1	88.24 1
2	1	7.1307 1	88.2087 1
2	1	7.1308 1	88.289 1
5	4	7.1021 0.368 7.1094 0.421 7.1175 1 7.169 0.263	88.1395 1
2	1	7.1326 1	88.1049 1
2	1	7.1374 1	88.119 1
2	1	7.641 1	88.1688 1
2	1	7.202 1	88.344 1
2	1	7.472 1	88.1442 1
2	1	7.1540 1	88.1596 1
3	2	7.1095 1	88.1934 0.714 88.2049 1
3	2	7.1090 1	88.2201 1 88.891 1
2	1	7.1561 1	88.1105 1
2	1	7.1769 1	88.221 1
2	1	7.701 1	88.823 1
2	1	7.782 1	88.1229 1
2	1	7.1735 1	88.158 1
2	1	7.229 1	88.368 1
2	1	7.256 1	88.394 1
2	1	7.626 1	88.1679 1
7	10	7.1458 0.854 7.1518 0.935 7.1725 1 7.1784 0.603 7.72 0.984	88.1061 0.073 88.306 1
24	44	7.1180 0.625 7.183 1	88.1085 1 88.1118 0.833 88.112 1 88.1138 0.833 88.1361 1 88.1456 0.583 88.1635 1 88.1732 1 88.1736 1 88.1926 0.917 88.1981 1 88.2041 1 88.2060 1 88.2106 0.833 88.2213 1 88.2249 1 88.2265 1 88.300 1 88.774 0.583 88.903 1 88.938 1 88.955 0.750
2	1	7.1048 1	88.440 1
5	4	7.1517 0.727 7.1724 0.680 7.73 0.753 7.930 1	88.983 1
2	1	7.697 1	88.819 1
2	1	7.577 1	88.1703 1
2	1	7.1206 1	88.514 1
3	2	7.559 1	88.2203 1 88.893 1
2	1	7.376 1	88.1833 1
2	1	7.1541 1	88.1907 1
2	1	7.1530 1	88.507 1
2	1	7.594 1	88.1719 1
4	3	7.1213 1	88.1501 0.143 88.1545 0.476 88.1574 1
2	1	7.700 1	88.822 1
2	1	7.221 1	88.360 1
2	1	7.1074 1	88.474 1
2	1	7.1606 1	88.748 1
2	1	7.568 1	88.673 1
2	1	7.625 1	88.1678 1
27	50	7.1177 1 7.176 0.996	88.1082 0.867 88.109 0.800 88.1114 0.800 88.1142 0.867 88.1348 0.867 88.1357 0.800 88.1452 0.667 88.1632 1 88.1729 0.800 88.1739 0.867 88.1825 0.733 88.1984 0.867 88.2063 0.800 88.2216 1 88.2239 1 88.2246 0.867 88.2262 0.800 88.297 0.867 88.777 0.867 88.906 1 88.928 1 88.935 0.867 88.951 0.600 88.1930 0.903 88.2045 1
2	1	7.1455 1	88.65 1
2	1	7.1450 1	88.60 1
2	1	7.1763 1	88.216 1
2	1	7.1123 1	88.1090 1
2	1	7.1407 1	88.1920 1
2	1	7.776 1	88.1235 1
2	1	7.585 1	88.1711 1
2	1	7.467 1	88.1463 1
2	1	7.24 1	88.806 1
2	1	7.137 1	88.317 1
2	1	7.134 1	88.288 1
12	20	7.173 0.429 7.1787 1	88.1291 0.667 88.1298 1 88.1726 0.667 88.1755 0.667 88.184 0.667 88.2188 0.667 88.725 0.667 88.798 1 88.851 0.667 88.878 0.667
3	2	7.1569 1	88.2273 0.097 88.964 1
2	1	7.114 1	88.269 1
2	1	7.303 1	88.1623 1
2	1	7.659 1	88.1330 1
7	6	7.67 1	88.1274 0.934 88.1315 0.918 88.1771 1 88.2115 0.225 88.2318 0.738 88.709 0.934
2	1	7.710 1	88.855 1
2	1	7.1215 1	88.1561 1
2	1	7.1134 1	88.535 1
2	1	7.1216 1	88.1562 1
3	2	7.1218 1	88.1549 1 88.1578 0.400
2	1	7.1584 1	88.1000 1
4	4	7.1412 0.577 7.724 1	88.1582 1 88.588 0.957
4	3	7.1522 0.969 7.339 1 7.68 0.344	88.1892 1
2	1	7.987 1	88.1882 1
2	1	7.712 1	88.857 1
2	1	7.1013 1	88.2086 1
2	1	7.1024 1	88.25 1
6	5	7.1325 1	88.1279 1 88.1309 0.957 88.1766 0.957 88.196 1 88.714 0.913
2	1	7.452 1	88.1206 1
2	1	7.1695 1	88.1911 1
2	1	7.676 1	88.1069 1
2	1	7.97 1	88.252 1
2	1	7.1623 1	88.323 1
2	1	7.1626 1	88.997 1
2	1	7.1680 1	88.1387 1
2	1	7.573 1	88.1702 1
2	1	7.885 1	88.598 1
2	1	7.310 1	88.1616 1
7	6	7.1217 1	88.1498 1 88.1511 0.286 88.1525 0.286 88.1548 0.714 88.1563 0.714 88.1577 1
2	1	7.283 1	88.1639 1
2	1	7.610 1	88.1861 1
3	2	7.1312 1	88.1171 0.400 88.1903 1
2	1	7.206 1	88.345 1
2	1	7.742 1	88.580 1
2	1	7.1613 1	88.734 1
31	130	7.1020 1 7.1093 1 7.1174 0.444 7.168 0.111 7.45 1	88.1076 0.111 88.1107 0.778 88.1201 0.111 88.1384 0.778 88.1936 1 88.620 0.111 88.104 1 88.921 1 88.1008 1 88.1150 1 88.1351 1 88.1368 1 88.1447 1 88.1597 1 88.1612 1 88.1627 1 88.1744 1 88.1830 1 88.1835 1 88.1838 1 88.1989 1 88.2068 1 88.2221 1 88.2233 1 88.2240 1 88.2257 1
2	1	7.353 1	88.1967 1
2	1	7.1405 1	88.1937 1
2	1	7.421 1	88.2113 1
6	8	7.1527 1 7.611 1	88.718 1 88.1020 1 88.463 0.827 88.1046 0.287
16	48	7.1313 1 7.1526 0.192 7.612 0.192 7.62 0.115	88.1023 0.150 88.1168 0.600 88.1282 1 88.1305 1 88.1764 0.132 88.1901 0.650 88.193 1 88.2196 0.650 88.462 0.600 88.716 0.700 88.791 0.600 88.886 0.650
2	1	7.66 1	88.1893 1
3	2	7.167 0.333 7.345 1	88.1396 1
2	1	7.1306 1	88.2088 1
26	48	7.55 1 7.175 1	88.1081 1 88.1728 1 88.1740 1 88.1985 1 88.2217 1 88.2245 1 88.907 1 88.934 1 88.1349 1 88.1143 0.929 88.1113 0.857 88.1826 0.821 88.2238 0.821 88.1931 0.576 88.1631 0.500 88.927 0.441 88.296 0.429 88.1356 0.393 88.1451 0.393 88.2046 0.393 88.2261 0.393 88.778 0.393 88.950 0.393 88.2064 0.328
2	1	7.471 1	88.1443 1
2	1	7.1019 1	88.784 1
2	1	7.235 1	88.374 1
2	1	7.823 1	88.632 1
2	1	7.619 1	88.1468 1
10	9	7.1310 1	88.1019 0.333 88.1172 0.200 88.1303 1 88.1422 0.267 88.1604 0.267 88.1904 0.200 88.2193 1 88.37 0.267 88.883 1
2	1	7.98 1	88.253 1
2	1	7.240 1	88.488 1
2	1	7.698 1	88.820 1
2	1	7.356 1	88.1968 1
2	1	7.1417 1	88.2018 1
2	1	7.535 1	88.1054 1
2	1	7.1274 1	88.1953 1
3	2	7.1091 0.107 7.152 1	88.1626 1
2	1	7.317 1	88.489 1
2	1	7.1214 1	88.1560 1
6	9	7.1040 0.960 7.1490 1 7.1785 0.904	88.2164 0.738 88.235 0.883 88.46 1
2	1	7.1599 1	88.629 1
