Size	Relations	OrthoA	OrthoB
2	1	20.861 1	74.96 1
2	1	20.862 1	74.95 1
2	1	20.119 1	74.528 1
2	1	20.842 1	74.258 1
2	1	20.329 1	74.955 1
2	1	20.967 1	74.99 1
2	1	20.761 1	74.1788 1
2	1	20.553 1	74.2219 1
2	1	20.567 1	74.585 1
2	1	20.844 1	74.246 1
2	1	20.981 1	74.2231 1
2	1	20.341 1	74.554 1
2	1	20.93 1	74.1166 1
2	1	20.730 1	74.1226 1
2	1	20.583 1	74.1829 1
2	1	20.421 1	74.961 1
2	1	20.423 1	74.963 1
2	1	20.9 1	74.487 1
2	1	20.904 1	74.4 1
2	1	20.843 1	74.241 1
2	1	20.29 1	74.440 1
2	1	20.762 1	74.1848 1
2	1	20.905 1	74.3 1
2	1	20.580 1	74.1826 1
2	1	20.934 1	74.267 1
2	1	20.522 1	74.2149 1
2	1	20.58 1	74.1970 1
2	1	20.1026 1	74.667 1
2	1	20.853 1	74.156 1
2	1	20.548 1	74.1722 1
2	1	20.800 1	74.1929 1
3	2	20.382 1	74.2499 1 74.639 0.780
2	1	20.722 1	74.1651 1
2	1	20.1064 1	74.2061 1
2	1	20.682 1	74.357 1
2	1	20.514 1	74.2229 1
2	1	20.895 1	74.13 1
2	1	20.794 1	74.1925 1
2	1	20.851 1	74.158 1
2	1	20.1063 1	74.1662 1
2	1	20.946 1	74.319 1
2	1	20.716 1	74.1152 1
2	1	20.746 1	74.471 1
2	1	20.737 1	74.1692 1
2	1	20.890 1	74.18 1
2	1	20.968 1	74.100 1
2	1	20.135 1	74.531 1
2	1	20.927 1	74.253 1
2	1	20.756 1	74.1979 1
2	1	20.1005 1	74.389 1
2	1	20.979 1	74.2085 1
2	1	20.978 1	74.427 1
3	2	20.916 1 20.641 0.730	74.2068 1
2	1	20.751 1	74.449 1
2	1	20.510 1	74.1720 1
2	1	20.683 1	74.356 1
2	1	20.815 1	74.409 1
2	1	20.137 1	74.533 1
2	1	20.971 1	74.1846 1
2	1	20.67 1	74.559 1
2	1	20.63 1	74.354 1
2	1	20.637 1	74.467 1
2	1	20.822 1	74.68 1
2	1	20.920 1	74.492 1
2	1	20.627 1	74.518 1
2	1	20.23 1	74.1681 1
2	1	20.711 1	74.1151 1
2	1	20.83 1	74.2132 1
2	1	20.508 1	74.1012 1
2	1	20.4 1	74.245 1
2	1	20.791 1	74.1922 1
2	1	20.593 1	74.2172 1
2	1	20.811 1	74.401 1
2	1	20.933 1	74.266 1
3	2	20.977 1 20.621 0.859	74.454 1
2	1	20.681 1	74.1364 1
2	1	20.328 1	74.1985 1
2	1	20.31 1	74.442 1
2	1	20.759 1	74.1982 1
3	2	20.616 1 20.774 0.131	74.1595 1
2	1	20.661 1	74.2154 1
2	1	20.931 1	74.321 1
2	1	20.84 1	74.2133 1
2	1	20.752 1	74.1337 1
2	1	20.40 1	74.173 1
2	1	20.622 1	74.446 1
2	1	20.426 1	74.622 1
2	1	20.577 1	74.632 1
2	1	20.831 1	74.163 1
2	1	20.975 1	74.452 1
2	1	20.974 1	74.451 1
2	1	20.765 1	74.176 1
2	1	20.914 1	74.2069 1
2	1	20.922 1	74.2065 1
2	1	20.930 1	74.320 1
2	1	20.954 1	74.60 1
2	1	20.78 1	74.1170 1
2	1	20.565 1	74.600 1
2	1	20.989 1	74.373 1
2	1	20.1051 1	74.1884 1
2	1	20.15 1	74.1691 1
2	1	20.941 1	74.282 1
2	1	20.970 1	74.1847 1
2	1	20.687 1	74.1652 1
2	1	20.2 1	74.264 1
2	1	20.528 1	74.462 1
2	1	20.71 1	74.1177 1
2	1	20.893 1	74.15 1
2	1	20.529 1	74.539 1
3	2	20.947 1 20.214 0.906	74.2059 1
2	1	20.109 1	74.572 1
2	1	20.732 1	74.1916 1
2	1	20.903 1	74.5 1
2	1	20.718 1	74.1153 1
2	1	20.763 1	74.178 1
2	1	20.509 1	74.1014 1
2	1	20.792 1	74.1923 1
2	1	20.1030 1	74.1279 1
2	1	20.106 1	74.569 1
2	1	20.1015 1	74.358 1
2	1	20.1012 1	74.394 1
2	1	20.70 1	74.1178 1
2	1	20.81 1	74.2130 1
2	1	20.883 1	74.365 1
2	1	20.165 1	74.943 1
2	1	20.901 1	74.7 1
2	1	20.1055 1	74.844 1
2	1	20.1035 1	74.1659 1
2	1	20.568 1	74.584 1
2	1	20.1060 1	74.1664 1
2	1	20.878 1	74.268 1
2	1	20.912 1	74.2071 1
2	1	20.420 1	74.633 1
2	1	20.136 1	74.532 1
2	1	20.976 1	74.453 1
2	1	20.928 1	74.221 1
3	2	20.972 1 20.869 0.932	74.1830 1
2	1	20.339 1	74.2296 1
2	1	20.818 1	74.403 1
2	1	20.13 1	74.491 1
2	1	20.551 1	74.1725 1
2	1	20.620 1	74.30 1
2	1	20.628 1	74.517 1
2	1	20.796 1	74.1267 1
2	1	20.819 1	74.637 1
2	1	20.586 1	74.497 1
2	1	20.1016 1	74.359 1
2	1	20.32 1	74.443 1
2	1	20.35 1	74.169 1
2	1	20.667 1	74.1572 1
2	1	20.148 1	74.982 1
3	2	20.984 1	74.1591 0.054 74.2025 1
2	1	20.672 1	74.1157 1
2	1	20.870 1	74.1935 1
2	1	20.27 1	74.1822 1
2	1	20.636 1	74.468 1
2	1	20.133 1	74.529 1
2	1	20.114 1	74.2472 1
2	1	20.789 1	74.1920 1
2	1	20.367 1	74.2152 1
2	1	20.582 1	74.1828 1
2	1	20.82 1	74.2131 1
2	1	20.539 1	74.1331 1
2	1	20.56 1	74.1972 1
2	1	20.907 1	74.1 1
2	1	20.1046 1	74.1891 1
2	1	20.37 1	74.171 1
2	1	20.117 1	74.526 1
2	1	20.910 1	74.2082 1
2	1	20.709 1	74.345 1
2	1	20.992 1	74.376 1
2	1	20.359 1	74.2471 1
2	1	20.118 1	74.527 1
2	1	20.54 1	74.1974 1
2	1	20.827 1	74.1990 1
2	1	20.943 1	74.284 1
2	1	20.944 1	74.286 1
2	1	20.527 1	74.463 1
2	1	20.1058 1	74.1666 1
2	1	20.841 1	74.259 1
2	1	20.986 1	74.370 1
2	1	20.76 1	74.1172 1
2	1	20.837 1	74.244 1
2	1	20.891 1	74.17 1
2	1	20.938 1	74.280 1
2	1	20.1017 1	74.360 1
2	1	20.839 1	74.242 1
2	1	20.1034 1	74.1660 1
3	2	20.335 1	74.887 1 74.894 1
2	1	20.362 1	74.2468 1
2	1	20.592 1	74.2173 1
2	1	20.425 1	74.898 1
2	1	20.1037 1	74.107 1
2	1	20.140 1	74.536 1
2	1	20.85 1	74.2134 1
2	1	20.748 1	74.250 1
2	1	20.18 1	74.1688 1
2	1	20.836 1	74.514 1
2	1	20.987 1	74.371 1
2	1	20.579 1	74.1825 1
2	1	20.398 1	74.1334 1
2	1	20.574 1	74.1259 1
2	1	20.753 1	74.1338 1
2	1	20.966 1	74.98 1
2	1	20.973 1	74.450 1
2	1	20.535 1	74.2189 1
2	1	20.8 1	74.2140 1
2	1	20.859 1	74.150 1
2	1	20.597 1	74.418 1
2	1	20.95 1	74.1164 1
2	1	20.835 1	74.247 1
2	1	20.939 1	74.281 1
2	1	20.650 1	74.1262 1
2	1	20.671 1	74.1156 1
2	1	20.644 1	74.578 1
2	1	20.575 1	74.1260 1
2	1	20.1065 1	74.2060 1
2	1	20.357 1	74.879 1
2	1	20.1003 1	74.387 1
2	1	20.852 1	74.157 1
2	1	20.894 1	74.14 1
3	2	20.666 1	74.522 1 74.346 0.784
2	1	20.906 1	74.2 1
2	1	20.998 1	74.382 1
2	1	20.899 1	74.9 1
2	1	20.16 1	74.1690 1
2	1	20.374 1	74.510 1
2	1	20.965 1	74.97 1
2	1	20.764 1	74.177 1
2	1	20.731 1	74.122 1
2	1	20.879 1	74.1986 1
2	1	20.1007 1	74.396 1
3	2	20.935 0.246 20.936 1	74.248 1
2	1	20.573 1	74.2136 1
2	1	20.993 1	74.377 1
5	4	20.159 1	74.121 0.853 74.1332 1 74.1385 0.106 74.2139 0.065
2	1	20.45 1	74.448 1
2	1	20.330 1	74.1094 1
2	1	20.1001 1	74.385 1
2	1	20.1054 1	74.843 1
2	1	20.820 1	74.70 1
2	1	20.17 1	74.1689 1
2	1	20.913 1	74.2070 1
2	1	20.771 1	74.433 1
2	1	20.263 1	74.507 1
3	2	20.656 1	74.638 1 74.576 0.790
2	1	20.719 1	74.1623 1
2	1	20.889 1	74.19 1
2	1	20.797 1	74.1268 1
2	1	20.673 1	74.499 1
2	1	20.952 1	74.57 1
2	1	20.108 1	74.571 1
2	1	20.25 1	74.1179 1
2	1	20.256 1	74.1931 1
2	1	20.953 1	74.58 1
2	1	20.897 1	74.11 1
3	2	20.1043 0.446 20.1044 1	74.1894 1
2	1	20.657 1	74.575 1
2	1	20.19 1	74.1687 1
2	1	20.1029 1	74.1983 1
2	1	20.530 1	74.627 1
2	1	20.614 1	74.960 1
2	1	20.760 1	74.515 1
2	1	20.691 1	74.1383 1
2	1	20.10 1	74.488 1
2	1	20.138 1	74.534 1
2	1	20.996 1	74.380 1
5	4	20.511 1 20.217 0.728 20.277 0.712 20.310 0.846	74.1719 1
2	1	20.799 1	74.1927 1
2	1	20.924 1	74.2063 1
2	1	20.1006 1	74.390 1
2	1	20.387 1	74.1091 1
2	1	20.624 1	74.423 1
2	1	20.12 1	74.490 1
2	1	20.873 1	74.275 1
5	6	20.292 1 20.151 0.858 20.160 0.799	74.1460 1 74.656 0.432
2	1	20.871 1	74.1936 1
2	1	20.379 1	74.964 1
2	1	20.668 1	74.1573 1
2	1	20.821 1	74.69 1
2	1	20.507 1	74.1601 1
2	1	20.545 1	74.1618 1
2	1	20.755 1	74.1978 1
2	1	20.513 1	74.1015 1
2	1	20.659 1	74.573 1
5	4	20.298 1	74.1448 1 74.2343 0.073 74.590 0.192 74.82 0.070
2	1	20.726 1	74.1221 1
2	1	20.790 1	74.1921 1
2	1	20.880 1	74.1987 1
2	1	20.896 1	74.12 1
4	3	20.385 1 20.156 0.801 20.706 0.752	74.129 1
2	1	20.680 1	74.2143 1
2	1	20.587 1	74.496 1
2	1	20.28 1	74.1821 1
2	1	20.665 1	74.523 1
2	1	20.97 1	74.1162 1
2	1	20.1004 1	74.388 1
2	1	20.386 1	74.1090 1
2	1	20.517 1	74.2228 1
2	1	20.1013 1	74.395 1
2	1	20.857 1	74.152 1
2	1	20.1059 1	74.1665 1
2	1	20.11 1	74.489 1
2	1	20.42 1	74.270 1
2	1	20.658 1	74.574 1
2	1	20.1000 1	74.384 1
2	1	20.1011 1	74.393 1
2	1	20.742 1	74.1266 1
2	1	20.331 1	74.1093 1
2	1	20.847 1	74.347 1
2	1	20.55 1	74.1973 1
2	1	20.638 1	74.466 1
4	3	20.860 1 20.302 1 20.1023 0.855	74.217 1
2	1	20.115 1	74.524 1
2	1	20.1042 1	74.1895 1
2	1	20.613 1	74.269 1
10	9	20.103 0.753 20.191 1 20.223 0.749 20.234 0.486 20.237 0.523 20.266 0.565 20.275 0.560 20.466 0.578 20.554 0.525	74.692 1
2	1	20.1028 1	74.1984 1
2	1	20.630 1	74.841 1
2	1	20.98 1	74.1160 1
2	1	20.1010 1	74.392 1
2	1	20.929 1	74.322 1
2	1	20.543 1	74.1336 1
2	1	20.768 1	74.174 1
2	1	20.795 1	74.1926 1
2	1	20.558 1	74.2212 1
2	1	20.825 1	74.1989 1
2	1	20.937 1	74.279 1
2	1	20.991 1	74.375 1
2	1	20.51 1	74.1977 1
2	1	20.686 1	74.1786 1
2	1	20.1018 1	74.361 1
2	1	20.830 1	74.164 1
2	1	20.877 1	74.272 1
2	1	20.116 1	74.525 1
2	1	20.951 1	74.56 1
2	1	20.338 1	74.980 1
2	1	20.346 1	74.213 1
2	1	20.520 1	74.2150 1
2	1	20.77 1	74.1171 1
2	1	20.985 1	74.369 1
2	1	20.679 1	74.323 1
2	1	20.866 1	74.426 1
2	1	20.253 1	74.2153 1
2	1	20.623 1	74.424 1
2	1	20.990 1	74.374 1
2	1	20.733 1	74.1917 1
2	1	20.512 1	74.1721 1
2	1	20.494 1	74.1779 1
2	1	20.675 1	74.550 1
2	1	20.596 1	74.419 1
2	1	20.817 1	74.404 1
2	1	20.692 1	74.712 1
2	1	20.125 1	74.1356 1
2	1	20.33 1	74.444 1
2	1	20.689 1	74.1381 1
2	1	20.1002 1	74.386 1
2	1	20.332 1	74.1092 1
2	1	20.757 1	74.1980 1
4	3	20.823 1	74.2158 0.397 74.494 1 74.67 0.421
2	1	20.900 1	74.8 1
2	1	20.955 1	74.61 1
2	1	20.942 1	74.283 1
2	1	20.677 1	74.548 1
2	1	20.600 1	74.415 1
2	1	20.255 1	74.1932 1
3	2	20.1036 1	74.1161 0.144 74.1568 1
2	1	20.770 1	74.1792 1
2	1	20.585 1	74.278 1
2	1	20.1 1	74.262 1
2	1	20.66 1	74.506 1
2	1	20.865 1	74.2042 1
2	1	20.1049 1	74.1886 1
2	1	20.1050 1	74.1885 1
2	1	20.107 1	74.570 1
2	1	20.65 1	74.505 1
2	1	20.740 1	74.1264 1
2	1	20.864 1	74.2041 1
2	1	20.995 1	74.379 1
2	1	20.814 1	74.399 1
2	1	20.149 1	74.981 1
2	1	20.884 1	74.364 1
4	4	20.230 1 20.867 0.784	74.1654 1 74.1835 0.742
2	1	20.531 1	74.626 1
2	1	20.576 1	74.1261 1
2	1	20.646 1	74.1838 1
2	1	20.57 1	74.1971 1
2	1	20.887 1	74.21 1
2	1	20.997 1	74.381 1
2	1	20.428 1	74.768 1
2	1	20.1033 1	74.355 1
2	1	20.720 1	74.2232 1
6	5	20.446 0.181 20.473 0.183 20.734 1 20.804 0.436 20.806 0.497	74.542 1
2	1	20.923 1	74.2064 1
2	1	20.950 1	74.55 1
2	1	20.532 1	74.625 1
2	1	20.281 1	74.105 1
2	1	20.945 1	74.318 1
2	1	20.424 1	74.2142 1
2	1	20.90 1	74.1694 1
2	1	20.417 1	74.1614 1
2	1	20.595 1	74.583 1
2	1	20.750 1	74.1680 1
2	1	20.139 1	74.535 1
2	1	20.854 1	74.155 1
2	1	20.886 1	74.22 1
2	1	20.20 1	74.1686 1
2	1	20.988 1	74.372 1
2	1	20.124 1	74.1357 1
2	1	20.581 1	74.1827 1
2	1	20.741 1	74.1265 1
2	1	20.798 1	74.472 1
2	1	20.999 1	74.383 1
2	1	20.94 1	74.1165 1
2	1	20.898 1	74.10 1
2	1	20.848 1	74.1988 1
2	1	20.710 1	74.2467 1
2	1	20.518 1	74.2227 1
2	1	20.1032 1	74.1333 1
2	1	20.419 1	74.1676 1
2	1	20.840 1	74.260 1
2	1	20.885 1	74.23 1
2	1	20.147 1	74.1089 1
2	1	20.754 1	74.2498 1
2	1	20.547 1	74.1351 1
2	1	20.909 1	74.2083 1
2	1	20.832 1	74.162 1
2	1	20.80 1	74.2129 1
2	1	20.538 1	74.1330 1
2	1	20.53 1	74.1975 1
2	1	20.347 1	74.214 1
2	1	20.550 1	74.1724 1
2	1	20.537 1	74.1329 1
4	3	20.62 1	74.1455 0.325 74.353 1 74.651 0.299
2	1	20.769 1	74.1791 1
2	1	20.1008 1	74.391 1
2	1	20.810 1	74.402 1
2	1	20.888 1	74.20 1
2	1	20.381 1	74.993 1
2	1	20.41 1	74.1661 1
2	1	20.52 1	74.1976 1
2	1	20.925 1	74.2062 1
2	1	20.171 1	74.1280 1
2	1	20.73 1	74.1174 1
2	1	20.625 1	74.367 1
2	1	20.1066 1	74.261 1
2	1	20.96 1	74.1163 1
2	1	20.353 1	74.1619 1
2	1	20.559 1	74.2211 1
2	1	20.167 1	74.2440 1
2	1	20.631 1	74.842 1
2	1	20.75 1	74.1173 1
2	1	20.833 1	74.249 1
2	1	20.30 1	74.441 1
2	1	20.1041 1	74.1896 1
2	1	20.707 1	74.130 1
2	1	20.917 1	74.1362 1
2	1	20.1027 1	74.668 1
2	1	20.345 1	74.215 1
2	1	20.902 1	74.6 1
3	2	20.816 1 20.86 0.068	74.1353 1
2	1	20.635 1	74.1600 1
2	1	20.617 1	74.425 1
2	1	20.39 1	74.172 1
2	1	20.394 1	74.2225 1
2	1	20.960 1	74.101 1
2	1	20.1056 1	74.63 1
2	1	20.120 1	74.1726 1
2	1	20.61 1	74.220 1
2	1	20.702 1	74.148 1
2	1	20.634 1	74.1599 1
2	1	20.640 1	74.464 1
2	1	20.21 1	74.1685 1
7	6	20.516 1	74.1109 0.979 74.1767 0.275 74.2415 0.682 74.2559 1 74.723 0.050 74.819 0.105
2	1	20.6 1	74.623 1
2	1	20.1040 1	74.1897 1
2	1	20.350 1	74.216 1
2	1	20.100 1	74.1159 1
2	1	20.690 1	74.1382 1
2	1	20.994 1	74.378 1
2	1	20.536 1	74.1315 1
2	1	20.72 1	74.1175 1
3	2	20.26 1	74.1454 1 74.650 0.848
2	1	20.632 1	74.1597 1
3	2	20.113 1 20.875 0.928	74.958 1
2	1	20.793 1	74.1924 1
2	1	20.126 1	74.1355 1
2	1	20.36 1	74.170 1
2	1	20.813 1	74.400 1
2	1	20.639 1	74.465 1
2	1	20.380 1	74.1570 1
2	1	20.856 1	74.153 1
2	1	20.908 1	74.2084 1
2	1	20.1045 1	74.1892 1
3	2	20.663 1	74.219 1 74.493 0.056
6	5	20.430 1	74.1126 0.794 74.1749 1 74.2579 0.182 74.743 0.794 74.798 0.678
10	9	20.102 0.687 20.190 0.713 20.222 1 20.233 0.240 20.236 0.228 20.265 0.203 20.274 0.174 20.467 0.222 20.555 0.190	74.691 1
2	1	20.855 1	74.154 1
2	1	20.684 1	74.1824 1
2	1	20.111 1	74.1360 1
2	1	20.602 1	74.545 1
2	1	20.22 1	74.1683 1
3	2	20.279 1	74.1789 0.202 74.54 1
2	1	20.397 1	74.621 1
2	1	20.549 1	74.1723 1
2	1	20.676 1	74.549 1
2	1	20.758 1	74.1981 1
2	1	20.874 1	74.274 1
2	1	20.956 1	74.62 1
2	1	20.129 1	74.1387 1
2	1	20.642 1	74.1596 1
3	2	20.959 1	74.1870 0.533 74.479 1
2	1	20.519 1	74.2226 1
3	2	20.360 0.080 20.749 1	74.1678 1
8	7	20.3 1	74.1122 0.074 74.1764 1 74.2089 0.449 74.2102 0.074 74.725 1 74.739 0.074 74.817 0.993
4	3	20.318 1 20.324 0.079 20.50 0.064	74.123 1
2	1	20.645 1	74.2540 1
2	1	20.533 1	74.624 1
13	40	20.498 1 20.491 1 20.178 0.205 20.499 0.184 20.500 0.150	74.2373 1 74.2350 1 74.2594 0.700 74.2346 0.669 74.2290 0.645 74.2332 0.497 74.2336 0.456 74.2375 0.270
2	1	20.850 1	74.159 1
2	1	20.348 1	74.1780 1
2	1	20.91 1	74.1167 1
2	1	20.278 1	74.1805 1
2	1	20.598 1	74.417 1
2	1	20.618 1	74.628 1
2	1	20.670 1	74.1155 1
2	1	20.291 1	74.657 1
3	2	20.921 0.788	74.599 0.746 74.2066 0.831
