Size	Relations	OrthoA	OrthoB
2	1	20.861 1	76.669 1
2	1	20.862 1	76.668 1
2	1	20.119 1	76.155 1
2	1	20.842 1	76.507 1
2	1	20.807 1	76.332 1
2	1	20.967 1	76.342 1
2	1	20.761 1	76.68 1
2	1	20.553 1	76.647 1
2	1	20.341 1	76.600 1
2	1	20.981 1	76.3 1
2	1	20.567 1	76.642 1
2	1	20.730 1	76.614 1
2	1	20.844 1	76.469 1
2	1	20.93 1	76.13 1
2	1	20.979 1	76.355 1
2	1	20.978 1	76.354 1
2	1	20.843 1	76.500 1
2	1	20.583 1	76.228 1
2	1	20.423 1	76.246 1
2	1	20.904 1	76.423 1
2	1	20.580 1	76.225 1
2	1	20.9 1	76.94 1
2	1	20.905 1	76.422 1
2	1	20.851 1	76.464 1
2	1	20.853 1	76.462 1
2	1	20.421 1	76.245 1
2	1	20.794 1	76.35 1
2	1	20.548 1	76.86 1
2	1	20.895 1	76.434 1
4	3	20.934 1 20.42 0.771 20.613 0.737	76.470 1
2	1	20.614 1	76.346 1
2	1	20.29 1	76.175 1
2	1	20.382 1	76.251 1
2	1	20.800 1	76.121 1
2	1	20.514 1	76.254 1
2	1	20.946 1	76.492 1
3	2	20.716 1 20.717 0.156	76.586 1
2	1	20.1064 1	76.302 1
2	1	20.762 1	76.5 1
2	1	20.1063 1	76.45 1
2	1	20.809 1	76.331 1
2	1	20.129 1	76.111 1
2	1	20.329 1	76.338 1
2	1	20.622 1	76.291 1
2	1	20.822 1	76.552 1
2	1	20.135 1	76.126 1
2	1	20.968 1	76.341 1
2	1	20.971 1	76.503 1
2	1	20.722 1	76.581 1
2	1	20.746 1	76.580 1
2	1	20.1005 1	76.529 1
2	1	20.67 1	76.621 1
2	1	20.681 1	76.192 1
2	1	20.890 1	76.443 1
2	1	20.711 1	76.583 1
2	1	20.867 1	76.645 1
2	1	20.815 1	76.19 1
2	1	20.811 1	76.52 1
2	1	20.933 1	76.401 1
2	1	20.765 1	76.64 1
2	1	20.4 1	76.307 1
2	1	20.637 1	76.172 1
2	1	20.943 1	76.487 1
2	1	20.63 1	76.281 1
2	1	20.510 1	76.504 1
2	1	20.831 1	76.567 1
2	1	20.732 1	76.561 1
3	2	20.616 1 20.774 0.191	76.118 1
2	1	20.683 1	76.194 1
2	1	20.927 1	76.420 1
2	1	20.328 1	76.498 1
2	1	20.23 1	76.311 1
2	1	20.931 1	76.402 1
3	2	20.256 1	76.220 0.076 76.605 1
2	1	20.751 1	76.630 1
2	1	20.930 1	76.403 1
2	1	20.577 1	76.235 1
2	1	20.31 1	76.29 1
3	2	20.1020 1 20.788 0.102	76.177 1
2	1	20.78 1	76.181 1
2	1	20.627 1	76.164 1
2	1	20.508 1	76.252 1
2	1	20.137 1	76.124 1
2	1	20.920 1	76.490 1
2	1	20.903 1	76.424 1
2	1	20.2 1	76.306 1
2	1	20.791 1	76.38 1
2	1	20.954 1	76.449 1
3	2	20.977 1 20.742 0.745	76.627 1
2	1	20.40 1	76.294 1
2	1	20.565 1	76.369 1
2	1	20.989 1	76.513 1
2	1	20.106 1	76.108 1
2	1	20.1035 1	76.628 1
2	1	20.593 1	76.260 1
2	1	20.970 1	76.502 1
2	1	20.1030 1	76.186 1
2	1	20.687 1	76.200 1
2	1	20.792 1	76.37 1
2	1	20.941 1	76.482 1
2	1	20.893 1	76.437 1
2	1	20.630 1	76.167 1
2	1	20.1015 1	76.542 1
2	1	20.883 1	76.379 1
3	2	20.709 1	76.149 1 76.240 0.652
2	1	20.109 1	76.147 1
2	1	20.32 1	76.28 1
2	1	20.628 1	76.166 1
2	1	20.70 1	76.595 1
2	1	20.1051 1	76.323 1
2	1	20.646 1	76.74 1
2	1	20.529 1	76.115 1
2	1	20.975 1	76.222 1
2	1	20.128 1	76.113 1
2	1	20.673 1	76.80 1
2	1	20.1031 1	76.570 1
2	1	20.818 1	76.556 1
2	1	20.928 1	76.405 1
2	1	20.878 1	76.372 1
2	1	20.763 1	76.66 1
2	1	20.620 1	76.337 1
2	1	20.1060 1	76.46 1
2	1	20.114 1	76.101 1
3	2	20.947 1 20.214 0.954	76.493 1
2	1	20.8 1	76.239 1
2	1	20.299 1	76.467 1
2	1	20.789 1	76.79 1
2	1	20.907 1	76.416 1
2	1	20.1016 1	76.543 1
2	1	20.582 1	76.227 1
2	1	20.974 1	76.223 1
2	1	20.367 1	76.116 1
2	1	20.71 1	76.596 1
3	2	20.972 1 20.869 0.844	76.201 1
2	1	20.912 1	76.410 1
2	1	20.551 1	76.88 1
2	1	20.230 1	76.339 1
2	1	20.76 1	76.183 1
2	1	20.870 1	76.351 1
2	1	20.901 1	76.428 1
2	1	20.1055 1	76.162 1
2	1	20.419 1	76.575 1
2	1	20.973 1	76.632 1
2	1	20.1017 1	76.544 1
2	1	20.718 1	76.582 1
2	1	20.837 1	76.327 1
2	1	20.136 1	76.125 1
2	1	20.56 1	76.285 1
2	1	20.95 1	76.15 1
2	1	20.27 1	76.6 1
2	1	20.303 1	76.495 1
2	1	20.37 1	76.296 1
2	1	20.836 1	76.617 1
2	1	20.910 1	76.412 1
2	1	20.35 1	76.298 1
2	1	20.148 1	76.117 1
2	1	20.651 1	76.392 1
2	1	20.509 1	76.253 1
2	1	20.976 1	76.221 1
2	1	20.621 1	76.336 1
2	1	20.1058 1	76.321 1
2	1	20.592 1	76.259 1
2	1	20.819 1	76.555 1
2	1	20.938 1	76.476 1
2	1	20.1007 1	76.531 1
2	1	20.1012 1	76.536 1
3	2	20.541 1 20.542 0.750	76.89 1
2	1	20.986 1	76.510 1
2	1	20.568 1	76.640 1
2	1	20.575 1	76.611 1
2	1	20.1034 1	76.626 1
2	1	20.574 1	76.612 1
3	2	20.749 1 20.360 0.667	76.576 1
2	1	20.992 1	76.516 1
2	1	20.133 1	76.128 1
2	1	20.1065 1	76.303 1
2	1	20.398 1	76.261 1
3	2	20.666 1	76.625 1 76.148 0.784
2	1	20.998 1	76.522 1
2	1	20.672 1	76.622 1
2	1	20.859 1	76.456 1
2	1	20.281 1	76.61 1
2	1	20.753 1	76.78 1
2	1	20.748 1	76.578 1
2	1	20.45 1	76.290 1
2	1	20.597 1	76.215 1
2	1	20.987 1	76.511 1
2	1	20.764 1	76.65 1
2	1	20.852 1	76.463 1
2	1	20.939 1	76.477 1
2	1	20.304 1	76.496 1
3	2	20.425 1	76.419 1 76.99 0.819
2	1	20.254 1	76.604 1
2	1	20.944 1	76.488 1
2	1	20.820 1	76.554 1
2	1	20.644 1	76.635 1
2	1	20.654 1	76.394 1
2	1	20.1001 1	76.525 1
2	1	20.305 1	76.644 1
2	1	20.965 1	76.344 1
5	4	20.511 1 20.217 0.842 20.277 0.856 20.310 0.829	76.505 1
2	1	20.539 1	76.209 1
2	1	20.879 1	76.375 1
2	1	20.118 1	76.156 1
2	1	20.712 1	76.447 1
2	1	20.263 1	76.643 1
2	1	20.838 1	76.328 1
2	1	20.847 1	76.244 1
2	1	20.19 1	76.133 1
2	1	20.913 1	76.409 1
2	1	20.839 1	76.329 1
2	1	20.130 1	76.112 1
2	1	20.857 1	76.458 1
2	1	20.424 1	76.41 1
2	1	20.966 1	76.343 1
2	1	20.108 1	76.110 1
2	1	20.796 1	76.33 1
2	1	20.657 1	76.143 1
2	1	20.624 1	76.213 1
3	2	20.719 1 20.866 0.772	76.435 1
2	1	20.10 1	76.93 1
2	1	20.1054 1	76.163 1
2	1	20.873 1	76.366 1
2	1	20.899 1	76.430 1
2	1	20.953 1	76.448 1
2	1	20.17 1	76.135 1
2	1	20.897 1	76.432 1
2	1	20.993 1	76.517 1
2	1	20.656 1	76.396 1
2	1	20.835 1	76.326 1
2	1	20.18 1	76.134 1
2	1	20.1006 1	76.530 1
4	4	20.1043 1 20.1044 0.515	76.565 1 76.26 0.840
2	1	20.202 1	76.114 1
2	1	20.821 1	76.553 1
7	10	20.641 0.715 20.914 0.376 20.916 1 20.922 0.411 20.921 0.686	76.138 1 76.139 0.726
2	1	20.16 1	76.137 1
2	1	20.28 1	76.7 1
2	1	20.12 1	76.90 1
2	1	20.686 1	76.198 1
2	1	20.573 1	76.102 1
2	1	20.896 1	76.433 1
2	1	20.984 1	76.299 1
2	1	20.579 1	76.224 1
2	1	20.880 1	76.376 1
2	1	20.313 1	76.11 1
2	1	20.937 1	76.475 1
2	1	20.373 1	76.278 1
2	1	20.797 1	76.32 1
4	3	20.860 1 20.302 0.867 20.1023 0.738	76.497 1
2	1	20.929 1	76.404 1
2	1	20.671 1	76.623 1
2	1	20.924 1	76.406 1
2	1	20.996 1	76.520 1
2	1	20.338 1	76.320 1
2	1	20.990 1	76.514 1
2	1	20.1003 1	76.527 1
2	1	20.298 1	76.662 1
2	1	20.841 1	76.374 1
2	1	20.98 1	76.151 1
2	1	20.1028 1	76.318 1
2	1	20.558 1	76.408 1
2	1	20.799 1	76.120 1
2	1	20.623 1	76.211 1
2	1	20.379 1	76.249 1
2	1	20.991 1	76.515 1
4	3	20.446 1 20.473 0.153 20.734 0.125	76.315 1
2	1	20.675 1	76.263 1
2	1	20.1011 1	76.535 1
2	1	20.517 1	76.255 1
3	2	20.877 1 20.530 0.816	76.371 1
2	1	20.1010 1	76.534 1
2	1	20.1029 1	76.317 1
2	1	20.545 1	76.142 1
2	1	20.658 1	76.144 1
2	1	20.1004 1	76.528 1
2	1	20.659 1	76.145 1
2	1	20.689 1	76.590 1
2	1	20.1018 1	76.545 1
2	1	20.11 1	76.91 1
2	1	20.733 1	76.559 1
2	1	20.955 1	76.451 1
2	1	20.107 1	76.109 1
3	2	20.331 1 20.524 0.075	76.587 1
2	1	20.586 1	76.82 1
2	1	20.595 1	76.639 1
2	1	20.680 1	76.23 1
2	1	20.77 1	76.182 1
2	1	20.830 1	76.569 1
2	1	20.430 1	76.664 1
2	1	20.768 1	76.72 1
2	1	20.868 1	76.646 1
3	2	20.1036 1	76.154 1 76.395 0.084
2	1	20.126 1	76.129 1
2	1	20.677 1	76.265 1
2	1	20.691 1	76.588 1
2	1	20.726 1	76.593 1
2	1	20.531 1	76.205 1
4	3	20.216 0.055 20.306 0.058 20.308 1	76.10 1
2	1	20.638 1	76.173 1
2	1	20.720 1	76.40 1
2	1	20.871 1	76.352 1
2	1	20.1002 1	76.526 1
2	1	20.532 1	76.207 1
2	1	20.66 1	76.594 1
2	1	20.1000 1	76.524 1
2	1	20.665 1	76.158 1
2	1	20.740 1	76.56 1
2	1	20.587 1	76.619 1
2	1	20.865 1	76.666 1
2	1	20.116 1	76.157 1
3	2	20.39 1	76.119 0.123 76.295 1
2	1	20.790 1	76.2 1
2	1	20.814 1	76.54 1
2	1	20.139 1	76.123 1
2	1	20.33 1	76.27 1
2	1	20.650 1	76.258 1
2	1	20.950 1	76.445 1
2	1	20.1013 1	76.537 1
2	1	20.1066 1	76.304 1
2	1	20.625 1	76.377 1
2	1	20.906 1	76.417 1
2	1	20.997 1	76.521 1
2	1	20.436 1	76.165 1
2	1	20.124 1	76.130 1
2	1	20.520 1	76.97 1
2	1	20.57 1	76.284 1
2	1	20.823 1	76.551 1
2	1	20.988 1	76.512 1
3	2	20.816 0.062 20.86 1	76.631 1
2	1	20.153 1	76.629 1
2	1	20.596 1	76.214 1
2	1	20.64 1	76.592 1
2	1	20.999 1	76.523 1
2	1	20.710 1	76.187 1
6	5	20.770 1 20.147 0.991 20.154 0.800 20.280 0.830 20.747 0.930	76.62 1
2	1	20.195 1	76.479 1
2	1	20.381 1	76.250 1
2	1	20.600 1	76.218 1
2	1	20.631 1	76.168 1
2	1	20.854 1	76.461 1
2	1	20.550 1	76.87 1
2	1	20.75 1	76.184 1
2	1	20.346 1	76.601 1
2	1	20.576 1	76.610 1
2	1	20.848 1	76.316 1
2	1	20.995 1	76.519 1
2	1	20.469 1	76.382 1
2	1	20.51 1	76.288 1
2	1	20.985 1	76.509 1
2	1	20.884 1	76.380 1
3	2	20.151 1 20.160 0.801	76.478 1
2	1	20.769 1	76.73 1
2	1	20.1 1	76.305 1
2	1	20.1014 1	76.649 1
3	2	20.311 1 20.736 0.701	76.574 1
2	1	20.886 1	76.386 1
2	1	20.94 1	76.14 1
2	1	20.885 1	76.385 1
2	1	20.345 1	76.603 1
2	1	20.729 1	76.673 1
2	1	20.741 1	76.17 1
2	1	20.25 1	76.436 1
2	1	20.1041 1	76.564 1
2	1	20.1008 1	76.532 1
2	1	20.1032 1	76.48 1
2	1	20.642 1	76.637 1
2	1	20.813 1	76.53 1
2	1	20.518 1	76.256 1
2	1	20.6 1	76.272 1
2	1	20.21 1	76.25 1
2	1	20.347 1	76.602 1
2	1	20.538 1	76.208 1
2	1	20.902 1	76.427 1
2	1	20.20 1	76.132 1
2	1	20.581 1	76.226 1
2	1	20.832 1	76.566 1
2	1	20.856 1	76.459 1
2	1	20.73 1	76.648 1
2	1	20.898 1	76.431 1
2	1	20.100 1	76.152 1
2	1	20.1059 1	76.47 1
2	1	20.353 1	76.557 1
2	1	20.676 1	76.264 1
2	1	20.909 1	76.413 1
2	1	20.279 1	76.238 1
2	1	20.350 1	76.609 1
2	1	20.690 1	76.589 1
2	1	20.633 1	76.170 1
2	1	20.695 1	76.9 1
2	1	20.817 1	76.57 1
2	1	20.887 1	76.387 1
3	2	20.113 1 20.875 0.928	76.100 1
2	1	20.557 1	76.319 1
2	1	20.632 1	76.169 1
2	1	20.864 1	76.667 1
2	1	20.1009 1	76.533 1
2	1	20.167 1	76.439 1
2	1	20.36 1	76.297 1
2	1	20.537 1	76.191 1
2	1	20.348 1	76.501 1
2	1	20.602 1	76.606 1
2	1	20.618 1	76.153 1
2	1	20.850 1	76.465 1
2	1	20.834 1	76.325 1
2	1	20.1056 1	76.453 1
2	1	20.30 1	76.30 1
2	1	20.945 1	76.491 1
3	2	20.635 1	76.347 1 76.171 1
4	3	20.178 1 20.491 0.773 20.498 0.140	76.39 1
2	1	20.908 1	76.414 1
3	2	20.250 1 20.62 0.071	76.282 1
2	1	20.915 1	76.233 1
2	1	20.798 1	76.31 1
2	1	20.364 1	76.104 1
2	1	20.533 1	76.274 1
2	1	20.547 1	76.85 1
2	1	20.951 1	76.446 1
2	1	20.3 1	76.241 1
2	1	20.684 1	76.196 1
2	1	20.793 1	76.36 1
2	1	20.855 1	76.460 1
2	1	20.536 1	76.83 1
2	1	20.874 1	76.367 1
2	1	20.810 0.907	76.24 0.907
