Size	Relations	OrthoA	OrthoB
2	1	20.861 1	75.123 1
2	1	20.862 1	75.122 1
2	1	20.119 1	75.525 1
2	1	20.842 1	75.285 1
2	1	20.329 1	75.1293 1
2	1	20.967 1	75.126 1
2	1	20.761 1	75.1998 1
3	2	20.553 1	75.2722 1 75.871 1
2	1	20.567 1	75.583 1
2	1	20.844 1	75.273 1
2	1	20.981 1	75.883 1
2	1	20.341 1	75.551 1
2	1	20.93 1	75.1452 1
2	1	20.730 1	75.1511 1
2	1	20.421 1	75.1299 1
2	1	20.423 1	75.1301 1
2	1	20.9 1	75.484 1
2	1	20.904 1	75.4 1
2	1	20.843 1	75.268 1
2	1	20.29 1	75.437 1
2	1	20.762 1	75.2059 1
2	1	20.905 1	75.3 1
2	1	20.580 1	75.2036 1
2	1	20.934 1	75.294 1
2	1	20.58 1	75.2178 1
2	1	20.1026 1	75.666 1
2	1	20.853 1	75.183 1
2	1	20.548 1	75.1904 1
2	1	20.800 1	75.2137 1
3	2	20.382 1	75.995 1 75.637 0.780
2	1	20.722 1	75.1833 1
2	1	20.1064 1	75.2267 1
2	1	20.682 1	75.352 1
2	1	20.514 1	75.881 1
2	1	20.895 1	75.13 1
2	1	20.851 1	75.185 1
2	1	20.794 1	75.2133 1
2	1	20.1063 1	75.1844 1
2	1	20.946 1	75.315 1
2	1	20.716 1	75.1438 1
2	1	20.746 1	75.468 1
2	1	20.737 1	75.1874 1
2	1	20.890 1	75.18 1
2	1	20.968 1	75.127 1
2	1	20.135 1	75.528 1
2	1	20.927 1	75.280 1
2	1	20.756 1	75.2187 1
2	1	20.1005 1	75.384 1
2	1	20.583 1	75.2040 1
2	1	20.979 1	75.2291 1
2	1	20.732 1	75.2125 1
2	1	20.522 1	75.786 1
3	2	20.916 1 20.641 0.730	75.2274 1
2	1	20.751 1	75.446 1
2	1	20.508 1	75.1349 1
2	1	20.510 1	75.1902 1
2	1	20.683 1	75.351 1
2	1	20.815 1	75.404 1
2	1	20.137 1	75.530 1
2	1	20.971 1	75.2057 1
2	1	20.63 1	75.349 1
2	1	20.637 1	75.464 1
2	1	20.822 1	75.68 1
2	1	20.920 1	75.489 1
2	1	20.627 1	75.515 1
2	1	20.23 1	75.1863 1
2	1	20.711 1	75.1437 1
2	1	20.4 1	75.272 1
2	1	20.791 1	75.2130 1
3	2	20.593 1	75.2771 1 75.819 1
2	1	20.811 1	75.396 1
2	1	20.933 1	75.293 1
3	2	20.977 1 20.621 0.859	75.451 1
2	1	20.681 1	75.1618 1
2	1	20.328 1	75.2193 1
2	1	20.31 1	75.439 1
2	1	20.759 1	75.2190 1
3	2	20.616 1 20.774 0.131	75.1778 1
2	1	20.931 1	75.317 1
2	1	20.84 1	75.768 1
2	1	20.752 1	75.1593 1
2	1	20.622 1	75.443 1
2	1	20.40 1	75.200 1
2	1	20.426 1	75.620 1
2	1	20.577 1	75.630 1
2	1	20.831 1	75.190 1
2	1	20.975 1	75.449 1
2	1	20.974 1	75.448 1
2	1	20.765 1	75.203 1
2	1	20.914 1	75.2275 1
2	1	20.922 1	75.2271 1
2	1	20.930 1	75.316 1
2	1	20.954 1	75.60 1
2	1	20.78 1	75.1456 1
2	1	20.565 1	75.598 1
2	1	20.1051 1	75.2094 1
2	1	20.989 1	75.368 1
2	1	20.15 1	75.1873 1
2	1	20.83 1	75.767 1
2	1	20.941 1	75.309 1
2	1	20.970 1	75.2058 1
2	1	20.687 1	75.1834 1
2	1	20.2 1	75.291 1
2	1	20.528 1	75.459 1
2	1	20.789 1	75.2128 1
2	1	20.71 1	75.1463 1
2	1	20.893 1	75.15 1
2	1	20.529 1	75.536 1
3	2	20.947 1 20.214 0.906	75.2265 1
2	1	20.109 1	75.570 1
2	1	20.903 1	75.5 1
2	1	20.718 1	75.1439 1
2	1	20.763 1	75.205 1
2	1	20.509 1	75.1350 1
2	1	20.792 1	75.2131 1
2	1	20.1030 1	75.1565 1
2	1	20.106 1	75.567 1
2	1	20.1012 1	75.389 1
2	1	20.70 1	75.1464 1
2	1	20.1015 1	75.353 1
2	1	20.81 1	75.764 1
2	1	20.883 1	75.360 1
4	3	20.165 1	75.1281 1 75.2587 0.139 75.2588 0.114
2	1	20.901 1	75.7 1
2	1	20.1055 1	75.1115 1
2	1	20.978 1	75.422 1
2	1	20.1035 1	75.1841 1
2	1	20.568 1	75.582 1
2	1	20.1060 1	75.1846 1
2	1	20.878 1	75.295 1
2	1	20.912 1	75.2277 1
2	1	20.420 1	75.631 1
2	1	20.136 1	75.529 1
2	1	20.976 1	75.450 1
2	1	20.928 1	75.248 1
3	2	20.972 1 20.869 0.932	75.2041 1
2	1	20.818 1	75.398 1
2	1	20.13 1	75.488 1
2	1	20.551 1	75.1907 1
2	1	20.620 1	75.30 1
2	1	20.628 1	75.514 1
2	1	20.796 1	75.1553 1
2	1	20.819 1	75.635 1
2	1	20.586 1	75.494 1
2	1	20.1016 1	75.354 1
2	1	20.32 1	75.440 1
2	1	20.35 1	75.196 1
2	1	20.667 1	75.1755 1
2	1	20.148 1	75.1320 1
3	2	20.984 1	75.1774 0.054 75.2232 1
2	1	20.672 1	75.1443 1
2	1	20.870 1	75.2143 1
2	1	20.27 1	75.2032 1
2	1	20.636 1	75.465 1
2	1	20.133 1	75.526 1
2	1	20.114 1	75.969 1
2	1	20.367 1	75.789 1
2	1	20.582 1	75.2038 1
2	1	20.82 1	75.765 1
2	1	20.539 1	75.1586 1
2	1	20.56 1	75.2180 1
2	1	20.1046 1	75.2101 1
2	1	20.907 1	75.1 1
2	1	20.37 1	75.198 1
2	1	20.117 1	75.523 1
2	1	20.910 1	75.2288 1
2	1	20.709 1	75.340 1
2	1	20.992 1	75.371 1
2	1	20.944 1	75.313 1
2	1	20.359 1	75.968 1
2	1	20.118 1	75.524 1
2	1	20.54 1	75.2182 1
2	1	20.827 1	75.2198 1
2	1	20.943 1	75.311 1
2	1	20.527 1	75.460 1
2	1	20.1058 1	75.1848 1
2	1	20.67 1	75.556 1
2	1	20.841 1	75.286 1
2	1	20.986 1	75.365 1
2	1	20.76 1	75.1458 1
2	1	20.938 1	75.307 1
2	1	20.891 1	75.17 1
2	1	20.837 1	75.271 1
2	1	20.1017 1	75.355 1
2	1	20.839 1	75.269 1
2	1	20.1034 1	75.1842 1
4	3	20.335 1	75.1206 1 75.1213 1 75.2697 0.465
2	1	20.362 1	75.965 1
3	2	20.592 1	75.2770 1 75.820 0.991
2	1	20.425 1	75.1217 1
2	1	20.1037 1	75.134 1
2	1	20.140 1	75.533 1
2	1	20.836 1	75.511 1
2	1	20.85 1	75.769 1
2	1	20.748 1	75.277 1
2	1	20.18 1	75.1870 1
2	1	20.987 1	75.366 1
2	1	20.579 1	75.2035 1
2	1	20.398 1	75.1590 1
2	1	20.753 1	75.1594 1
2	1	20.574 1	75.1545 1
2	1	20.966 1	75.125 1
2	1	20.973 1	75.447 1
2	1	20.535 1	75.2753 1
2	1	20.859 1	75.177 1
2	1	20.597 1	75.413 1
2	1	20.95 1	75.1450 1
2	1	20.835 1	75.274 1
2	1	20.939 1	75.308 1
2	1	20.650 1	75.1548 1
2	1	20.671 1	75.1442 1
2	1	20.1065 1	75.2266 1
2	1	20.575 1	75.1546 1
2	1	20.644 1	75.576 1
3	2	20.357 1	75.1198 1 75.2706 0.121
2	1	20.1003 1	75.382 1
2	1	20.894 1	75.14 1
2	1	20.852 1	75.184 1
3	2	20.666 1	75.519 1 75.341 0.784
2	1	20.906 1	75.2 1
2	1	20.998 1	75.377 1
2	1	20.899 1	75.9 1
2	1	20.16 1	75.1872 1
2	1	20.374 1	75.507 1
2	1	20.965 1	75.124 1
2	1	20.764 1	75.204 1
2	1	20.731 1	75.149 1
2	1	20.879 1	75.2194 1
2	1	20.1007 1	75.391 1
3	2	20.935 0.246 20.936 1	75.275 1
2	1	20.993 1	75.372 1
2	1	20.45 1	75.445 1
2	1	20.573 1	75.771 1
2	1	20.330 1	75.1430 1
2	1	20.1001 1	75.380 1
2	1	20.1054 1	75.1114 1
2	1	20.820 1	75.70 1
2	1	20.17 1	75.1871 1
2	1	20.913 1	75.2276 1
2	1	20.771 1	75.430 1
2	1	20.263 1	75.504 1
3	2	20.656 1	75.636 1 75.574 0.790
2	1	20.719 1	75.1805 1
2	1	20.889 1	75.19 1
2	1	20.673 1	75.496 1
2	1	20.797 1	75.1554 1
2	1	20.952 1	75.57 1
2	1	20.256 1	75.2139 1
2	1	20.108 1	75.569 1
2	1	20.25 1	75.1465 1
2	1	20.953 1	75.58 1
2	1	20.897 1	75.11 1
3	2	20.1043 0.446 20.1044 1	75.2104 1
2	1	20.657 1	75.573 1
2	1	20.19 1	75.1869 1
2	1	20.1029 1	75.2191 1
2	1	20.339 1	75.2399 1
2	1	20.530 1	75.625 1
2	1	20.614 1	75.1298 1
2	1	20.760 1	75.512 1
2	1	20.10 1	75.485 1
2	1	20.691 1	75.1637 1
2	1	20.996 1	75.375 1
2	1	20.799 1	75.2135 1
5	4	20.511 1 20.217 0.728 20.277 0.712 20.310 0.846	75.1901 1
2	1	20.138 1	75.531 1
2	1	20.924 1	75.2269 1
2	1	20.387 1	75.1427 1
2	1	20.624 1	75.418 1
2	1	20.1006 1	75.385 1
2	1	20.12 1	75.487 1
2	1	20.873 1	75.302 1
2	1	20.871 1	75.2144 1
2	1	20.668 1	75.1756 1
2	1	20.821 1	75.69 1
2	1	20.379 1	75.1302 1
6	8	20.292 1 20.160 0.810	75.100 1 75.2408 0.932 75.2512 0.932 75.655 0.442
3	2	20.151 1	75.2424 1 75.2527 1
2	1	20.507 1	75.1784 1
8	7	20.298 1	75.109 1 75.2320 0.074 75.2418 0.955 75.2521 0.955 75.2541 0.077 75.588 0.190 75.82 0.065
2	1	20.513 1	75.1351 1
2	1	20.545 1	75.1800 1
2	1	20.755 1	75.2186 1
2	1	20.661 1	75.792 1
2	1	20.659 1	75.571 1
2	1	20.726 1	75.1506 1
2	1	20.790 1	75.2129 1
2	1	20.880 1	75.2195 1
2	1	20.896 1	75.12 1
4	3	20.385 1 20.156 0.801 20.706 0.752	75.156 1
2	1	20.680 1	75.779 1
2	1	20.587 1	75.493 1
2	1	20.97 1	75.1448 1
2	1	20.665 1	75.520 1
2	1	20.28 1	75.2031 1
2	1	20.1004 1	75.383 1
2	1	20.386 1	75.1426 1
2	1	20.1013 1	75.390 1
2	1	20.517 1	75.880 1
2	1	20.857 1	75.179 1
2	1	20.1059 1	75.1847 1
2	1	20.11 1	75.486 1
2	1	20.658 1	75.572 1
2	1	20.42 1	75.297 1
2	1	20.1000 1	75.379 1
2	1	20.1011 1	75.388 1
2	1	20.742 1	75.1552 1
2	1	20.331 1	75.1429 1
2	1	20.55 1	75.2181 1
2	1	20.847 1	75.342 1
2	1	20.638 1	75.463 1
4	3	20.860 1 20.302 1 20.1023 0.855	75.244 1
2	1	20.115 1	75.521 1
2	1	20.1042 1	75.2105 1
10	9	20.103 0.753 20.191 1 20.223 0.749 20.234 0.486 20.237 0.523 20.266 0.565 20.275 0.560 20.466 0.578 20.554 0.525	75.691 1
2	1	20.613 1	75.296 1
2	1	20.8 1	75.775 1
2	1	20.1028 1	75.2192 1
2	1	20.630 1	75.1112 1
2	1	20.98 1	75.1446 1
2	1	20.1010 1	75.387 1
2	1	20.929 1	75.318 1
2	1	20.543 1	75.1592 1
2	1	20.768 1	75.201 1
2	1	20.795 1	75.2134 1
3	2	20.558 1	75.2729 1 75.864 1
2	1	20.825 1	75.2197 1
2	1	20.937 1	75.306 1
2	1	20.991 1	75.370 1
2	1	20.51 1	75.2185 1
2	1	20.1018 1	75.356 1
2	1	20.686 1	75.1966 1
2	1	20.877 1	75.299 1
2	1	20.830 1	75.191 1
2	1	20.116 1	75.522 1
2	1	20.951 1	75.56 1
2	1	20.338 1	75.1318 1
2	1	20.346 1	75.240 1
2	1	20.520 1	75.787 1
2	1	20.77 1	75.1457 1
2	1	20.985 1	75.364 1
2	1	20.866 1	75.421 1
10	16	20.259 1 20.159 1	75.2145 1 75.148 1 75.1588 0.762 75.774 0.337 75.1638 0.249 75.1639 0.138 75.1587 0.135 75.121 0.111
2	1	20.679 1	75.319 1
2	1	20.990 1	75.369 1
2	1	20.623 1	75.419 1
2	1	20.512 1	75.1903 1
2	1	20.494 1	75.1959 1
2	1	20.733 1	75.2126 1
2	1	20.675 1	75.547 1
2	1	20.596 1	75.414 1
2	1	20.817 1	75.399 1
2	1	20.692 1	75.711 1
2	1	20.125 1	75.1611 1
2	1	20.33 1	75.441 1
2	1	20.689 1	75.1635 1
3	2	20.823 1	75.491 1 75.67 0.421
2	1	20.900 1	75.8 1
2	1	20.332 1	75.1428 1
2	1	20.1002 1	75.381 1
2	1	20.757 1	75.2188 1
2	1	20.600 1	75.410 1
2	1	20.677 1	75.545 1
2	1	20.942 1	75.310 1
2	1	20.955 1	75.61 1
2	1	20.255 1	75.2140 1
3	2	20.1036 1	75.1447 0.144 75.1751 1
2	1	20.770 1	75.2002 1
2	1	20.585 1	75.305 1
2	1	20.865 1	75.2248 1
2	1	20.66 1	75.503 1
2	1	20.1 1	75.289 1
2	1	20.1049 1	75.2096 1
2	1	20.1050 1	75.2095 1
2	1	20.107 1	75.568 1
2	1	20.65 1	75.502 1
2	1	20.740 1	75.1550 1
2	1	20.864 1	75.2247 1
2	1	20.995 1	75.374 1
2	1	20.814 1	75.394 1
2	1	20.149 1	75.1319 1
2	1	20.884 1	75.359 1
4	4	20.230 1 20.867 0.784	75.1836 1 75.2046 0.742
2	1	20.531 1	75.624 1
2	1	20.576 1	75.1547 1
2	1	20.646 1	75.2049 1
2	1	20.887 1	75.21 1
2	1	20.997 1	75.376 1
2	1	20.57 1	75.2179 1
2	1	20.428 1	75.1048 1
2	1	20.1033 1	75.350 1
2	1	20.720 1	75.884 1
6	5	20.446 0.181 20.473 0.183 20.734 1 20.804 0.436 20.806 0.497	75.539 1
2	1	20.923 1	75.2270 1
2	1	20.950 1	75.55 1
2	1	20.281 1	75.132 1
2	1	20.532 1	75.623 1
2	1	20.945 1	75.314 1
2	1	20.424 1	75.778 1
2	1	20.595 1	75.581 1
2	1	20.417 1	75.1796 1
2	1	20.90 1	75.1876 1
2	1	20.750 1	75.1862 1
2	1	20.854 1	75.182 1
2	1	20.139 1	75.532 1
2	1	20.886 1	75.22 1
2	1	20.20 1	75.1868 1
2	1	20.988 1	75.367 1
2	1	20.124 1	75.1612 1
2	1	20.581 1	75.2037 1
2	1	20.798 1	75.469 1
2	1	20.741 1	75.1551 1
2	1	20.917 1	75.1617 1
2	1	20.710 1	75.964 1
2	1	20.848 1	75.2196 1
2	1	20.898 1	75.10 1
2	1	20.94 1	75.1451 1
2	1	20.999 1	75.378 1
2	1	20.518 1	75.879 1
2	1	20.1032 1	75.1589 1
2	1	20.840 1	75.287 1
2	1	20.419 1	75.1858 1
2	1	20.885 1	75.23 1
2	1	20.147 1	75.1425 1
2	1	20.754 1	75.994 1
2	1	20.347 1	75.241 1
2	1	20.53 1	75.2183 1
2	1	20.537 1	75.1584 1
2	1	20.538 1	75.1585 1
2	1	20.550 1	75.1906 1
2	1	20.80 1	75.763 1
2	1	20.832 1	75.189 1
2	1	20.909 1	75.2289 1
2	1	20.547 1	75.1606 1
6	5	20.62 1	75.105 0.246 75.2414 0.307 75.2517 0.307 75.348 1 75.649 0.299
2	1	20.769 1	75.2001 1
2	1	20.888 1	75.20 1
2	1	20.810 1	75.397 1
2	1	20.1008 1	75.386 1
2	1	20.925 1	75.2268 1
2	1	20.41 1	75.1843 1
2	1	20.381 1	75.1331 1
2	1	20.52 1	75.2184 1
2	1	20.171 1	75.1566 1
2	1	20.73 1	75.1460 1
2	1	20.1066 1	75.288 1
2	1	20.625 1	75.362 1
2	1	20.96 1	75.1449 1
2	1	20.353 1	75.1801 1
3	2	20.559 1	75.2730 1 75.863 1
2	1	20.167 1	75.938 1
2	1	20.631 1	75.1113 1
2	1	20.75 1	75.1459 1
2	1	20.1041 1	75.2106 1
2	1	20.833 1	75.276 1
2	1	20.30 1	75.438 1
2	1	20.707 1	75.157 1
2	1	20.1027 1	75.667 1
2	1	20.345 1	75.242 1
2	1	20.902 1	75.6 1
2	1	20.39 1	75.199 1
2	1	20.617 1	75.420 1
2	1	20.635 1	75.1783 1
3	2	20.816 1 20.86 0.068	75.1608 1
2	1	20.394 1	75.877 1
2	1	20.960 1	75.128 1
2	1	20.1056 1	75.63 1
2	1	20.702 1	75.175 1
2	1	20.120 1	75.1908 1
2	1	20.61 1	75.247 1
2	1	20.253 1	75.790 1
2	1	20.634 1	75.1782 1
2	1	20.640 1	75.461 1
2	1	20.21 1	75.1867 1
2	1	20.6 1	75.621 1
2	1	20.1040 1	75.2107 1
2	1	20.350 1	75.243 1
2	1	20.100 1	75.1445 1
4	3	20.516 1	75.1091 1 75.1155 0.994 75.1948 0.275
2	1	20.690 1	75.1636 1
2	1	20.536 1	75.1570 1
2	1	20.72 1	75.1461 1
2	1	20.994 1	75.373 1
2	1	20.632 1	75.1780 1
2	1	20.793 1	75.2132 1
3	2	20.113 1 20.875 0.928	75.1296 1
2	1	20.26 1	75.648 1
2	1	20.126 1	75.1610 1
2	1	20.364 1	75.916 1
2	1	20.813 1	75.395 1
2	1	20.36 1	75.197 1
2	1	20.639 1	75.462 1
2	1	20.380 1	75.1753 1
2	1	20.856 1	75.180 1
2	1	20.908 1	75.2290 1
2	1	20.1045 1	75.2102 1
3	2	20.663 1	75.246 1 75.490 0.056
2	1	20.855 1	75.181 1
3	2	20.430 1	75.1073 1 75.1931 0.438
2	1	20.684 1	75.2034 1
10	9	20.102 0.687 20.190 0.713 20.222 1 20.233 0.240 20.236 0.228 20.265 0.203 20.274 0.174 20.467 0.222 20.555 0.190	75.690 1
2	1	20.602 1	75.542 1
2	1	20.111 1	75.1615 1
2	1	20.22 1	75.1865 1
3	2	20.279 1	75.1999 0.202 75.54 1
2	1	20.397 1	75.619 1
2	1	20.549 1	75.1905 1
2	1	20.676 1	75.546 1
2	1	20.956 1	75.62 1
2	1	20.758 1	75.2189 1
2	1	20.874 1	75.301 1
2	1	20.129 1	75.1641 1
2	1	20.642 1	75.1779 1
3	2	20.959 1	75.2080 0.982 75.476 1
3	2	20.360 0.080 20.749 1	75.1860 1
2	1	20.519 1	75.878 1
10	9	20.3 1	75.1077 0.080 75.1089 1 75.1168 0.080 75.1945 0.993 75.2344 0.993 75.2356 0.080 75.2643 0.993 75.724 0.993 75.736 0.080
4	3	20.318 1 20.324 0.079 20.50 0.064	75.150 1
2	1	20.645 1	75.1035 1
2	1	20.533 1	75.622 1
14	45	20.491 1 20.498 1 20.178 0.772 20.499 0.184 20.500 0.150	75.2534 1 75.2332 1 75.2330 0.556 75.2552 0.551 75.2548 0.462 75.2317 0.348 75.2538 0.266 75.2433 0.245 75.2444 0.245
2	1	20.850 1	75.186 1
2	1	20.348 1	75.1960 1
2	1	20.91 1	75.1453 1
2	1	20.278 1	75.2015 1
2	1	20.598 1	75.412 1
2	1	20.618 1	75.626 1
2	1	20.670 1	75.1441 1
2	1	20.291 1	75.656 1
3	2	20.921 0.788	75.597 0.746 75.2272 0.831
