Size	Relations	OrthoA	OrthoB
2	1	20.861 1	77.97 1
2	1	20.862 1	77.96 1
2	1	20.119 1	77.540 1
2	1	20.842 1	77.259 1
2	1	20.329 1	77.1083 1
2	1	20.967 1	77.100 1
2	1	20.761 1	77.1831 1
2	1	20.553 1	77.804 1
2	1	20.567 1	77.597 1
2	1	20.844 1	77.246 1
2	1	20.341 1	77.566 1
2	1	20.981 1	77.816 1
2	1	20.93 1	77.1341 1
2	1	20.730 1	77.1400 1
2	1	20.583 1	77.1871 1
2	1	20.421 1	77.1090 1
2	1	20.423 1	77.1092 1
2	1	20.9 1	77.499 1
2	1	20.904 1	77.4 1
2	1	20.843 1	77.241 1
2	1	20.29 1	77.449 1
2	1	20.905 1	77.3 1
2	1	20.580 1	77.1868 1
2	1	20.934 1	77.270 1
2	1	20.522 1	77.734 1
2	1	20.853 1	77.157 1
2	1	20.1026 1	77.682 1
2	1	20.722 1	77.1695 1
2	1	20.548 1	77.1768 1
3	2	20.382 1	77.917 1 77.653 0.780
2	1	20.682 1	77.327 1
2	1	20.851 1	77.159 1
2	1	20.1064 1	77.2067 1
2	1	20.794 1	77.1963 1
2	1	20.514 1	77.814 1
2	1	20.895 1	77.13 1
2	1	20.800 1	77.1967 1
2	1	20.1063 1	77.1706 1
2	1	20.946 1	77.289 1
2	1	20.746 1	77.482 1
2	1	20.716 1	77.1327 1
2	1	20.737 1	77.1737 1
2	1	20.890 1	77.18 1
2	1	20.968 1	77.101 1
2	1	20.135 1	77.543 1
2	1	20.1005 1	77.360 1
2	1	20.756 1	77.1999 1
2	1	20.979 1	77.2095 1
2	1	20.732 1	77.1955 1
2	1	20.978 1	77.397 1
2	1	20.510 1	77.1766 1
2	1	20.751 1	77.460 1
2	1	20.508 1	77.1141 1
2	1	20.683 1	77.326 1
2	1	20.815 1	77.379 1
2	1	20.137 1	77.545 1
2	1	20.67 1	77.571 1
4	3	20.916 1 20.641 0.728 20.921 0.746	77.612 1
2	1	20.971 1	77.1887 1
2	1	20.63 1	77.324 1
2	1	20.637 1	77.478 1
2	1	20.920 1	77.504 1
2	1	20.627 1	77.530 1
2	1	20.23 1	77.1725 1
2	1	20.711 1	77.1326 1
2	1	20.943 1	77.286 1
2	1	20.4 1	77.245 1
2	1	20.83 1	77.717 1
2	1	20.593 1	77.756 1
2	1	20.791 1	77.1960 1
2	1	20.811 1	77.372 1
2	1	20.933 1	77.269 1
3	2	20.977 1 20.621 0.859	77.465 1
2	1	20.31 1	77.451 1
2	1	20.328 1	77.2005 1
2	1	20.681 1	77.1504 1
2	1	20.931 1	77.291 1
2	1	20.759 1	77.2002 1
3	2	20.616 1 20.774 0.142	77.1641 1
2	1	20.84 1	77.718 1
2	1	20.661 1	77.739 1
2	1	20.752 1	77.1480 1
2	1	20.40 1	77.173 1
2	1	20.622 1	77.455 1
2	1	20.426 1	77.636 1
2	1	20.577 1	77.646 1
2	1	20.914 1	77.2078 1
2	1	20.975 1	77.463 1
2	1	20.922 1	77.2072 1
2	1	20.974 1	77.462 1
2	1	20.765 1	77.176 1
2	1	20.930 1	77.290 1
2	1	20.831 1	77.164 1
2	1	20.78 1	77.1345 1
2	1	20.954 1	77.40 1
2	1	20.565 1	77.613 1
2	1	20.989 1	77.344 1
2	1	20.15 1	77.1736 1
2	1	20.1051 1	77.1923 1
2	1	20.970 1	77.1888 1
2	1	20.941 1	77.284 1
2	1	20.528 1	77.473 1
2	1	20.789 1	77.1958 1
2	1	20.687 1	77.1696 1
2	1	20.927 1	77.253 1
2	1	20.2 1	77.267 1
2	1	20.71 1	77.1353 1
2	1	20.893 1	77.15 1
2	1	20.529 1	77.551 1
2	1	20.109 1	77.584 1
2	1	20.903 1	77.5 1
3	2	20.947 1 20.214 0.906	77.2065 1
2	1	20.718 1	77.1328 1
2	1	20.792 1	77.1961 1
2	1	20.1030 1	77.1453 1
2	1	20.763 1	77.178 1
2	1	20.509 1	77.1142 1
2	1	20.106 1	77.581 1
2	1	20.81 1	77.715 1
2	1	20.1012 1	77.365 1
2	1	20.70 1	77.1354 1
2	1	20.901 1	77.7 1
2	1	20.883 1	77.336 1
2	1	20.1055 1	77.962 1
2	1	20.568 1	77.596 1
2	1	20.1035 1	77.1703 1
2	1	20.58 1	77.1990 1
2	1	20.165 1	77.1070 1
2	1	20.878 1	77.271 1
2	1	20.420 1	77.647 1
2	1	20.912 1	77.2080 1
2	1	20.976 1	77.464 1
2	1	20.1060 1	77.1708 1
2	1	20.762 1	77.1890 1
2	1	20.928 1	77.221 1
3	2	20.972 1 20.869 0.932	77.1872 1
2	1	20.136 1	77.544 1
2	1	20.818 1	77.374 1
2	1	20.339 1	77.2154 1
2	1	20.13 1	77.503 1
2	1	20.551 1	77.1771 1
2	1	20.796 1	77.1441 1
2	1	20.628 1	77.529 1
2	1	20.586 1	77.509 1
2	1	20.1016 1	77.330 1
2	1	20.32 1	77.452 1
2	1	20.35 1	77.169 1
2	1	20.819 1	77.651 1
2	1	20.148 1	77.1112 1
3	2	20.984 1	77.1637 0.052 77.2042 1
3	2	20.42 1 20.613 0.117	77.272 1
2	1	20.870 1	77.1974 1
2	1	20.667 1	77.1618 1
2	1	20.636 1	77.479 1
2	1	20.133 1	77.541 1
2	1	20.114 1	77.901 1
2	1	20.672 1	77.1332 1
2	1	20.582 1	77.1870 1
2	1	20.822 1	77.48 1
2	1	20.367 1	77.737 1
2	1	20.82 1	77.716 1
2	1	20.539 1	77.1474 1
2	1	20.56 1	77.1992 1
2	1	20.907 1	77.1 1
2	1	20.27 1	77.1864 1
2	1	20.1046 1	77.1930 1
2	1	20.117 1	77.538 1
2	1	20.910 1	77.2092 1
2	1	20.709 1	77.316 1
2	1	20.37 1	77.171 1
2	1	20.54 1	77.1994 1
2	1	20.944 1	77.287 1
2	1	20.1058 1	77.1710 1
2	1	20.992 1	77.347 1
2	1	20.359 1	77.900 1
2	1	20.827 1	77.2010 1
2	1	20.986 1	77.341 1
2	1	20.76 1	77.1347 1
2	1	20.527 1	77.474 1
2	1	20.891 1	77.17 1
2	1	20.938 1	77.282 1
2	1	20.1017 1	77.331 1
2	1	20.118 1	77.539 1
2	1	20.839 1	77.242 1
3	2	20.335 1	77.1015 0.236 77.1022 1
2	1	20.362 1	77.897 1
2	1	20.592 1	77.757 1
2	1	20.425 1	77.1026 1
2	1	20.1034 1	77.1704 1
2	1	20.1037 1	77.107 1
2	1	20.140 1	77.548 1
2	1	20.85 1	77.719 1
2	1	20.748 1	77.250 1
2	1	20.987 1	77.342 1
2	1	20.574 1	77.1432 1
2	1	20.579 1	77.1867 1
2	1	20.753 1	77.1481 1
2	1	20.836 1	77.526 1
2	1	20.966 1	77.99 1
2	1	20.973 1	77.461 1
2	1	20.18 1	77.1733 1
2	1	20.535 1	77.774 1
2	1	20.398 1	77.1477 1
2	1	20.8 1	77.725 1
2	1	20.859 1	77.152 1
2	1	20.597 1	77.388 1
2	1	20.95 1	77.1339 1
2	1	20.835 1	77.247 1
2	1	20.939 1	77.283 1
2	1	20.650 1	77.1436 1
2	1	20.671 1	77.1331 1
2	1	20.1065 1	77.2066 1
2	1	20.644 1	77.590 1
2	1	20.357 1	77.1008 1
3	2	20.666 1	77.534 1 77.317 0.784
2	1	20.852 1	77.158 1
2	1	20.894 1	77.14 1
2	1	20.1003 1	77.358 1
2	1	20.906 1	77.2 1
2	1	20.998 1	77.353 1
2	1	20.575 1	77.1433 1
2	1	20.16 1	77.1735 1
2	1	20.731 1	77.122 1
2	1	20.764 1	77.177 1
2	1	20.879 1	77.2006 1
2	1	20.1007 1	77.367 1
2	1	20.573 1	77.721 1
2	1	20.374 1	77.522 1
2	1	20.965 1	77.98 1
2	1	20.45 1	77.459 1
2	1	20.993 1	77.348 1
3	2	20.935 0.248 20.936 1	77.248 1
2	1	20.330 1	77.1320 1
2	1	20.1001 1	77.356 1
2	1	20.1054 1	77.961 1
4	3	20.159 1	77.121 0.844 77.1475 1 77.1522 0.106
2	1	20.820 1	77.51 1
2	1	20.17 1	77.1734 1
2	1	20.263 1	77.519 1
3	2	20.656 1	77.652 1 77.588 0.790
2	1	20.719 1	77.1667 1
2	1	20.913 1	77.2079 1
2	1	20.889 1	77.19 1
2	1	20.1015 1	77.329 1
2	1	20.771 1	77.407 1
2	1	20.673 1	77.511 1
2	1	20.847 1	77.318 1
2	1	20.952 1	77.37 1
2	1	20.25 1	77.1355 1
2	1	20.256 1	77.1969 1
3	2	20.700 1 20.919 0.303	77.975 1
2	1	20.108 1	77.583 1
2	1	20.953 1	77.38 1
2	1	20.797 1	77.1442 1
2	1	20.897 1	77.11 1
3	2	20.1043 0.446 20.1044 1	77.1933 1
2	1	20.19 1	77.1732 1
2	1	20.1029 1	77.2003 1
2	1	20.520 1	77.735 1
2	1	20.657 1	77.587 1
2	1	20.760 1	77.527 1
2	1	20.138 1	77.546 1
5	4	20.511 1 20.217 0.728 20.277 0.712 20.310 0.846	77.1765 1
2	1	20.799 1	77.1965 1
2	1	20.996 1	77.351 1
2	1	20.924 1	77.2069 1
2	1	20.1006 1	77.361 1
2	1	20.691 1	77.1520 1
2	1	20.530 1	77.641 1
2	1	20.624 1	77.393 1
2	1	20.10 1	77.500 1
6	8	20.292 1 20.160 0.810	77.1167 0.932 77.1239 1 77.416 0.730 77.670 0.442
2	1	20.668 1	77.1619 1
2	1	20.151 1	77.1184 1
2	1	20.507 1	77.1647 1
2	1	20.545 1	77.1662 1
2	1	20.755 1	77.1998 1
2	1	20.873 1	77.277 1
2	1	20.379 1	77.1093 1
2	1	20.513 1	77.1143 1
2	1	20.821 1	77.50 1
2	1	20.896 1	77.12 1
4	3	20.385 1 20.156 0.801 20.706 0.752	77.129 1
2	1	20.680 1	77.728 1
2	1	20.587 1	77.508 1
2	1	20.659 1	77.585 1
2	1	20.665 1	77.535 1
2	1	20.880 1	77.2007 1
2	1	20.97 1	77.1337 1
2	1	20.726 1	77.1395 1
2	1	20.899 1	77.9 1
2	1	20.1004 1	77.359 1
9	8	20.298 1	77.1178 0.315 77.1279 1 77.2109 0.072 77.2135 0.074 77.2214 0.072 77.432 0.066 77.602 0.164 77.62 0.066
2	1	20.386 1	77.1315 1
2	1	20.790 1	77.1959 1
2	1	20.28 1	77.1863 1
2	1	20.517 1	77.813 1
2	1	20.857 1	77.153 1
2	1	20.1059 1	77.1709 1
2	1	20.11 1	77.501 1
2	1	20.1000 1	77.355 1
2	1	20.1011 1	77.364 1
2	1	20.1013 1	77.366 1
2	1	20.742 1	77.1440 1
2	1	20.837 1	77.244 1
2	1	20.658 1	77.586 1
3	2	20.55 1	77.1993 1 77.1989 0.803
2	1	20.638 1	77.477 1
4	3	20.860 1 20.302 1 20.1023 0.855	77.217 1
2	1	20.1042 1	77.1934 1
2	1	20.115 1	77.536 1
2	1	20.331 1	77.1319 1
2	1	20.1028 1	77.2004 1
2	1	20.630 1	77.959 1
2	1	20.98 1	77.1335 1
2	1	20.1010 1	77.363 1
2	1	20.543 1	77.1479 1
2	1	20.795 1	77.1964 1
2	1	20.558 1	77.798 1
2	1	20.768 1	77.174 1
2	1	20.825 1	77.2009 1
2	1	20.937 1	77.281 1
2	1	20.991 1	77.346 1
2	1	20.51 1	77.1997 1
2	1	20.1018 1	77.332 1
2	1	20.830 1	77.165 1
2	1	20.877 1	77.274 1
2	1	20.116 1	77.537 1
2	1	20.951 1	77.36 1
2	1	20.686 1	77.1829 1
2	1	20.77 1	77.1346 1
2	1	20.338 1	77.1110 1
2	1	20.614 1	77.1088 1
2	1	20.985 1	77.340 1
2	1	20.679 1	77.293 1
2	1	20.866 1	77.396 1
2	1	20.253 1	77.738 1
2	1	20.346 1	77.213 1
2	1	20.424 1	77.727 1
2	1	20.623 1	77.394 1
2	1	20.990 1	77.345 1
2	1	20.512 1	77.1767 1
2	1	20.12 1	77.502 1
2	1	20.596 1	77.389 1
2	1	20.817 1	77.375 1
2	1	20.733 1	77.1956 1
2	1	20.929 1	77.292 1
2	1	20.494 1	77.1822 1
2	1	20.675 1	77.562 1
2	1	20.692 1	77.710 1
2	1	20.33 1	77.453 1
2	1	20.689 1	77.1518 1
2	1	20.757 1	77.2000 1
4	3	20.823 1	77.47 0.421 77.506 1 77.743 0.396
2	1	20.900 1	77.8 1
2	1	20.332 1	77.1318 1
2	1	20.600 1	77.385 1
2	1	20.677 1	77.560 1
2	1	20.942 1	77.285 1
2	1	20.1002 1	77.357 1
3	2	20.1036 1	77.1336 0.136 77.1614 1
2	1	20.125 1	77.1497 1
2	1	20.770 1	77.1835 1
2	1	20.585 1	77.280 1
2	1	20.955 1	77.41 1
2	1	20.66 1	77.518 1
2	1	20.865 1	77.2047 1
2	1	20.1049 1	77.1925 1
2	1	20.1050 1	77.1924 1
2	1	20.107 1	77.582 1
2	1	20.387 1	77.1316 1
2	1	20.646 1	77.1878 1
2	1	20.1 1	77.265 1
2	1	20.740 1	77.1438 1
2	1	20.841 1	77.261 1
2	1	20.864 1	77.2046 1
2	1	20.814 1	77.370 1
2	1	20.149 1	77.1111 1
2	1	20.65 1	77.517 1
2	1	20.884 1	77.335 1
4	4	20.230 1 20.867 0.784	77.1698 1 77.1877 0.742
2	1	20.531 1	77.640 1
2	1	20.254 1	77.1971 1
2	1	20.57 1	77.1991 1
2	1	20.887 1	77.21 1
2	1	20.995 1	77.350 1
2	1	20.997 1	77.352 1
2	1	20.1033 1	77.325 1
2	1	20.428 1	77.947 1
2	1	20.720 1	77.817 1
6	5	20.446 0.181 20.473 0.183 20.734 1 20.804 0.436 20.806 0.497	77.554 1
2	1	20.945 1	77.288 1
2	1	20.950 1	77.35 1
2	1	20.417 1	77.1658 1
2	1	20.532 1	77.639 1
2	1	20.595 1	77.595 1
2	1	20.90 1	77.1739 1
2	1	20.139 1	77.547 1
2	1	20.886 1	77.22 1
2	1	20.20 1	77.1731 1
2	1	20.581 1	77.1869 1
2	1	20.741 1	77.1439 1
2	1	20.750 1	77.1724 1
2	1	20.798 1	77.483 1
2	1	20.1032 1	77.1476 1
2	1	20.419 1	77.1720 1
2	1	20.576 1	77.1435 1
2	1	20.710 1	77.896 1
2	1	20.848 1	77.2008 1
2	1	20.854 1	77.156 1
2	1	20.917 1	77.1503 1
2	1	20.94 1	77.1340 1
2	1	20.999 1	77.354 1
2	1	20.518 1	77.812 1
2	1	20.124 1	77.1498 1
2	1	20.840 1	77.262 1
2	1	20.885 1	77.23 1
2	1	20.988 1	77.343 1
2	1	20.147 1	77.1314 1
2	1	20.898 1	77.10 1
2	1	20.347 1	77.214 1
2	1	20.53 1	77.1995 1
2	1	20.537 1	77.1472 1
2	1	20.538 1	77.1473 1
2	1	20.547 1	77.1493 1
2	1	20.550 1	77.1770 1
2	1	20.80 1	77.714 1
2	1	20.832 1	77.163 1
5	4	20.62 1	77.1172 0.307 77.1275 0.220 77.323 1 77.665 0.299
2	1	20.769 1	77.1834 1
2	1	20.1008 1	77.362 1
2	1	20.810 1	77.373 1
2	1	20.381 1	77.1123 1
2	1	20.41 1	77.1705 1
2	1	20.52 1	77.1996 1
2	1	20.888 1	77.20 1
2	1	20.909 1	77.2093 1
2	1	20.925 1	77.2068 1
2	1	20.171 1	77.1454 1
2	1	20.73 1	77.1349 1
2	1	20.1066 1	77.263 1
2	1	20.625 1	77.338 1
2	1	20.754 1	77.916 1
2	1	20.96 1	77.1338 1
2	1	20.353 1	77.1663 1
2	1	20.559 1	77.797 1
2	1	20.631 1	77.960 1
2	1	20.75 1	77.1348 1
2	1	20.1041 1	77.1935 1
2	1	20.30 1	77.450 1
2	1	20.707 1	77.130 1
2	1	20.1027 1	77.683 1
2	1	20.345 1	77.215 1
2	1	20.902 1	77.6 1
2	1	20.255 1	77.1970 1
2	1	20.39 1	77.172 1
2	1	20.635 1	77.1646 1
3	2	20.816 1 20.86 0.068	77.1495 1
2	1	20.617 1	77.395 1
2	1	20.394 1	77.810 1
2	1	20.833 1	77.249 1
2	1	20.960 1	77.102 1
2	1	20.120 1	77.1772 1
2	1	20.61 1	77.220 1
2	1	20.702 1	77.150 1
2	1	20.634 1	77.1645 1
2	1	20.640 1	77.475 1
2	1	20.21 1	77.1730 1
2	1	20.6 1	77.637 1
2	1	20.1040 1	77.1936 1
2	1	20.350 1	77.216 1
2	1	20.100 1	77.1334 1
2	1	20.1056 1	77.43 1
2	1	20.72 1	77.1350 1
2	1	20.536 1	77.1457 1
2	1	20.994 1	77.349 1
2	1	20.632 1	77.1643 1
3	2	20.516 1	77.1810 1 77.696 0.083
3	2	20.113 1 20.875 0.928	77.1086 1
3	2	20.26 1	77.423 0.837 77.664 1
2	1	20.690 1	77.1519 1
2	1	20.793 1	77.1962 1
2	1	20.126 1	77.1496 1
2	1	20.36 1	77.170 1
2	1	20.364 1	77.841 1
2	1	20.430 1	77.1794 1
2	1	20.813 1	77.371 1
2	1	20.380 1	77.1616 1
2	1	20.856 1	77.154 1
2	1	20.908 1	77.2094 1
2	1	20.1045 1	77.1931 1
2	1	20.129 1	77.1523 1
10	9	20.102 0.686 20.190 0.713 20.222 1 20.233 0.239 20.236 0.226 20.265 0.201 20.274 0.173 20.467 0.221 20.555 0.188	77.705 1
3	2	20.663 1	77.219 1 77.505 0.056
2	1	20.923 1	77.2070 1
7	6	20.167 1	77.1287 1 77.442 0.391 77.71 0.707 77.77 0.103 77.92 0.985 77.940 0.118
2	1	20.639 1	77.476 1
2	1	20.684 1	77.1866 1
2	1	20.855 1	77.155 1
2	1	20.111 1	77.1501 1
2	1	20.602 1	77.557 1
2	1	20.22 1	77.1727 1
3	2	20.279 1	77.1832 0.208 77.34 1
2	1	20.676 1	77.561 1
2	1	20.874 1	77.276 1
2	1	20.956 1	77.42 1
2	1	20.397 1	77.635 1
2	1	20.549 1	77.1769 1
2	1	20.758 1	77.2001 1
2	1	20.519 1	77.811 1
3	2	20.360 0.080 20.749 1	77.1722 1
3	2	20.959 1	77.1912 0.969 77.490 1
4	3	20.318 1 20.324 0.079 20.50 0.064	77.123 1
11	24	20.178 0.772 20.491 1 20.498 0.140	77.2112 0.214 77.2138 0.439 77.2162 0.191 77.2203 0.057 77.2204 0.092 77.2208 0.391 77.2218 0.211 77.2221 1
2	1	20.645 1	77.931 1
2	1	20.533 1	77.638 1
2	1	20.3 1	77.1807 1
2	1	20.850 1	77.160 1
2	1	20.348 1	77.1823 1
2	1	20.278 1	77.1847 1
2	1	20.598 1	77.387 1
2	1	20.618 1	77.642 1
2	1	20.670 1	77.1330 1
2	1	20.91 1	77.1342 1
4	3	20.297 1	77.1177 1 77.430 0.309 77.58 0.102
