Size	Relations	OrthoA	OrthoB
2	1	2.313 1	95.383 1
2	1	2.312 1	95.382 1
2	1	2.36 1	95.123 1
2	1	2.105 1	95.379 1
2	1	2.47 1	95.69 1
2	1	2.239 1	95.4 1
2	1	2.217 1	95.744 1
2	1	2.62 1	95.716 1
2	1	2.219 1	95.741 1
2	1	2.123 1	95.309 1
2	1	2.43 1	95.378 1
2	1	2.121 1	95.347 1
2	1	2.271 1	95.594 1
2	1	2.191 1	95.94 1
2	1	2.58 1	95.613 1
3	2	2.238 1	95.3 1 95.471 0.079
2	1	2.119 1	95.349 1
2	1	2.244 1	95.13 1
2	1	2.292 1	95.160 1
2	1	2.4 1	95.681 1
2	1	2.300 1	95.411 1
2	1	2.42 1	95.255 1
2	1	2.319 1	95.261 1
2	1	2.83 1	95.195 1
2	1	2.136 1	95.36 1
2	1	2.176 1	95.248 1
2	1	2.144 1	95.786 1
2	1	2.322 1	95.273 1
2	1	2.282 1	95.132 1
2	1	2.205 1	95.779 1
2	1	2.259 1	95.578 1
2	1	2.307 1	95.1109 1
2	1	2.331 1	95.269 1
2	1	2.81 1	95.678 1
2	1	2.55 1	95.201 1
2	1	2.172 1	95.227 1
2	1	2.269 1	95.598 1
2	1	2.201 1	95.389 1
2	1	2.315 1	95.156 1
2	1	2.158 1	95.1125 1
2	1	2.44 1	95.757 1
2	1	2.108 1	95.397 1
2	1	2.257 1	95.293 1
2	1	2.177 1	95.225 1
2	1	2.330 1	95.268 1
2	1	2.48 1	95.275 1
2	1	2.301 1	95.15 1
2	1	2.240 1	95.5 1
2	1	2.131 1	95.516 1
2	1	2.101 1	95.198 1
2	1	2.220 1	95.740 1
2	1	2.320 1	95.262 1
2	1	2.246 1	95.238 1
2	1	2.35 1	95.701 1
2	1	2.195 1	95.119 1
2	1	2.250 1	95.291 1
2	1	2.175 1	95.668 1
2	1	2.241 1	95.7 1
2	1	2.281 1	95.83 1
2	1	2.209 1	95.249 1
2	1	2.167 1	95.246 1
2	1	2.54 1	95.200 1
2	1	2.97 1	95.417 1
2	1	2.228 1	95.834 1
2	1	2.314 1	95.270 1
2	1	2.357 1	95.845 1
2	1	2.1 1	95.1012 1
2	1	2.146 1	95.785 1
2	1	2.196 1	95.120 1
2	1	2.267 1	95.600 1
2	1	2.318 1	95.311 1
2	1	2.147 1	95.784 1
2	1	2.82 1	95.679 1
2	1	2.222 1	95.618 1
2	1	2.52 1	95.334 1
2	1	2.160 1	95.1132 1
2	1	2.235 1	95.1 1
2	1	2.203 1	95.781 1
2	1	2.229 1	95.835 1
2	1	2.332 1	95.316 1
2	1	2.295 1	95.697 1
2	1	2.164 1	95.1130 1
2	1	2.303 1	95.1113 1
2	1	2.93 1	95.96 1
2	1	2.103 1	95.381 1
2	1	2.248 1	95.817 1
2	1	2.298 1	95.782 1
2	1	2.264 1	95.606 1
2	1	2.343 1	95.332 1
2	1	2.304 1	95.1112 1
2	1	2.152 1	95.1118 1
2	1	2.71 1	95.480 1
3	2	2.208 1	95.474 1 95.250 0.779
2	1	2.166 1	95.247 1
3	2	2.310 1	95.1106 1 95.233 1
2	1	2.104 1	95.380 1
3	2	2.309 1	95.1107 1 95.232 1
2	1	2.321 1	95.272 1
2	1	2.2 1	95.685 1
2	1	2.132 1	95.70 1
2	1	2.156 1	95.1123 1
2	1	2.150 1	95.1116 1
2	1	2.256 1	95.794 1
2	1	2.148 1	95.402 1
2	1	2.291 1	95.78 1
2	1	2.255 1	95.795 1
2	1	2.288 1	95.168 1
5	4	2.102 1 2.66 0.842 2.109 0.879 2.202 0.891	95.401 1
2	1	2.154 1	95.1121 1
2	1	2.40 1	95.583 1
2	1	2.162 1	95.1128 1
2	1	2.168 1	95.245 1
2	1	2.169 1	95.814 1
2	1	2.70 1	95.122 1
2	1	2.184 1	95.117 1
3	2	2.38 1 2.316 0.796	95.130 1
3	2	2.293 1	95.158 1 95.159 0.773
2	1	2.306 1	95.1110 1
2	1	2.159 1	95.1126 1
3	2	2.18 1 2.284 0.111	95.456 1
2	1	2.41 1	95.584 1
2	1	2.114 1	95.355 1
2	1	2.155 1	95.1122 1
2	1	2.163 1	95.1129 1
2	1	2.187 1	95.324 1
2	1	2.107 1	95.396 1
2	1	2.153 1	95.1120 1
2	1	2.185 1	95.118 1
2	1	2.358 1	95.846 1
2	1	2.236 1	95.2 1
2	1	2.215 1	95.429 1
2	1	2.135 1	95.37 1
2	1	2.262 1	95.574 1
2	1	2.6 1	95.521 1
2	1	2.120 1	95.348 1
2	1	2.170 1	95.813 1
2	1	2.173 1	95.52 1
2	1	2.88 1	95.53 1
2	1	2.317 1	95.260 1
3	2	2.124 1	95.135 1 95.312 0.050
2	1	2.179 1	95.808 1
3	2	2.20 0.607 2.77 1	95.546 1
2	1	2.251 1	95.286 1
2	1	2.273 1	95.592 1
2	1	2.226 1	95.297 1
3	2	2.329 1	95.207 1 95.661 0.838
2	1	2.193 1	95.98 1
2	1	2.199 1	95.387 1
2	1	2.57 1	95.214 1
2	1	2.278 1	95.837 1
3	2	2.311 1	95.1105 1 95.234 1
2	1	2.324 1	95.407 1
2	1	2.268 1	95.599 1
2	1	2.294 1	95.698 1
2	1	2.151 1	95.1117 1
2	1	2.305 1	95.1111 1
2	1	2.249 1	95.816 1
2	1	2.157 1	95.1124 1
2	1	2.200 1	95.388 1
2	1	2.224 1	95.217 1
2	1	2.326 1	95.830 1
2	1	2.56 1	95.202 1
2	1	2.242 1	95.9 1
2	1	2.299 1	95.783 1
3	2	2.76 1 2.90 0.911	95.513 1
2	1	2.116 1	95.352 1
2	1	2.32 1	95.555 1
6	5	2.128 1	95.331 1 95.40 0.681 95.344 0.779 95.345 0.855 95.745 0.787
2	1	2.323 1	95.406 1
2	1	2.218 1	95.742 1
2	1	2.327 1	95.831 1
2	1	2.64 1	95.623 1
2	1	2.276 1	95.588 1
2	1	2.63 1	95.622 1
2	1	2.189 1	95.321 1
2	1	2.285 1	95.644 1
2	1	2.137 1	95.35 1
2	1	2.194 1	95.100 1
2	1	2.254 1	95.282 1
2	1	2.266 1	95.602 1
2	1	2.325 1	95.404 1
2	1	2.98 1	95.489 1
2	1	2.118 1	95.350 1
2	1	2.280 1	95.84 1
2	1	2.106 1	95.394 1
2	1	2.84 1	95.337 1
2	1	2.149 1	95.1115 1
2	1	2.161 1	95.1127 1
2	1	2.31 1	95.554 1
2	1	2.86 1	95.557 1
2	1	2.165 1	95.1131 1
3	2	2.308 1	95.1108 1 95.231 1
2	1	2.89 1	95.657 1
2	1	2.115 1	95.353 1
3	2	2.286 1 2.287 0.755	95.647 1
3	2	2.50 0.096 2.51 1	95.333 1
2	1	2.221 1	95.619 1
2	1	2.130 1	95.341 1
2	1	2.260 1	95.576 1
2	1	2.360 1	95.847 1
2	1	2.112 1	95.419 1
2	1	2.261 1	95.575 1
2	1	2.37 1	95.129 1
2	1	2.91 1	95.547 1
2	1	2.33 1	95.560 1
2	1	2.53 1	95.199 1
2	1	2.60 1	95.151 1
2	1	2.183 1	95.99 1
