Size	Relations	OrthoA	OrthoB
2	1	2.312 1	93.640 1
2	1	2.313 1	93.639 1
2	1	2.36 1	93.763 1
2	1	2.105 1	93.371 1
2	1	2.47 1	93.650 1
2	1	2.62 1	93.228 1
2	1	2.217 1	93.991 1
2	1	2.219 1	93.994 1
2	1	2.123 1	93.792 1
2	1	2.239 1	93.587 1
2	1	2.191 1	93.60 1
2	1	2.43 1	93.372 1
2	1	2.238 1	93.588 1
2	1	2.121 1	93.720 1
2	1	2.271 1	93.212 1
2	1	2.119 1	93.718 1
2	1	2.58 1	93.269 1
2	1	2.244 1	93.684 1
2	1	2.292 1	93.245 1
2	1	2.210 1	93.299 1
2	1	2.42 1	93.263 1
2	1	2.4 1	93.234 1
3	2	2.83 1	93.887 1 93.332 0.646
2	1	2.300 1	93.688 1
2	1	2.144 1	93.663 1
2	1	2.319 1	93.784 1
2	1	2.322 1	93.132 1
2	1	2.282 1	93.830 1
2	1	2.111 1	93.204 1
2	1	2.259 1	93.100 1
2	1	2.307 1	93.185 1
3	2	2.172 1	93.354 0.078 93.967 1
2	1	2.320 1	93.783 1
2	1	2.55 1	93.24 1
2	1	2.136 1	93.30 1
2	1	2.352 1	93.759 1
2	1	2.331 1	93.390 1
2	1	2.177 1	93.841 1
2	1	2.158 1	93.169 1
2	1	2.269 1	93.908 1
2	1	2.205 1	93.846 1
2	1	2.108 1	93.695 1
2	1	2.48 1	93.136 1
2	1	2.257 1	93.388 1
2	1	2.316 1	93.787 1
2	1	2.240 1	93.586 1
2	1	2.197 1	93.122 1
2	1	2.81 1	93.888 1
2	1	2.222 1	93.146 1
2	1	2.315 1	93.554 1
2	1	2.131 1	93.39 1
2	1	2.241 1	93.678 1
2	1	2.301 1	93.687 1
2	1	2.330 1	93.389 1
2	1	2.101 1	93.871 1
2	1	2.34 1	93.928 1
2	1	2.203 1	93.843 1
2	1	2.317 1	93.948 1
2	1	2.97 1	93.143 1
2	1	2.195 1	93.120 1
2	1	2.246 1	93.802 1
2	1	2.35 1	93.926 1
2	1	2.250 1	93.276 1
2	1	2.209 1	93.300 1
2	1	2.54 1	93.25 1
2	1	2.146 1	93.665 1
2	1	2.175 1	93.294 1
2	1	2.357 1	93.608 1
2	1	2.167 1	93.378 1
2	1	2.318 1	93.501 1
2	1	2.160 1	93.167 1
2	1	2.314 1	93.552 1
2	1	2.281 1	93.344 1
2	1	2.19 1	93.20 1
2	1	2.248 1	93.279 1
2	1	2.139 1	93.727 1
2	1	2.147 1	93.666 1
2	1	2.220 1	93.995 1
2	1	2.267 1	93.910 1
2	1	2.223 1	93.939 1
2	1	2.295 1	93.415 1
2	1	2.52 1	93.899 1
2	1	2.332 1	93.731 1
3	2	2.93 1	93.509 0.095 93.576 1
2	1	2.166 1	93.377 1
2	1	2.82 1	93.329 1
2	1	2.321 1	93.556 1
2	1	2.235 1	93.601 1
2	1	2.71 1	93.113 1
2	1	2.164 1	93.162 1
2	1	2.229 1	93.311 1
2	1	2.196 1	93.121 1
2	1	2.152 1	93.176 1
2	1	2.212 1	93.116 1
2	1	2.343 1	93.897 1
2	1	2.228 1	93.314 1
2	1	2.283 1	93.829 1
2	1	2.264 1	93.70 1
2	1	2.304 1	93.182 1
2	1	2.104 1	93.370 1
2	1	2.103 1	93.369 1
2	1	2.303 1	93.181 1
2	1	2.354 1	93.761 1
2	1	2.310 1	93.188 1
2	1	2.208 1	93.142 1
5	4	2.109 1 2.66 0.791 2.102 0.754 2.202 0.757	93.694 1
2	1	2.291 1	93.337 1
2	1	2.288 1	93.197 1
2	1	2.2 1	93.508 1
2	1	2.1 1	93.505 1
2	1	2.162 1	93.164 1
2	1	2.256 1	93.436 1
2	1	2.107 1	93.697 1
2	1	2.154 1	93.173 1
2	1	2.169 1	93.543 1
2	1	2.187 1	93.58 1
2	1	2.201 1	93.749 1
2	1	2.114 1	93.712 1
6	5	2.234 1	93.47 1 93.484 0.206 93.493 0.221 93.67 0.161 93.814 0.063
2	1	2.306 1	93.184 1
2	1	2.255 1	93.437 1
2	1	2.132 1	93.649 1
2	1	2.70 1	93.124 1
2	1	2.168 1	93.379 1
2	1	2.309 1	93.187 1
2	1	2.148 1	93.693 1
2	1	2.156 1	93.171 1
2	1	2.358 1	93.605 1
2	1	2.41 1	93.894 1
2	1	2.135 1	93.31 1
2	1	2.262 1	93.78 1
3	2	2.293 1	93.242 1 93.243 0.816
2	1	2.150 1	93.178 1
2	1	2.38 1	93.891 1
2	1	2.163 1	93.163 1
3	2	2.124 1	93.266 1 93.500 0.139
2	1	2.155 1	93.172 1
2	1	2.159 1	93.168 1
2	1	2.273 1	93.210 1
2	1	2.57 1	93.940 1
2	1	2.251 1	93.275 1
2	1	2.40 1	93.893 1
2	1	2.245 1	93.804 1
2	1	2.278 1	93.613 1
2	1	2.157 1	93.170 1
3	2	2.18 1 2.284 0.168	93.840 1
2	1	2.87 1	93.227 1
2	1	2.170 1	93.544 1
2	1	2.193 1	93.41 1
2	1	2.153 1	93.174 1
2	1	2.120 1	93.719 1
2	1	2.96 1	93.128 1
2	1	2.86 1	93.239 1
2	1	2.116 1	93.715 1
2	1	2.215 1	93.220 1
2	1	2.226 1	93.316 1
2	1	2.32 1	93.261 1
2	1	2.56 1	93.23 1
2	1	2.258 1	93.685 1
2	1	2.324 1	93.806 1
2	1	2.179 1	93.877 1
2	1	2.260 1	93.76 1
2	1	2.311 1	93.189 1
2	1	2.353 1	93.760 1
2	1	2.88 1	93.285 1
2	1	2.151 1	93.177 1
2	1	2.242 1	93.680 1
2	1	2.305 1	93.183 1
2	1	2.6 1	93.981 1
2	1	2.294 1	93.414 1
2	1	2.89 1	93.842 1
2	1	2.200 1	93.748 1
3	2	2.50 1	93.898 0.201 93.918 1
2	1	2.249 1	93.278 1
2	1	2.133 1	93.37 1
2	1	2.184 1	93.119 1
2	1	2.224 1	93.936 1
2	1	2.265 1	93.69 1
2	1	2.63 1	93.9 1
4	3	2.128 1	93.15 1 93.293 0.673 93.655 0.818
2	1	2.115 1	93.714 1
2	1	2.149 1	93.179 1
2	1	2.194 1	93.43 1
2	1	2.299 1	93.668 1
2	1	2.118 1	93.717 1
2	1	2.64 1	93.207 1
2	1	2.218 1	93.993 1
2	1	2.280 1	93.480 1
2	1	2.308 1	93.186 1
2	1	2.323 1	93.805 1
2	1	2.53 1	93.26 1
2	1	2.254 1	93.438 1
2	1	2.325 1	93.691 1
2	1	2.106 1	93.700 1
2	1	2.165 1	93.161 1
2	1	2.285 1	93.826 1
4	4	2.286 1 2.287 0.748	93.364 1 93.426 0.768
2	1	2.68 1	93.240 1
2	1	2.130 1	93.858 1
2	1	2.276 1	93.342 1
2	1	2.326 1	93.638 1
2	1	2.98 1	93.110 1
2	1	2.279 1	93.339 1
2	1	2.221 1	93.147 1
2	1	2.31 1	93.630 1
2	1	2.189 1	93.149 1
2	1	2.263 1	93.348 1
2	1	2.183 1	93.42 1
2	1	2.360 1	93.603 1
2	1	2.261 1	93.77 1
