Size	Relations	OrthoA	OrthoB
2	1	2.312 1	94.1377 1
2	1	2.313 1	94.1376 1
2	1	2.36 1	94.668 1
2	1	2.105 1	94.2058 1
2	1	2.47 1	94.1201 1
2	1	2.62 1	94.934 1
2	1	2.217 1	94.1706 1
2	1	2.219 1	94.1703 1
2	1	2.239 1	94.16 1
2	1	2.123 1	94.302 1
2	1	2.271 1	94.1355 1
2	1	2.238 1	94.15 1
2	1	2.191 1	94.1142 1
2	1	2.43 1	94.2059 1
2	1	2.121 1	94.1836 1
2	1	2.58 1	94.829 1
2	1	2.119 1	94.1834 1
2	1	2.244 1	94.25 1
2	1	2.210 1	94.402 1
2	1	2.292 1	94.1043 1
2	1	2.4 1	94.1225 1
2	1	2.42 1	94.274 1
2	1	2.300 1	94.30 1
2	1	2.83 1	94.621 1
2	1	2.144 1	94.1608 1
2	1	2.322 1	94.744 1
2	1	2.139 1	94.1626 1
2	1	2.282 1	94.470 1
2	1	2.259 1	94.1502 1
2	1	2.307 1	94.781 1
2	1	2.111 1	94.1348 1
2	1	2.136 1	94.1405 1
2	1	2.55 1	94.1336 1
2	1	2.331 1	94.1112 1
2	1	2.158 1	94.797 1
2	1	2.205 1	94.1428 1
2	1	2.172 1	94.685 1
2	1	2.257 1	94.1930 1
2	1	2.108 1	94.2035 1
2	1	2.177 1	94.1437 1
2	1	2.269 1	94.1077 1
2	1	2.201 1	94.1451 1
2	1	2.197 1	94.604 1
2	1	2.48 1	94.740 1
2	1	2.240 1	94.17 1
2	1	2.81 1	94.619 1
2	1	2.44 1	94.1162 1
2	1	2.222 1	94.1686 1
2	1	2.34 1	94.983 1
2	1	2.101 1	94.1026 1
2	1	2.315 1	94.747 1
3	2	2.301 1	94.28 1 94.844 0.835
2	1	2.330 1	94.1111 1
2	1	2.97 1	94.421 1
2	1	2.246 1	94.68 1
2	1	2.250 1	94.168 1
2	1	2.131 1	94.543 1
2	1	2.241 1	94.19 1
2	1	2.195 1	94.606 1
2	1	2.35 1	94.981 1
2	1	2.317 1	94.2096 1
2	1	2.209 1	94.401 1
2	1	2.357 1	94.2147 1
2	1	2.147 1	94.1611 1
2	1	2.203 1	94.1431 1
2	1	2.160 1	94.799 1
2	1	2.220 1	94.1702 1
2	1	2.295 1	94.1241 1
2	1	2.167 1	94.818 1
2	1	2.223 1	94.1997 1
2	1	2.332 1	94.1849 1
2	1	2.82 1	94.618 1
2	1	2.175 1	94.1145 1
2	1	2.267 1	94.1079 1
2	1	2.314 1	94.749 1
2	1	2.281 1	94.261 1
2	1	2.318 1	94.899 1
2	1	2.248 1	94.50 1
2	1	2.146 1	94.1610 1
2	1	2.52 1	94.1798 1
2	1	2.228 1	94.310 1
2	1	2.343 1	94.1800 1
2	1	2.166 1	94.819 1
2	1	2.54 1	94.1335 1
2	1	2.196 1	94.605 1
2	1	2.71 1	94.323 1
2	1	2.93 1	94.568 1
2	1	2.229 1	94.309 1
2	1	2.321 1	94.745 1
2	1	2.164 1	94.804 1
2	1	2.235 1	94.1 1
2	1	2.152 1	94.790 1
2	1	2.298 1	94.924 1
2	1	2.212 1	94.609 1
2	1	2.104 1	94.2057 1
2	1	2.264 1	94.636 1
2	1	2.103 1	94.2056 1
2	1	2.310 1	94.778 1
2	1	2.303 1	94.785 1
2	1	2.208 1	94.420 1
2	1	2.132 1	94.647 1
2	1	2.291 1	94.1099 1
2	1	2.304 1	94.784 1
2	1	2.2 1	94.498 1
5	4	2.102 1 2.66 0.791 2.109 0.830 2.202 0.757	94.2034 1
2	1	2.154 1	94.793 1
2	1	2.162 1	94.802 1
2	1	2.1 1	94.895 1
2	1	2.169 1	94.513 1
2	1	2.358 1	94.2150 1
2	1	2.107 1	94.2037 1
2	1	2.256 1	94.1971 1
2	1	2.306 1	94.782 1
2	1	2.41 1	94.614 1
2	1	2.168 1	94.817 1
3	2	2.293 1	94.1046 1 94.1045 0.816
2	1	2.114 1	94.1826 1
2	1	2.255 1	94.1970 1
2	1	2.148 1	94.2033 1
2	1	2.288 1	94.719 1
2	1	2.309 1	94.779 1
2	1	2.70 1	94.602 1
2	1	2.135 1	94.1406 1
2	1	2.262 1	94.641 1
2	1	2.163 1	94.803 1
2	1	2.184 1	94.607 1
2	1	2.156 1	94.795 1
3	2	2.38 1 2.316 0.797	94.617 1
2	1	2.150 1	94.788 1
2	1	2.155 1	94.794 1
2	1	2.234 1	94.699 1
2	1	2.278 1	94.1848 1
2	1	2.159 1	94.798 1
2	1	2.273 1	94.1353 1
2	1	2.56 1	94.1337 1
2	1	2.120 1	94.1835 1
2	1	2.6 1	94.1921 1
2	1	2.57 1	94.1998 1
2	1	2.245 1	94.70 1
4	3	2.124 1	94.1006 0.148 94.900 1 94.999 0.146
2	1	2.157 1	94.796 1
2	1	2.258 1	94.26 1
3	2	2.18 1 2.284 0.168	94.1438 1
2	1	2.153 1	94.792 1
2	1	2.170 1	94.514 1
2	1	2.193 1	94.1741 1
2	1	2.40 1	94.615 1
2	1	2.199 1	94.1449 1
2	1	2.251 1	94.169 1
2	1	2.263 1	94.542 1
2	1	2.32 1	94.276 1
2	1	2.324 1	94.72 1
2	1	2.116 1	94.1829 1
2	1	2.260 1	94.643 1
2	1	2.151 1	94.789 1
2	1	2.294 1	94.1240 1
2	1	2.311 1	94.777 1
2	1	2.215 1	94.1343 1
3	2	2.76 1 2.90 0.911	94.1482 1
2	1	2.87 1	94.933 1
2	1	2.226 1	94.312 1
2	1	2.242 1	94.21 1
2	1	2.249 1	94.51 1
2	1	2.179 1	94.338 1
2	1	2.86 1	94.1725 1
2	1	2.299 1	94.925 1
2	1	2.137 1	94.1537 1
2	1	2.200 1	94.1450 1
2	1	2.305 1	94.783 1
2	1	2.50 1	94.395 1
2	1	2.63 1	94.1468 1
2	1	2.64 1	94.1351 1
2	1	2.112 1	94.1318 1
2	1	2.115 1	94.1828 1
2	1	2.118 1	94.1833 1
2	1	2.194 1	94.1739 1
2	1	2.265 1	94.635 1
2	1	2.268 1	94.1078 1
2	1	2.218 1	94.1704 1
2	1	2.276 1	94.263 1
2	1	2.254 1	94.1961 1
2	1	2.285 1	94.464 1
2	1	2.106 1	94.1813 1
3	2	2.128 1	94.1169 1 94.1146 0.712
2	1	2.224 1	94.1994 1
2	1	2.165 1	94.805 1
2	1	2.89 1	94.1436 1
2	1	2.149 1	94.787 1
2	1	2.323 1	94.71 1
2	1	2.88 1	94.284 1
2	1	2.236 1	94.2 1
2	1	2.308 1	94.780 1
2	1	2.326 1	94.1375 1
2	1	2.221 1	94.1685 1
2	1	2.53 1	94.1334 1
2	1	2.68 1	94.1726 1
2	1	2.325 1	94.2031 1
2	1	2.130 1	94.1215 1
2	1	2.51 1	94.1799 1
2	1	2.227 1	94.311 1
5	6	2.286 0.849 2.287 1	94.2050 1 94.462 0.799 94.2279 0.788
2	1	2.327 1	94.1374 1
2	1	2.98 1	94.326 1
2	1	2.189 1	94.1683 1
2	1	2.280 1	94.551 1
2	1	2.283 1	94.469 1
2	1	2.31 1	94.1532 1
2	1	2.176 1	94.1640 1
2	1	2.335 1	94.73 1
4	3	2.60 1	94.1759 1 94.2169 0.992 94.997 0.056
3	2	2.198 1	94.1452 0.162 94.1453 1
2	1	2.266 1	94.1484 1
2	1	2.161 1	94.800 1
2	1	2.339 1	94.2274 1
2	1	2.360 1	94.2152 1
2	1	2.261 1	94.642 1
2	1	2.183 0.849	94.1740 0.849
