Size	Relations	OrthoA	OrthoB
2	1	16.422 1	79.585 1
2	1	16.423 1	79.586 1
2	1	16.22 1	79.884 1
2	1	16.246 1	79.717 1
2	1	16.681 1	79.544 1
2	1	16.443 1	79.774 1
2	1	16.436 1	79.572 1
2	1	16.285 1	79.726 1
2	1	16.147 1	79.733 1
2	1	16.490 1	79.1028 1
2	1	16.408 1	79.453 1
2	1	16.470 1	79.206 1
2	1	16.599 1	79.174 1
2	1	16.206 1	79.488 1
2	1	16.255 1	79.731 1
2	1	16.92 1	79.185 1
2	1	16.325 1	79.952 1
2	1	16.403 1	79.590 1
2	1	16.169 1	79.212 1
2	1	16.326 1	79.951 1
2	1	16.645 1	79.645 1
2	1	16.708 1	79.507 1
2	1	16.293 1	79.283 1
2	1	16.602 1	79.177 1
2	1	16.556 1	79.180 1
2	1	16.248 1	79.583 1
2	1	16.284 1	79.839 1
2	1	16.182 1	79.340 1
2	1	16.291 1	79.281 1
2	1	16.698 1	79.708 1
2	1	16.316 1	79.962 1
2	1	16.501 1	79.434 1
2	1	16.106 1	79.947 1
2	1	16.709 1	79.510 1
2	1	16.634 1	79.31 1
2	1	16.701 1	79.11 1
2	1	16.3 1	79.36 1
2	1	16.577 1	79.972 1
2	1	16.671 1	79.149 1
2	1	16.263 1	79.1017 1
2	1	16.532 1	79.355 1
2	1	16.517 1	79.276 1
2	1	16.69 1	79.344 1
2	1	16.252 1	79.307 1
2	1	16.507 1	79.13 1
2	1	16.161 1	79.630 1
2	1	16.677 1	79.933 1
2	1	16.345 1	79.1018 1
2	1	16.504 1	79.433 1
2	1	16.506 1	79.703 1
2	1	16.680 1	79.543 1
2	1	16.463 1	79.166 1
2	1	16.347 1	79.838 1
2	1	16.218 1	79.618 1
2	1	16.311 1	79.749 1
2	1	16.328 1	79.721 1
2	1	16.555 1	79.479 1
2	1	16.1 1	79.776 1
2	1	16.268 1	79.1014 1
2	1	16.63 1	79.880 1
2	1	16.15 1	79.976 1
2	1	16.180 1	79.338 1
2	1	16.152 1	79.424 1
2	1	16.150 1	79.422 1
2	1	16.199 1	79.744 1
2	1	16.6 1	79.17 1
2	1	16.346 1	79.1019 1
2	1	16.650 1	79.727 1
2	1	16.553 1	79.164 1
2	1	16.523 1	79.332 1
2	1	16.456 1	79.28 1
2	1	16.700 1	79.45 1
2	1	16.544 1	79.492 1
2	1	16.714 1	79.779 1
2	1	16.188 1	79.34 1
2	1	16.179 1	79.337 1
2	1	16.332 1	79.949 1
2	1	16.65 1	79.878 1
2	1	16.265 1	79.460 1
2	1	16.306 1	79.362 1
2	1	16.324 1	79.953 1
2	1	16.14 1	79.975 1
2	1	16.253 1	79.308 1
2	1	16.654 1	79.792 1
2	1	16.72 1	79.759 1
2	1	16.649 1	79.229 1
2	1	16.608 1	79.57 1
2	1	16.234 1	79.602 1
2	1	16.31 1	79.563 1
2	1	16.357 1	79.816 1
2	1	16.83 1	79.566 1
2	1	16.597 1	79.923 1
2	1	16.635 1	79.427 1
2	1	16.272 1	79.1012 1
2	1	16.338 1	79.313 1
2	1	16.569 1	79.642 1
2	1	16.493 1	79.500 1
2	1	16.87 1	79.61 1
2	1	16.313 1	79.964 1
2	1	16.541 1	79.477 1
2	1	16.542 1	79.476 1
2	1	16.664 1	79.928 1
2	1	16.251 1	79.242 1
2	1	16.27 1	79.1025 1
2	1	16.528 1	79.632 1
2	1	16.561 1	79.702 1
2	1	16.114 1	79.335 1
2	1	16.343 1	79.87 1
2	1	16.473 1	79.70 1
2	1	16.600 1	79.175 1
2	1	16.364 1	79.840 1
2	1	16.628 1	79.810 1
2	1	16.336 1	79.1001 1
2	1	16.526 1	79.334 1
2	1	16.13 1	79.129 1
2	1	16.247 1	79.582 1
2	1	16.262 1	79.190 1
2	1	16.454 1	79.27 1
2	1	16.259 1	79.46 1
2	1	16.74 1	79.994 1
2	1	16.189 1	79.33 1
2	1	16.492 1	79.499 1
2	1	16.104 1	79.944 1
2	1	16.624 1	79.200 1
5	6	16.134 0.371 16.375 1 16.394 0.741	79.537 1 79.653 0.104
2	1	16.409 1	79.208 1
2	1	16.639 1	79.431 1
2	1	16.457 1	79.217 1
2	1	16.546 1	79.494 1
2	1	16.75 1	79.147 1
2	1	16.64 1	79.879 1
2	1	16.691 1	79.596 1
2	1	16.668 1	79.728 1
2	1	16.60 1	79.883 1
2	1	16.277 1	79.1010 1
2	1	16.637 1	79.429 1
2	1	16.322 1	79.955 1
2	1	16.581 1	79.467 1
2	1	16.466 1	79.1036 1
3	2	16.678 1	79.700 1 79.1040 0.612
2	1	16.699 1	79.44 1
2	1	16.339 1	79.312 1
2	1	16.562 1	79.173 1
2	1	16.216 1	79.625 1
2	1	16.402 1	79.181 1
2	1	16.472 1	79.69 1
2	1	16.444 1	79.773 1
2	1	16.292 1	79.282 1
2	1	16.513 1	79.757 1
2	1	16.17 1	79.132 1
3	2	16.410 1 16.413 0.089	79.207 1
2	1	16.509 1	79.722 1
2	1	16.646 1	79.189 1
4	3	16.133 1 16.376 0.347 16.393 0.219	79.903 1
2	1	16.73 1	79.8 1
2	1	16.231 1	79.605 1
2	1	16.530 1	79.353 1
3	2	16.641 1	79.3 1 79.519 0.075
2	1	16.468 1	79.915 1
2	1	16.276 1	79.1011 1
2	1	16.184 1	79.77 1
2	1	16.155 1	79.466 1
2	1	16.505 1	79.435 1
2	1	16.531 1	79.354 1
2	1	16.81 1	79.564 1
2	1	16.204 1	79.486 1
3	2	16.459 1 16.30 0.776	79.890 1
2	1	16.151 1	79.423 1
2	1	16.663 1	79.833 1
2	1	16.237 1	79.599 1
2	1	16.43 1	79.512 1
2	1	16.140 1	79.1039 1
2	1	16.633 1	79.29 1
2	1	16.462 1	79.439 1
2	1	16.548 1	79.899 1
2	1	16.607 1	79.222 1
2	1	16.211 1	79.623 1
2	1	16.603 1	79.178 1
2	1	16.584 1	79.909 1
2	1	16.115 1	79.529 1
2	1	16.297 1	79.287 1
2	1	16.670 1	79.730 1
2	1	16.51 1	79.678 1
2	1	16.299 1	79.289 1
3	2	16.349 1	79.558 1 79.787 0.807
2	1	16.21 1	79.885 1
2	1	16.685 1	79.444 1
2	1	16.267 1	79.1015 1
2	1	16.185 1	79.78 1
3	2	16.256 0.261 16.620 1	79.855 1
3	2	16.529 1	79.788 1 79.7 0.727
2	1	16.330 1	79.188 1
2	1	16.308 1	79.365 1
2	1	16.361 1	79.47 1
2	1	16.23 1	79.747 1
2	1	16.236 1	79.600 1
4	3	16.132 0.191 16.369 0.405 16.397 1	79.969 1
2	1	16.450 1	79.557 1
2	1	16.222 1	79.614 1
2	1	16.16 1	79.131 1
2	1	16.78 1	79.705 1
2	1	16.683 1	79.546 1
2	1	16.41 1	79.901 1
2	1	16.320 1	79.957 1
2	1	16.225 1	79.611 1
2	1	16.582 1	79.906 1
2	1	16.576 1	79.192 1
2	1	16.93 1	79.464 1
2	1	16.467 1	79.918 1
2	1	16.667 1	79.725 1
2	1	16.446 1	79.137 1
2	1	16.165 1	79.79 1
2	1	16.317 1	79.961 1
2	1	16.383 1	79.822 1
2	1	16.52 1	79.679 1
2	1	16.367 1	79.81 1
2	1	16.53 1	79.680 1
2	1	16.49 1	79.677 1
2	1	16.441 1	79.835 1
2	1	16.145 1	79.10 1
2	1	16.153 1	79.425 1
2	1	16.307 1	79.364 1
2	1	16.682 1	79.545 1
2	1	16.711 1	79.385 1
2	1	16.217 1	79.619 1
2	1	16.230 1	79.606 1
2	1	16.519 1	79.324 1
2	1	16.95 1	79.462 1
2	1	16.288 1	79.219 1
2	1	16.342 1	79.647 1
2	1	16.360 1	79.48 1
2	1	16.86 1	79.405 1
7	10	16.46 1 16.47 1	79.311 1 79.310 1 79.649 0.535 79.84 0.385 79.650 0.268
2	1	16.559 1	79.735 1
2	1	16.401 1	79.182 1
2	1	16.578 1	79.905 1
2	1	16.461 1	79.438 1
2	1	16.278 1	79.1009 1
2	1	16.287 1	79.675 1
2	1	16.574 1	79.983 1
2	1	16.20 1	79.887 1
3	2	16.315 1	79.263 1 79.66 0.742
2	1	16.5 1	79.18 1
2	1	16.26 1	79.442 1
3	2	16.365 1	79.825 1 79.271 0.739
3	2	16.568 1	79.921 1 79.687 0.938
2	1	16.458 1	79.216 1
2	1	16.344 1	79.1020 1
2	1	16.657 1	79.643 1
2	1	16.659 1	79.798 1
2	1	16.362 1	79.716 1
7	10	16.399 1 16.368 1 16.138 0.254 16.384 0.203 16.103 0.137	79.991 1 79.904 1
2	1	16.545 1	79.493 1
2	1	16.304 1	79.361 1
2	1	16.704 1	79.506 1
2	1	16.227 1	79.609 1
2	1	16.233 1	79.603 1
2	1	16.212 1	79.622 1
2	1	16.220 1	79.616 1
2	1	16.37 1	79.561 1
2	1	16.40 1	79.939 1
2	1	16.498 1	79.1058 1
2	1	16.525 1	79.333 1
2	1	16.219 1	79.617 1
2	1	16.340 1	79.251 1
2	1	16.80 1	79.1038 1
2	1	16.36 1	79.562 1
2	1	16.575 1	79.193 1
2	1	16.611 1	79.160 1
2	1	16.697 1	79.709 1
2	1	16.464 1	79.456 1
2	1	16.194 1	79.269 1
2	1	16.66 1	79.876 1
2	1	16.613 1	79.162 1
2	1	16.38 1	79.560 1
2	1	16.692 1	79.595 1
2	1	16.494 1	79.836 1
2	1	16.314 1	79.501 1
2	1	16.70 1	79.342 1
2	1	16.190 1	79.32 1
2	1	16.232 1	79.604 1
2	1	16.425 1	79.107 1
5	6	16.533 1 16.534 0.051	79.356 0.556 79.458 0.412 79.80 1
2	1	16.590 1	79.470 1
2	1	16.648 1	79.713 1
2	1	16.142 1	79.14 1
2	1	16.260 1	79.870 1
2	1	16.445 1	79.772 1
2	1	16.658 1	79.799 1
2	1	16.111 1	79.843 1
2	1	16.19 1	79.889 1
2	1	16.168 1	79.209 1
2	1	16.154 1	79.98 1
2	1	16.696 1	79.710 1
2	1	16.191 1	79.325 1
2	1	16.221 1	79.615 1
2	1	16.158 1	79.74 1
2	1	16.496 1	79.21 1
2	1	16.213 1	79.621 1
2	1	16.235 1	79.601 1
2	1	16.515 1	79.275 1
3	2	16.636 1 16.71 0.127	79.428 1
2	1	16.455 1	79.919 1
2	1	16.627 1	79.811 1
2	1	16.82 1	79.565 1
2	1	16.520 1	79.326 1
3	2	16.113 1	79.804 0.073 79.91 1
2	1	16.488 1	79.867 1
2	1	16.495 1	79.504 1
2	1	16.223 1	79.613 1
2	1	16.695 1	79.72 1
2	1	16.94 1	79.463 1
2	1	16.171 1	79.452 1
2	1	16.536 1	79.474 1
2	1	16.157 1	79.633 1
2	1	16.226 1	79.610 1
2	1	16.352 1	79.754 1
2	1	16.89 1	79.53 1
2	1	16.160 1	79.629 1
2	1	16.294 1	79.284 1
2	1	16.412 1	79.336 1
2	1	16.58 1	79.302 1
2	1	16.500 1	79.1060 1
2	1	16.474 1	79.71 1
2	1	16.647 1	79.714 1
2	1	16.105 1	79.945 1
2	1	16.587 1	79.912 1
2	1	16.310 1	79.367 1
2	1	16.557 1	79.179 1
2	1	16.203 1	79.485 1
2	1	16.186 1	79.1053 1
2	1	16.205 1	79.487 1
2	1	16.331 1	79.950 1
2	1	16.254 1	79.853 1
2	1	16.514 1	79.186 1
2	1	16.626 1	79.813 1
2	1	16.224 1	79.612 1
2	1	16.210 1	79.624 1
2	1	16.296 1	79.286 1
2	1	16.39 1	79.43 1
2	1	16.702 1	79.411 1
2	1	16.187 1	79.35 1
2	1	16.550 1	79.531 1
2	1	16.54 1	79.681 1
2	1	16.583 1	79.908 1
2	1	16.353 1	79.755 1
2	1	16.181 1	79.339 1
2	1	16.238 1	79.598 1
5	6	16.124 0.277 16.378 0.404 16.389 1	79.539 1 79.668 0.899
2	1	16.141 1	79.99 1
2	1	16.309 1	79.366 1
2	1	16.85 1	79.446 1
2	1	16.471 1	79.68 1
2	1	16.631 1	79.805 1
2	1	16.486 1	79.868 1
2	1	16.366 1	79.824 1
2	1	16.323 1	79.954 1
2	1	16.302 1	79.359 1
2	1	16.228 1	79.608 1
2	1	16.201 1	79.75 1
2	1	16.164 1	79.627 1
2	1	16.167 1	79.524 1
2	1	16.601 1	79.176 1
2	1	16.356 1	79.817 1
2	1	16.497 1	79.734 1
2	1	16.88 1	79.514 1
2	1	16.10 1	79.762 1
2	1	16.335 1	79.1002 1
2	1	16.295 1	79.285 1
2	1	16.570 1	79.299 1
2	1	16.215 1	79.620 1
2	1	16.489 1	79.866 1
2	1	16.499 1	79.1059 1
2	1	16.612 1	79.161 1
2	1	16.638 1	79.430 1
2	1	16.170 1	79.268 1
2	1	16.617 1	79.984 1
2	1	16.290 1	79.280 1
2	1	16.319 1	79.958 1
2	1	16.448 1	79.760 1
2	1	16.592 1	79.26 1
3	2	16.688 1 16.9 1	79.764 1
2	1	16.449 1	79.771 1
2	1	16.11 1	79.761 1
2	1	16.25 1	79.441 1
2	1	16.192 1	79.682 1
2	1	16.334 1	79.1003 1
2	1	16.424 1	79.106 1
2	1	16.518 1	79.277 1
2	1	16.351 1	79.753 1
2	1	16.527 1	79.940 1
2	1	16.435 1	79.496 1
2	1	16.656 1	79.291 1
2	1	16.264 1	79.1016 1
2	1	16.359 1	79.814 1
2	1	16.107 1	79.530 1
3	2	16.705 0.099 16.706 1	79.128 1
2	1	16.24 1	79.270 1
2	1	16.475 1	79.869 1
2	1	16.363 1	79.715 1
3	2	16.438 1	79.591 0.061 79.724 1
2	1	16.622 1	79.819 1
2	1	16.630 1	79.806 1
4	3	16.625 1	79.187 0.465 79.408 1 79.971 0.073
3	2	16.640 1	79.368 0.259 79.732 1
2	1	16.42 1	79.513 1
2	1	16.586 1	79.911 1
2	1	16.193 0.907	79.631 0.907
