Size	Relations	OrthoA	OrthoB
2	1	16.422 1	80.1850 1
2	1	16.423 1	80.1851 1
2	1	16.22 1	80.305 1
2	1	16.246 1	80.1820 1
2	1	16.285 1	80.1824 1
2	1	16.443 1	80.174 1
2	1	16.681 1	80.1132 1
2	1	16.147 1	80.1111 1
2	1	16.408 1	80.1478 1
2	1	16.490 1	80.771 1
2	1	16.206 1	80.531 1
2	1	16.255 1	80.1823 1
2	1	16.470 1	80.1106 1
2	1	16.599 1	80.287 1
2	1	16.169 1	80.1321 1
2	1	16.325 1	80.832 1
2	1	16.284 1	80.400 1
2	1	16.708 1	80.735 1
2	1	16.326 1	80.831 1
2	1	16.92 1	80.78 1
2	1	16.645 1	80.162 1
2	1	16.291 1	80.1834 1
2	1	16.106 1	80.1585 1
2	1	16.316 1	80.845 1
2	1	16.293 1	80.1836 1
2	1	16.634 1	80.1442 1
2	1	16.602 1	80.284 1
2	1	16.517 1	80.1408 1
2	1	16.182 1	80.127 1
2	1	16.709 1	80.734 1
2	1	16.701 1	80.1159 1
2	1	16.698 1	80.923 1
2	1	16.577 1	80.448 1
2	1	16.263 1	80.429 1
2	1	16.507 1	80.647 1
2	1	16.3 1	80.1166 1
2	1	16.69 1	80.1109 1
2	1	16.161 1	80.438 1
2	1	16.252 1	80.1031 1
2	1	16.504 1	80.1047 1
2	1	16.218 1	80.1382 1
2	1	16.506 1	80.639 1
2	1	16.463 1	80.466 1
2	1	16.268 1	80.432 1
2	1	16.347 1	80.390 1
2	1	16.14 1	80.483 1
2	1	16.555 1	80.1466 1
2	1	16.152 1	80.1720 1
2	1	16.553 1	80.1469 1
2	1	16.624 1	80.152 1
2	1	16.150 1	80.1718 1
2	1	16.199 1	80.445 1
2	1	16.456 1	80.913 1
2	1	16.526 1	80.1121 1
2	1	16.650 1	80.154 1
2	1	16.1 1	80.850 1
2	1	16.15 1	80.1177 1
2	1	16.345 1	80.999 1
2	1	16.654 1	80.1493 1
2	1	16.700 1	80.1160 1
2	1	16.259 1	80.1847 1
2	1	16.544 1	80.341 1
2	1	16.311 1	80.854 1
2	1	16.332 1	80.829 1
2	1	16.346 1	80.997 1
2	1	16.180 1	80.125 1
2	1	16.608 1	80.1458 1
2	1	16.714 1	80.1788 1
2	1	16.6 1	80.493 1
2	1	16.63 1	80.1724 1
2	1	16.436 1	80.981 1
2	1	16.680 1	80.1131 1
2	1	16.589 1	80.918 1
2	1	16.65 1	80.1726 1
2	1	16.523 1	80.1123 1
2	1	16.112 1	80.273 1
2	1	16.338 1	80.569 1
2	1	16.324 1	80.833 1
2	1	16.556 1	80.1554 1
2	1	16.473 1	80.1103 1
2	1	16.265 1	80.1107 1
2	1	16.306 1	80.1145 1
2	1	16.591 1	80.916 1
2	1	16.357 1	80.864 1
2	1	16.597 1	80.1314 1
2	1	16.592 1	80.915 1
2	1	16.457 1	80.1825 1
2	1	16.272 1	80.433 1
2	1	16.635 1	80.812 1
2	1	16.234 1	80.1366 1
2	1	16.179 1	80.124 1
2	1	16.628 1	80.148 1
2	1	16.649 1	80.155 1
2	1	16.541 1	80.268 1
2	1	16.542 1	80.267 1
2	1	16.114 1	80.121 1
2	1	16.83 1	80.509 1
2	1	16.343 1	80.1001 1
2	1	16.493 1	80.785 1
2	1	16.600 1	80.286 1
2	1	16.532 1	80.871 1
2	1	16.104 1	80.1583 1
2	1	16.501 1	80.1048 1
2	1	16.8 1	80.787 1
2	1	16.74 1	80.318 1
2	1	16.492 1	80.784 1
2	1	16.313 1	80.846 1
2	1	16.562 1	80.1046 1
2	1	16.336 1	80.567 1
2	1	16.364 1	80.358 1
2	1	16.528 1	80.888 1
2	1	16.262 1	80.428 1
2	1	16.322 1	80.839 1
2	1	16.454 1	80.914 1
2	1	16.646 1	80.161 1
2	1	16.664 1	80.892 1
2	1	16.561 1	80.1045 1
4	3	16.134 0.379 16.375 0.738 16.394 1	80.1995 1
2	1	16.64 1	80.1725 1
2	1	16.639 1	80.1789 1
2	1	16.189 1	80.1817 1
2	1	16.590 1	80.917 1
2	1	16.317 1	80.844 1
2	1	16.685 1	80.280 1
2	1	16.249 1	80.824 1
2	1	16.75 1	80.1254 1
2	1	16.565 1	80.804 1
2	1	16.277 1	80.423 1
2	1	16.546 1	80.339 1
2	1	16.184 1	80.1341 1
2	1	16.637 1	80.1791 1
2	1	16.641 1	80.1329 1
2	1	16.691 1	80.907 1
2	1	16.282 1	80.398 1
2	1	16.699 1	80.1161 1
2	1	16.668 1	80.1399 1
3	2	16.529 1	80.886 1 80.1092 0.695
2	1	16.674 1	80.853 1
3	2	16.459 1 16.30 0.776	80.311 1
2	1	16.81 1	80.507 1
2	1	16.669 1	80.1398 1
2	1	16.505 1	80.638 1
3	2	16.98 1	80.1305 1 80.1488 0.558
2	1	16.657 1	80.637 1
2	1	16.151 1	80.1719 1
2	1	16.267 1	80.431 1
2	1	16.339 1	80.570 1
2	1	16.472 1	80.1104 1
2	1	16.402 1	80.1492 1
2	1	16.598 1	80.1062 1
2	1	16.60 1	80.281 1
2	1	16.462 1	80.314 1
3	2	16.216 1 16.87 0.783	80.1384 1
2	1	16.73 1	80.1248 1
2	1	16.444 1	80.173 1
2	1	16.51 1	80.83 1
2	1	16.513 1	80.736 1
2	1	16.292 1	80.1835 1
2	1	16.348 1	80.855 1
2	1	16.231 1	80.1369 1
2	1	16.509 1	80.649 1
2	1	16.633 1	80.1441 1
2	1	16.287 1	80.816 1
2	1	16.211 1	80.1389 1
2	1	16.342 1	80.1002 1
2	1	16.237 1	80.1363 1
2	1	16.584 1	80.203 1
2	1	16.185 1	80.1340 1
29	100	16.138 0.153 16.368 0.398 16.384 0.096 16.399 1	80.1172 0.432 80.1274 0.106 80.1331 0.191 80.143 0.629 80.146 0.311 80.1499 1 80.1565 0.644 80.1576 0.364 80.1634 0.437 80.165 0.135 80.1658 0.646 80.1732 0.749 80.1752 0.865 80.1756 0.361 80.176 0.399 80.208 0.332 80.299 0.154 80.401 0.607 80.460 0.089 80.469 0.890 80.53 0.374 80.603 0.095 80.739 0.442 80.801 0.397 80.933 0.202
2	1	16.603 1	80.283 1
2	1	16.72 1	80.1497 1
2	1	16.663 1	80.1653 1
2	1	16.361 1	80.352 1
2	1	16.276 1	80.424 1
2	1	16.670 1	80.1397 1
2	1	16.671 1	80.335 1
2	1	16.115 1	80.120 1
2	1	16.297 1	80.1841 1
3	2	16.308 1	80.1043 0.090 80.1147 1
2	1	16.433 1	80.1729 1
2	1	16.20 1	80.306 1
2	1	16.545 1	80.340 1
2	1	16.299 1	80.1843 1
2	1	16.349 1	80.532 1
2	1	16.222 1	80.1378 1
2	1	16.253 1	80.1129 1
2	1	16.38 1	80.501 1
2	1	16.49 1	80.82 1
2	1	16.93 1	80.79 1
2	1	16.458 1	80.1826 1
2	1	16.236 1	80.1364 1
2	1	16.204 1	80.529 1
2	1	16.225 1	80.1375 1
2	1	16.142 1	80.1577 1
2	1	16.320 1	80.842 1
2	1	16.576 1	80.761 1
2	1	16.307 1	80.1146 1
2	1	16.360 1	80.353 1
2	1	16.675 1	80.645 1
2	1	16.667 1	80.1400 1
2	1	16.575 1	80.760 1
2	1	16.41 1	80.1813 1
2	1	16.450 1	80.500 1
2	1	16.582 1	80.201 1
2	1	16.52 1	80.84 1
2	1	16.315 1	80.1828 1
2	1	16.494 1	80.789 1
2	1	16.95 1	80.81 1
2	1	16.278 1	80.395 1
2	1	16.441 1	80.769 1
2	1	16.217 1	80.1383 1
2	1	16.16 1	80.487 1
2	1	16.648 1	80.159 1
2	1	16.682 1	80.1133 1
3	2	16.26 1 16.578 0.648	80.327 1
2	1	16.53 1	80.85 1
2	1	16.383 1	80.905 1
2	1	16.154 1	80.1310 1
2	1	16.153 1	80.1721 1
2	1	16.461 1	80.313 1
3	2	16.519 1	80.1234 1 80.820 0.050
2	1	16.13 1	80.484 1
2	1	16.401 1	80.1491 1
2	1	16.683 1	80.1134 1
2	1	16.695 1	80.919 1
2	1	16.323 1	80.838 1
2	1	16.659 1	80.931 1
2	1	16.304 1	80.1144 1
2	1	16.696 1	80.921 1
2	1	16.446 1	80.1411 1
2	1	16.548 1	80.1754 1
2	1	16.704 1	80.725 1
2	1	16.76 1	80.788 1
2	1	16.86 1	80.1728 1
2	1	16.36 1	80.503 1
2	1	16.559 1	80.1531 1
2	1	16.230 1	80.1370 1
2	1	16.498 1	80.1447 1
2	1	16.570 1	80.1196 1
2	1	16.227 1	80.1373 1
2	1	16.344 1	80.1000 1
2	1	16.365 1	80.359 1
2	1	16.5 1	80.497 1
3	2	16.29 0.204 16.712 1	80.296 1
2	1	16.212 1	80.1388 1
2	1	16.464 1	80.989 1
2	1	16.500 1	80.1445 1
2	1	16.697 1	80.922 1
2	1	16.31 1	80.506 1
2	1	16.412 1	80.123 1
2	1	16.219 1	80.1381 1
2	1	16.220 1	80.1380 1
2	1	16.445 1	80.172 1
2	1	16.213 1	80.1387 1
2	1	16.281 1	80.397 1
2	1	16.574 1	80.1198 1
2	1	16.58 1	80.278 1
2	1	16.70 1	80.1337 1
2	1	16.294 1	80.1837 1
2	1	16.37 1	80.502 1
2	1	16.531 1	80.872 1
2	1	16.678 1	80.992 1
2	1	16.89 1	80.929 1
2	1	16.46 1	80.571 1
2	1	16.515 1	80.1409 1
2	1	16.260 1	80.1848 1
2	1	16.495 1	80.1450 1
2	1	16.525 1	80.1122 1
2	1	16.647 1	80.160 1
2	1	16.692 1	80.906 1
2	1	16.550 1	80.350 1
2	1	16.613 1	80.293 1
2	1	16.194 1	80.1480 1
2	1	16.340 1	80.998 1
2	1	16.314 1	80.1482 1
2	1	16.80 1	80.1342 1
2	1	16.611 1	80.295 1
2	1	16.233 1	80.1367 1
2	1	16.640 1	80.1849 1
2	1	16.145 1	80.1821 1
2	1	16.474 1	80.1102 1
2	1	16.171 1	80.1479 1
2	1	16.331 1	80.830 1
2	1	16.530 1	80.873 1
2	1	16.111 1	80.990 1
2	1	16.158 1	80.1005 1
2	1	16.190 1	80.1165 1
2	1	16.19 1	80.310 1
2	1	16.221 1	80.1379 1
2	1	16.232 1	80.1368 1
2	1	16.94 1	80.80 1
2	1	16.356 1	80.863 1
2	1	16.223 1	80.1377 1
2	1	16.520 1	80.1125 1
2	1	16.113 1	80.389 1
2	1	16.295 1	80.1838 1
2	1	16.425 1	80.1630 1
2	1	16.235 1	80.1365 1
2	1	16.168 1	80.1319 1
2	1	16.488 1	80.513 1
2	1	16.496 1	80.1448 1
2	1	16.571 1	80.1197 1
2	1	16.210 1	80.1390 1
2	1	16.658 1	80.930 1
2	1	16.631 1	80.1440 1
2	1	16.186 1	80.1339 1
2	1	16.205 1	80.530 1
2	1	16.319 1	80.843 1
2	1	16.626 1	80.150 1
2	1	16.702 1	80.1158 1
2	1	16.280 1	80.396 1
2	1	16.455 1	80.443 1
2	1	16.160 1	80.439 1
2	1	16.226 1	80.1374 1
2	1	16.352 1	80.861 1
2	1	16.489 1	80.514 1
2	1	16.148 1	80.1112 1
2	1	16.296 1	80.1839 1
4	3	16.174 0.244 16.403 1 16.677 0.104	80.770 1
2	1	16.527 1	80.1822 1
2	1	16.587 1	80.206 1
2	1	16.23 1	80.1091 1
2	1	16.238 1	80.1362 1
2	1	16.366 1	80.360 1
2	1	16.497 1	80.1449 1
2	1	16.224 1	80.1376 1
2	1	16.471 1	80.1105 1
2	1	16.583 1	80.202 1
2	1	16.203 1	80.528 1
2	1	16.290 1	80.1833 1
2	1	16.337 1	80.568 1
2	1	16.54 1	80.86 1
2	1	16.627 1	80.149 1
2	1	16.141 1	80.1311 1
2	1	16.302 1	80.1138 1
2	1	16.201 1	80.1042 1
2	1	16.612 1	80.294 1
5	6	16.124 1 16.378 0.230 16.389 0.264	80.1993 1 80.2006 1
2	1	16.447 1	80.391 1
2	1	16.499 1	80.1446 1
2	1	16.215 1	80.1385 1
2	1	16.310 1	80.1149 1
2	1	16.40 1	80.1815 1
2	1	16.11 1	80.488 1
2	1	16.24 1	80.1057 1
2	1	16.228 1	80.1372 1
2	1	16.518 1	80.1407 1
2	1	16.638 1	80.1790 1
2	1	16.601 1	80.285 1
2	1	16.652 1	80.1391 1
2	1	16.85 1	80.1797 1
2	1	16.353 1	80.862 1
2	1	16.25 1	80.1058 1
2	1	16.229 1	80.1371 1
3	2	16.88 1	80.705 1 80.903 1
2	1	16.585 1	80.204 1
2	1	16.12 1	80.486 1
2	1	16.181 1	80.126 1
2	1	16.449 1	80.499 1
2	1	16.656 1	80.636 1
2	1	16.264 1	80.430 1
2	1	16.335 1	80.566 1
2	1	16.558 1	80.1532 1
2	1	16.486 1	80.512 1
2	1	16.630 1	80.1439 1
2	1	16.655 1	80.671 1
3	2	16.688 1 16.9 0.898	80.1312 1
13	12	16.118 1	80.1040 0.859 80.1604 0.078 80.1689 0.191 80.17 0.078 80.1964 0.891 80.357 0.620 80.369 0.202 80.524 0.846 80.538 0.197 80.727 0.766 80.828 1 80.912 0.189
2	1	16.552 1	80.759 1
2	1	16.192 1	80.92 1
2	1	16.424 1	80.1631 1
2	1	16.586 1	80.205 1
2	1	16.617 1	80.1199 1
2	1	16.107 1	80.1586 1
26	25	16.207 1	80.111 0.824 80.1170 0.836 80.1271 0.745 80.1559 0.848 80.1603 1 80.1674 0.855 80.170 0.177 80.1768 0.879 80.1852 0.727 80.1889 0.733 80.237 0.667 80.419 0.867 80.436 0.861 80.454 0.764 80.543 0.727 80.584 0.824 80.633 1 80.67 0.861 80.698 0.867 80.724 0.861 80.790 0.800 80.806 0.788 80.874 0.879 80.91 0.867 80.940 0.988
2	1	16.435 1	80.337 1
2	1	16.214 1	80.1386 1
2	1	16.632 1	80.1463 1
2	1	16.105 1	80.1584 1
2	1	16.666 1	80.1405 1
2	1	16.623 1	80.699 1
3	2	16.533 1 16.534 0.146	80.870 1
2	1	16.289 1	80.1832 1
2	1	16.382 1	80.904 1
2	1	16.334 1	80.565 1
2	1	16.82 1	80.508 1
2	1	16.538 1	80.1591 1
2	1	16.193 0.907	80.437 0.907
2	1	16.191 0.789	80.823 0.789
