Size	Relations	OrthoA	OrthoB
2	1	16.422 1	78.1000 1
2	1	16.423 1	78.1001 1
2	1	16.22 1	78.1377 1
2	1	16.246 1	78.413 1
2	1	16.348 1	78.577 1
2	1	16.681 1	78.997 1
2	1	16.436 1	78.546 1
2	1	16.443 1	78.1158 1
2	1	16.147 1	78.460 1
2	1	16.285 1	78.314 1
2	1	16.490 1	78.856 1
2	1	16.408 1	78.1203 1
2	1	16.470 1	78.1187 1
2	1	16.206 1	78.34 1
2	1	16.255 1	78.324 1
3	2	16.403 1	78.128 0.086 78.133 1
2	1	16.92 1	78.274 1
2	1	16.325 1	78.167 1
2	1	16.645 1	78.192 1
2	1	16.326 1	78.168 1
2	1	16.685 1	78.1214 1
2	1	16.708 1	78.735 1
2	1	16.293 1	78.375 1
2	1	16.169 1	78.1323 1
2	1	16.602 1	78.297 1
2	1	16.182 1	78.232 1
2	1	16.556 1	78.300 1
2	1	16.106 1	78.945 1
2	1	16.291 1	78.373 1
2	1	16.698 1	78.1201 1
4	3	16.284 1	78.404 1 78.402 0.734 78.855 0.810
2	1	16.316 1	78.158 1
2	1	16.501 1	78.904 1
2	1	16.709 1	78.733 1
3	2	16.701 1	78.935 1 78.739 0.775
2	1	16.634 1	78.628 1
2	1	16.577 1	78.93 1
2	1	16.263 1	78.386 1
2	1	16.3 1	78.633 1
2	1	16.78 1	78.883 1
2	1	16.532 1	78.1007 1
2	1	16.252 1	78.137 1
2	1	16.517 1	78.368 1
2	1	16.504 1	78.905 1
2	1	16.677 1	78.728 1
2	1	16.161 1	78.664 1
2	1	16.507 1	78.281 1
2	1	16.599 1	78.294 1
2	1	16.345 1	78.385 1
2	1	16.680 1	78.996 1
2	1	16.347 1	78.405 1
2	1	16.463 1	78.854 1
2	1	16.506 1	78.888 1
2	1	16.311 1	78.813 1
2	1	16.218 1	78.676 1
2	1	16.268 1	78.389 1
2	1	16.328 1	78.417 1
2	1	16.248 1	78.942 1
2	1	16.567 1	78.1259 1
2	1	16.555 1	78.122 1
2	1	16.63 1	78.1380 1
2	1	16.1 1	78.748 1
2	1	16.150 1	78.355 1
2	1	16.180 1	78.234 1
2	1	16.152 1	78.357 1
2	1	16.553 1	78.787 1
2	1	16.15 1	78.712 1
2	1	16.624 1	78.91 1
2	1	16.650 1	78.320 1
2	1	16.6 1	78.286 1
2	1	16.367 1	78.1050 1
2	1	16.712 1	78.96 1
2	1	16.700 1	78.485 1
2	1	16.346 1	78.384 1
2	1	16.456 1	78.625 1
2	1	16.259 1	78.1094 1
2	1	16.523 1	78.240 1
2	1	16.544 1	78.38 1
2	1	16.14 1	78.713 1
2	1	16.288 1	78.1319 1
2	1	16.714 1	78.822 1
2	1	16.179 1	78.235 1
2	1	16.608 1	78.509 1
2	1	16.188 1	78.631 1
2	1	16.69 1	78.228 1
2	1	16.457 1	78.1320 1
2	1	16.65 1	78.1382 1
2	1	16.654 1	78.1335 1
2	1	16.332 1	78.170 1
2	1	16.265 1	78.576 1
2	1	16.306 1	78.1109 1
2	1	16.589 1	78.620 1
2	1	16.83 1	78.845 1
2	1	16.324 1	78.166 1
2	1	16.31 1	78.842 1
2	1	16.597 1	78.1134 1
2	1	16.72 1	78.978 1
2	1	16.253 1	78.136 1
3	2	16.389 1	78.11 1 78.1360 0.425
2	1	16.357 1	78.703 1
2	1	16.671 1	78.1399 1
2	1	16.234 1	78.692 1
2	1	16.338 1	78.176 1
2	1	16.649 1	78.407 1
2	1	16.635 1	78.360 1
3	2	16.409 1	78.857 0.223 78.975 1
2	1	16.87 1	78.259 1
2	1	16.28 1	78.97 1
2	1	16.272 1	78.391 1
2	1	16.438 1	78.536 1
2	1	16.30 1	78.95 1
2	1	16.27 1	78.98 1
2	1	16.713 1	78.55 1
2	1	16.197 1	78.1272 1
2	1	16.591 1	78.622 1
2	1	16.493 1	78.46 1
2	1	16.313 1	78.156 1
2	1	16.528 1	78.660 1
2	1	16.664 1	78.141 1
2	1	16.541 1	78.120 1
2	1	16.189 1	78.504 1
2	1	16.251 1	78.1249 1
2	1	16.542 1	78.119 1
2	1	16.592 1	78.623 1
2	1	16.343 1	78.340 1
2	1	16.114 1	78.237 1
2	1	16.473 1	78.1183 1
2	1	16.600 1	78.295 1
2	1	16.468 1	78.52 1
2	1	16.13 1	78.1232 1
2	1	16.675 1	78.1119 1
2	1	16.262 1	78.202 1
2	1	16.628 1	78.606 1
2	1	16.561 1	78.889 1
2	1	16.526 1	78.238 1
2	1	16.454 1	78.624 1
2	1	16.513 1	78.977 1
2	1	16.336 1	78.174 1
2	1	16.364 1	78.403 1
2	1	16.492 1	78.45 1
2	1	16.247 1	78.1354 1
2	1	16.76 1	78.882 1
2	1	16.104 1	78.948 1
2	1	16.74 1	78.1299 1
2	1	16.546 1	78.40 1
2	1	16.668 1	78.321 1
2	1	16.590 1	78.621 1
2	1	16.75 1	78.1392 1
2	1	16.64 1	78.1381 1
2	1	16.639 1	78.364 1
2	1	16.277 1	78.393 1
2	1	16.73 1	78.1139 1
2	1	16.466 1	78.724 1
5	6	16.134 0.385 16.375 1 16.394 0.746	78.912 1 78.930 0.298
2	1	16.60 1	78.1378 1
2	1	16.637 1	78.362 1
2	1	16.678 1	78.891 1
2	1	16.467 1	78.50 1
2	1	16.216 1	78.669 1
2	1	16.562 1	78.1155 1
2	1	16.322 1	78.164 1
2	1	16.691 1	78.972 1
2	1	16.402 1	78.301 1
2	1	16.339 1	78.177 1
2	1	16.112 1	78.569 1
2	1	16.472 1	78.1184 1
2	1	16.646 1	78.201 1
4	3	16.133 1 16.376 0.342 16.393 0.213	78.826 1
2	1	16.699 1	78.486 1
2	1	16.109 1	78.319 1
2	1	16.444 1	78.1156 1
2	1	16.509 1	78.310 1
2	1	16.17 1	78.1235 1
2	1	16.292 1	78.374 1
2	1	16.581 1	78.989 1
2	1	16.43 1	78.732 1
2	1	16.155 1	78.992 1
2	1	16.231 1	78.689 1
2	1	16.530 1	78.1005 1
2	1	16.276 1	78.392 1
2	1	16.633 1	78.626 1
2	1	16.663 1	78.1327 1
3	2	16.641 1	78.265 1 78.585 0.072
2	1	16.458 1	78.1321 1
2	1	16.459 1	78.1237 1
3	2	16.529 1	78.657 1 78.737 0.168
2	1	16.487 1	78.1179 1
2	1	16.505 1	78.903 1
2	1	16.237 1	78.695 1
2	1	16.569 1	78.1264 1
2	1	16.204 1	78.32 1
2	1	16.81 1	78.843 1
2	1	16.115 1	78.437 1
2	1	16.151 1	78.356 1
2	1	16.607 1	78.1356 1
2	1	16.297 1	78.379 1
2	1	16.531 1	78.1006 1
2	1	16.184 1	78.1065 1
2	1	16.462 1	78.24 1
2	1	16.21 1	78.1376 1
2	1	16.584 1	78.643 1
2	1	16.211 1	78.671 1
2	1	16.51 1	78.1345 1
2	1	16.670 1	78.323 1
2	1	16.308 1	78.1112 1
2	1	16.38 1	78.839 1
3	2	16.349 1	78.838 1 78.738 0.701
2	1	16.299 1	78.381 1
2	1	16.450 1	78.837 1
2	1	16.267 1	78.388 1
2	1	16.23 1	78.651 1
2	1	16.330 1	78.1291 1
2	1	16.446 1	78.1100 1
2	1	16.170 1	78.1270 1
2	1	16.222 1	78.680 1
2	1	16.361 1	78.1095 1
2	1	16.93 1	78.273 1
2	1	16.674 1	78.1118 1
2	1	16.199 1	78.655 1
2	1	16.287 1	78.1349 1
2	1	16.603 1	78.298 1
2	1	16.16 1	78.1234 1
2	1	16.236 1	78.694 1
2	1	16.317 1	78.159 1
3	2	16.410 1 16.413 0.193	78.246 1
2	1	16.185 1	78.1064 1
2	1	16.683 1	78.999 1
2	1	16.383 1	78.398 1
2	1	16.225 1	78.683 1
2	1	16.52 1	78.1344 1
2	1	16.576 1	78.941 1
2	1	16.582 1	78.640 1
2	1	16.320 1	78.162 1
2	1	16.667 1	78.313 1
2	1	16.41 1	78.1061 1
2	1	16.441 1	78.563 1
7	10	16.138 1 16.368 1 16.384 0.380 16.399 0.216 16.103 0.130	78.1238 1 78.1 1
2	1	16.342 1	78.1017 1
2	1	16.318 1	78.160 1
2	1	16.682 1	78.998 1
3	2	16.53 1	78.1343 1 78.488 0.750
2	1	16.157 1	78.658 1
2	1	16.165 1	78.1063 1
2	1	16.49 1	78.1346 1
2	1	16.95 1	78.271 1
4	4	16.519 1 16.191 1	78.148 1 78.149 0.865
2	1	16.86 1	78.1274 1
2	1	16.217 1	78.675 1
2	1	16.230 1	78.688 1
2	1	16.145 1	78.1141 1
2	1	16.307 1	78.1111 1
2	1	16.153 1	78.358 1
2	1	16.360 1	78.1096 1
7	10	16.46 1 16.47 1	78.178 1 78.179 1 78.1015 0.548 78.1053 0.383 78.1014 0.286
2	1	16.711 1	78.205 1
2	1	16.26 1	78.27 1
2	1	16.401 1	78.302 1
2	1	16.77 1	78.881 1
2	1	16.559 1	78.465 1
3	2	16.315 1	78.1242 1 78.637 0.710
2	1	16.461 1	78.22 1
2	1	16.20 1	78.1374 1
2	1	16.98 1	78.1303 1
2	1	16.5 1	78.287 1
2	1	16.574 1	78.778 1
2	1	16.578 1	78.639 1
2	1	16.278 1	78.394 1
2	1	16.657 1	78.1265 1
2	1	16.545 1	78.39 1
2	1	16.704 1	78.736 1
2	1	16.220 1	78.678 1
3	2	16.568 1	78.1260 1 78.307 1
2	1	16.212 1	78.672 1
2	1	16.365 1	78.401 1
2	1	16.233 1	78.691 1
2	1	16.304 1	78.1108 1
2	1	16.659 1	78.1093 1
2	1	16.344 1	78.383 1
2	1	16.498 1	78.788 1
2	1	16.219 1	78.677 1
2	1	16.227 1	78.685 1
2	1	16.40 1	78.1057 1
2	1	16.445 1	78.895 1
2	1	16.525 1	78.239 1
2	1	16.575 1	78.940 1
2	1	16.340 1	78.554 1
2	1	16.362 1	78.412 1
2	1	16.37 1	78.840 1
2	1	16.571 1	78.138 1
2	1	16.36 1	78.841 1
2	1	16.697 1	78.1200 1
2	1	16.611 1	78.866 1
2	1	16.464 1	78.571 1
2	1	16.70 1	78.230 1
2	1	16.194 1	78.1269 1
2	1	16.613 1	78.868 1
2	1	16.260 1	78.344 1
2	1	16.190 1	78.629 1
2	1	16.19 1	78.1236 1
2	1	16.695 1	78.1308 1
5	6	16.533 1 16.534 1	78.1296 1 78.1008 1 78.573 0.087
2	1	16.59 1	78.441 1
2	1	16.692 1	78.971 1
2	1	16.648 1	78.409 1
2	1	16.658 1	78.1092 1
2	1	16.425 1	78.800 1
2	1	16.168 1	78.1326 1
2	1	16.232 1	78.690 1
3	2	16.142 1	78.359 1 78.371 1
5	4	16.154 1	78.455 1 78.370 0.803 78.538 0.928 78.1082 0.735
2	1	16.696 1	78.1199 1
2	1	16.314 1	78.1072 1
2	1	16.548 1	78.562 1
2	1	16.111 1	78.570 1
2	1	16.494 1	78.564 1
2	1	16.58 1	78.443 1
2	1	16.620 1	78.1045 1
3	2	16.455 1	78.537 0.115 78.87 1
2	1	16.221 1	78.679 1
2	1	16.520 1	78.244 1
2	1	16.256 1	78.862 1
2	1	16.515 1	78.367 1
2	1	16.213 1	78.673 1
2	1	16.186 1	78.280 1
2	1	16.235 1	78.693 1
3	2	16.113 1	78.1285 0.186 78.613 1
2	1	16.223 1	78.681 1
2	1	16.295 1	78.377 1
2	1	16.496 1	78.290 1
2	1	16.171 1	78.1204 1
2	1	16.536 1	78.117 1
2	1	16.82 1	78.844 1
3	2	16.636 1 16.71 0.141	78.361 1
2	1	16.89 1	78.1301 1
2	1	16.627 1	78.605 1
2	1	16.160 1	78.665 1
2	1	16.158 1	78.1068 1
2	1	16.226 1	78.684 1
2	1	16.12 1	78.1233 1
2	1	16.331 1	78.169 1
2	1	16.94 1	78.272 1
2	1	16.647 1	78.410 1
2	1	16.294 1	78.376 1
2	1	16.412 1	78.236 1
2	1	16.488 1	78.347 1
2	1	16.500 1	78.790 1
2	1	16.495 1	78.1175 1
2	1	16.224 1	78.682 1
2	1	16.474 1	78.1182 1
2	1	16.583 1	78.642 1
2	1	16.352 1	78.809 1
2	1	16.550 1	78.439 1
2	1	16.205 1	78.33 1
2	1	16.105 1	78.947 1
2	1	16.310 1	78.1116 1
3	2	16.557 1	78.299 1 78.311 0.795
2	1	16.210 1	78.670 1
2	1	16.54 1	78.1342 1
2	1	16.309 1	78.1113 1
2	1	16.296 1	78.378 1
2	1	16.587 1	78.646 1
2	1	16.702 1	78.483 1
2	1	16.164 1	78.667 1
2	1	16.201 1	78.1067 1
2	1	16.631 1	78.612 1
2	1	16.141 1	78.456 1
2	1	16.302 1	78.1106 1
2	1	16.323 1	78.165 1
2	1	16.353 1	78.808 1
2	1	16.238 1	78.696 1
2	1	16.187 1	78.632 1
2	1	16.414 1	78.436 1
2	1	16.564 1	78.1337 1
2	1	16.356 1	78.704 1
2	1	16.203 1	78.31 1
2	1	16.156 1	78.943 1
2	1	16.486 1	78.346 1
2	1	16.10 1	78.981 1
2	1	16.319 1	78.161 1
2	1	16.662 1	78.1225 1
2	1	16.181 1	78.233 1
2	1	16.167 1	78.430 1
2	1	16.366 1	78.400 1
2	1	16.88 1	78.730 1
2	1	16.570 1	78.777 1
2	1	16.228 1	78.686 1
2	1	16.427 1	78.960 1
2	1	16.471 1	78.1185 1
2	1	16.612 1	78.867 1
2	1	16.66 1	78.1387 1
2	1	16.121 1	78.958 1
2	1	16.489 1	78.348 1
2	1	16.601 1	78.296 1
2	1	16.469 1	78.1131 1
2	1	16.215 1	78.674 1
2	1	16.499 1	78.789 1
2	1	16.617 1	78.779 1
3	2	16.379 0.527 16.388 1	78.12 1
2	1	16.85 1	78.1213 1
2	1	16.192 1	78.1341 1
2	1	16.290 1	78.372 1
2	1	16.448 1	78.979 1
2	1	16.632 1	78.968 1
2	1	16.638 1	78.363 1
2	1	16.424 1	78.801 1
2	1	16.335 1	78.173 1
2	1	16.449 1	78.896 1
2	1	16.552 1	78.939 1
2	1	16.351 1	78.810 1
2	1	16.11 1	78.980 1
2	1	16.518 1	78.369 1
3	2	16.688 1 16.9 1	78.983 1
2	1	16.25 1	78.26 1
2	1	16.24 1	78.774 1
2	1	16.334 1	78.172 1
2	1	16.475 1	78.345 1
2	1	16.435 1	78.42 1
2	1	16.686 1	78.650 1
2	1	16.527 1	78.1056 1
2	1	16.359 1	78.699 1
2	1	16.479 1	78.1144 1
2	1	16.630 1	78.610 1
2	1	16.535 1	78.654 1
2	1	16.497 1	78.986 1
2	1	16.107 1	78.438 1
2	1	16.622 1	78.395 1
4	3	16.640 1	78.1117 0.179 78.249 1 78.459 0.075
2	1	16.651 1	78.309 1
5	4	16.625 1	78.1216 0.825 78.560 1 78.751 0.617 78.92 0.451
2	1	16.298 1	78.380 1
2	1	16.586 1	78.645 1
2	1	16.264 1	78.387 1
5	6	16.118 1 16.207 0.395	78.109 1 78.225 0.580 78.473 0.738
4	3	16.119 0.465 16.381 0.381 16.386 1	78.952 1
2	1	16.400 1	78.303 1
2	1	16.511 1	78.196 1
2	1	16.193 0.907	78.661 0.907
