Size	Relations	OrthoA	OrthoB
2	1	16.22 1	81.415 1
2	1	16.422 1	81.255 1
2	1	16.423 1	81.254 1
2	1	16.641 1	81.559 1
2	1	16.1 1	81.437 1
2	1	16.246 1	81.92 1
2	1	16.245 1	81.23 1
2	1	16.348 1	81.657 1
2	1	16.375 1	81.248 1
2	1	16.169 1	81.305 1
2	1	16.436 1	81.233 1
2	1	16.285 1	81.54 1
2	1	16.206 1	81.273 1
2	1	16.443 1	81.228 1
2	1	16.3 1	81.435 1
2	1	16.408 1	81.263 1
2	1	16.147 1	81.328 1
2	1	16.325 1	81.8 1
2	1	16.490 1	81.186 1
2	1	16.681 1	81.602 1
2	1	16.174 1	81.438 1
2	1	16.314 1	81.21 1
2	1	16.645 1	81.562 1
2	1	16.403 1	81.265 1
2	1	16.150 1	81.326 1
2	1	16.400 1	81.268 1
2	1	16.677 1	81.598 1
2	1	16.517 1	81.152 1
2	1	16.698 1	81.514 1
2	1	16.355 1	81.641 1
2	1	16.255 1	81.85 1
2	1	16.599 1	81.488 1
2	1	16.709 1	81.505 1
2	1	16.326 1	81.7 1
2	1	16.696 1	81.516 1
2	1	16.316 1	81.19 1
2	1	16.577 1	81.470 1
2	1	16.701 1	81.511 1
2	1	16.708 1	81.506 1
2	1	16.470 1	81.200 1
2	1	16.161 1	81.312 1
2	1	16.106 1	81.346 1
2	1	16.556 1	81.455 1
2	1	16.92 1	81.354 1
2	1	16.602 1	81.485 1
2	1	16.553 1	81.452 1
2	1	16.182 1	81.295 1
2	1	16.284 1	81.55 1
2	1	16.555 1	81.454 1
2	1	16.188 1	81.289 1
2	1	16.287 1	81.52 1
2	1	16.504 1	81.168 1
2	1	16.252 1	81.88 1
2	1	16.634 1	81.551 1
2	1	16.492 1	81.182 1
2	1	16.184 1	81.293 1
2	1	16.263 1	81.77 1
2	1	16.78 1	81.371 1
2	1	16.473 1	81.197 1
2	1	16.685 1	81.606 1
2	1	16.293 1	81.47 1
2	1	16.69 1	81.381 1
2	1	16.248 1	81.89 1
2	1	16.72 1	81.378 1
2	1	16.311 1	81.28 1
2	1	16.700 1	81.512 1
2	1	16.244 1	81.24 1
2	1	16.218 1	81.114 1
2	1	16.654 1	81.571 1
2	1	16.675 1	81.597 1
2	1	16.532 1	81.137 1
2	1	16.629 1	81.546 1
2	1	16.309 1	81.31 1
2	1	16.197 1	81.282 1
2	1	16.713 1	81.499 1
2	1	16.347 1	81.661 1
2	1	16.265 1	81.75 1
2	1	16.664 1	81.583 1
2	1	16.291 1	81.49 1
2	1	16.507 1	81.165 1
2	1	16.14 1	81.426 1
2	1	16.620 1	81.537 1
2	1	16.524 1	81.145 1
2	1	16.456 1	81.216 1
2	1	16.712 1	81.500 1
2	1	16.369 1	81.249 1
2	1	16.259 1	81.83 1
2	1	16.501 1	81.171 1
2	1	16.671 1	81.590 1
2	1	16.328 1	81.5 1
2	1	16.624 1	81.541 1
2	1	16.526 1	81.143 1
2	1	16.114 1	81.339 1
2	1	16.463 1	81.207 1
2	1	16.506 1	81.166 1
2	1	16.168 1	81.307 1
2	1	16.253 1	81.87 1
2	1	16.256 1	81.84 1
2	1	16.63 1	81.386 1
2	1	16.6 1	81.432 1
2	1	16.268 1	81.72 1
2	1	16.523 1	81.146 1
2	1	16.332 1	81.1 1
2	1	16.589 1	81.213 1
2	1	16.282 1	81.57 1
2	1	16.345 1	81.663 1
2	1	16.357 1	81.639 1
2	1	16.64 1	81.385 1
2	1	16.680 1	81.601 1
2	1	16.199 1	81.279 1
2	1	16.322 1	81.13 1
2	1	16.29 1	81.409 1
2	1	16.15 1	81.424 1
2	1	16.338 1	81.670 1
2	1	16.317 1	81.18 1
2	1	16.180 1	81.297 1
2	1	16.674 1	81.596 1
2	1	16.531 1	81.138 1
2	1	16.65 1	81.384 1
2	1	16.179 1	81.298 1
4	3	16.133 0.122 16.376 1 16.393 0.149	81.245 1
2	1	16.608 1	81.520 1
2	1	16.112 1	81.340 1
2	1	16.346 1	81.662 1
2	1	16.367 1	81.629 1
2	1	16.544 1	81.441 1
2	1	16.104 1	81.348 1
2	1	16.364 1	81.632 1
2	1	16.630 1	81.547 1
2	1	16.650 1	81.567 1
2	1	16.152 1	81.324 1
2	1	16.444 1	81.226 1
2	1	16.592 1	81.483 1
2	1	16.203 1	81.276 1
2	1	16.368 1	81.251 1
2	1	16.324 1	81.9 1
2	1	16.597 1	81.492 1
2	1	16.384 1	81.625 1
2	1	16.336 1	81.672 1
2	1	16.545 1	81.442 1
2	1	16.635 1	81.554 1
2	1	16.47 1	81.398 1
2	1	16.27 1	81.410 1
2	1	16.31 1	81.407 1
2	1	16.628 1	81.545 1
2	1	16.306 1	81.34 1
2	1	16.565 1	81.462 1
2	1	16.591 1	81.482 1
2	1	16.457 1	81.214 1
2	1	16.699 1	81.513 1
2	1	16.272 1	81.67 1
2	1	16.211 1	81.121 1
2	1	16.669 1	81.588 1
2	1	16.303 1	81.37 1
3	2	16.109 1	81.344 1 81.6 0.854
2	1	16.714 1	81.495 1
2	1	16.267 1	81.73 1
2	1	16.87 1	81.361 1
2	1	16.469 1	81.201 1
2	1	16.590 1	81.481 1
2	1	16.505 1	81.167 1
2	1	16.649 1	81.566 1
2	1	16.331 1	81.2 1
2	1	16.75 1	81.375 1
2	1	16.466 1	81.203 1
2	1	16.600 1	81.487 1
2	1	16.46 1	81.399 1
2	1	16.140 1	81.334 1
2	1	16.493 1	81.181 1
2	1	16.76 1	81.373 1
2	1	16.89 1	81.357 1
2	1	16.234 1	81.98 1
2	1	16.402 1	81.266 1
2	1	16.51 1	81.395 1
2	1	16.533 1	81.136 1
2	1	16.656 1	81.574 1
2	1	16.73 1	81.377 1
2	1	16.389 1	81.241 1
2	1	16.343 1	81.665 1
2	1	16.528 1	81.141 1
2	1	16.603 1	81.484 1
2	1	16.202 1	81.448 1
2	1	16.488 1	81.188 1
2	1	16.83 1	81.368 1
2	1	16.362 1	81.634 1
2	1	16.21 1	81.416 1
2	1	16.530 1	81.139 1
3	2	16.678 1	81.599 1 81.231 0.689
2	1	16.313 1	81.22 1
2	1	16.513 1	81.155 1
2	1	16.13 1	81.427 1
2	1	16.74 1	81.376 1
2	1	16.668 1	81.587 1
2	1	16.639 1	81.558 1
2	1	16.266 1	81.74 1
2	1	16.281 1	81.58 1
2	1	16.561 1	81.460 1
2	1	16.155 1	81.321 1
2	1	16.308 1	81.32 1
2	1	16.80 1	81.533 1
2	1	16.546 1	81.443 1
2	1	16.454 1	81.218 1
2	1	16.673 1	81.595 1
2	1	16.409 1	81.190 1
2	1	16.542 1	81.128 1
2	1	16.637 1	81.556 1
2	1	16.636 1	81.555 1
2	1	16.288 1	81.131 1
2	1	16.541 1	81.127 1
2	1	16.262 1	81.78 1
2	1	16.276 1	81.62 1
2	1	16.562 1	81.461 1
2	1	16.26 1	81.411 1
2	1	16.30 1	81.408 1
2	1	16.204 1	81.275 1
2	1	16.361 1	81.635 1
2	1	16.20 1	81.417 1
2	1	16.472 1	81.198 1
2	1	16.277 1	81.61 1
3	2	16.410 1	81.191 1 81.480 0.055
2	1	16.646 1	81.563 1
2	1	16.657 1	81.575 1
2	1	16.151 1	81.325 1
2	1	16.633 1	81.550 1
2	1	16.189 1	81.288 1
2	1	16.339 1	81.669 1
2	1	16.576 1	81.469 1
2	1	16.464 1	81.205 1
2	1	16.519 1	81.150 1
2	1	16.60 1	81.388 1
2	1	16.667 1	81.586 1
2	1	16.191 1	81.286 1
2	1	16.508 1	81.164 1
2	1	16.670 1	81.589 1
2	1	16.455 1	81.217 1
2	1	16.145 1	81.331 1
2	1	16.582 1	81.473 1
2	1	16.185 1	81.292 1
2	1	16.292 1	81.48 1
2	1	16.487 1	81.303 1
2	1	16.231 1	81.101 1
2	1	16.462 1	81.208 1
2	1	16.186 1	81.291 1
2	1	16.342 1	81.666 1
2	1	16.81 1	81.370 1
2	1	16.49 1	81.397 1
2	1	16.216 1	81.116 1
2	1	16.280 1	81.59 1
2	1	16.547 1	81.445 1
2	1	16.242 1	81.26 1
2	1	16.575 1	81.468 1
2	1	16.283 1	81.56 1
2	1	16.461 1	81.209 1
2	1	16.52 1	81.394 1
2	1	16.458 1	81.212 1
2	1	16.115 1	81.338 1
2	1	16.157 1	81.317 1
2	1	16.43 1	81.400 1
2	1	16.459 1	81.211 1
2	1	16.412 1	81.262 1
2	1	16.17 1	81.422 1
2	1	16.584 1	81.475 1
2	1	16.648 1	81.565 1
2	1	16.360 1	81.636 1
2	1	16.647 1	81.564 1
2	1	16.691 1	81.611 1
2	1	16.187 1	81.290 1
2	1	16.71 1	81.379 1
2	1	16.365 1	81.631 1
2	1	16.567 1	81.464 1
2	1	16.509 1	81.163 1
3	2	16.330 1	81.4 1 81.359 0.829
2	1	16.383 1	81.626 1
2	1	16.247 1	81.90 1
2	1	16.237 1	81.95 1
2	1	16.278 1	81.60 1
2	1	16.297 1	81.43 1
2	1	16.299 1	81.41 1
2	1	16.642 1	81.560 1
2	1	16.68 1	81.382 1
2	1	16.154 1	81.322 1
2	1	16.652 1	81.569 1
2	1	16.36 1	81.405 1
2	1	16.38 1	81.403 1
2	1	16.304 1	81.36 1
2	1	16.401 1	81.267 1
2	1	16.704 1	81.509 1
2	1	16.142 1	81.332 1
2	1	16.663 1	81.581 1
2	1	16.165 1	81.310 1
2	1	16.170 1	81.301 1
2	1	16.77 1	81.372 1
2	1	16.61 1	81.387 1
2	1	16.23 1	81.414 1
2	1	16.318 1	81.17 1
2	1	16.349 1	81.656 1
2	1	16.307 1	81.33 1
2	1	16.5 1	81.433 1
2	1	16.559 1	81.458 1
2	1	16.679 1	81.600 1
2	1	16.534 1	81.134 1
2	1	16.529 1	81.140 1
2	1	16.183 1	81.294 1
2	1	16.445 1	81.225 1
2	1	16.574 1	81.467 1
2	1	16.695 1	81.518 1
2	1	16.711 1	81.503 1
2	1	16.494 1	81.180 1
2	1	16.95 1	81.350 1
2	1	16.578 1	81.471 1
2	1	16.548 1	81.447 1
2	1	16.148 1	81.327 1
2	1	16.433 1	81.235 1
2	1	16.225 1	81.107 1
2	1	16.53 1	81.393 1
2	1	16.153 1	81.323 1
2	1	16.222 1	81.110 1
2	1	16.441 1	81.229 1
2	1	16.40 1	81.402 1
4	3	16.172 0.118 16.177 0.073 16.91 1	81.256 1
2	1	16.111 1	81.342 1
2	1	16.200 1	81.278 1
2	1	16.86 1	81.362 1
2	1	16.16 1	81.423 1
2	1	16.236 1	81.96 1
2	1	16.167 1	81.308 1
2	1	16.571 1	81.466 1
2	1	16.66 1	81.383 1
2	1	16.166 1	81.309 1
2	1	16.320 1	81.15 1
2	1	16.497 1	81.177 1
2	1	16.84 1	81.365 1
2	1	16.93 1	81.353 1
2	1	16.160 1	81.313 1
2	1	16.190 1	81.287 1
2	1	16.337 1	81.671 1
2	1	16.495 1	81.179 1
2	1	16.500 1	81.174 1
2	1	16.536 1	81.130 1
2	1	16.489 1	81.187 1
2	1	16.217 1	81.115 1
2	1	16.220 1	81.112 1
2	1	16.37 1	81.404 1
2	1	16.42 1	81.401 1
2	1	16.588 1	81.479 1
2	1	16.450 1	81.221 1
2	1	16.319 1	81.16 1
2	1	16.525 1	81.144 1
2	1	16.659 1	81.578 1
2	1	16.159 1	81.315 1
2	1	16.344 1	81.664 1
2	1	16.653 1	81.570 1
2	1	16.94 1	81.351 1
2	1	16.230 1	81.102 1
2	1	16.451 1	81.220 1
2	1	16.54 1	81.392 1
2	1	16.194 1	81.283 1
2	1	16.516 1	81.153 1
2	1	16.570 1	81.465 1
2	1	16.358 1	81.638 1
2	1	16.315 1	81.20 1
2	1	16.585 1	81.476 1
2	1	16.4 1	81.434 1
2	1	16.70 1	81.380 1
2	1	16.340 1	81.668 1
2	1	16.448 1	81.223 1
2	1	16.683 1	81.604 1
2	1	16.82 1	81.369 1
2	1	16.527 1	81.142 1
2	1	16.158 1	81.316 1
2	1	16.682 1	81.603 1
2	1	16.269 1	81.71 1
2	1	16.219 1	81.113 1
2	1	16.474 1	81.196 1
2	1	16.692 1	81.612 1
2	1	16.425 1	81.252 1
2	1	16.447 1	81.224 1
2	1	16.697 1	81.515 1
2	1	16.19 1	81.418 1
2	1	16.270 1	81.70 1
2	1	16.366 1	81.630 1
2	1	16.294 1	81.46 1
2	1	16.359 1	81.637 1
2	1	16.449 1	81.222 1
4	4	16.560 1 16.407 0.868	81.459 1 81.264 0.934
2	1	16.212 1	81.120 1
2	1	16.213 1	81.119 1
2	1	16.223 1	81.109 1
2	1	16.566 1	81.463 1
2	1	16.363 1	81.633 1
2	1	16.227 1	81.105 1
2	1	16.356 1	81.640 1
2	1	16.601 1	81.486 1
2	1	16.32 1	81.406 1
2	1	16.626 1	81.543 1
2	1	16.460 1	81.210 1
2	1	16.554 1	81.453 1
2	1	16.658 1	81.577 1
2	1	16.10 1	81.430 1
2	1	16.260 1	81.82 1
2	1	16.496 1	81.178 1
2	1	16.631 1	81.548 1
2	1	16.471 1	81.199 1
2	1	16.301 1	81.39 1
2	1	16.651 1	81.568 1
2	1	16.302 1	81.38 1
2	1	16.205 1	81.274 1
2	1	16.323 1	81.12 1
2	1	16.511 1	81.159 1
2	1	16.583 1	81.474 1
2	1	16.210 1	81.122 1
2	1	16.498 1	81.176 1
2	1	16.535 1	81.133 1
2	1	16.59 1	81.389 1
2	1	16.164 1	81.493 1
2	1	16.515 1	81.154 1
2	1	16.156 1	81.318 1
2	1	16.467 1	81.202 1
2	1	16.627 1	81.544 1
2	1	16.171 1	81.300 1
2	1	16.352 1	81.646 1
2	1	16.414 1	81.259 1
2	1	16.520 1	81.149 1
2	1	16.58 1	81.390 1
2	1	16.201 1	81.277 1
2	1	16.232 1	81.100 1
2	1	16.351 1	81.647 1
2	1	16.382 1	81.627 1
2	1	16.12 1	81.428 1
2	1	16.238 1	81.94 1
2	1	16.264 1	81.76 1
2	1	16.90 1	81.356 1
2	1	16.226 1	81.106 1
2	1	16.437 1	81.126 1
2	1	16.85 1	81.364 1
2	1	16.221 1	81.111 1
2	1	16.480 1	81.261 1
2	1	16.694 1	81.618 1
2	1	16.271 1	81.69 1
2	1	16.11 1	81.429 1
2	1	16.254 1	81.86 1
2	1	16.611 1	81.523 1
2	1	16.613 1	81.525 1
2	1	16.107 1	81.345 1
2	1	16.193 1	81.284 1
2	1	16.233 1	81.99 1
2	1	16.24 1	81.413 1
2	1	16.235 1	81.97 1
2	1	16.684 1	81.605 1
2	1	16.296 1	81.44 1
2	1	16.587 1	81.478 1
2	1	16.141 1	81.333 1
2	1	16.335 1	81.673 1
2	1	16.424 1	81.253 1
2	1	16.655 1	81.573 1
2	1	16.215 1	81.117 1
2	1	16.310 1	81.30 1
2	1	16.295 1	81.45 1
2	1	16.25 1	81.412 1
2	1	16.558 1	81.457 1
2	1	16.612 1	81.524 1
2	1	16.617 1	81.534 1
2	1	16.552 1	81.451 1
2	1	16.557 1	81.456 1
2	1	16.625 1	81.542 1
2	1	16.257 1	81.660 1
2	1	16.290 1	81.50 1
2	1	16.381 1	81.238 1
2	1	16.2 1	81.436 1
2	1	16.690 1	81.610 1
2	1	16.665 1	81.584 1
2	1	16.689 1	81.609 1
3	2	16.379 1 16.388 0.171	81.240 1
2	1	16.521 1	81.148 1
2	1	16.688 1	81.607 1
2	1	16.105 1	81.347 1
2	1	16.251 1	81.615 1
2	1	16.353 1	81.645 1
2	1	16.638 1	81.557 1
2	1	16.229 1	81.103 1
2	1	16.522 1	81.147 1
2	1	16.632 1	81.549 1
2	1	16.228 1	81.104 1
2	1	16.298 1	81.42 1
2	1	16.518 1	81.151 1
2	1	16.702 1	81.510 1
2	1	16.321 1	81.14 1
2	1	16.621 1	81.540 1
3	2	16.693 1	81.616 0.868 81.620 1
2	1	16.537 1	81.129 1
2	1	16.479 1	81.53 1
2	1	16.435 1	81.234 1
2	1	16.475 1	81.195 1
2	1	16.9 1	81.431 1
2	1	16.586 1	81.477 1
2	1	16.666 1	81.585 1
2	1	16.705 1	81.508 1
2	1	16.289 1	81.51 1
2	1	16.499 1	81.175 1
2	1	16.181 1	81.296 1
2	1	16.224 1	81.108 1
3	2	16.385 1	81.617 0.410 81.621 1
2	1	16.543 1	81.440 1
2	1	16.380 1	81.239 1
2	1	16.405 1	81.552 1
2	1	16.136 1	81.425 1
2	1	16.243 1	81.25 1
2	1	16.50 1	81.396 1
2	1	16.163 1	81.40 1
2	1	16.486 1	81.189 1
2	1	16.672 1	81.594 1
2	1	16.491 1	81.184 1
2	1	16.618 1	81.535 1
2	1	16.88 1	81.360 1
2	1	16.18 1	81.421 1
2	1	16.192 1	81.285 1
2	1	16.258 1	81.528 1
2	1	16.57 1	81.391 1
3	2	16.427 1 16.127 0.793	81.63 1
3	2	16.118 0.255 16.207 1	81.237 1
2	1	16.110 1	81.343 1
6	5	16.481 0.277 16.482 0.317 16.483 1 16.484 0.349 16.485 0.356	81.193 1
2	1	16.662 1	81.501 1
2	1	16.334 1	81.674 1
2	1	16.406 1	81.553 1
2	1	16.465 1	81.204 1
2	1	16.686 1	81.642 1
2	1	16.341 1	81.667 1
2	1	16.514 1	81.580 1
2	1	16.214 1	81.118 1
2	1	16.623 1	81.215 1
5	4	16.33 0.401 16.34 0.235 16.604 1 16.606 0.277	81.11 1
2	1	16.640 1	81.498 1
2	1	16.392 1	81.244 1
2	1	16.241 1	81.27 1
2	1	16.619 1	81.536 1
