Size	Relations	OrthoA	OrthoB
2	1	14.959 1	80.1850 1
2	1	14.960 1	80.1851 1
2	1	14.799 1	80.305 1
2	1	14.453 1	80.1820 1
2	1	14.816 1	80.1111 1
2	1	14.1382 1	80.1995 1
2	1	14.805 1	80.174 1
2	1	14.331 1	80.1132 1
2	1	14.116 1	80.1824 1
2	1	14.1183 1	80.771 1
2	1	14.631 1	80.287 1
2	1	14.779 1	80.1478 1
2	1	14.446 1	80.1823 1
2	1	14.966 1	80.531 1
2	1	14.1164 1	80.1106 1
2	1	14.583 1	80.1321 1
2	1	14.234 1	80.832 1
2	1	14.361 1	80.400 1
2	1	14.233 1	80.831 1
2	1	14.507 1	80.162 1
2	1	14.573 1	80.78 1
2	1	14.1126 1	80.735 1
2	1	14.126 1	80.1836 1
6	8	14.1045 1 14.1307 1 14.17 1 14.297 1	80.1627 0.662 80.1941 1
2	1	14.786 1	80.1585 1
2	1	14.243 1	80.845 1
2	1	14.1383 1	80.1996 1
2	1	14.1280 1	80.1408 1
2	1	14.652 1	80.923 1
2	1	14.124 1	80.1834 1
2	1	14.527 1	80.1442 1
2	1	14.559 1	80.1159 1
2	1	14.929 1	80.127 1
2	1	14.628 1	80.284 1
2	1	14.1155 1	80.448 1
2	1	14.1125 1	80.734 1
2	1	14.623 1	80.1166 1
2	1	14.408 1	80.429 1
3	2	14.1380 1	80.1993 1 80.2006 1
2	1	14.1205 1	80.1047 1
2	1	14.870 1	80.1109 1
4	3	14.1376 1	80.1991 1 80.2004 0.817 80.251 0.204
2	1	14.1211 1	80.647 1
2	1	14.1132 1	80.1466 1
2	1	14.828 1	80.438 1
2	1	14.104 1	80.1031 1
2	1	14.78 1	80.1382 1
2	1	14.1124 1	80.466 1
2	1	14.1208 1	80.639 1
2	1	14.1011 1	80.483 1
2	1	14.182 1	80.390 1
2	1	14.946 1	80.770 1
2	1	14.403 1	80.432 1
2	1	14.973 1	80.445 1
2	1	14.492 1	80.1493 1
2	1	14.248 1	80.854 1
2	1	14.412 1	80.1847 1
2	1	14.984 1	80.850 1
2	1	14.756 1	80.1720 1
2	1	14.540 1	80.152 1
2	1	14.1128 1	80.1469 1
2	1	14.685 1	80.1726 1
2	1	14.185 1	80.999 1
2	1	14.230 1	80.829 1
2	1	14.1010 1	80.1177 1
2	1	14.683 1	80.1724 1
2	1	14.705 1	80.913 1
2	1	14.502 1	80.154 1
2	1	14.993 1	80.493 1
2	1	14.654 1	80.1160 1
2	1	14.758 1	80.1718 1
9	18	14.1048 1 14.1092 0.359 14.1236 0.755 14.1304 1 14.20 1 14.294 1	80.1622 1 80.1946 0.262 80.386 0.262
2	1	14.1027 1	80.981 1
2	1	14.1312 1	80.1123 1
2	1	14.617 1	80.341 1
2	1	14.521 1	80.812 1
2	1	14.332 1	80.1131 1
2	1	14.743 1	80.1788 1
2	1	14.745 1	80.273 1
2	1	14.1077 1	80.1314 1
2	1	14.184 1	80.997 1
2	1	14.931 1	80.125 1
2	1	14.644 1	80.1458 1
2	1	14.723 1	80.918 1
2	1	14.721 1	80.916 1
2	1	14.1171 1	80.1103 1
2	1	14.1133 1	80.1554 1
2	1	14.225 1	80.569 1
2	1	14.932 1	80.124 1
2	1	14.235 1	80.833 1
2	1	14.166 1	80.864 1
2	1	14.548 1	80.148 1
2	1	14.406 1	80.1107 1
2	1	14.145 1	80.1145 1
2	1	14.188 1	80.1001 1
2	1	14.955 1	80.509 1
2	1	14.399 1	80.433 1
2	1	14.703 1	80.1825 1
2	1	14.720 1	80.915 1
2	1	14.52 1	80.268 1
2	1	14.992 1	80.824 1
2	1	14.1315 1	80.1121 1
2	1	14.1206 1	80.1048 1
2	1	14.503 1	80.155 1
2	1	14.94 1	80.1366 1
4	3	14.1086 1	80.1956 1 80.373 0.717 80.9 0.974
2	1	14.51 1	80.267 1
2	1	14.39 1	80.871 1
2	1	14.1193 1	80.785 1
2	1	14.936 1	80.121 1
3	2	14.246 1 14.983 0.892	80.846 1
2	1	14.375 1	80.398 1
2	1	14.684 1	80.1725 1
2	1	14.630 1	80.286 1
2	1	14.5 1	80.888 1
2	1	14.788 1	80.1583 1
3	2	14.409 1 14.797 1	80.428 1
2	1	14.859 1	80.318 1
2	1	14.258 1	80.358 1
2	1	14.707 1	80.914 1
2	1	14.237 1	80.839 1
2	1	14.1192 1	80.784 1
2	1	14.465 1	80.892 1
2	1	14.581 1	80.1320 1
2	1	14.615 1	80.339 1
2	1	14.1143 1	80.1046 1
2	1	14.1146 1	80.804 1
2	1	14.858 1	80.1254 1
2	1	14.924 1	80.1341 1
2	1	14.653 1	80.1161 1
2	1	14.242 1	80.844 1
2	1	14.517 1	80.1789 1
2	1	14.506 1	80.161 1
2	1	14.1142 1	80.1045 1
4	4	14.1373 0.847 14.1444 1	80.1985 1 80.1998 1
2	1	14.980 1	80.1817 1
2	1	14.722 1	80.917 1
2	1	14.227 1	80.567 1
2	1	14.273 1	80.907 1
2	1	14.382 1	80.423 1
2	1	14.593 1	80.1492 1
2	1	14.519 1	80.1791 1
2	1	14.515 1	80.1329 1
27	50	14.1447 1 14.1463 0.935	80.1013 0.819 80.1023 0.772 80.1116 0.877 80.1443 0.934 80.1464 0.909 80.1651 0.922 80.1656 0.831 80.1738 0.617 80.1810 1 80.200 0.905 80.253 0.887 80.259 0.901 80.263 0.914 80.276 0.745 80.309 0.914 80.322 0.872 80.345 0.774 80.393 0.885 80.427 0.922 80.471 0.881 80.704 0.831 80.709 0.951 80.786 0.836 80.822 0.585 80.911 0.794
2	1	14.461 1	80.1399 1
2	1	14.953 1	80.507 1
2	1	14.873 1	80.787 1
2	1	14.326 1	80.335 1
2	1	14.175 1	80.855 1
3	2	14.481 1 14.692 0.076	80.637 1
2	1	14.343 1	80.853 1
2	1	14.757 1	80.1719 1
2	1	14.701 1	80.311 1
2	1	14.1170 1	80.1104 1
2	1	14.50 1	80.266 1
2	1	14.627 1	80.283 1
2	1	14.71 1	80.1389 1
2	1	14.526 1	80.1441 1
2	1	14.460 1	80.1398 1
2	1	14.680 1	80.281 1
2	1	14.1213 1	80.649 1
3	2	14.1384 0.920 14.1442 1	80.1997 1
2	1	14.404 1	80.431 1
3	2	14.76 1 14.1117 0.810	80.1384 1
2	1	14.189 1	80.1002 1
2	1	14.125 1	80.1835 1
2	1	14.698 1	80.314 1
2	1	14.224 1	80.570 1
2	1	14.469 1	80.1653 1
2	1	14.860 1	80.1248 1
2	1	14.97 1	80.1363 1
2	1	14.804 1	80.173 1
3	2	14.6 1	80.886 1 80.1092 0.789
2	1	14.1207 1	80.638 1
2	1	14.383 1	80.424 1
2	1	14.665 1	80.83 1
2	1	14.121 1	80.816 1
2	1	14.702 1	80.1826 1
2	1	14.438 1	80.1468 1
6	8	14.1088 1 14.1233 0.050	80.1616 0.776 80.1952 0.772 80.377 0.270 80.6 1
2	1	14.147 1	80.1147 1
2	1	14.730 1	80.203 1
2	1	14.772 1	80.1043 1
2	1	14.863 1	80.1497 1
2	1	14.664 1	80.82 1
2	1	14.459 1	80.1397 1
2	1	14.254 1	80.352 1
8	15	14.1049 0.859 14.1235 1 14.1303 0.859 14.21 0.859 14.293 0.859	80.1619 0.077 80.1949 1 80.381 0.063
2	1	14.130 1	80.1841 1
2	1	14.646 1	80.1459 1
2	1	14.925 1	80.1340 1
2	1	14.937 1	80.120 1
2	1	14.1069 1	80.501 1
2	1	14.48 1	80.868 1
2	1	14.91 1	80.1369 1
2	1	14.146 1	80.1146 1
2	1	14.666 1	80.84 1
2	1	14.132 1	80.1843 1
3	2	14.1106 0.206 14.1176 1	80.280 1
2	1	14.253 1	80.353 1
2	1	14.85 1	80.1375 1
2	1	14.616 1	80.340 1
2	1	14.172 1	80.532 1
2	1	14.239 1	80.842 1
2	1	14.96 1	80.1364 1
2	1	14.968 1	80.529 1
2	1	14.795 1	80.306 1
2	1	14.1154 1	80.761 1
2	1	14.875 1	80.1577 1
2	1	14.603 1	80.500 1
2	1	14.82 1	80.1378 1
2	1	14.342 1	80.645 1
2	1	14.143 1	80.1144 1
2	1	14.574 1	80.79 1
2	1	14.103 1	80.1129 1
2	1	14.1033 1	80.1813 1
2	1	14.1122 1	80.700 1
2	1	14.1153 1	80.760 1
2	1	14.244 1	80.1828 1
2	1	14.462 1	80.1400 1
2	1	14.381 1	80.395 1
2	1	14.1136 1	80.1531 1
2	1	14.1191 1	80.1555 1
2	1	14.77 1	80.1383 1
2	1	14.330 1	80.1133 1
2	1	14.948 1	80.769 1
2	1	14.1284 1	80.1234 1
10	24	14.1052 1 14.1087 0.117 14.1232 0.831 14.1300 1 14.24 1 14.290 1	80.1034 0.426 80.1613 0.328 80.1955 0.920 80.8 1
2	1	14.1194 1	80.789 1
2	1	14.667 1	80.85 1
2	1	14.576 1	80.81 1
2	1	14.647 1	80.919 1
2	1	14.474 1	80.931 1
3	2	14.1099 0.251 14.365 1	80.1316 1
2	1	14.732 1	80.201 1
2	1	14.927 1	80.1338 1
2	1	14.1012 1	80.484 1
2	1	14.1116 1	80.1728 1
2	1	14.504 1	80.159 1
2	1	14.1073 1	80.506 1
26	25	14.1097 1	80.1172 0.466 80.1274 0.136 80.1331 0.238 80.143 0.658 80.146 0.345 80.1499 1 80.1565 0.673 80.1576 0.399 80.1634 0.472 80.165 0.174 80.1658 0.675 80.1732 0.773 80.1752 0.878 80.1756 0.394 80.176 0.434 80.208 0.364 80.299 0.204 80.401 0.641 80.460 0.116 80.469 0.901 80.53 0.422 80.603 0.122 80.739 0.474 80.801 0.435 80.933 0.234
2	1	14.594 1	80.1491 1
2	1	14.943 1	80.1310 1
2	1	14.1003 1	80.487 1
2	1	14.650 1	80.921 1
2	1	14.755 1	80.1721 1
2	1	14.329 1	80.1134 1
2	1	14.340 1	80.1108 1
2	1	14.1149 1	80.1196 1
10	24	14.1375 1 14.1437 1 14.1498 0.276 14.1327 0.160 14.1364 0.060 14.1508 0.054	80.257 1 80.1990 1 80.2003 1 80.962 0.231
2	1	14.699 1	80.313 1
2	1	14.1158 1	80.989 1
2	1	14.187 1	80.1000 1
2	1	14.271 1	80.905 1
2	1	14.1198 1	80.1447 1
2	1	14.259 1	80.359 1
2	1	14.563 1	80.725 1
2	1	14.236 1	80.838 1
2	1	14.87 1	80.1373 1
2	1	14.826 1	80.440 1
2	1	14.79 1	80.1381 1
2	1	14.1195 1	80.1450 1
2	1	14.90 1	80.1370 1
2	1	14.72 1	80.1388 1
2	1	14.1314 1	80.1122 1
3	2	14.1075 1 14.733 0.690	80.327 1
2	1	14.1203 1	80.1062 1
2	1	14.1071 1	80.503 1
2	1	14.822 1	80.389 1
2	1	14.916 1	80.929 1
2	1	14.100 1	80.1411 1
2	1	14.231 1	80.830 1
2	1	14.1277 1	80.1409 1
2	1	14.1070 1	80.502 1
2	1	14.127 1	80.1837 1
2	1	14.223 1	80.998 1
2	1	14.738 1	80.296 1
2	1	14.935 1	80.123 1
2	1	14.376 1	80.397 1
3	2	14.1378 1	80.1992 1 80.2005 1
4	3	14.191 1 14.850 0.846 14.190 0.692	80.571 1
2	1	14.1202 1	80.1061 1
2	1	14.803 1	80.172 1
2	1	14.180 1	80.328 1
2	1	14.272 1	80.906 1
2	1	14.411 1	80.1848 1
2	1	14.651 1	80.922 1
2	1	14.994 1	80.497 1
2	1	14.1200 1	80.1445 1
2	1	14.505 1	80.160 1
3	2	14.1381 1	80.1994 1 80.2007 1
2	1	14.93 1	80.1367 1
2	1	14.981 1	80.1165 1
2	1	14.73 1	80.1387 1
2	1	14.1196 1	80.1448 1
2	1	14.333 1	80.1849 1
2	1	14.245 1	80.1482 1
2	1	14.80 1	80.1380 1
2	1	14.167 1	80.863 1
2	1	14.580 1	80.1319 1
2	1	14.641 1	80.295 1
2	1	14.92 1	80.1368 1
2	1	14.639 1	80.293 1
2	1	14.614 1	80.338 1
2	1	14.1172 1	80.1102 1
2	1	14.1022 1	80.1005 1
2	1	14.37 1	80.873 1
2	1	14.81 1	80.1379 1
2	1	14.812 1	80.1821 1
2	1	14.83 1	80.1377 1
2	1	14.869 1	80.1337 1
2	1	14.962 1	80.1630 1
2	1	14.706 1	80.443 1
2	1	14.746 1	80.990 1
2	1	14.794 1	80.310 1
11	30	14.1061 0.701 14.1222 0.743 14.1291 0.701 14.281 0.701 14.33 0.701 14.60 1	80.12 1 80.1608 0.984 80.1686 0.874 80.1959 0.978 80.541 0.945
2	1	14.1177 1	80.513 1
2	1	14.589 1	80.1479 1
2	1	14.1151 1	80.1198 1
2	1	14.1285 1	80.1125 1
2	1	14.678 1	80.278 1
2	1	14.86 1	80.1374 1
2	1	14.975 1	80.1480 1
2	1	14.377 1	80.396 1
2	1	14.575 1	80.80 1
2	1	14.1178 1	80.514 1
2	1	14.1197 1	80.1449 1
2	1	14.70 1	80.1390 1
2	1	14.731 1	80.202 1
2	1	14.475 1	80.930 1
2	1	14.926 1	80.1339 1
2	1	14.1169 1	80.1105 1
2	1	14.95 1	80.1365 1
2	1	14.148 1	80.1148 1
2	1	14.1121 1	80.1754 1
4	3	14.675 1	80.1692 0.136 80.1693 0.053 80.1811 1
2	1	14.551 1	80.1440 1
2	1	14.967 1	80.530 1
2	1	14.969 1	80.528 1
2	1	14.98 1	80.1362 1
3	2	14.1025 0.199 14.798 1	80.1091 1
2	1	14.827 1	80.439 1
2	1	14.817 1	80.1112 1
2	1	14.546 1	80.150 1
2	1	14.4 1	80.1822 1
4	3	14.1359 0.269 14.1402 0.317 14.170 1	80.861 1
3	2	14.1408 0.133 14.1478 1	80.255 1
2	1	14.1150 1	80.1197 1
2	1	14.560 1	80.1158 1
2	1	14.138 1	80.1138 1
2	1	14.240 1	80.843 1
2	1	14.970 1	80.1042 1
2	1	14.226 1	80.568 1
2	1	14.123 1	80.1833 1
2	1	14.547 1	80.149 1
2	1	14.129 1	80.1839 1
2	1	14.84 1	80.1376 1
2	1	14.727 1	80.206 1
2	1	14.88 1	80.1372 1
2	1	14.604 1	80.499 1
2	1	14.128 1	80.1838 1
2	1	14.149 1	80.1149 1
2	1	14.629 1	80.285 1
2	1	14.1199 1	80.1446 1
2	1	14.1281 1	80.1407 1
2	1	14.878 1	80.788 1
2	1	14.1036 1	80.1815 1
2	1	14.1014 1	80.488 1
2	1	14.658 1	80.1057 1
2	1	14.640 1	80.294 1
2	1	14.1114 1	80.1797 1
4	3	14.1443 1 14.1479 0.106 14.941 0.421	80.1150 1
2	1	14.1118 1	80.705 1
2	1	14.874 1	80.1311 1
8	15	14.585 1 14.444 1 14.445 0.905	80.334 1 80.1574 1 80.182 0.190 80.1735 0.177 80.712 0.141
2	1	14.75 1	80.1385 1
2	1	14.518 1	80.1790 1
2	1	14.228 1	80.566 1
2	1	14.89 1	80.1371 1
3	2	14.482 0.392 14.693 1	80.636 1
5	6	14.1363 0.065 14.1438 1 14.1499 0.075	80.1989 1 80.2002 1
2	1	14.1135 1	80.1532 1
2	1	14.562 1	80.759 1
2	1	14.269 1	80.903 1
2	1	14.1445 1	80.254 1
2	1	14.169 1	80.862 1
2	1	14.729 1	80.204 1
2	1	14.1174 1	80.512 1
2	1	14.171 1	80.860 1
2	1	14.977 1	80.92 1
2	1	14.337 1	80.991 1
2	1	14.1013 1	80.486 1
2	1	14.1028 1	80.337 1
26	25	14.1078 1	80.111 0.927 80.1170 0.970 80.1271 0.836 80.1559 0.988 80.1603 0.867 80.1674 0.958 80.1697 0.745 80.170 0.189 80.1768 0.970 80.1852 0.721 80.1889 0.727 80.237 0.706 80.419 0.976 80.436 0.988 80.454 0.867 80.584 0.909 80.633 0.867 80.67 0.964 80.698 0.952 80.724 1 80.790 0.903 80.806 0.897 80.874 0.982 80.91 0.964 80.940 0.855
2	1	14.338 1	80.992 1
2	1	14.552 1	80.1463 1
2	1	14.961 1	80.1631 1
2	1	14.930 1	80.126 1
2	1	14.493 1	80.1391 1
2	1	14.1074 1	80.1058 1
2	1	14.122 1	80.1832 1
2	1	14.74 1	80.1386 1
2	1	14.407 1	80.430 1
2	1	14.1286 1	80.1124 1
2	1	14.449 1	80.1462 1
4	3	14.327 1 14.345 0.840 14.1016 0.923	80.1312 1
2	1	14.463 1	80.1405 1
4	3	14.1188 0.410 14.1201 0.412 14.695 1	80.1591 1
2	1	14.264 1	80.360 1
5	4	14.1084 1	80.11 1 80.1609 0.961 80.1958 1 80.542 0.475
2	1	14.785 1	80.1586 1
2	1	14.679 1	80.279 1
3	2	14.40 1 14.41 0.178	80.870 1
2	1	14.598 1	80.1167 1
4	3	14.1403 1 14.1465 0.827 14.541 0.213	80.151 1
2	1	14.579 1	80.1006 1
2	1	14.229 1	80.565 1
2	1	14.634 1	80.1199 1
3	2	14.520 0.268 14.868 1	80.736 1
7	6	14.1085 1	80.10 0.912 80.1036 0.090 80.1037 0.083 80.1610 0.834 80.1957 0.912 80.372 1
2	1	14.1173 1	80.1101 1
2	1	14.995 1	80.498 1
2	1	14.659 0.789	80.823 0.789
