Size	Relations	OrthoA	OrthoB
2	1	14.960 1	81.254 1
2	1	14.959 1	81.255 1
2	1	14.799 1	81.415 1
2	1	14.515 1	81.559 1
2	1	14.453 1	81.92 1
2	1	14.175 1	81.657 1
2	1	14.2 1	81.592 1
2	1	14.984 1	81.437 1
2	1	14.116 1	81.54 1
2	1	14.816 1	81.328 1
2	1	14.623 1	81.435 1
2	1	14.805 1	81.228 1
2	1	14.966 1	81.273 1
2	1	14.838 1	81.265 1
2	1	14.1027 1	81.233 1
2	1	14.583 1	81.305 1
2	1	14.331 1	81.602 1
2	1	14.779 1	81.263 1
2	1	14.1183 1	81.186 1
2	1	14.631 1	81.488 1
2	1	14.168 1	81.641 1
2	1	14.446 1	81.85 1
2	1	14.234 1	81.8 1
2	1	14.652 1	81.514 1
2	1	14.507 1	81.562 1
2	1	14.233 1	81.7 1
2	1	14.339 1	81.598 1
2	1	14.1164 1	81.200 1
2	1	14.573 1	81.354 1
2	1	14.1126 1	81.506 1
2	1	14.1125 1	81.505 1
2	1	14.361 1	81.55 1
2	1	14.1280 1	81.152 1
2	1	14.559 1	81.511 1
2	1	14.828 1	81.312 1
2	1	14.121 1	81.52 1
2	1	14.786 1	81.346 1
2	1	14.595 1	81.268 1
2	1	14.243 1	81.19 1
2	1	14.1128 1	81.452 1
2	1	14.1133 1	81.455 1
2	1	14.758 1	81.326 1
2	1	14.1155 1	81.470 1
2	1	14.104 1	81.88 1
2	1	14.628 1	81.485 1
2	1	14.1205 1	81.168 1
2	1	14.929 1	81.295 1
2	1	14.126 1	81.47 1
2	1	14.245 1	81.21 1
2	1	14.863 1	81.378 1
2	1	14.527 1	81.551 1
2	1	14.1171 1	81.197 1
2	1	14.408 1	81.77 1
2	1	14.880 1	81.371 1
2	1	14.78 1	81.114 1
2	1	14.124 1	81.49 1
2	1	14.705 1	81.216 1
2	1	14.832 1	81.614 1
2	1	14.39 1	81.137 1
2	1	14.833 1	81.615 1
2	1	14.492 1	81.571 1
2	1	14.1011 1	81.426 1
2	1	14.924 1	81.293 1
2	1	14.979 1	81.289 1
2	1	14.870 1	81.381 1
2	1	14.1192 1	81.182 1
2	1	14.1211 1	81.165 1
2	1	14.739 1	81.499 1
2	1	14.1132 1	81.454 1
2	1	14.1313 1	81.145 1
2	1	14.182 1	81.661 1
2	1	14.248 1	81.28 1
2	1	14.650 1	81.516 1
2	1	14.723 1	81.213 1
2	1	14.738 1	81.500 1
2	1	14.1208 1	81.166 1
2	1	14.745 1	81.340 1
2	1	14.375 1	81.57 1
2	1	14.230 1	81.1 1
2	1	14.931 1	81.297 1
2	1	14.412 1	81.83 1
2	1	14.148 1	81.31 1
2	1	14.465 1	81.583 1
2	1	14.936 1	81.339 1
2	1	14.1124 1	81.207 1
2	1	14.166 1	81.639 1
2	1	14.534 1	81.537 1
2	1	14.1312 1	81.146 1
2	1	14.440 1	81.84 1
2	1	14.973 1	81.279 1
2	1	14.403 1	81.72 1
2	1	14.242 1	81.18 1
2	1	14.184 1	81.662 1
2	1	14.406 1	81.75 1
2	1	14.185 1	81.663 1
2	1	14.993 1	81.432 1
2	1	14.540 1	81.541 1
2	1	14.720 1	81.483 1
2	1	14.1191 1	81.183 1
2	1	14.683 1	81.386 1
2	1	14.684 1	81.385 1
2	1	14.654 1	81.512 1
2	1	14.342 1	81.597 1
2	1	14.3 1	81.591 1
2	1	14.502 1	81.567 1
2	1	14.721 1	81.482 1
2	1	14.756 1	81.324 1
2	1	14.326 1	81.608 1
2	1	14.332 1	81.601 1
2	1	14.103 1	81.87 1
2	1	14.685 1	81.384 1
2	1	14.1010 1	81.424 1
2	1	14.225 1	81.670 1
2	1	14.258 1	81.632 1
2	1	14.1073 1	81.407 1
2	1	14.644 1	81.520 1
2	1	14.227 1	81.672 1
2	1	14.266 1	81.629 1
2	1	14.521 1	81.554 1
2	1	14.932 1	81.298 1
2	1	14.1008 1	81.248 1
2	1	14.1176 1	81.606 1
2	1	14.235 1	81.9 1
2	1	14.503 1	81.566 1
2	1	14.617 1	81.441 1
2	1	14.38 1	81.138 1
2	1	14.703 1	81.214 1
2	1	14.1315 1	81.143 1
2	1	14.399 1	81.67 1
2	1	14.1146 1	81.462 1
2	1	14.1117 1	81.361 1
2	1	14.145 1	81.34 1
2	1	14.548 1	81.545 1
2	1	14.743 1	81.495 1
2	1	14.237 1	81.13 1
2	1	14.593 1	81.266 1
3	2	14.191 1 14.850 0.682	81.398 1
2	1	14.722 1	81.481 1
2	1	14.630 1	81.487 1
2	1	14.188 1	81.665 1
2	1	14.788 1	81.348 1
2	1	14.955 1	81.368 1
2	1	14.693 1	81.574 1
2	1	14.1077 1	81.492 1
2	1	14.5 1	81.141 1
3	2	14.784 1	81.344 1 81.6 0.797
2	1	14.51 1	81.128 1
2	1	14.1143 1	81.461 1
3	2	14.246 1 14.983 0.831	81.22 1
2	1	14.343 1	81.596 1
2	1	14.52 1	81.127 1
6	5	14.1344 0.628 14.1394 1 14.1417 0.398 14.1470 0.642 14.1501 0.392	81.526 1
2	1	14.796 1	81.416 1
2	1	14.616 1	81.442 1
2	1	14.94 1	81.98 1
2	1	14.404 1	81.73 1
2	1	14.460 1	81.588 1
2	1	14.37 1	81.139 1
2	1	14.544 1	81.352 1
2	1	14.860 1	81.377 1
2	1	14.1102 1	81.282 1
2	1	14.568 1	81.310 1
2	1	14.969 1	81.276 1
2	1	14.615 1	81.443 1
2	1	14.549 1	81.546 1
2	1	14.1193 1	81.181 1
2	1	14.481 1	81.575 1
2	1	14.147 1	81.32 1
2	1	14.707 1	81.218 1
2	1	14.461 1	81.587 1
2	1	14.1215 1	81.160 1
2	1	14.653 1	81.513 1
2	1	14.916 1	81.357 1
2	1	14.1012 1	81.427 1
2	1	14.1160 1	81.203 1
2	1	14.1019 1	81.321 1
2	1	14.1142 1	81.460 1
3	2	14.753 1	81.191 1 81.480 0.178
2	1	14.858 1	81.375 1
2	1	14.980 1	81.288 1
3	2	14.409 1 14.797 0.954	81.78 1
3	2	14.57 1 14.69 0.419	81.448 1
2	1	14.514 1	81.560 1
2	1	14.665 1	81.395 1
2	1	14.642 1	81.521 1
2	1	14.757 1	81.325 1
2	1	14.190 1	81.399 1
2	1	14.517 1	81.558 1
2	1	14.382 1	81.61 1
2	1	14.40 1	81.136 1
2	1	14.1207 1	81.167 1
2	1	14.50 1	81.129 1
2	1	14.859 1	81.376 1
2	1	14.376 1	81.58 1
2	1	14.804 1	81.226 1
2	1	14.125 1	81.48 1
2	1	14.224 1	81.669 1
2	1	14.581 1	81.306 1
2	1	14.968 1	81.275 1
2	1	14.76 1	81.116 1
2	1	14.344 1	81.595 1
2	1	14.519 1	81.556 1
2	1	14.71 1	81.121 1
2	1	14.520 1	81.555 1
2	1	14.550 1	81.547 1
2	1	14.459 1	81.589 1
2	1	14.698 1	81.208 1
2	1	14.254 1	81.635 1
2	1	14.646 1	81.519 1
2	1	14.1004 1	81.249 1
2	1	14.383 1	81.62 1
2	1	14.580 1	81.307 1
2	1	14.808 1	81.400 1
2	1	14.1021 1	81.317 1
2	1	14.506 1	81.563 1
2	1	14.711 1	81.652 1
2	1	14.350 1	81.334 1
2	1	14.795 1	81.417 1
2	1	14.943 1	81.322 1
2	1	14.953 1	81.370 1
2	1	14.1170 1	81.198 1
2	1	14.130 1	81.43 1
2	1	14.526 1	81.550 1
2	1	14.875 1	81.332 1
3	2	14.701 1	81.211 1 81.408 0.765
2	1	14.1284 1	81.150 1
2	1	14.680 1	81.388 1
2	1	14.496 1	81.410 1
2	1	14.879 1	81.372 1
2	1	14.273 1	81.611 1
2	1	14.732 1	81.473 1
2	1	14.97 1	81.95 1
2	1	14.1002 1	81.422 1
2	1	14.702 1	81.212 1
2	1	14.255 1	81.634 1
2	1	14.6 1	81.140 1
2	1	14.1153 1	81.468 1
2	1	14.1158 1	81.205 1
2	1	14.1206 1	81.171 1
2	1	14.512 1	81.5 1
2	1	14.563 1	81.509 1
3	2	14.868 1	81.379 1 81.155 0.638
2	1	14.937 1	81.338 1
2	1	14.706 1	81.217 1
2	1	14.664 1	81.397 1
2	1	14.377 1	81.59 1
2	1	14.935 1	81.262 1
2	1	14.469 1	81.581 1
2	1	14.588 1	81.301 1
2	1	14.1213 1	81.163 1
2	1	14.405 1	81.74 1
2	1	14.462 1	81.586 1
2	1	14.1177 1	81.188 1
2	1	14.381 1	81.60 1
2	1	14.659 1	81.286 1
2	1	14.688 1	81.382 1
2	1	14.926 1	81.291 1
2	1	14.96 1	81.96 1
2	1	14.13 1	81.202 1
2	1	14.730 1	81.475 1
2	1	14.91 1	81.101 1
3	2	14.851 1	81.4 1 81.359 0.825
2	1	14.1154 1	81.469 1
2	1	14.627 1	81.484 1
2	1	14.830 1	81.349 1
2	1	14.504 1	81.565 1
2	1	14.231 1	81.2 1
2	1	14.925 1	81.292 1
2	1	14.798 1	81.414 1
2	1	14.189 1	81.666 1
2	1	14.241 1	81.17 1
2	1	14.826 1	81.314 1
2	1	14.1069 1	81.403 1
2	1	14.1075 1	81.411 1
2	1	14.1122 1	81.446 1
2	1	14.594 1	81.267 1
2	1	14.259 1	81.631 1
2	1	14.812 1	81.331 1
2	1	14.132 1	81.41 1
2	1	14.647 1	81.518 1
2	1	14.666 1	81.394 1
2	1	14.253 1	81.636 1
2	1	14.923 1	81.294 1
2	1	14.1214 1	81.161 1
2	1	14.505 1	81.564 1
2	1	14.172 1	81.656 1
2	1	14.578 1	81.309 1
2	1	14.85 1	81.107 1
2	1	14.1151 1	81.467 1
2	1	14.1150 1	81.466 1
2	1	14.334 1	81.600 1
2	1	14.41 1	81.134 1
2	1	14.374 1	81.56 1
2	1	14.994 1	81.433 1
2	1	14.574 1	81.353 1
2	1	14.603 1	81.221 1
2	1	14.1071 1	81.405 1
2	1	14.1136 1	81.458 1
2	1	14.146 1	81.33 1
2	1	14.82 1	81.110 1
2	1	14.981 1	81.287 1
2	1	14.1314 1	81.144 1
2	1	14.239 1	81.15 1
2	1	14.576 1	81.350 1
2	1	14.914 1	81.358 1
2	1	14.948 1	81.229 1
2	1	14.699 1	81.209 1
2	1	14.77 1	81.115 1
2	1	14.803 1	81.225 1
2	1	14.90 1	81.102 1
2	1	14.755 1	81.323 1
2	1	14.1109 1	81.366 1
2	1	14.143 1	81.36 1
2	1	14.271 1	81.626 1
2	1	14.667 1	81.393 1
2	1	14.1197 1	81.177 1
2	1	14.474 1	81.578 1
2	1	14.1121 1	81.447 1
2	1	14.187 1	81.664 1
2	1	14.1070 1	81.404 1
2	1	14.244 1	81.20 1
2	1	14.978 1	81.290 1
2	1	14.330 1	81.603 1
2	1	14.1169 1	81.199 1
2	1	14.1036 1	81.402 1
2	1	14.493 1	81.569 1
2	1	14.752 1	81.190 1
2	1	14.1279 1	81.153 1
2	1	14.709 1	81.654 1
2	1	14.72 1	81.120 1
2	1	14.972 1	81.278 1
2	1	14.1020 1	81.89 1
2	1	14.337 1	81.599 1
2	1	14.602 1	81.220 1
2	1	14.575 1	81.351 1
2	1	14.877 1	81.373 1
2	1	14.1003 1	81.423 1
2	1	14.223 1	81.668 1
2	1	14.975 1	81.283 1
2	1	14.1116 1	81.362 1
2	1	14.686 1	81.383 1
2	1	14.272 1	81.612 1
2	1	14.746 1	81.342 1
2	1	14.636 1	81.256 1
2	1	14.87 1	81.105 1
2	1	14.1194 1	81.180 1
2	1	14.80 1	81.112 1
3	2	14.1137 1	81.459 1 81.264 1
2	1	14.809 1	81.401 1
2	1	14.817 1	81.327 1
2	1	14.918 1	81.355 1
2	1	14.1172 1	81.196 1
2	1	14.725 1	81.479 1
2	1	14.4 1	81.142 1
2	1	14.83 1	81.109 1
2	1	14.329 1	81.604 1
2	1	14.411 1	81.82 1
2	1	14.733 1	81.471 1
2	1	14.1022 1	81.316 1
2	1	14.987 1	81.493 1
2	1	14.226 1	81.671 1
2	1	14.952 1	81.504 1
2	1	14.1195 1	81.179 1
2	1	14.651 1	81.515 1
2	1	14.827 1	81.313 1
2	1	14.1025 1	81.655 1
2	1	14.1149 1	81.465 1
2	1	14.1277 1	81.154 1
2	1	14.606 1	81.223 1
2	1	14.579 1	81.308 1
2	1	14.79 1	81.113 1
3	2	14.1097 1	81.251 1 81.625 0.195
2	1	14.351 1	81.159 1
2	1	14.729 1	81.476 1
2	1	14.962 1	81.252 1
2	1	14.1023 1	81.315 1
2	1	14.614 1	81.444 1
2	1	14.236 1	81.12 1
2	1	14.954 1	81.369 1
2	1	14.42 1	81.133 1
2	1	14.1196 1	81.178 1
2	1	14.73 1	81.119 1
2	1	14.1200 1	81.174 1
2	1	14.1285 1	81.149 1
2	1	14.609 1	81.445 1
2	1	14.1198 1	81.176 1
2	1	14.138 1	81.38 1
2	1	14.794 1	81.418 1
2	1	14.700 1	81.210 1
2	1	14.475 1	81.577 1
2	1	14.70 1	81.122 1
2	1	14.604 1	81.222 1
2	1	14.842 1	81.319 1
2	1	14.1212 1	81.164 1
2	1	14.252 1	81.637 1
2	1	14.43 1	81.132 1
2	1	14.81 1	81.111 1
2	1	14.1015 1	81.430 1
2	1	14.658 1	81.413 1
2	1	14.679 1	81.389 1
2	1	14.127 1	81.46 1
2	1	14.1006 1	81.241 1
2	1	14.93 1	81.99 1
2	1	14.678 1	81.390 1
2	1	14.92 1	81.100 1
2	1	14.1129 1	81.453 1
2	1	14.1013 1	81.428 1
2	1	14.546 1	81.543 1
2	1	14.95 1	81.97 1
2	1	14.967 1	81.274 1
2	1	14.970 1	81.277 1
2	1	14.641 1	81.523 1
2	1	14.869 1	81.380 1
2	1	14.589 1	81.300 1
2	1	14.639 1	81.525 1
2	1	14.98 1	81.94 1
2	1	14.240 1	81.16 1
2	1	14.171 1	81.647 1
2	1	14.256 1	81.633 1
2	1	14.270 1	81.627 1
2	1	14.552 1	81.549 1
2	1	14.402 1	81.71 1
2	1	14.401 1	81.70 1
2	1	14.1110 1	81.365 1
2	1	14.1178 1	81.187 1
2	1	14.569 1	81.259 1
2	1	14.501 1	81.568 1
2	1	14.547 1	81.544 1
2	1	14.167 1	81.640 1
2	1	14.1135 1	81.457 1
2	1	14.1114 1	81.364 1
2	1	14.1204 1	81.170 1
2	1	14.400 1	81.69 1
2	1	14.448 1	81.86 1
2	1	14.747 1	81.343 1
4	3	14.1359 0.151 14.1402 0.207 14.170 1	81.646 1
2	1	14.586 1	81.299 1
2	1	14.86 1	81.106 1
2	1	14.149 1	81.30 1
2	1	14.551 1	81.548 1
2	1	14.629 1	81.486 1
2	1	14.128 1	81.45 1
2	1	14.1147 1	81.463 1
2	1	14.123 1	81.50 1
2	1	14.228 1	81.673 1
2	1	14.995 1	81.434 1
2	1	14.1281 1	81.151 1
2	1	14.634 1	81.534 1
5	4	14.1179 1 14.179 0.080 14.456 0.062 14.545 0.065	81.173 1
2	1	14.251 1	81.638 1
2	1	14.1134 1	81.456 1
2	1	14.141 1	81.37 1
2	1	14.275 1	81.609 1
2	1	14.727 1	81.478 1
2	1	14.823 1	81.125 1
2	1	14.560 1	81.510 1
2	1	14.731 1	81.474 1
2	1	14.88 1	81.104 1
2	1	14.137 1	81.39 1
2	1	14.89 1	81.103 1
2	1	14.129 1	81.44 1
2	1	14.463 1	81.585 1
2	1	14.264 1	81.630 1
2	1	14.668 1	81.392 1
2	1	14.1074 1	81.412 1
2	1	14.407 1	81.76 1
2	1	14.84 1	81.108 1
2	1	14.122 1	81.51 1
3	2	14.452 1	81.280 0.284 81.281 1
2	1	14.640 1	81.524 1
2	1	14.787 1	81.347 1
2	1	14.961 1	81.253 1
2	1	14.1014 1	81.429 1
2	1	14.785 1	81.345 1
2	1	14.999 1	81.230 1
3	2	14.1167 1 14.696 0.273	81.497 1
2	1	14.930 1	81.296 1
2	1	14.1199 1	81.175 1
2	1	14.1173 1	81.195 1
2	1	14.274 1	81.610 1
2	1	14.562 1	81.451 1
2	1	14.1311 1	81.147 1
2	1	14.169 1	81.645 1
2	1	14.541 1	81.542 1
2	1	14.131 1	81.42 1
2	1	14.161 1	81.63 1
2	1	14.1159 1	81.204 1
2	1	14.713 1	81.653 1
2	1	14.976 1	81.284 1
2	1	14.1174 1	81.189 1
2	1	14.532 1	81.535 1
2	1	14.618 1	81.440 1
2	1	14.564 1	81.508 1
2	1	14.144 1	81.35 1
2	1	14.518 1	81.557 1
2	1	14.491 1	81.572 1
2	1	14.537 1	81.540 1
2	1	14.874 1	81.333 1
2	1	14.977 1	81.285 1
2	1	14.624 1	81.3 1
2	1	14.1028 1	81.234 1
2	1	14.793 1	81.421 1
2	1	14.917 1	81.356 1
2	1	14.75 1	81.117 1
2	1	14.1108 1	81.367 1
3	2	14.1118 1 14.269 1	81.360 1
2	1	14.718 1	81.201 1
2	1	14.488 1	81.573 1
2	1	14.327 1	81.607 1
2	1	14.728 1	81.477 1
2	1	14.229 1	81.674 1
2	1	14.985 1	81.436 1
2	1	14.74 1	81.118 1
2	1	14.238 1	81.14 1
2	1	14.333 1	81.498 1
2	1	14.813 1	81.215 1
3	2	14.660 1	81.616 0.950 81.620 1
2	1	14.1286 1	81.148 1
3	2	14.1016 1 14.345 0.905	81.431 1
2	1	14.1115 1	81.363 1
2	1	14.1162 1	81.247 1
2	1	14.1072 1	81.406 1
2	1	14.455 1	81.335 1
2	1	14.464 1	81.584 1
2	1	14.110 1	81.66 1
2	1	14.1182 1	81.594 1
2	1	14.1090 1	81.157 1
