Size	Relations	OrthoA	OrthoB
2	1	14.959 1	83.614 1
2	1	14.960 1	83.613 1
2	1	14.799 1	83.73 1
2	1	14.453 1	83.452 1
2	1	14.175 1	83.344 1
2	1	14.515 1	83.232 1
2	1	14.984 1	83.93 1
2	1	14.352 1	83.387 1
2	1	14.116 1	83.412 1
2	1	14.816 1	83.734 1
2	1	14.1027 1	83.601 1
2	1	14.966 1	83.658 1
2	1	14.583 1	83.713 1
2	1	14.805 1	83.591 1
2	1	14.838 1	83.631 1
2	1	14.2 1	83.628 1
2	1	14.623 1	83.91 1
2	1	14.331 1	83.284 1
2	1	14.779 1	83.624 1
2	1	14.1183 1	83.545 1
2	1	14.168 1	83.337 1
2	1	14.631 1	83.155 1
2	1	14.446 1	83.439 1
2	1	14.507 1	83.236 1
2	1	14.234 1	83.370 1
2	1	14.233 1	83.369 1
2	1	14.339 1	83.280 1
2	1	14.1164 1	83.557 1
2	1	14.1280 1	83.522 1
2	1	14.1125 1	83.171 1
2	1	14.652 1	83.185 1
2	1	14.573 1	83.762 1
2	1	14.1126 1	83.172 1
2	1	14.361 1	83.413 1
2	1	14.559 1	83.182 1
2	1	14.1128 1	83.106 1
2	1	14.243 1	83.379 1
2	1	14.786 1	83.753 1
2	1	14.828 1	83.721 1
2	1	14.1133 1	83.110 1
2	1	14.1155 1	83.127 1
2	1	14.104 1	83.445 1
2	1	14.126 1	83.405 1
2	1	14.758 1	83.732 1
2	1	14.121 1	83.411 1
2	1	14.929 1	83.701 1
2	1	14.1205 1	83.533 1
2	1	14.628 1	83.152 1
2	1	14.527 1	83.226 1
2	1	14.863 1	83.20 1
2	1	14.880 1	83.13 1
2	1	14.245 1	83.381 1
2	1	14.408 1	83.430 1
2	1	14.1171 1	83.554 1
2	1	14.78 1	83.480 1
2	1	14.124 1	83.407 1
2	1	14.39 1	83.506 1
2	1	14.739 1	83.167 1
2	1	14.705 1	83.575 1
2	1	14.1011 1	83.81 1
2	1	14.182 1	83.350 1
2	1	14.1211 1	83.529 1
2	1	14.1192 1	83.544 1
2	1	14.870 1	83.24 1
2	1	14.1132 1	83.109 1
2	1	14.492 1	83.247 1
2	1	14.1208 1	83.530 1
2	1	14.979 1	83.692 1
2	1	14.924 1	83.699 1
2	1	14.248 1	83.388 1
2	1	14.650 1	83.187 1
2	1	14.931 1	83.703 1
2	1	14.745 1	83.745 1
2	1	14.230 1	83.365 1
2	1	14.723 1	83.141 1
2	1	14.148 1	83.391 1
2	1	14.1312 1	83.515 1
2	1	14.412 1	83.433 1
2	1	14.465 1	83.259 1
2	1	14.185 1	83.352 1
2	1	14.534 1	83.206 1
2	1	14.1124 1	83.566 1
2	1	14.936 1	83.743 1
2	1	14.1313 1	83.514 1
2	1	14.166 1	83.335 1
2	1	14.184 1	83.351 1
2	1	14.973 1	83.668 1
2	1	14.242 1	83.378 1
2	1	14.654 1	83.183 1
2	1	14.502 1	83.241 1
2	1	14.403 1	83.425 1
2	1	14.993 1	83.86 1
2	1	14.406 1	83.428 1
2	1	14.1010 1	83.80 1
2	1	14.3 1	83.626 1
2	1	14.332 1	83.283 1
3	2	14.440 1	83.437 1 83.438 0.548
2	1	14.540 1	83.214 1
2	1	14.683 1	83.29 1
2	1	14.342 1	83.274 1
2	1	14.720 1	83.144 1
2	1	14.721 1	83.143 1
2	1	14.756 1	83.730 1
2	1	14.103 1	83.444 1
2	1	14.685 1	83.27 1
2	1	14.684 1	83.28 1
2	1	14.1073 1	83.61 1
2	1	14.644 1	83.190 1
2	1	14.225 1	83.359 1
2	1	14.258 1	83.327 1
2	1	14.266 1	83.324 1
3	2	14.1008 1	83.311 1 83.643 0.647
2	1	14.503 1	83.240 1
2	1	14.1176 1	83.288 1
2	1	14.521 1	83.227 1
2	1	14.703 1	83.574 1
2	1	14.105 1	83.446 1
2	1	14.932 1	83.704 1
2	1	14.237 1	83.373 1
2	1	14.235 1	83.371 1
2	1	14.617 1	83.97 1
2	1	14.743 1	83.166 1
2	1	14.227 1	83.361 1
2	1	14.1146 1	83.120 1
2	1	14.399 1	83.421 1
2	1	14.145 1	83.394 1
2	1	14.548 1	83.218 1
2	1	14.1315 1	83.512 1
2	1	14.1117 1	83.5 1
2	1	14.343 1	83.273 1
2	1	14.41 1	83.504 1
2	1	14.630 1	83.154 1
2	1	14.38 1	83.507 1
2	1	14.188 1	83.354 1
2	1	14.788 1	83.755 1
2	1	14.1077 1	83.163 1
2	1	14.94 1	83.464 1
3	2	14.191 1 14.850 0.703	83.47 1
2	1	14.460 1	83.264 1
2	1	14.955 1	83.9 1
2	1	14.722 1	83.142 1
2	1	14.784 1	83.748 1
3	2	14.246 1 14.983 0.841	83.94 1
2	1	14.693 1	83.249 1
2	1	14.1193 1	83.543 1
2	1	14.616 1	83.98 1
2	1	14.1102 1	83.682 1
2	1	14.5 1	83.510 1
2	1	14.404 1	83.426 1
2	1	14.51 1	83.493 1
2	1	14.52 1	83.492 1
2	1	14.1143 1	83.117 1
2	1	14.593 1	83.632 1
2	1	14.461 1	83.263 1
2	1	14.549 1	83.219 1
2	1	14.37 1	83.508 1
2	1	14.707 1	83.577 1
2	1	14.916 1	83.3 1
2	1	14.147 1	83.392 1
2	1	14.481 1	83.250 1
3	2	14.57 1 14.69 0.412	83.665 1
2	1	14.1012 1	83.82 1
2	1	14.1142 1	83.116 1
2	1	14.860 1	83.19 1
2	1	14.665 1	83.44 1
2	1	14.653 1	83.184 1
3	2	14.409 1 14.797 1	83.431 1
2	1	14.753 1	83.622 1
2	1	14.859 1	83.18 1
2	1	14.969 1	83.661 1
2	1	14.459 1	83.265 1
2	1	14.517 1	83.231 1
2	1	14.382 1	83.415 1
2	1	14.190 1	83.48 1
2	1	14.568 1	83.718 1
2	1	14.615 1	83.99 1
2	1	14.804 1	83.590 1
3	2	14.1004 1	83.322 0.320 83.637 1
2	1	14.858 1	83.17 1
2	1	14.1160 1	83.562 1
2	1	14.344 1	83.272 1
2	1	14.449 1	83.597 1
2	1	14.506 1	83.237 1
2	1	14.1207 1	83.531 1
2	1	14.40 1	83.505 1
2	1	14.76 1	83.482 1
2	1	14.71 1	83.487 1
2	1	14.125 1	83.406 1
2	1	14.350 1	83.741 1
2	1	14.550 1	83.220 1
2	1	14.224 1	83.358 1
2	1	14.50 1	83.494 1
2	1	14.353 1	83.383 1
2	1	14.580 1	83.714 1
2	1	14.698 1	83.569 1
2	1	14.519 1	83.229 1
2	1	14.383 1	83.416 1
2	1	14.953 1	83.11 1
2	1	14.968 1	83.660 1
3	2	14.701 1	83.572 1 83.63 0.799
2	1	14.512 1	83.368 1
2	1	14.255 1	83.329 1
2	1	14.732 1	83.134 1
2	1	14.711 1	83.679 1
2	1	14.496 1	83.65 1
2	1	14.795 1	83.74 1
2	1	14.6 1	83.509 1
2	1	14.1284 1	83.519 1
2	1	14.130 1	83.401 1
2	1	14.526 1	83.225 1
2	1	14.1002 1	83.77 1
2	1	14.504 1	83.239 1
2	1	14.702 1	83.573 1
3	2	14.868 1	83.22 1 83.525 0.698
2	1	14.1170 1	83.555 1
2	1	14.1021 1	83.725 1
2	1	14.520 1	83.228 1
2	1	14.808 1	83.53 1
2	1	14.646 1	83.189 1
2	1	14.738 1	83.64 1
2	1	14.1206 1	83.536 1
2	1	14.706 1	83.576 1
2	1	14.273 1	83.295 1
2	1	14.627 1	83.151 1
2	1	14.757 1	83.731 1
2	1	14.935 1	83.621 1
2	1	14.1153 1	83.125 1
2	1	14.879 1	83.14 1
2	1	14.937 1	83.742 1
2	1	14.664 1	83.46 1
2	1	14.680 1	83.30 1
2	1	14.97 1	83.461 1
2	1	14.1158 1	83.564 1
2	1	14.980 1	83.691 1
2	1	14.1177 1	83.547 1
2	1	14.1213 1	83.527 1
2	1	14.926 1	83.696 1
2	1	14.355 1	83.385 1
2	1	14.469 1	83.257 1
2	1	14.91 1	83.467 1
2	1	14.851 1	83.367 1
2	1	14.563 1	83.177 1
2	1	14.588 1	83.712 1
2	1	14.875 1	83.739 1
2	1	14.659 1	83.687 1
2	1	14.688 1	83.25 1
2	1	14.925 1	83.697 1
2	1	14.505 1	83.238 1
2	1	14.405 1	83.427 1
2	1	14.730 1	83.136 1
2	1	14.943 1	83.728 1
2	1	14.189 1	83.355 1
2	1	14.132 1	83.399 1
2	1	14.462 1	83.262 1
2	1	14.13 1	83.561 1
2	1	14.666 1	83.43 1
2	1	14.1154 1	83.126 1
2	1	14.134 1	83.62 1
2	1	14.514 1	83.233 1
2	1	14.259 1	83.326 1
2	1	14.381 1	83.414 1
2	1	14.254 1	83.330 1
2	1	14.1075 1	83.67 1
2	1	14.1069 1	83.57 1
2	1	14.253 1	83.331 1
2	1	14.578 1	83.716 1
2	1	14.923 1	83.700 1
2	1	14.1314 1	83.513 1
2	1	14.594 1	83.633 1
2	1	14.1151 1	83.124 1
2	1	14.146 1	83.393 1
2	1	14.231 1	83.366 1
2	1	14.85 1	83.473 1
2	1	14.172 1	83.343 1
2	1	14.798 1	83.72 1
2	1	14.673 1	83.40 1
2	1	14.842 1	83.567 1
2	1	14.994 1	83.87 1
2	1	14.1122 1	83.254 1
2	1	14.241 1	83.377 1
2	1	14.574 1	83.761 1
2	1	14.1033 1	83.55 1
2	1	14.82 1	83.476 1
2	1	14.647 1	83.188 1
2	1	14.1071 1	83.59 1
2	1	14.143 1	83.396 1
2	1	14.1136 1	83.114 1
2	1	14.90 1	83.468 1
2	1	14.96 1	83.462 1
2	1	14.1150 1	83.123 1
2	1	14.699 1	83.570 1
2	1	14.239 1	83.375 1
2	1	14.334 1	83.282 1
2	1	14.603 1	83.581 1
2	1	14.981 1	83.690 1
2	1	14.474 1	83.252 1
2	1	14.576 1	83.759 1
2	1	14.755 1	83.729 1
2	1	14.1070 1	83.58 1
2	1	14.271 1	83.302 1
2	1	14.1194 1	83.542 1
2	1	14.77 1	83.481 1
2	1	14.330 1	83.285 1
2	1	14.1020 1	83.448 1
2	1	14.948 1	83.594 1
2	1	14.187 1	83.353 1
2	1	14.575 1	83.760 1
2	1	14.972 1	83.667 1
2	1	14.803 1	83.588 1
2	1	14.978 1	83.693 1
3	2	14.1179 1 14.456 0.651	83.447 1
2	1	14.326 1	83.266 1
2	1	14.812 1	83.736 1
2	1	14.244 1	83.380 1
2	1	14.667 1	83.42 1
2	1	14.975 1	83.684 1
2	1	14.709 1	83.677 1
2	1	14.752 1	83.623 1
2	1	14.72 1	83.486 1
2	1	14.1003 1	83.79 1
2	1	14.686 1	83.26 1
2	1	14.602 1	83.580 1
3	2	14.1137 1	83.115 1 83.625 0.868
3	2	14.161 1	83.609 1 83.417 0.781
2	1	14.1036 1	83.56 1
2	1	14.1279 1	83.523 1
2	1	14.10 1	83.210 1
2	1	14.493 1	83.245 1
2	1	14.746 1	83.746 1
2	1	14.733 1	83.128 1
2	1	14.1212 1	83.528 1
2	1	14.223 1	83.357 1
2	1	14.337 1	83.281 1
2	1	14.817 1	83.733 1
2	1	14.87 1	83.471 1
2	1	14.1116 1	83.6 1
2	1	14.272 1	83.296 1
2	1	14.80 1	83.478 1
2	1	14.877 1	83.15 1
2	1	14.329 1	83.286 1
2	1	14.987 1	83.719 1
2	1	14.1169 1	83.556 1
2	1	14.83 1	83.475 1
2	1	14.1172 1	83.553 1
2	1	14.1195 1	83.541 1
2	1	14.411 1	83.432 1
2	1	14.4 1	83.511 1
2	1	14.651 1	83.186 1
2	1	14.606 1	83.586 1
2	1	14.725 1	83.140 1
2	1	14.579 1	83.715 1
2	1	14.952 1	83.170 1
2	1	14.236 1	83.372 1
2	1	14.1022 1	83.724 1
2	1	14.351 1	83.526 1
3	2	14.636 1	83.70 0.118 83.710 1
2	1	14.79 1	83.479 1
2	1	14.827 1	83.722 1
2	1	14.127 1	83.404 1
2	1	14.226 1	83.360 1
2	1	14.1023 1	83.723 1
2	1	14.1149 1	83.122 1
2	1	14.1198 1	83.539 1
2	1	14.1200 1	83.537 1
2	1	14.794 1	83.75 1
2	1	14.954 1	83.10 1
2	1	14.962 1	83.611 1
2	1	14.614 1	83.100 1
4	3	14.1097 1	83.301 0.188 83.323 0.478 83.634 1
2	1	14.138 1	83.398 1
2	1	14.604 1	83.582 1
2	1	14.1121 1	83.101 1
2	1	14.700 1	83.571 1
2	1	14.1285 1	83.518 1
2	1	14.475 1	83.251 1
2	1	14.679 1	83.31 1
2	1	14.809 1	83.54 1
2	1	14.1196 1	83.540 1
2	1	14.1187 1	83.271 1
2	1	14.73 1	83.485 1
2	1	14.546 1	83.216 1
2	1	14.658 1	83.69 1
2	1	14.729 1	83.137 1
2	1	14.70 1	83.488 1
2	1	14.42 1	83.503 1
2	1	14.354 1	83.384 1
2	1	14.438 1	83.108 1
2	1	14.93 1	83.465 1
2	1	14.448 1	83.440 1
2	1	14.1013 1	83.83 1
2	1	14.1178 1	83.546 1
2	1	14.1277 1	83.524 1
2	1	14.639 1	83.193 1
2	1	14.81 1	83.477 1
2	1	14.95 1	83.463 1
2	1	14.92 1	83.466 1
2	1	14.589 1	83.711 1
2	1	14.252 1	83.333 1
2	1	14.967 1	83.659 1
2	1	14.1032 1	83.603 1
2	1	14.128 1	83.403 1
2	1	14.641 1	83.191 1
2	1	14.98 1	83.460 1
2	1	14.869 1	83.23 1
2	1	14.970 1	83.666 1
2	1	14.251 1	83.334 1
2	1	14.678 1	83.32 1
2	1	14.1135 1	83.113 1
2	1	14.240 1	83.376 1
3	2	14.1006 1	83.308 1 83.652 0.410
2	1	14.270 1	83.303 1
2	1	14.1186 1	83.269 1
2	1	14.547 1	83.217 1
2	1	14.634 1	83.204 1
2	1	14.167 1	83.336 1
2	1	14.1114 1	83.7 1
6	5	14.1324 0.374 14.1410 1 14.1455 0.374 14.1506 0.380 14.393 0.263	83.490 1
2	1	14.501 1	83.242 1
2	1	14.569 1	83.619 1
2	1	14.256 1	83.328 1
2	1	14.629 1	83.153 1
2	1	14.995 1	83.90 1
2	1	14.86 1	83.472 1
2	1	14.171 1	83.341 1
4	3	14.1359 0.168 14.1402 0.223 14.170 1	83.340 1
2	1	14.228 1	83.362 1
2	1	14.400 1	83.422 1
2	1	14.88 1	83.470 1
2	1	14.823 1	83.489 1
2	1	14.149 1	83.390 1
2	1	14.551 1	83.221 1
2	1	14.727 1	83.139 1
2	1	14.1134 1	83.111 1
2	1	14.1281 1	83.520 1
2	1	14.402 1	83.424 1
2	1	14.560 1	83.181 1
2	1	14.731 1	83.135 1
2	1	14.129 1	83.402 1
2	1	14.407 1	83.429 1
2	1	14.89 1	83.469 1
2	1	14.999 1	83.598 1
2	1	14.401 1	83.423 1
2	1	14.787 1	83.754 1
2	1	14.463 1	83.261 1
2	1	14.336 1	83.688 1
2	1	14.662 1	83.50 1
2	1	14.1110 1	83.8 1
2	1	14.1147 1	83.121 1
2	1	14.1173 1	83.552 1
2	1	14.123 1	83.408 1
2	1	14.264 1	83.325 1
2	1	14.552 1	83.222 1
2	1	14.564 1	83.176 1
2	1	14.668 1	83.41 1
2	1	14.122 1	83.409 1
2	1	14.586 1	83.95 1
2	1	14.1074 1	83.68 1
2	1	14.141 1	83.397 1
2	1	14.169 1	83.339 1
2	1	14.1014 1	83.84 1
2	1	14.1199 1	83.538 1
2	1	14.562 1	83.105 1
2	1	14.84 1	83.474 1
2	1	14.640 1	83.192 1
2	1	14.785 1	83.752 1
2	1	14.961 1	83.612 1
2	1	14.541 1	83.215 1
2	1	14.976 1	83.685 1
2	1	14.565 1	83.175 1
2	1	14.131 1	83.400 1
2	1	14.1311 1	83.516 1
3	2	14.1412 1	83.639 1 83.640 0.164
2	1	14.661 1	83.49 1
2	1	14.537 1	83.207 1
2	1	14.1028 1	83.602 1
2	1	14.874 1	83.740 1
2	1	14.1174 1	83.548 1
2	1	14.518 1	83.230 1
2	1	14.618 1	83.96 1
2	1	14.713 1	83.678 1
2	1	14.930 1	83.702 1
2	1	14.793 1	83.76 1
2	1	14.917 1	83.2 1
2	1	14.1118 1	83.4 1
2	1	14.1159 1	83.563 1
2	1	14.269 1	83.304 1
2	1	14.977 1	83.686 1
2	1	14.75 1	83.483 1
2	1	14.9 1	83.212 1
2	1	14.1182 1	83.270 1
2	1	14.488 1	83.248 1
2	1	14.229 1	83.363 1
2	1	14.274 1	83.290 1
2	1	14.327 1	83.289 1
2	1	14.74 1	83.484 1
2	1	14.1072 1	83.60 1
2	1	14.843 1	83.568 1
2	1	14.101 1	83.676 1
2	1	14.447 1	83.641 1
2	1	14.1016 1	83.85 1
2	1	14.985 1	83.92 1
2	1	14.728 1	83.138 1
2	1	14.238 1	83.374 1
2	1	14.660 1	83.298 1
2	1	14.718 1	83.558 1
2	1	14.1286 1	83.517 1
2	1	14.759 1	83.635 1
2	1	14.1325 1	83.420 1
2	1	14.1162 1	83.165 1
2	1	14.1108 1	83.51 1
4	3	14.202 1 14.428 1 14.903 1	83.103 1
2	1	14.464 1	83.260 1
2	1	14.1090 1	83.297 1
3	2	14.1252 1 14.315 1	83.595 1
2	1	14.333 0.719	83.727 0.719
