Size	Relations	OrthoA	OrthoB
2	1	14.959 1	82.1074 1
2	1	14.799 1	82.1339 1
2	1	14.453 1	82.1177 1
2	1	14.175 1	82.1423 1
2	1	14.331 1	82.1077 1
2	1	14.950 1	82.813 1
2	1	14.816 1	82.739 1
2	1	14.805 1	82.494 1
3	2	14.1382 1	82.1619 1 82.1679 0.883
2	1	14.116 1	82.1164 1
2	1	14.779 1	82.1524 1
2	1	14.1164 1	82.1509 1
2	1	14.966 1	82.412 1
2	1	14.446 1	82.1153 1
2	1	14.234 1	82.984 1
2	1	14.507 1	82.1037 1
2	1	14.1126 1	82.1558 1
2	1	14.573 1	82.684 1
2	1	14.960 1	82.1072 1
2	1	14.233 1	82.985 1
2	1	14.126 1	82.1110 1
2	1	14.652 1	82.1522 1
4	3	14.361 1	82.1186 1 82.523 0.725 82.1188 0.683
2	1	14.583 1	82.604 1
2	1	14.1125 1	82.1560 1
2	1	14.1133 1	82.762 1
3	2	14.1383 1	82.1618 1 82.53 0.740
2	1	14.628 1	82.200 1
2	1	14.243 1	82.974 1
2	1	14.124 1	82.1112 1
3	2	14.559 1	82.288 1 82.321 0.790
2	1	14.929 1	82.926 1
2	1	14.786 1	82.640 1
2	1	14.623 1	82.1296 1
2	1	14.527 1	82.1301 1
2	1	14.39 1	82.1066 1
5	4	14.1380 1	82.1608 0.234 82.1621 1 82.1641 0.779 82.66 0.801
2	1	14.880 1	82.547 1
2	1	14.1280 1	82.1117 1
2	1	14.833 1	82.988 1
2	1	14.104 1	82.786 1
2	1	14.1211 1	82.689 1
2	1	14.1205 1	82.373 1
3	2	14.1376 1	82.1595 1 82.1638 0.488
2	1	14.753 1	82.934 1
2	1	14.332 1	82.1078 1
2	1	14.248 1	82.962 1
2	1	14.182 1	82.1185 1
2	1	14.1132 1	82.1224 1
2	1	14.449 1	82.1433 1
2	1	14.185 1	82.1204 1
2	1	14.711 1	82.1446 1
2	1	14.339 1	82.1565 1
2	1	14.1208 1	82.551 1
2	1	14.870 1	82.942 1
2	1	14.1027 1	82.442 1
2	1	14.266 1	82.488 1
2	1	14.78 1	82.1265 1
2	1	14.403 1	82.1199 1
2	1	14.683 1	82.1336 1
2	1	14.993 1	82.694 1
2	1	14.1124 1	82.522 1
2	1	14.758 1	82.1130 1
2	1	14.1020 1	82.1083 1
2	1	14.756 1	82.1128 1
9	20	14.1045 1 14.1307 1 14.17 1 14.297 1	82.1579 1 82.2 0.458 82.312 0.284 82.457 0.052 82.592 0.332
2	1	14.502 1	82.1158 1
2	1	14.1128 1	82.362 1
2	1	14.685 1	82.1334 1
2	1	14.1010 1	82.719 1
2	1	14.946 1	82.486 1
2	1	14.984 1	82.315 1
2	1	14.408 1	82.1203 1
2	1	14.492 1	82.615 1
2	1	14.1326 1	82.1513 1
2	1	14.1077 1	82.241 1
2	1	14.654 1	82.216 1
2	1	14.931 1	82.924 1
2	1	14.1183 1	82.524 1
2	1	14.743 1	82.327 1
2	1	14.496 1	82.1214 1
2	1	14.738 1	82.1215 1
2	1	14.521 1	82.1125 1
2	1	14.617 1	82.416 1
2	1	14.703 1	82.601 1
2	1	14.705 1	82.1304 1
2	1	14.184 1	82.1205 1
2	1	14.644 1	82.135 1
2	1	14.955 1	82.515 1
2	1	14.1011 1	82.718 1
2	1	14.723 1	82.1309 1
2	1	14.230 1	82.987 1
2	1	14.1073 1	82.512 1
2	1	14.406 1	82.679 1
2	1	14.145 1	82.855 1
2	1	14.631 1	82.203 1
2	1	14.166 1	82.1240 1
2	1	14.863 1	82.1407 1
2	1	14.235 1	82.983 1
2	1	14.512 1	82.1173 1
2	1	14.94 1	82.1249 1
2	1	14.979 1	82.1298 1
2	1	14.503 1	82.1183 1
2	1	14.225 1	82.993 1
2	1	14.103 1	82.787 1
2	1	14.1176 1	82.1532 1
2	1	14.721 1	82.1307 1
7	6	14.1048 0.424 14.1092 1 14.1236 0.401 14.1304 0.424 14.20 0.424 14.294 0.424	82.1575 1
2	1	14.1117 1	82.266 1
2	1	14.752 1	82.935 1
3	2	14.246 1 14.983 0.881	82.972 1
2	1	14.932 1	82.923 1
4	4	14.1364 0.752 14.1508 1	82.1601 0.257 82.61 1
2	1	14.739 1	82.1457 1
2	1	14.1193 1	82.424 1
2	1	14.1012 1	82.229 1
2	1	14.936 1	82.921 1
2	1	14.52 1	82.1227 1
2	1	14.1215 1	82.613 1
3	2	14.409 1 14.797 0.906	82.1028 1
2	1	14.980 1	82.129 1
2	1	14.1171 1	82.1505 1
2	1	14.188 1	82.1144 1
2	1	14.51 1	82.1228 1
2	1	14.859 1	82.95 1
2	1	14.858 1	82.1326 1
2	1	14.1160 1	82.707 1
8	12	14.1253 0.748 14.204 1 14.314 0.741 14.426 1 14.881 0.165 14.901 0.999	82.254 1 82.801 0.227
2	1	14.1315 1	82.920 1
2	1	14.720 1	82.1306 1
2	1	14.548 1	82.832 1
2	1	14.1327 1	82.425 1
2	1	14.1142 1	82.552 1
2	1	14.581 1	82.606 1
2	1	14.630 1	82.202 1
2	1	14.465 1	82.824 1
2	1	14.707 1	82.1305 1
2	1	14.684 1	82.1335 1
2	1	14.1206 1	82.374 1
2	1	14.227 1	82.991 1
2	1	14.105 1	82.150 1
2	1	14.1002 1	82.232 1
2	1	14.258 1	82.1187 1
2	1	14.788 1	82.643 1
2	1	14.1155 1	82.1218 1
2	1	14.1192 1	82.423 1
3	2	14.1373 0.843 14.1444 1	82.1616 1
3	2	14.450 0.708 14.714 1	82.1432 1
2	1	14.722 1	82.1308 1
2	1	14.615 1	82.418 1
2	1	14.517 1	82.1121 1
2	1	14.519 1	82.1123 1
2	1	14.653 1	82.217 1
2	1	14.1312 1	82.918 1
2	1	14.273 1	82.937 1
2	1	14.483 1	82.1087 1
2	1	14.237 1	82.981 1
2	1	14.506 1	82.1029 1
2	1	14.680 1	82.1338 1
2	1	14.702 1	82.602 1
2	1	14.784 1	82.1159 1
2	1	14.1213 1	82.1168 1
2	1	14.745 1	82.672 1
2	1	14.224 1	82.994 1
2	1	14.663 1	82.680 1
2	1	14.125 1	82.1111 1
2	1	14.593 1	82.761 1
2	1	14.71 1	82.1271 1
2	1	14.804 1	82.496 1
2	1	14.952 1	82.1395 1
2	1	14.953 1	82.513 1
2	1	14.1170 1	82.1506 1
2	1	14.808 1	82.1561 1
2	1	14.646 1	82.136 1
2	1	14.924 1	82.1496 1
2	1	14.97 1	82.1246 1
2	1	14.526 1	82.1303 1
2	1	14.627 1	82.764 1
2	1	14.1103 1	82.88 1
2	1	14.1207 1	82.375 1
2	1	14.968 1	82.410 1
2	1	14.1102 1	82.1477 1
2	1	14.412 1	82.897 1
2	1	14.730 1	82.1287 1
2	1	14.1214 1	82.611 1
2	1	14.757 1	82.1129 1
2	1	14.130 1	82.1106 1
2	1	14.645 1	82.596 1
2	1	14.798 1	82.1280 1
2	1	14.1063 1	82.750 1
2	1	14.973 1	82.1276 1
2	1	14.937 1	82.15 1
2	1	14.147 1	82.858 1
2	1	14.698 1	82.402 1
2	1	14.91 1	82.1252 1
2	1	14.438 1	82.1226 1
2	1	14.37 1	82.1068 1
2	1	14.10 1	82.37 1
3	2	14.701 1	82.1366 1 82.1216 0.945
2	1	14.38 1	82.1067 1
2	1	14.342 1	82.865 1
3	2	14.172 1	82.508 1 82.322 0.701
2	1	14.1019 1	82.1082 1
2	1	14.1325 1	82.1514 1
2	1	14.1003 1	82.231 1
2	1	14.343 1	82.864 1
2	1	14.603 1	82.507 1
2	1	14.666 1	82.624 1
2	1	14.796 1	82.1340 1
2	1	14.851 1	82.104 1
2	1	14.96 1	82.1247 1
2	1	14.404 1	82.1200 1
2	1	14.161 1	82.778 1
2	1	14.132 1	82.1104 1
9	18	14.1052 0.112 14.1087 1 14.1232 0.128 14.1300 0.112 14.24 0.112 14.290 0.112	82.1571 0.196 82.341 1 82.468 0.208
2	1	14.1154 1	82.294 1
2	1	14.85 1	82.1258 1
2	1	14.1033 1	82.1385 1
6	8	14.1447 1 14.1463 0.953	82.147 1 82.1655 0.985 82.464 0.181 82.971 0.065
2	1	14.574 1	82.683 1
2	1	14.1069 1	82.509 1
8	12	14.1255 0.692 14.206 1 14.312 0.692 14.424 1 14.883 1 14.899 1	82.251 0.246 82.796 1
2	1	14.540 1	82.1220 1
2	1	14.732 1	82.1290 1
2	1	14.82 1	82.1261 1
2	1	14.6 1	82.323 1
2	1	14.665 1	82.625 1
2	1	14.121 1	82.629 1
2	1	14.48 1	82.1091 1
2	1	14.462 1	82.1165 1
2	1	14.242 1	82.975 1
3	2	14.1353 1 14.1457 0.284	82.1635 1
3	2	14.1099 1 14.365 0.255	82.68 1
8	7	14.1317 0.349 14.1366 0.181 14.1393 0.363 14.1430 0.491 14.1469 0.357 14.1495 0.380 14.1510 1	82.1589 1
2	1	14.239 1	82.978 1
2	1	14.330 1	82.1076 1
2	1	14.925 1	82.1495 1
3	2	14.1100 1 14.364 0.444	82.69 1
8	12	14.1254 0.473 14.205 1 14.313 0.473 14.425 1 14.882 1 14.900 1	82.253 0.992 82.577 1
2	1	14.76 1	82.1273 1
2	1	14.689 1	82.1079 1
2	1	14.189 1	82.1058 1
2	1	14.459 1	82.1154 1
2	1	14.146 1	82.857 1
2	1	14.100 1	82.905 1
2	1	14.576 1	82.681 1
2	1	14.664 1	82.626 1
2	1	14.271 1	82.1192 1
2	1	14.515 1	82.1414 1
3	2	14.667 1	82.623 1 82.219 0.824
2	1	14.1116 1	82.86 1
2	1	14.13 1	82.1462 1
2	1	14.1478 1	82.1588 1
2	1	14.713 1	82.1449 1
2	1	14.812 1	82.1542 1
4	4	14.1284 1 14.659 1	82.817 1 82.816 0.884
2	1	14.879 1	82.545 1
2	1	14.755 1	82.1127 1
2	1	14.329 1	82.1075 1
3	2	14.382 1	82.1197 1 82.1670 0.930
3	2	14.1091 1	82.1351 0.097 82.338 1
2	1	14.948 1	82.666 1
2	1	14.12 1	82.120 1
2	1	14.719 1	82.495 1
2	1	14.253 1	82.901 1
2	1	14.241 1	82.976 1
2	1	14.877 1	82.546 1
2	1	14.90 1	82.1253 1
3	2	14.1143 1	82.771 1 82.1115 0.812
3	2	14.326 1	82.518 1 82.519 0.072
8	15	14.191 1 14.190 1 14.850 0.836	82.996 1 82.995 1 82.491 0.828 82.1060 0.400 82.1061 0.210
2	1	14.143 1	82.854 1
2	1	14.77 1	82.1266 1
2	1	14.244 1	82.1398 1
2	1	14.710 1	82.1442 1
3	2	14.642 1	82.21 1 82.20 0.838
2	1	14.474 1	82.896 1
2	1	14.795 1	82.1342 1
2	1	14.649 1	82.1518 1
2	1	14.1314 1	82.919 1
2	1	14.381 1	82.1196 1
2	1	14.337 1	82.554 1
2	1	14.594 1	82.760 1
9	18	14.1051 0.078 14.1088 1 14.1233 0.111 14.1301 0.078 14.23 0.078 14.291 0.078	82.1573 1 82.340 0.090 82.467 0.404
2	1	14.1175 1	82.70 1
2	1	14.461 1	82.1157 1
2	1	14.180 1	82.708 1
2	1	14.699 1	82.400 1
2	1	14.259 1	82.1189 1
2	1	14.1151 1	82.355 1
2	1	14.568 1	82.1494 1
2	1	14.1071 1	82.511 1
5	6	14.40 1 14.41 0.056	82.1065 1 82.676 0.089 82.99 0.546
2	1	14.1153 1	82.293 1
2	1	14.87 1	82.1256 1
2	1	14.72 1	82.1270 1
2	1	14.1178 1	82.1136 1
2	1	14.616 1	82.417 1
2	1	14.187 1	82.1206 1
2	1	14.1198 1	82.363 1
2	1	14.245 1	82.949 1
2	1	14.708 1	82.1438 1
2	1	14.712 1	82.1447 1
2	1	14.93 1	82.1250 1
2	1	14.1150 1	82.785 1
2	1	14.231 1	82.986 1
2	1	14.1070 1	82.510 1
7	10	14.1263 1 14.213 1 14.304 0.505 14.417 1 14.892 1	82.258 1 82.565 1
2	1	14.563 1	82.1557 1
2	1	14.994 1	82.695 1
2	1	14.1158 1	82.674 1
2	1	14.411 1	82.1140 1
2	1	14.981 1	82.1300 1
2	1	14.504 1	82.1181 1
2	1	14.80 1	82.1263 1
9	18	14.1097 0.085 14.1266 0.182 14.216 0.182 14.301 1 14.414 0.182 14.889 0.182	82.1344 1 82.249 0.063 82.793 0.160
2	1	14.823 1	82.885 1
2	1	14.1196 1	82.698 1
6	5	14.1044 1 14.1241 0.660 14.1308 1 14.16 1 14.298 1	82.721 1
4	3	14.1381 1	82.1620 0.289 82.1660 1 82.1678 0.678
2	1	14.580 1	82.607 1
2	1	14.1075 1	82.405 1
3	2	14.875 1	82.1126 1 82.1114 0.882
2	1	14.92 1	82.1251 1
2	1	14.1285 1	82.913 1
2	1	14.81 1	82.1262 1
2	1	14.641 1	82.534 1
2	1	14.255 1	82.1178 1
3	2	14.440 0.388 14.534 1	82.729 1
2	1	14.650 1	82.1520 1
2	1	14.651 1	82.1521 1
2	1	14.73 1	82.1269 1
2	1	14.272 1	82.938 1
2	1	14.1328 1	82.426 1
2	1	14.127 1	82.1109 1
2	1	14.79 1	82.1264 1
2	1	14.869 1	82.928 1
2	1	14.1122 1	82.490 1
2	1	14.718 1	82.170 1
2	1	14.794 1	82.1365 1
2	1	14.679 1	82.11 1
2	1	14.83 1	82.1260 1
6	5	14.1378 1	82.1429 0.844 82.1609 0.781 82.1622 0.688 82.1640 1 82.65 0.526
2	1	14.1277 1	82.1118 1
2	1	14.1035 1	82.1386 1
2	1	14.9 1	82.36 1
2	1	14.1180 1	82.1135 1
2	1	14.1195 1	82.430 1
2	1	14.522 1	82.603 1
2	1	14.954 1	82.514 1
2	1	14.475 1	82.895 1
2	1	14.639 1	82.536 1
2	1	14.746 1	82.673 1
2	1	14.575 1	82.682 1
2	1	14.731 1	82.1288 1
2	1	14.1006 1	82.40 1
2	1	14.86 1	82.1257 1
3	2	14.1017 1	82.753 1 82.73 0.883
2	1	14.1177 1	82.1137 1
2	1	14.647 1	82.1501 1
2	1	14.1022 1	82.1499 1
2	1	14.822 1	82.110 1
2	1	14.678 1	82.9 1
4	3	14.943 1	82.744 1 82.165 0.716 82.1431 0.953
2	1	14.95 1	82.1248 1
2	1	14.547 1	82.831 1
2	1	14.962 1	82.951 1
3	2	14.57 1 14.69 0.567	82.1537 1
2	1	14.1194 1	82.667 1
2	1	14.830 1	82.101 1
2	1	14.935 1	82.922 1
6	5	14.1260 0.372 14.210 1 14.307 0.372 14.420 1 14.895 1	82.564 1
2	1	14.70 1	82.1272 1
2	1	14.967 1	82.411 1
3	2	14.1282 1	82.1615 1 82.1632 0.240
4	3	14.1359 0.240 14.1402 0.289 14.170 1	82.958 1
2	1	14.505 1	82.1180 1
2	1	14.916 1	82.93 1
2	1	14.926 1	82.688 1
2	1	14.1200 1	82.365 1
2	1	14.589 1	82.1525 1
2	1	14.614 1	82.419 1
3	2	14.520 1 14.868 0.166	82.1124 1
2	1	14.149 1	82.862 1
2	1	14.727 1	82.1284 1
2	1	14.1149 1	82.354 1
4	3	14.1134 1	82.197 0.338 82.763 1 82.1167 0.739
2	1	14.860 1	82.1544 1
2	1	14.978 1	82.1297 1
2	1	14.787 1	82.642 1
2	1	14.128 1	82.1108 1
2	1	14.1013 1	82.230 1
2	1	14.733 1	82.1291 1
2	1	14.98 1	82.1245 1
2	1	14.552 1	82.941 1
2	1	14.167 1	82.1239 1
2	1	14.84 1	82.1259 1
2	1	14.579 1	82.22 1
2	1	14.1172 1	82.1504 1
2	1	14.560 1	82.214 1
2	1	14.1107 1	82.1080 1
2	1	14.1015 1	82.1404 1
2	1	14.236 1	82.982 1
2	1	14.969 1	82.409 1
6	8	14.1384 1 14.1442 0.968	82.1590 0.424 82.1597 0.738 82.1626 0.061 82.1657 1
2	1	14.129 1	82.1107 1
2	1	14.1174 1	82.1138 1
2	1	14.138 1	82.852 1
2	1	14.624 1	82.107 1
2	1	14.88 1	82.1255 1
2	1	14.942 1	82.597 1
2	1	14.874 1	82.743 1
2	1	14.1136 1	82.736 1
2	1	14.1121 1	82.665 1
2	1	14.1036 1	82.1389 1
4	4	14.1363 1 14.1507 0.958	82.1600 0.602 82.723 1
2	1	14.340 1	82.1587 1
2	1	14.1068 1	82.459 1
2	1	14.569 1	82.16 1
2	1	14.686 1	82.1331 1
2	1	14.971 1	82.746 1
2	1	14.240 1	82.977 1
2	1	14.1204 1	82.671 1
2	1	14.169 1	82.957 1
3	2	14.1118 1 14.269 1	82.1563 1
2	1	14.1014 1	82.1405 1
2	1	14.1169 1	82.1507 1
2	1	14.606 1	82.1406 1
2	1	14.970 1	82.1498 1
2	1	14.640 1	82.535 1
2	1	14.1199 1	82.364 1
2	1	14.562 1	82.292 1
2	1	14.809 1	82.1562 1
6	5	14.1248 0.920 14.198 1 14.319 0.920 14.432 1 14.907 1	82.559 1
2	1	14.629 1	82.201 1
2	1	14.123 1	82.1113 1
2	1	14.1281 1	82.1116 1
5	4	14.1377 1	82.1428 0.156 82.1623 0.766 82.1639 0.883 82.1673 1
2	1	14.585 1	82.58 1
2	1	14.1173 1	82.1139 1
2	1	14.977 1	82.621 1
2	1	14.930 1	82.925 1
2	1	14.171 1	82.959 1
4	3	14.333 1	82.301 0.106 82.740 0.122 82.863 1
2	1	14.518 1	82.1122 1
2	1	14.658 1	82.353 1
7	12	14.1403 1 14.1465 0.800 14.541 0.149	82.1493 0.564 82.333 0.544 82.384 0.173 82.458 1
2	1	14.247 1	82.287 1
4	3	14.1016 1 14.327 0.898 14.345 0.905	82.1402 1
3	2	14.1021 1	82.422 0.084 82.631 1
2	1	14.228 1	82.990 1
2	1	14.961 1	82.952 1
2	1	14.673 1	82.1421 1
9	14	14.1061 0.871 14.1083 0.114 14.1222 1 14.1291 0.871 14.281 0.871 14.33 0.871 14.60 0.880	82.1361 1 82.346 0.099
2	1	14.634 1	82.356 1
2	1	14.75 1	82.1267 1
2	1	14.785 1	82.14 1
8	12	14.1060 0.940 14.1223 1 14.1292 0.940 14.282 0.940 14.32 0.940 14.61 0.919	82.1359 1 82.472 0.231
2	1	14.264 1	82.1190 1
2	1	14.74 1	82.1268 1
2	1	14.1074 1	82.404 1
2	1	14.1197 1	82.1086 1
2	1	14.229 1	82.989 1
2	1	14.441 1	82.1094 1
2	1	14.676 1	82.7 1
2	1	14.4 1	82.1390 1
4	3	14.1443 0.439 14.1479 0.129 14.941 1	82.772 1
7	6	14.1257 1 14.207 0.179 14.310 1 14.423 0.179 14.884 0.179 14.898 0.179	82.563 1
2	1	14.1114 1	82.1531 1
2	1	14.1028 1	82.420 1
4	3	14.1188 0.411 14.1201 0.414 14.695 1	82.950 1
2	1	14.1286 1	82.914 1
2	1	14.148 1	82.859 1
3	2	14.1379 1	82.1430 1 82.1675 0.157
2	1	14.42 1	82.1277 1
2	1	14.256 1	82.1179 1
2	1	14.803 1	82.500 1
2	1	14.407 1	82.1201 1
2	1	14.44 1	82.947 1
2	1	14.252 1	82.1242 1
