Size	Relations	OrthoA	OrthoB
2	1	14.959 1	84.161 1
2	1	14.960 1	84.162 1
2	1	14.799 1	84.555 1
2	1	14.453 1	84.324 1
2	1	14.175 1	84.434 1
2	1	14.515 1	84.743 1
2	1	14.984 1	84.575 1
2	1	14.352 1	84.395 1
2	1	14.116 1	84.371 1
2	1	14.1027 1	84.173 1
2	1	14.816 1	84.30 1
2	1	14.966 1	84.104 1
2	1	14.583 1	84.51 1
2	1	14.805 1	84.186 1
2	1	14.838 1	84.136 1
2	1	14.623 1	84.573 1
2	1	14.2 1	84.141 1
2	1	14.331 1	84.799 1
2	1	14.779 1	84.145 1
2	1	14.1183 1	84.229 1
2	1	14.168 1	84.443 1
2	1	14.631 1	84.636 1
2	1	14.446 1	84.336 1
2	1	14.507 1	84.747 1
2	1	14.234 1	84.410 1
2	1	14.233 1	84.411 1
2	1	14.339 1	84.795 1
2	1	14.1164 1	84.217 1
2	1	14.652 1	84.667 1
2	1	14.1280 1	84.251 1
2	1	14.1125 1	84.653 1
2	1	14.573 1	84.2 1
2	1	14.1126 1	84.654 1
2	1	14.361 1	84.370 1
2	1	14.559 1	84.664 1
2	1	14.1128 1	84.588 1
2	1	14.243 1	84.401 1
2	1	14.786 1	84.11 1
2	1	14.828 1	84.43 1
2	1	14.1133 1	84.592 1
2	1	14.1155 1	84.608 1
2	1	14.104 1	84.331 1
2	1	14.126 1	84.377 1
2	1	14.121 1	84.372 1
2	1	14.758 1	84.32 1
2	1	14.929 1	84.63 1
2	1	14.1205 1	84.241 1
2	1	14.628 1	84.633 1
2	1	14.527 1	84.737 1
2	1	14.863 1	84.501 1
2	1	14.880 1	84.494 1
2	1	14.245 1	84.399 1
2	1	14.408 1	84.345 1
2	1	14.1171 1	84.220 1
2	1	14.78 1	84.294 1
2	1	14.124 1	84.375 1
2	1	14.39 1	84.267 1
2	1	14.739 1	84.648 1
2	1	14.705 1	84.199 1
2	1	14.1011 1	84.563 1
2	1	14.182 1	84.430 1
2	1	14.1192 1	84.230 1
2	1	14.1211 1	84.244 1
2	1	14.870 1	84.505 1
2	1	14.1132 1	84.591 1
2	1	14.492 1	84.758 1
2	1	14.1208 1	84.243 1
2	1	14.979 1	84.73 1
2	1	14.924 1	84.65 1
8	12	14.1048 0.695 14.1092 0.150 14.1236 1 14.1304 0.695 14.20 0.695 14.294 0.695	84.732 0.550 84.771 1
2	1	14.248 1	84.394 1
2	1	14.650 1	84.669 1
5	4	14.1045 1 14.1307 1 14.17 1 14.297 1	84.734 1
2	1	14.931 1	84.61 1
2	1	14.745 1	84.19 1
2	1	14.230 1	84.415 1
2	1	14.723 1	84.622 1
2	1	14.148 1	84.391 1
2	1	14.1312 1	84.258 1
2	1	14.412 1	84.342 1
2	1	14.465 1	84.777 1
2	1	14.534 1	84.696 1
2	1	14.1124 1	84.208 1
2	1	14.185 1	84.428 1
2	1	14.973 1	84.95 1
2	1	14.184 1	84.429 1
2	1	14.936 1	84.21 1
2	1	14.166 1	84.445 1
2	1	14.1313 1	84.259 1
2	1	14.654 1	84.665 1
2	1	14.242 1	84.402 1
2	1	14.502 1	84.752 1
2	1	14.403 1	84.350 1
2	1	14.993 1	84.568 1
2	1	14.406 1	84.347 1
2	1	14.1010 1	84.562 1
2	1	14.3 1	84.143 1
2	1	14.332 1	84.798 1
3	2	14.440 1	84.337 1 84.338 0.579
2	1	14.540 1	84.704 1
2	1	14.683 1	84.510 1
2	1	14.342 1	84.792 1
2	1	14.720 1	84.625 1
2	1	14.721 1	84.624 1
2	1	14.756 1	84.34 1
2	1	14.103 1	84.332 1
2	1	14.685 1	84.508 1
2	1	14.684 1	84.509 1
2	1	14.1073 1	84.543 1
2	1	14.644 1	84.672 1
2	1	14.225 1	84.421 1
2	1	14.258 1	84.453 1
2	1	14.266 1	84.456 1
3	2	14.1008 1	84.119 1 84.469 0.641
2	1	14.503 1	84.751 1
2	1	14.1176 1	84.803 1
2	1	14.521 1	84.738 1
2	1	14.105 1	84.330 1
2	1	14.703 1	84.200 1
2	1	14.235 1	84.409 1
2	1	14.617 1	84.579 1
2	1	14.743 1	84.647 1
2	1	14.932 1	84.60 1
2	1	14.227 1	84.419 1
2	1	14.399 1	84.354 1
2	1	14.1146 1	84.601 1
2	1	14.145 1	84.388 1
2	1	14.237 1	84.407 1
2	1	14.548 1	84.708 1
2	1	14.1315 1	84.261 1
2	1	14.1117 1	84.486 1
2	1	14.343 1	84.791 1
2	1	14.41 1	84.269 1
2	1	14.630 1	84.635 1
2	1	14.38 1	84.266 1
2	1	14.188 1	84.426 1
2	1	14.1077 1	84.644 1
2	1	14.460 1	84.782 1
2	1	14.94 1	84.310 1
3	2	14.191 1 14.850 0.703	84.529 1
2	1	14.788 1	84.9 1
2	1	14.955 1	84.490 1
2	1	14.722 1	84.623 1
2	1	14.693 1	84.760 1
2	1	14.784 1	84.16 1
3	2	14.246 1 14.983 0.841	84.576 1
2	1	14.1193 1	84.231 1
2	1	14.404 1	84.349 1
2	1	14.616 1	84.580 1
2	1	14.1102 1	84.83 1
2	1	14.51 1	84.281 1
2	1	14.52 1	84.282 1
2	1	14.5 1	84.263 1
2	1	14.1143 1	84.599 1
2	1	14.593 1	84.135 1
2	1	14.461 1	84.781 1
2	1	14.549 1	84.709 1
2	1	14.37 1	84.265 1
2	1	14.707 1	84.197 1
2	1	14.147 1	84.390 1
2	1	14.916 1	84.483 1
3	2	14.57 1 14.69 0.411	84.98 1
2	1	14.481 1	84.761 1
2	1	14.1142 1	84.598 1
2	1	14.1012 1	84.564 1
2	1	14.860 1	84.500 1
2	1	14.653 1	84.666 1
2	1	14.665 1	84.526 1
3	2	14.409 1 14.797 1	84.344 1
2	1	14.753 1	84.147 1
2	1	14.969 1	84.101 1
2	1	14.859 1	84.499 1
2	1	14.459 1	84.783 1
2	1	14.517 1	84.742 1
2	1	14.382 1	84.367 1
2	1	14.190 1	84.530 1
3	2	14.1004 1	84.128 1 84.458 0.313
2	1	14.615 1	84.581 1
2	1	14.568 1	84.46 1
2	1	14.804 1	84.187 1
2	1	14.858 1	84.498 1
2	1	14.344 1	84.790 1
2	1	14.1160 1	84.212 1
2	1	14.449 1	84.177 1
2	1	14.1207 1	84.242 1
2	1	14.40 1	84.268 1
2	1	14.76 1	84.292 1
2	1	14.506 1	84.748 1
2	1	14.71 1	84.287 1
2	1	14.125 1	84.376 1
2	1	14.350 1	84.23 1
2	1	14.550 1	84.710 1
2	1	14.224 1	84.422 1
7	10	14.1052 1 14.1232 0.788 14.1300 1 14.24 1 14.290 1	84.727 1 84.775 0.859
2	1	14.50 1	84.280 1
2	1	14.353 1	84.398 1
2	1	14.698 1	84.205 1
2	1	14.580 1	84.50 1
2	1	14.519 1	84.740 1
2	1	14.383 1	84.366 1
2	1	14.953 1	84.492 1
2	1	14.512 1	84.412 1
3	2	14.701 1	84.202 1 84.545 0.799
2	1	14.968 1	84.102 1
2	1	14.255 1	84.451 1
2	1	14.732 1	84.615 1
2	1	14.496 1	84.547 1
2	1	14.795 1	84.556 1
2	1	14.711 1	84.86 1
2	1	14.6 1	84.264 1
2	1	14.1284 1	84.254 1
2	1	14.526 1	84.736 1
2	1	14.1002 1	84.559 1
2	1	14.504 1	84.750 1
2	1	14.130 1	84.381 1
2	1	14.702 1	84.201 1
2	1	14.1170 1	84.219 1
2	1	14.1021 1	84.39 1
2	1	14.808 1	84.535 1
3	2	14.868 1	84.503 1 84.248 0.698
2	1	14.520 1	84.739 1
2	1	14.738 1	84.546 1
2	1	14.1206 1	84.238 1
2	1	14.706 1	84.198 1
2	1	14.627 1	84.632 1
2	1	14.757 1	84.33 1
2	1	14.273 1	84.810 1
2	1	14.646 1	84.671 1
2	1	14.935 1	84.148 1
2	1	14.879 1	84.495 1
2	1	14.937 1	84.22 1
2	1	14.97 1	84.313 1
7	10	14.1049 1 14.1235 0.821 14.1303 1 14.21 1 14.293 1	84.731 1 84.772 0.833
2	1	14.680 1	84.513 1
2	1	14.664 1	84.528 1
2	1	14.1153 1	84.606 1
2	1	14.1158 1	84.210 1
2	1	14.1177 1	84.227 1
2	1	14.980 1	84.74 1
2	1	14.1213 1	84.246 1
2	1	14.926 1	84.70 1
2	1	14.355 1	84.396 1
2	1	14.469 1	84.768 1
2	1	14.91 1	84.307 1
2	1	14.851 1	84.413 1
2	1	14.925 1	84.69 1
2	1	14.875 1	84.25 1
2	1	14.659 1	84.78 1
2	1	14.588 1	84.52 1
2	1	14.505 1	84.749 1
2	1	14.688 1	84.506 1
2	1	14.405 1	84.348 1
2	1	14.563 1	84.659 1
2	1	14.730 1	84.617 1
2	1	14.943 1	84.36 1
2	1	14.189 1	84.425 1
2	1	14.132 1	84.383 1
2	1	14.13 1	84.213 1
2	1	14.462 1	84.780 1
2	1	14.666 1	84.525 1
2	1	14.1154 1	84.607 1
2	1	14.381 1	84.368 1
2	1	14.259 1	84.454 1
2	1	14.254 1	84.450 1
2	1	14.134 1	84.544 1
2	1	14.1075 1	84.549 1
2	1	14.253 1	84.449 1
2	1	14.1069 1	84.539 1
6	5	14.1053 1 14.1231 0.871 14.1299 1 14.25 1 14.289 1	84.726 1
2	1	14.578 1	84.48 1
2	1	14.923 1	84.64 1
2	1	14.514 1	84.744 1
2	1	14.594 1	84.134 1
2	1	14.1314 1	84.260 1
2	1	14.146 1	84.389 1
2	1	14.1151 1	84.605 1
2	1	14.231 1	84.414 1
2	1	14.85 1	84.301 1
2	1	14.172 1	84.435 1
2	1	14.798 1	84.554 1
2	1	14.574 1	84.3 1
2	1	14.673 1	84.522 1
2	1	14.1033 1	84.537 1
2	1	14.1122 1	84.765 1
2	1	14.994 1	84.569 1
2	1	14.82 1	84.298 1
2	1	14.241 1	84.403 1
2	1	14.647 1	84.670 1
2	1	14.1071 1	84.541 1
2	1	14.143 1	84.386 1
2	1	14.1136 1	84.596 1
2	1	14.90 1	84.306 1
2	1	14.699 1	84.204 1
2	1	14.96 1	84.312 1
2	1	14.1150 1	84.604 1
2	1	14.334 1	84.797 1
2	1	14.239 1	84.405 1
2	1	14.603 1	84.194 1
2	1	14.981 1	84.75 1
2	1	14.1097 1	84.735 1
2	1	14.474 1	84.763 1
2	1	14.576 1	84.5 1
2	1	14.755 1	84.35 1
2	1	14.271 1	84.478 1
2	1	14.77 1	84.293 1
2	1	14.1070 1	84.540 1
2	1	14.330 1	84.800 1
2	1	14.1020 1	84.328 1
2	1	14.1194 1	84.232 1
2	1	14.948 1	84.183 1
2	1	14.187 1	84.427 1
2	1	14.575 1	84.4 1
2	1	14.972 1	84.96 1
2	1	14.978 1	84.72 1
2	1	14.803 1	84.189 1
2	1	14.326 1	84.784 1
2	1	14.812 1	84.28 1
3	2	14.1179 1 14.456 0.651	84.329 1
2	1	14.244 1	84.400 1
2	1	14.709 1	84.88 1
2	1	14.752 1	84.146 1
2	1	14.975 1	84.81 1
2	1	14.667 1	84.524 1
2	1	14.686 1	84.507 1
2	1	14.72 1	84.288 1
2	1	14.1003 1	84.561 1
2	1	14.602 1	84.195 1
3	2	14.1137 1	84.597 1 84.144 0.868
2	1	14.1279 1	84.250 1
11	18	14.1051 0.375 14.1233 1 14.1301 0.375 14.207 0.064 14.23 0.375 14.291 0.375 14.423 0.064 14.884 0.064 14.898 0.064	84.728 1 84.774 0.796
2	1	14.10 1	84.700 1
2	1	14.1036 1	84.538 1
2	1	14.493 1	84.756 1
2	1	14.733 1	84.609 1
2	1	14.746 1	84.18 1
2	1	14.223 1	84.423 1
2	1	14.1212 1	84.245 1
2	1	14.817 1	84.31 1
2	1	14.842 1	84.207 1
2	1	14.87 1	84.303 1
2	1	14.1116 1	84.487 1
2	1	14.337 1	84.796 1
2	1	14.272 1	84.811 1
2	1	14.80 1	84.296 1
2	1	14.877 1	84.496 1
2	1	14.329 1	84.801 1
2	1	14.987 1	84.45 1
2	1	14.1169 1	84.218 1
2	1	14.83 1	84.299 1
2	1	14.1172 1	84.221 1
2	1	14.1195 1	84.233 1
2	1	14.411 1	84.343 1
2	1	14.4 1	84.262 1
2	1	14.651 1	84.668 1
2	1	14.579 1	84.49 1
2	1	14.606 1	84.191 1
2	1	14.725 1	84.621 1
2	1	14.952 1	84.652 1
2	1	14.236 1	84.408 1
2	1	14.1022 1	84.40 1
2	1	14.79 1	84.295 1
2	1	14.351 1	84.247 1
2	1	14.827 1	84.42 1
2	1	14.127 1	84.378 1
2	1	14.226 1	84.420 1
2	1	14.1149 1	84.603 1
2	1	14.1198 1	84.235 1
2	1	14.1200 1	84.237 1
3	2	14.636 1	84.54 1 84.552 0.120
2	1	14.794 1	84.557 1
2	1	14.1023 1	84.41 1
2	1	14.604 1	84.193 1
2	1	14.614 1	84.582 1
2	1	14.954 1	84.491 1
2	1	14.962 1	84.164 1
2	1	14.138 1	84.384 1
2	1	14.1121 1	84.583 1
2	1	14.475 1	84.762 1
2	1	14.809 1	84.536 1
2	1	14.679 1	84.514 1
2	1	14.1285 1	84.255 1
2	1	14.1196 1	84.234 1
2	1	14.700 1	84.203 1
2	1	14.1187 1	84.789 1
2	1	14.73 1	84.289 1
2	1	14.546 1	84.706 1
2	1	14.658 1	84.551 1
2	1	14.729 1	84.618 1
2	1	14.70 1	84.286 1
2	1	14.42 1	84.270 1
2	1	14.354 1	84.397 1
2	1	14.93 1	84.309 1
2	1	14.438 1	84.590 1
2	1	14.448 1	84.335 1
2	1	14.81 1	84.297 1
2	1	14.95 1	84.311 1
2	1	14.1013 1	84.565 1
2	1	14.639 1	84.675 1
2	1	14.1277 1	84.249 1
2	1	14.92 1	84.308 1
2	1	14.1178 1	84.228 1
2	1	14.589 1	84.53 1
2	1	14.252 1	84.447 1
2	1	14.1032 1	84.171 1
2	1	14.128 1	84.379 1
2	1	14.641 1	84.673 1
2	1	14.967 1	84.103 1
2	1	14.98 1	84.314 1
2	1	14.869 1	84.504 1
2	1	14.970 1	84.97 1
2	1	14.251 1	84.446 1
2	1	14.678 1	84.515 1
2	1	14.1135 1	84.595 1
2	1	14.240 1	84.404 1
3	2	14.1006 1	84.110 0.414 84.472 1
5	6	14.202 1 14.428 1 14.903 1	84.178 1 84.600 0.094
2	1	14.270 1	84.477 1
2	1	14.1186 1	84.787 1
4	3	14.1359 0.116 14.1402 0.174 14.170 1	84.438 1
2	1	14.547 1	84.707 1
2	1	14.634 1	84.694 1
2	1	14.167 1	84.444 1
2	1	14.1114 1	84.488 1
2	1	14.501 1	84.753 1
6	5	14.1324 0.374 14.1410 1 14.1455 0.374 14.1506 0.380 14.393 0.263	84.284 1
2	1	14.569 1	84.150 1
2	1	14.1162 1	84.687 1
2	1	14.256 1	84.452 1
2	1	14.995 1	84.572 1
2	1	14.86 1	84.302 1
2	1	14.171 1	84.437 1
2	1	14.629 1	84.634 1
2	1	14.228 1	84.418 1
2	1	14.400 1	84.353 1
2	1	14.88 1	84.304 1
2	1	14.823 1	84.285 1
2	1	14.149 1	84.392 1
2	1	14.551 1	84.711 1
2	1	14.1134 1	84.593 1
2	1	14.1281 1	84.253 1
2	1	14.402 1	84.351 1
2	1	14.560 1	84.663 1
2	1	14.727 1	84.620 1
2	1	14.731 1	84.616 1
2	1	14.999 1	84.176 1
2	1	14.89 1	84.305 1
2	1	14.407 1	84.346 1
2	1	14.129 1	84.380 1
2	1	14.787 1	84.10 1
2	1	14.1173 1	84.222 1
2	1	14.401 1	84.352 1
2	1	14.662 1	84.532 1
2	1	14.336 1	84.77 1
7	6	14.1061 1 14.1222 0.831 14.1291 1 14.281 1 14.33 1 14.60 0.807	84.723 1
2	1	14.1110 1	84.489 1
2	1	14.1147 1	84.602 1
2	1	14.123 1	84.374 1
2	1	14.264 1	84.455 1
2	1	14.552 1	84.712 1
2	1	14.564 1	84.658 1
2	1	14.668 1	84.523 1
2	1	14.586 1	84.577 1
2	1	14.122 1	84.373 1
2	1	14.1014 1	84.566 1
2	1	14.1074 1	84.550 1
2	1	14.141 1	84.385 1
2	1	14.169 1	84.439 1
2	1	14.463 1	84.779 1
2	1	14.1199 1	84.236 1
2	1	14.562 1	84.587 1
2	1	14.84 1	84.300 1
2	1	14.843 1	84.206 1
2	1	14.640 1	84.674 1
2	1	14.785 1	84.12 1
2	1	14.541 1	84.705 1
2	1	14.961 1	84.163 1
4	3	14.161 1	84.360 1 84.166 0.932 84.365 0.918
2	1	14.976 1	84.80 1
2	1	14.565 1	84.657 1
2	1	14.131 1	84.382 1
2	1	14.1311 1	84.257 1
2	1	14.661 1	84.531 1
2	1	14.537 1	84.697 1
2	1	14.1028 1	84.172 1
2	1	14.874 1	84.24 1
2	1	14.1174 1	84.226 1
2	1	14.618 1	84.578 1
2	1	14.713 1	84.87 1
2	1	14.917 1	84.482 1
2	1	14.930 1	84.62 1
2	1	14.793 1	84.558 1
2	1	14.518 1	84.741 1
2	1	14.977 1	84.79 1
2	1	14.269 1	84.476 1
2	1	14.1159 1	84.211 1
2	1	14.1118 1	84.485 1
2	1	14.75 1	84.291 1
2	1	14.9 1	84.702 1
3	2	14.1093 1	84.733 1 84.770 0.108
2	1	14.1182 1	84.788 1
2	1	14.488 1	84.759 1
2	1	14.645 1	84.686 1
2	1	14.1030 1	84.355 1
2	1	14.229 1	84.417 1
2	1	14.274 1	84.805 1
2	1	14.327 1	84.804 1
2	1	14.74 1	84.290 1
2	1	14.1072 1	84.542 1
7	6	14.1060 0.936 14.1223 1 14.1292 0.936 14.282 0.936 14.32 0.936 14.61 0.914	84.724 1
2	1	14.447 1	84.125 1
2	1	14.101 1	84.89 1
2	1	14.1016 1	84.567 1
2	1	14.660 1	84.813 1
2	1	14.985 1	84.574 1
2	1	14.728 1	84.619 1
6	9	14.1482 1 14.1418 1 14.1412 0.101	84.127 1 84.130 1 84.126 0.255
2	1	14.238 1	84.406 1
2	1	14.718 1	84.216 1
2	1	14.1286 1	84.256 1
2	1	14.759 1	84.132 1
2	1	14.110 1	84.357 1
2	1	14.1108 1	84.533 1
6	5	14.1054 0.746 14.1230 1 14.1298 0.746 14.26 0.746 14.288 0.746	84.725 1
2	1	14.464 1	84.778 1
2	1	14.1090 1	84.812 1
2	1	14.333 0.719	84.37 0.719
