Size	Relations	OrthoA	OrthoB
2	1	27.368 1	70.44 1
2	1	27.367 1	70.43 1
2	1	27.799 1	70.566 1
2	1	27.540 1	70.61 1
2	1	27.966 1	70.467 1
2	1	27.371 1	70.783 1
2	1	27.170 1	70.132 1
2	1	27.850 1	70.309 1
2	1	27.509 1	70.766 1
2	1	27.824 1	70.459 1
2	1	27.18 1	70.594 1
2	1	27.38 1	70.163 1
2	1	27.550 1	70.59 1
2	1	27.195 1	70.288 1
2	1	27.974 1	70.379 1
2	1	27.972 1	70.381 1
2	1	27.758 1	70.677 1
2	1	27.555 1	70.60 1
2	1	27.722 1	70.656 1
2	1	27.325 1	70.4 1
2	1	27.324 1	70.3 1
3	2	27.192 1	70.291 1 70.509 0.782
3	2	27.218 1 27.220 0.162	70.131 1
2	1	27.615 1	70.815 1
2	1	27.982 1	70.411 1
2	1	27.254 1	70.104 1
2	1	27.935 1	70.351 1
2	1	27.146 1	70.327 1
2	1	27.590 1	70.52 1
2	1	27.266 1	70.630 1
2	1	27.305 1	70.689 1
2	1	27.588 1	70.54 1
2	1	27.250 1	70.111 1
2	1	27.507 1	70.360 1
2	1	27.334 1	70.13 1
2	1	27.653 1	70.203 1
2	1	27.117 1	70.690 1
3	2	27.4 1	70.178 0.059 70.179 1
2	1	27.754 1	70.151 1
2	1	27.633 1	70.803 1
2	1	27.138 1	70.158 1
2	1	27.338 1	70.18 1
2	1	27.517 1	70.268 1
2	1	27.802 1	70.553 1
2	1	27.544 1	70.822 1
2	1	27.372 1	70.782 1
2	1	27.242 1	70.160 1
2	1	27.275 1	70.136 1
2	1	27.321 1	70.768 1
2	1	27.685 1	70.742 1
2	1	27.719 1	70.769 1
2	1	27.731 1	70.146 1
2	1	27.421 1	70.366 1
3	2	27.312 1 27.310 0.736	70.832 1
2	1	27.652 1	70.202 1
2	1	27.703 1	70.89 1
2	1	27.763 1	70.829 1
2	1	27.144 1	70.364 1
2	1	27.3 1	70.180 1
2	1	27.804 1	70.551 1
2	1	27.216 1	70.776 1
2	1	27.362 1	70.82 1
2	1	27.750 1	70.239 1
2	1	27.826 1	70.621 1
2	1	27.78 1	70.145 1
2	1	27.630 1	70.806 1
2	1	27.650 1	70.625 1
2	1	27.313 1	70.833 1
2	1	27.126 1	70.662 1
2	1	27.247 1	70.114 1
2	1	27.278 1	70.133 1
2	1	27.551 1	70.683 1
2	1	27.922 1	70.604 1
2	1	27.697 1	70.93 1
2	1	27.724 1	70.654 1
2	1	27.736 1	70.770 1
2	1	27.448 1	70.204 1
2	1	27.614 1	70.816 1
2	1	27.635 1	70.818 1
2	1	27.940 1	70.222 1
2	1	27.91 1	70.118 1
2	1	27.721 1	70.120 1
2	1	27.455 1	70.262 1
2	1	27.825 1	70.269 1
2	1	27.574 1	70.643 1
2	1	27.728 1	70.257 1
2	1	27.484 1	70.280 1
2	1	27.582 1	70.74 1
2	1	27.79 1	70.144 1
2	1	27.876 1	70.376 1
2	1	27.923 1	70.603 1
2	1	27.467 1	70.139 1
2	1	27.895 1	70.294 1
2	1	27.734 1	70.772 1
4	4	27.309 1 27.862 0.832	70.827 1 70.235 0.783
2	1	27.733 1	70.773 1
2	1	27.571 1	70.126 1
2	1	27.22 1	70.610 1
2	1	27.634 1	70.819 1
2	1	27.137 1	70.671 1
2	1	27.354 1	70.794 1
2	1	27.863 1	70.311 1
2	1	27.617 1	70.641 1
2	1	27.669 1	70.758 1
2	1	27.228 1	70.702 1
2	1	27.628 1	70.808 1
2	1	27.744 1	70.345 1
2	1	27.534 1	70.685 1
2	1	27.217 1	70.777 1
2	1	27.29 1	70.617 1
2	1	27.336 1	70.15 1
2	1	27.245 1	70.116 1
2	1	27.839 1	70.579 1
2	1	27.769 1	70.212 1
2	1	27.811 1	70.344 1
2	1	27.569 1	70.128 1
2	1	27.248 1	70.113 1
2	1	27.303 1	70.802 1
2	1	27.326 1	70.5 1
2	1	27.422 1	70.365 1
2	1	27.836 1	70.582 1
2	1	27.397 1	70.698 1
2	1	27.337 1	70.17 1
2	1	27.920 1	70.606 1
2	1	27.5 1	70.177 1
2	1	27.346 1	70.259 1
2	1	27.690 1	70.735 1
2	1	27.661 1	70.25 1
2	1	27.849 1	70.308 1
2	1	27.30 1	70.618 1
2	1	27.62 1	70.724 1
2	1	27.114 1	70.719 1
2	1	27.654 1	70.732 1
2	1	27.896 1	70.383 1
2	1	27.907 1	70.727 1
2	1	27.392 1	70.191 1
2	1	27.124 1	70.385 1
2	1	27.559 1	70.821 1
2	1	27.616 1	70.30 1
2	1	27.119 1	70.693 1
2	1	27.315 1	70.837 1
2	1	27.328 1	70.7 1
2	1	27.196 1	70.775 1
2	1	27.803 1	70.552 1
2	1	27.497 1	70.525 1
2	1	27.768 1	70.285 1
3	2	27.899 1 27.702 0.733	70.85 1
2	1	27.725 1	70.653 1
2	1	27.149 1	70.324 1
2	1	27.347 1	70.258 1
2	1	27.735 1	70.771 1
2	1	27.63 1	70.498 1
2	1	27.655 1	70.731 1
2	1	27.699 1	70.86 1
2	1	27.179 1	70.799 1
2	1	27.800 1	70.555 1
2	1	27.578 1	70.648 1
2	1	27.762 1	70.673 1
2	1	27.9 1	70.213 1
2	1	27.531 1	70.571 1
2	1	27.259 1	70.37 1
2	1	27.751 1	70.240 1
2	1	27.194 1	70.289 1
2	1	27.188 1	70.658 1
2	1	27.233 1	70.707 1
2	1	27.472 1	70.334 1
2	1	27.631 1	70.805 1
2	1	27.921 1	70.605 1
2	1	27.938 1	70.423 1
2	1	27.49 1	70.109 1
2	1	27.322 1	70.1 1
2	1	27.576 1	70.646 1
2	1	27.642 1	70.182 1
2	1	27.268 1	70.632 1
2	1	27.672 1	70.755 1
2	1	27.270 1	70.634 1
2	1	27.745 1	70.346 1
2	1	27.797 1	70.568 1
2	1	27.979 1	70.535 1
2	1	27.554 1	70.64 1
2	1	27.539 1	70.62 1
2	1	27.530 1	70.435 1
2	1	27.626 1	70.811 1
2	1	27.90 1	70.723 1
2	1	27.121 1	70.695 1
2	1	27.656 1	70.730 1
2	1	27.666 1	70.761 1
2	1	27.552 1	70.66 1
2	1	27.924 1	70.602 1
2	1	27.527 1	70.430 1
2	1	27.191 1	70.292 1
2	1	27.380 1	70.377 1
2	1	27.798 1	70.567 1
2	1	27.808 1	70.547 1
3	2	27.123 1	70.148 1 70.432 0.879
2	1	27.24 1	70.612 1
2	1	27.286 1	70.77 1
2	1	27.546 1	70.149 1
2	1	27.304 1	70.688 1
2	1	27.410 1	70.438 1
2	1	27.732 1	70.774 1
2	1	27.595 1	70.46 1
2	1	27.667 1	70.760 1
2	1	27.318 1	70.839 1
2	1	27.485 1	70.281 1
2	1	27.831 1	70.696 1
2	1	27.115 1	70.720 1
2	1	27.8 1	70.214 1
2	1	27.16 1	70.592 1
2	1	27.470 1	70.392 1
2	1	27.711 1	70.276 1
2	1	27.370 1	70.784 1
2	1	27.483 1	70.338 1
2	1	27.134 1	70.668 1
2	1	27.466 1	70.138 1
2	1	27.41 1	70.297 1
2	1	27.202 1	70.230 1
2	1	27.844 1	70.232 1
2	1	27.928 1	70.678 1
2	1	27.323 1	70.2 1
2	1	27.589 1	70.53 1
3	2	27.793 1 27.643 0.784	70.217 1
2	1	27.282 1	70.29 1
2	1	27.364 1	70.84 1
2	1	27.44 1	70.228 1
2	1	27.503 1	70.396 1
2	1	27.678 1	70.749 1
2	1	27.683 1	70.744 1
2	1	27.549 1	70.68 1
2	1	27.926 1	70.300 1
2	1	27.330 1	70.9 1
2	1	27.387 1	70.437 1
2	1	27.42 1	70.296 1
3	2	27.548 1	70.813 1 70.814 0.235
2	1	27.692 1	70.740 1
2	1	27.398 1	70.699 1
2	1	27.627 1	70.810 1
2	1	27.369 1	70.785 1
2	1	27.673 1	70.754 1
2	1	27.681 1	70.746 1
2	1	27.730 1	70.638 1
2	1	27.929 1	70.378 1
2	1	27.136 1	70.670 1
2	1	27.842 1	70.226 1
2	1	27.135 1	70.669 1
2	1	27.608 1	70.162 1
2	1	27.778 1	70.469 1
2	1	27.100 1	70.388 1
2	1	27.335 1	70.14 1
2	1	27.570 1	70.127 1
2	1	27.314 1	70.836 1
3	2	27.900 1 27.843 0.790	70.227 1
2	1	27.775 1	70.485 1
4	3	27.236 1	70.709 1 70.710 0.669 70.711 0.313
3	2	27.961 1	70.530 1 70.524 0.774
2	1	27.339 1	70.19 1
2	1	27.50 1	70.108 1
2	1	27.332 1	70.11 1
2	1	27.432 1	70.348 1
2	1	27.110 1	70.176 1
3	2	27.133 1 27.416 0.813	70.667 1
2	1	27.352 1	70.795 1
2	1	27.401 1	70.246 1
2	1	27.838 1	70.580 1
2	1	27.881 1	70.343 1
2	1	27.257 1	70.484 1
3	2	27.143 1	70.363 1 70.474 0.714
2	1	27.553 1	70.67 1
2	1	27.759 1	70.676 1
2	1	27.252 1	70.106 1
2	1	27.279 1	70.725 1
2	1	27.468 1	70.332 1
2	1	27.274 1	70.137 1
2	1	27.429 1	70.403 1
2	1	27.676 1	70.751 1
2	1	27.445 1	70.194 1
2	1	27.689 1	70.736 1
2	1	27.714 1	70.255 1
2	1	27.260 1	70.36 1
2	1	27.686 1	70.741 1
2	1	27.761 1	70.674 1
2	1	27.936 1	70.353 1
2	1	27.975 1	70.414 1
2	1	27.795 1	70.570 1
2	1	27.840 1	70.224 1
2	1	27.351 1	70.796 1
2	1	27.621 1	70.34 1
2	1	27.458 1	70.564 1
2	1	27.805 1	70.550 1
2	1	27.105 1	70.330 1
2	1	27.283 1	70.28 1
2	1	27.428 1	70.404 1
4	3	27.598 1	70.185 1 70.407 0.767 70.528 0.812
2	1	27.246 1	70.115 1
2	1	27.363 1	70.83 1
2	1	27.423 1	70.361 1
2	1	27.14 1	70.590 1
2	1	27.767 1	70.284 1
2	1	27.794 1	70.218 1
2	1	27.307 1	70.825 1
2	1	27.684 1	70.743 1
2	1	27.691 1	70.734 1
2	1	27.187 1	70.657 1
2	1	27.930 1	70.205 1
2	1	27.760 1	70.675 1
2	1	27.120 1	70.694 1
2	1	27.562 1	70.45 1
2	1	27.841 1	70.225 1
2	1	27.34 1	70.167 1
2	1	27.506 1	70.356 1
2	1	27.237 1	70.712 1
2	1	27.680 1	70.747 1
2	1	27.749 1	70.238 1
2	1	27.251 1	70.110 1
2	1	27.594 1	70.48 1
2	1	27.285 1	70.79 1
2	1	27.48 1	70.153 1
2	1	27.688 1	70.737 1
2	1	27.101 1	70.387 1
2	1	27.573 1	70.124 1
2	1	27.657 1	70.729 1
2	1	27.715 1	70.256 1
2	1	27.12 1	70.589 1
2	1	27.280 1	70.726 1
2	1	27.333 1	70.12 1
2	1	27.636 1	70.820 1
2	1	27.167 1	70.199 1
2	1	27.431 1	70.349 1
2	1	27.566 1	70.452 1
2	1	27.939 1	70.496 1
2	1	27.977 1	70.479 1
2	1	27.269 1	70.633 1
4	3	27.344 0.098 27.345 1 27.557 0.085	70.247 1
2	1	27.581 1	70.75 1
3	2	27.600 1	70.468 1 70.471 0.366
2	1	27.23 1	70.611 1
2	1	27.492 1	70.320 1
2	1	27.625 1	70.812 1
2	1	27.671 1	70.756 1
2	1	27.796 1	70.569 1
2	1	27.567 1	70.454 1
2	1	27.273 1	70.637 1
2	1	27.637 1	70.206 1
2	1	27.329 1	70.8 1
4	3	27.361 1 27.765 0.402 27.942 0.528	70.81 1
2	1	27.618 1	70.31 1
2	1	27.670 1	70.757 1
2	1	27.773 1	70.623 1
2	1	27.350 1	70.797 1
2	1	27.914 1	70.542 1
2	1	27.99 1	70.221 1
2	1	27.596 1	70.189 1
2	1	27.820 1	70.210 1
2	1	27.145 1	70.362 1
2	1	27.665 1	70.762 1
2	1	27.712 1	70.277 1
2	1	27.296 1	70.40 1
4	3	27.13 0.151 27.66 1 27.707 0.120	70.718 1
2	1	27.461 1	70.561 1
2	1	27.682 1	70.745 1
2	1	27.175 1	70.122 1
2	1	27.355 1	70.793 1
2	1	27.447 1	70.196 1
2	1	27.774 1	70.622 1
2	1	27.818 1	70.208 1
2	1	27.708 1	70.273 1
2	1	27.536 1	70.686 1
2	1	27.624 1	70.286 1
2	1	27.726 1	70.652 1
2	1	27.295 1	70.41 1
2	1	27.243 1	70.159 1
2	1	27.276 1	70.135 1
4	4	27.292 1 27.86 0.100	70.316 0.249 70.763 1
2	1	27.700 1	70.87 1
2	1	27.229 1	70.703 1
2	1	27.462 1	70.560 1
2	1	27.695 1	70.90 1
2	1	27.602 1	70.187 1
2	1	27.837 1	70.581 1
2	1	27.46 1	70.155 1
3	2	27.140 0.058 27.156 1	70.597 1
2	1	27.267 1	70.631 1
2	1	27.675 1	70.752 1
2	1	27.880 1	70.342 1
2	1	27.660 1	70.24 1
3	2	27.201 1	70.504 1 70.39 0.784
2	1	27.230 1	70.704 1
2	1	27.271 1	70.635 1
2	1	27.308 1	70.826 1
2	1	27.341 1	70.21 1
2	1	27.43 1	70.295 1
2	1	27.629 1	70.807 1
2	1	27.651 1	70.721 1
2	1	27.125 1	70.147 1
2	1	27.591 1	70.51 1
2	1	27.349 1	70.798 1
2	1	27.116 1	70.642 1
2	1	27.342 1	70.22 1
2	1	27.373 1	70.71 1
2	1	27.677 1	70.750 1
2	1	27.430 1	70.350 1
2	1	27.193 1	70.290 1
2	1	27.404 1	70.373 1
2	1	27.746 1	70.624 1
2	1	27.510 1	70.175 1
2	1	27.427 1	70.536 1
2	1	27.632 1	70.804 1
3	2	27.753 1 27.586 0.922	70.150 1
2	1	27.460 1	70.562 1
2	1	27.978 1	70.534 1
2	1	27.284 1	70.57 1
2	1	27.331 1	70.10 1
2	1	27.505 1	70.355 1
2	1	27.668 1	70.759 1
2	1	27.801 1	70.554 1
2	1	27.32 1	70.660 1
2	1	27.471 1	70.722 1
2	1	27.526 1	70.181 1
2	1	27.538 1	70.63 1
2	1	27.238 1	70.713 1
2	1	27.848 1	70.278 1
2	1	27.17 1	70.593 1
2	1	27.474 1	70.336 1
2	1	27.679 1	70.748 1
2	1	27.77 1	70.97 1
2	1	27.174 1	70.123 1
2	1	27.879 1	70.341 1
2	1	27.47 1	70.154 1
2	1	27.755 1	70.107 1
2	1	27.343 1	70.23 1
2	1	27.132 1	70.666 1
2	1	27.687 1	70.739 1
2	1	27.94 1	70.243 1
2	1	27.565 1	70.451 1
2	1	27.15 1	70.591 1
2	1	27.418 1	70.412 1
2	1	27.583 1	70.73 1
2	1	27.698 1	70.94 1
2	1	27.716 1	70.261 1
2	1	27.148 1	70.325 1
2	1	27.319 1	70.840 1
2	1	27.357 1	70.697 1
2	1	27.26 1	70.615 1
2	1	27.340 1	70.20 1
2	1	27.465 1	70.328 1
3	2	27.649 1 27.957 0.513	70.626 1
2	1	27.663 1	70.254 1
2	1	27.106 1	70.444 1
2	1	27.723 1	70.655 1
2	1	27.537 1	70.687 1
3	2	27.561 1 27.764 0.087	70.220 1
2	1	27.25 1	70.613 1
2	1	27.473 1	70.335 1
2	1	27.919 1	70.607 1
2	1	27.564 1	70.453 1
2	1	27.96 1	70.241 1
2	1	27.399 1	70.245 1
2	1	27.547 1	70.70 1
2	1	27.452 1	70.574 1
2	1	27.592 1	70.50 1
2	1	27.597 1	70.184 1
2	1	27.575 1	70.644 1
2	1	27.272 1	70.636 1
2	1	27.481 1	70.337 1
2	1	27.95 1	70.242 1
2	1	27.491 1	70.319 1
2	1	27.560 1	70.627 1
2	1	27.27 1	70.616 1
3	2	27.463 1	70.601 1 70.88 0.063
2	1	27.603 1	70.188 1
2	1	27.882 1	70.260 1
2	1	27.131 1	70.664 1
2	1	27.150 1	70.565 1
2	1	27.239 1	70.714 1
2	1	27.306 1	70.824 1
2	1	27.327 1	70.6 1
2	1	27.563 1	70.447 1
2	1	27.747 1	70.236 1
2	1	27.68 1	70.413 1
2	1	27.249 1	70.112 1
2	1	27.446 1	70.195 1
3	2	27.963 1	70.510 0.163 70.511 1
2	1	27.11 1	70.587 1
2	1	27.190 1	70.201 1
2	1	27.674 1	70.753 1
2	1	27.694 1	70.834 1
2	1	27.93 1	70.244 1
2	1	27.969 1	70.572 1
2	1	27.234 1	70.708 1
2	1	27.577 1	70.647 1
2	1	27.696 1	70.91 1
2	1	27.913 1	70.543 1
2	1	27.92 1	70.234 1
2	1	27.320 1	70.841 1
2	1	27.819 1	70.209 1
2	1	27.593 1	70.49 1
2	1	27.128 1	70.663 1
2	1	27.147 1	70.326 1
2	1	27.877 1	70.680 1
3	2	27.171 0.229 27.348 1	70.483 1
2	1	27.748 1	70.237 1
2	1	27.356 1	70.792 1
2	1	27.516 1	70.428 1
2	1	27.587 1	70.55 1
2	1	27.875 1	70.393 1
2	1	27.277 1	70.134 1
2	1	27.21 1	70.609 1
2	1	27.504 1	70.354 1
2	1	27.620 1	70.33 1
2	1	27.163 1	70.450 1
3	2	27.264 1	70.598 0.073 70.599 1
3	2	27.815 1 27.884 0.091	70.271 1
2	1	27.502 1	70.395 1
3	2	27.451 1	70.339 0.132 70.473 1
2	1	27.878 1	70.340 1
2	1	27.402 1	70.521 1
2	1	27.155 1	70.477 1
2	1	27.19 1	70.596 1
2	1	27.366 1	70.823 1
2	1	27.806 1	70.549 1
2	1	27.710 1	70.275 1
