Size	Relations	OrthoA	OrthoB
2	1	27.368 1	69.40 1
2	1	27.367 1	69.39 1
2	1	27.799 1	69.422 1
2	1	27.540 1	69.632 1
2	1	27.371 1	69.638 1
2	1	27.77 1	69.282 1
2	1	27.497 1	69.185 1
2	1	27.170 1	69.130 1
2	1	27.550 1	69.634 1
2	1	27.38 1	69.164 1
2	1	27.18 1	69.436 1
2	1	27.850 1	69.321 1
2	1	27.824 1	69.375 1
2	1	27.509 1	69.626 1
2	1	27.974 1	69.339 1
2	1	27.195 1	69.307 1
2	1	27.972 1	69.340 1
2	1	27.722 1	69.227 1
3	2	27.218 1 27.220 0.160	69.391 1
2	1	27.555 1	69.633 1
2	1	27.325 1	69.4 1
2	1	27.324 1	69.3 1
2	1	27.615 1	69.673 1
2	1	27.192 1	69.310 1
2	1	27.966 1	69.377 1
2	1	27.758 1	69.203 1
2	1	27.146 1	69.397 1
2	1	27.254 1	69.95 1
2	1	27.334 1	69.13 1
2	1	27.305 1	69.541 1
2	1	27.588 1	69.54 1
2	1	27.754 1	69.139 1
2	1	27.590 1	69.52 1
2	1	27.338 1	69.18 1
2	1	27.372 1	69.637 1
2	1	27.4 1	69.510 1
2	1	27.138 1	69.565 1
2	1	27.653 1	69.487 1
2	1	27.362 1	69.667 1
2	1	27.250 1	69.583 1
2	1	27.633 1	69.145 1
2	1	27.421 1	69.384 1
2	1	27.982 1	69.148 1
2	1	27.144 1	69.387 1
2	1	27.544 1	69.680 1
2	1	27.802 1	69.409 1
2	1	27.731 1	69.106 1
2	1	27.763 1	69.322 1
2	1	27.517 1	69.144 1
2	1	27.242 1	69.161 1
5	6	27.312 1 27.862 0.152 27.310 0.791	69.687 0.711 69.689 1
2	1	27.650 1	69.244 1
2	1	27.117 1	69.542 1
2	1	27.744 1	69.257 1
2	1	27.685 1	69.605 1
2	1	27.703 1	69.88 1
2	1	27.507 1	69.392 1
2	1	27.922 1	69.530 1
2	1	27.804 1	69.407 1
2	1	27.3 1	69.508 1
2	1	27.826 1	69.247 1
2	1	27.377 1	69.154 1
2	1	27.281 1	69.45 1
2	1	27.750 1	69.455 1
2	1	27.614 1	69.676 1
2	1	27.551 1	69.181 1
2	1	27.126 1	69.221 1
2	1	27.630 1	69.660 1
2	1	27.635 1	69.43 1
2	1	27.736 1	69.103 1
2	1	27.83 1	69.189 1
3	2	27.91 1	69.519 0.246 69.534 1
2	1	27.574 1	69.235 1
4	4	27.313 1 27.309 0.723	69.688 0.880 69.690 1
2	1	27.602 1	69.169 1
2	1	27.484 1	69.301 1
2	1	27.745 1	69.258 1
2	1	27.825 1	69.286 1
2	1	27.652 1	69.488 1
2	1	27.724 1	69.229 1
2	1	27.895 1	69.312 1
2	1	27.634 1	69.42 1
2	1	27.863 1	69.226 1
2	1	27.728 1	69.278 1
2	1	27.571 1	69.116 1
2	1	27.734 1	69.101 1
2	1	27.247 1	69.580 1
2	1	27.217 1	69.628 1
2	1	27.697 1	69.91 1
2	1	27.669 1	69.621 1
2	1	27.923 1	69.529 1
2	1	27.733 1	69.100 1
2	1	27.935 1	69.330 1
2	1	27.839 1	69.449 1
2	1	27.628 1	69.661 1
2	1	27.448 1	69.486 1
2	1	27.354 1	69.651 1
2	1	27.617 1	69.641 1
2	1	27.582 1	69.69 1
2	1	27.228 1	69.549 1
2	1	27.303 1	69.656 1
2	1	27.534 1	69.537 1
2	1	27.326 1	69.5 1
2	1	27.569 1	69.118 1
2	1	27.62 1	69.472 1
2	1	27.811 1	69.328 1
2	1	27.654 1	69.596 1
2	1	27.114 1	69.105 1
2	1	27.245 1	69.563 1
2	1	27.559 1	69.679 1
2	1	27.336 1	69.15 1
4	3	27.907 1	69.151 1 69.386 0.063 69.591 0.129
2	1	27.22 1	69.439 1
2	1	27.422 1	69.385 1
2	1	27.699 1	69.85 1
2	1	27.149 1	69.400 1
2	1	27.347 1	69.120 1
2	1	27.836 1	69.429 1
2	1	27.248 1	69.581 1
2	1	27.392 1	69.297 1
2	1	27.655 1	69.595 1
2	1	27.337 1	69.17 1
2	1	27.30 1	69.446 1
2	1	27.315 1	69.692 1
2	1	27.661 1	69.24 1
2	1	27.920 1	69.532 1
2	1	27.119 1	69.544 1
2	1	27.5 1	69.512 1
2	1	27.690 1	69.598 1
2	1	27.29 1	69.445 1
2	1	27.616 1	69.27 1
2	1	27.479 1	69.291 1
2	1	27.328 1	69.7 1
2	1	27.735 1	69.102 1
2	1	27.578 1	69.232 1
2	1	27.725 1	69.230 1
2	1	27.849 1	69.320 1
3	2	27.899 1 27.702 0.688	69.84 1
2	1	27.63 1	69.216 1
2	1	27.82 1	69.188 1
2	1	27.259 1	69.34 1
2	1	27.751 1	69.454 1
2	1	27.179 1	69.590 1
2	1	27.672 1	69.618 1
3	2	27.397 1	69.129 1 69.208 0.727
3	2	27.552 1 27.48 0.767	69.60 1
2	1	27.938 1	69.361 1
2	1	27.233 1	69.553 1
2	1	27.268 1	69.241 1
2	1	27.346 1	69.121 1
2	1	27.194 1	69.308 1
2	1	27.531 1	69.223 1
2	1	27.800 1	69.414 1
2	1	27.376 1	69.152 1
2	1	27.921 1	69.531 1
2	1	27.965 1	69.93 1
2	1	27.924 1	69.528 1
2	1	27.9 1	69.478 1
2	1	27.124 1	69.342 1
2	1	27.188 1	69.224 1
2	1	27.24 1	69.441 1
2	1	27.896 1	69.341 1
2	1	27.961 1	69.198 1
2	1	27.554 1	69.58 1
2	1	27.90 1	69.162 1
2	1	27.121 1	69.546 1
3	2	27.292 1 27.86 0.056	69.143 1
2	1	27.191 1	69.311 1
2	1	27.666 1	69.624 1
2	1	27.123 1	69.135 1
2	1	27.16 1	69.434 1
2	1	27.656 1	69.594 1
2	1	27.737 1	69.250 1
2	1	27.549 1	69.62 1
2	1	27.631 1	69.659 1
2	1	27.8 1	69.477 1
2	1	27.546 1	69.136 1
2	1	27.711 1	69.294 1
2	1	27.485 1	69.302 1
2	1	27.527 1	69.364 1
2	1	27.692 1	69.603 1
2	1	27.115 1	69.104 1
2	1	27.576 1	69.234 1
2	1	27.595 1	69.46 1
2	1	27.626 1	69.663 1
2	1	27.667 1	69.623 1
2	1	27.364 1	69.665 1
2	1	27.472 1	69.333 1
2	1	27.844 1	69.462 1
2	1	27.926 1	69.317 1
2	1	27.323 1	69.2 1
2	1	27.503 1	69.351 1
2	1	27.539 1	69.631 1
2	1	27.370 1	69.639 1
2	1	27.979 1	69.404 1
2	1	27.398 1	69.128 1
2	1	27.49 1	69.585 1
2	1	27.410 1	69.366 1
2	1	27.681 1	69.609 1
2	1	27.742 1	69.255 1
2	1	27.803 1	69.408 1
2	1	27.143 1	69.388 1
2	1	27.673 1	69.617 1
2	1	27.627 1	69.662 1
2	1	27.44 1	69.464 1
2	1	27.683 1	69.607 1
2	1	27.369 1	69.640 1
2	1	27.570 1	69.117 1
2	1	27.732 1	69.99 1
2	1	27.426 1	69.71 1
2	1	27.678 1	69.612 1
2	1	27.282 1	69.26 1
2	1	27.100 1	69.345 1
2	1	27.318 1	69.693 1
2	1	27.589 1	69.53 1
2	1	27.466 1	69.133 1
3	2	27.793 1 27.643 0.824	69.474 1
2	1	27.42 1	69.315 1
2	1	27.304 1	69.540 1
2	1	27.401 1	69.270 1
2	1	27.730 1	69.237 1
2	1	27.50 1	69.98 1
2	1	27.842 1	69.466 1
2	1	27.322 1	69.1 1
2	1	27.136 1	69.210 1
2	1	27.41 1	69.316 1
2	1	27.429 1	69.353 1
2	1	27.761 1	69.207 1
2	1	27.339 1	69.19 1
3	2	27.900 1 27.843 0.742	69.465 1
2	1	27.929 1	69.337 1
2	1	27.838 1	69.427 1
2	1	27.134 1	69.213 1
2	1	27.840 1	69.468 1
2	1	27.12 1	69.431 1
2	1	27.363 1	69.666 1
2	1	27.608 1	69.163 1
2	1	27.676 1	69.614 1
2	1	27.352 1	69.652 1
2	1	27.279 1	69.586 1
2	1	27.445 1	69.497 1
2	1	27.621 1	69.31 1
2	1	27.759 1	69.205 1
2	1	27.600 1	69.516 1
2	1	27.330 1	69.9 1
2	1	27.689 1	69.599 1
2	1	27.314 1	69.691 1
2	1	27.775 1	69.378 1
2	1	27.686 1	69.604 1
2	1	27.252 1	69.96 1
2	1	27.458 1	69.418 1
2	1	27.637 1	69.483 1
2	1	27.881 1	69.327 1
2	1	27.553 1	69.59 1
2	1	27.805 1	69.406 1
2	1	27.307 1	69.682 1
2	1	27.743 1	69.256 1
5	4	27.344 1 27.345 0.069 27.557 0.061 27.558 0.088	69.156 1
2	1	27.286 1	69.78 1
2	1	27.432 1	69.684 1
2	1	27.691 1	69.597 1
2	1	27.145 1	69.389 1
2	1	27.332 1	69.11 1
2	1	27.260 1	69.33 1
2	1	27.714 1	69.276 1
3	2	27.548 1	69.123 1 69.124 0.388
2	1	27.110 1	69.41 1
2	1	27.684 1	69.606 1
2	1	27.431 1	69.683 1
3	2	27.236 1	69.555 1 69.556 0.593
3	2	27.928 1	69.202 0.229 69.32 1
2	1	27.351 1	69.653 1
2	1	27.506 1	69.393 1
2	1	27.936 1	69.332 1
2	1	27.930 1	69.484 1
2	1	27.34 1	69.176 1
2	1	27.767 1	69.305 1
2	1	27.594 1	69.48 1
2	1	27.680 1	69.610 1
2	1	27.285 1	69.80 1
2	1	27.715 1	69.277 1
3	2	27.133 1 27.416 0.750	69.214 1
3	2	27.598 1	69.355 1 69.503 0.840
2	1	27.760 1	69.206 1
2	1	27.187 1	69.225 1
2	1	27.644 1	69.592 1
2	1	27.841 1	69.467 1
2	1	27.211 1	69.283 1
2	1	27.596 1	69.173 1
2	1	27.688 1	69.600 1
2	1	27.101 1	69.344 1
2	1	27.225 1	69.635 1
2	1	27.246 1	69.564 1
2	1	27.373 1	69.410 1
2	1	27.939 1	69.335 1
2	1	27.975 1	69.358 1
2	1	27.618 1	69.28 1
2	1	27.135 1	69.212 1
2	1	27.280 1	69.587 1
2	1	27.712 1	69.295 1
2	1	27.237 1	69.557 1
2	1	27.333 1	69.12 1
6	9	27.361 1 27.765 0.403 27.942 0.529	69.668 0.354 69.669 1 69.670 0.543
2	1	27.562 1	69.44 1
2	1	27.636 1	69.678 1
2	1	27.671 1	69.619 1
2	1	27.625 1	69.664 1
2	1	27.105 1	69.395 1
2	1	27.14 1	69.432 1
2	1	27.447 1	69.495 1
2	1	27.670 1	69.620 1
2	1	27.794 1	69.473 1
2	1	27.820 1	69.479 1
2	1	27.329 1	69.8 1
2	1	27.581 1	69.70 1
2	1	27.749 1	69.456 1
2	1	27.977 1	69.180 1
2	1	27.682 1	69.608 1
2	1	27.243 1	69.160 1
2	1	27.273 1	69.238 1
2	1	27.665 1	69.625 1
2	1	27.99 1	69.470 1
2	1	27.624 1	69.218 1
2	1	27.492 1	69.402 1
2	1	27.774 1	69.246 1
2	1	27.335 1	69.14 1
2	1	27.461 1	69.415 1
2	1	27.308 1	69.685 1
2	1	27.355 1	69.650 1
3	2	27.380 1	69.671 1 69.336 0.908
2	1	27.657 1	69.593 1
2	1	27.796 1	69.423 1
2	1	27.837 1	69.428 1
2	1	27.536 1	69.538 1
2	1	27.708 1	69.292 1
2	1	27.350 1	69.654 1
6	8	27.813 1 27.914 0.086	69.172 1 69.493 0.073 69.521 0.171 69.567 0.129
2	1	27.818 1	69.481 1
3	2	27.175 1	69.108 1 69.645 0.064
4	3	27.13 0.181 27.66 1 27.707 0.137	69.131 1
2	1	27.296 1	69.37 1
2	1	27.428 1	69.354 1
2	1	27.573 1	69.110 1
2	1	27.677 1	69.613 1
2	1	27.230 1	69.551 1
2	1	27.295 1	69.38 1
2	1	27.43 1	69.314 1
2	1	27.726 1	69.231 1
2	1	27.880 1	69.326 1
2	1	27.116 1	69.236 1
2	1	27.695 1	69.89 1
2	1	27.342 1	69.21 1
2	1	27.193 1	69.309 1
2	1	27.675 1	69.615 1
2	1	27.46 1	69.155 1
2	1	27.284 1	69.57 1
2	1	27.23 1	69.440 1
2	1	27.120 1	69.545 1
2	1	27.229 1	69.550 1
3	2	27.584 1 27.196 1	69.509 1
2	1	27.668 1	69.622 1
2	1	27.679 1	69.611 1
2	1	27.746 1	69.245 1
2	1	27.25 1	69.442 1
2	1	27.460 1	69.416 1
2	1	27.47 1	69.149 1
2	1	27.741 1	69.254 1
2	1	27.341 1	69.20 1
2	1	27.510 1	69.514 1
2	1	27.538 1	69.630 1
2	1	27.94 1	69.451 1
2	1	27.238 1	69.559 1
2	1	27.474 1	69.323 1
3	2	27.597 1	69.165 1 69.504 0.808
2	1	27.694 1	69.140 1
2	1	27.174 1	69.109 1
2	1	27.201 1	69.183 1
3	2	27.603 1	69.168 1 69.500 0.830
3	2	27.753 1	69.137 0.525 69.138 1
2	1	27.698 1	69.92 1
2	1	27.349 1	69.655 1
2	1	27.526 1	69.507 1
2	1	27.583 1	69.68 1
2	1	27.632 1	69.658 1
2	1	27.801 1	69.413 1
2	1	27.331 1	69.10 1
2	1	27.566 1	69.371 1
2	1	27.687 1	69.602 1
2	1	27.716 1	69.280 1
2	1	27.76 1	69.570 1
2	1	27.357 1	69.648 1
2	1	27.591 1	69.51 1
2	1	27.148 1	69.399 1
2	1	27.343 1	69.22 1
2	1	27.125 1	69.134 1
3	2	27.649 1 27.957 0.529	69.243 1
2	1	27.723 1	69.228 1
2	1	27.84 1	69.190 1
2	1	27.879 1	69.325 1
2	1	27.26 1	69.443 1
2	1	27.547 1	69.67 1
2	1	27.17 1	69.435 1
2	1	27.234 1	69.554 1
2	1	27.418 1	69.357 1
2	1	27.564 1	69.372 1
2	1	27.739 1	69.252 1
2	1	27.978 1	69.390 1
2	1	27.131 1	69.217 1
2	1	27.663 1	69.275 1
2	1	27.882 1	69.279 1
2	1	27.96 1	69.453 1
2	1	27.565 1	69.370 1
4	3	27.140 0.160 27.156 1 27.28 0.080	69.153 1
2	1	27.267 1	69.242 1
2	1	27.150 1	69.421 1
3	2	27.700 1 27.701 0.116	69.86 1
2	1	27.848 1	69.300 1
2	1	27.660 1	69.23 1
2	1	27.473 1	69.334 1
2	1	27.399 1	69.269 1
2	1	27.452 1	69.426 1
2	1	27.68 1	69.574 1
2	1	27.674 1	69.616 1
2	1	27.11 1	69.430 1
2	1	27.271 1	69.240 1
2	1	27.272 1	69.239 1
2	1	27.319 1	69.694 1
2	1	27.327 1	69.6 1
2	1	27.516 1	69.363 1
2	1	27.577 1	69.233 1
2	1	27.969 1	69.424 1
2	1	27.163 1	69.536 1
2	1	27.605 1	69.166 1
2	1	27.95 1	69.452 1
2	1	27.40 1	69.211 1
2	1	27.446 1	69.496 1
2	1	27.963 1	69.177 1
2	1	27.239 1	69.560 1
2	1	27.491 1	69.403 1
2	1	27.27 1	69.444 1
2	1	27.320 1	69.695 1
2	1	27.537 1	69.539 1
2	1	27.755 1	69.97 1
2	1	27.593 1	69.49 1
2	1	27.819 1	69.480 1
2	1	27.465 1	69.396 1
2	1	27.592 1	69.50 1
2	1	27.981 1	69.535 1
2	1	27.696 1	69.90 1
2	1	27.409 1	69.368 1
2	1	27.502 1	69.350 1
2	1	27.877 1	69.200 1
2	1	27.15 1	69.433 1
2	1	27.710 1	69.293 1
2	1	27.807 1	69.405 1
2	1	27.147 1	69.398 1
2	1	27.249 1	69.582 1
2	1	27.875 1	69.347 1
2	1	27.93 1	69.450 1
2	1	27.462 1	69.122 1
2	1	27.563 1	69.369 1
2	1	27.21 1	69.438 1
2	1	27.356 1	69.649 1
2	1	27.251 1	69.584 1
2	1	27.933 1	69.482 1
2	1	27.587 0.867	69.55 0.867
2	1	27.427 0.849	69.313 0.849
3	2	27.171 0.695 27.348 0.837	69.201 0.766
