Size	Relations	OrthoA	OrthoB
2	1	27.799 1	68.2012 1
2	1	27.367 1	68.2302 1
2	1	27.368 1	68.2301 1
2	1	27.907 1	68.1052 1
2	1	27.86 1	68.1792 1
2	1	27.278 1	68.131 1
2	1	27.117 1	68.1868 1
2	1	27.540 1	68.417 1
2	1	27.300 1	68.2471 1
2	1	27.186 1	68.342 1
2	1	27.220 1	68.302 1
2	1	27.505 1	68.848 1
2	1	27.509 1	68.852 1
2	1	27.77 1	68.1785 1
2	1	27.966 1	68.1488 1
2	1	27.18 1	68.929 1
2	1	27.722 1	68.629 1
2	1	27.653 1	68.503 1
2	1	27.305 1	68.2334 1
2	1	27.218 1	68.307 1
2	1	27.824 1	68.744 1
2	1	27.170 1	68.361 1
2	1	27.972 1	68.1494 1
2	1	27.550 1	68.401 1
2	1	27.850 1	68.780 1
2	1	27.325 1	68.4 1
2	1	27.569 1	68.2166 1
2	1	27.497 1	68.833 1
2	1	27.507 1	68.850 1
2	1	27.371 1	68.2298 1
2	1	27.29 1	68.918 1
2	1	27.324 1	68.3 1
2	1	27.648 1	68.491 1
2	1	27.896 1	68.1037 1
2	1	27.924 1	68.1243 1
2	1	27.334 1	68.13 1
2	1	27.250 1	68.99 1
2	1	27.555 1	68.2120 1
2	1	27.582 1	68.2179 1
2	1	27.901 1	68.1045 1
2	1	27.138 1	68.1921 1
2	1	27.982 1	68.1359 1
2	1	27.724 1	68.631 1
2	1	27.189 1	68.339 1
2	1	27.974 1	68.1496 1
2	1	27.615 1	68.427 1
2	1	27.301 1	68.47 1
2	1	27.275 1	68.201 1
2	1	27.697 1	68.578 1
2	1	27.91 1	68.1797 1
2	1	27.184 1	68.344 1
2	1	27.38 1	68.1546 1
2	1	27.758 1	68.680 1
2	1	27.42 1	68.1550 1
2	1	27.3 1	68.986 1
2	1	27.146 1	68.1932 1
2	1	27.363 1	68.2308 1
2	1	27.923 1	68.1244 1
2	1	27.286 1	68.121 1
2	1	27.277 1	68.132 1
2	1	27.88 1	68.1793 1
2	1	27.652 1	68.502 1
2	1	27.192 1	68.336 1
2	1	27.216 1	68.312 1
2	1	27.350 1	68.150 1
2	1	27.254 1	68.1396 1
2	1	27.271 1	68.207 1
2	1	27.965 1	68.1605 1
2	1	27.728 1	68.634 1
2	1	27.49 1	68.1565 1
2	1	27.448 1	68.1009 1
2	1	27.935 1	68.1233 1
2	1	27.803 1	68.2036 1
2	1	27.328 1	68.7 1
2	1	27.763 1	68.686 1
2	1	27.120 1	68.1871 1
2	1	27.530 1	68.1322 1
2	1	27.865 1	68.802 1
2	1	27.590 1	68.2187 1
2	1	27.379 1	68.2232 1
2	1	27.126 1	68.1907 1
2	1	27.421 1	68.1188 1
2	1	27.633 1	68.472 1
2	1	27.754 1	68.677 1
2	1	27.517 1	68.861 1
2	1	27.467 1	68.1443 1
2	1	27.362 1	68.2309 1
2	1	27.338 1	68.30 1
2	1	27.737 1	68.643 1
2	1	27.719 1	68.604 1
2	1	27.266 1	68.212 1
2	1	27.251 1	68.98 1
2	1	27.522 1	68.1331 1
2	1	27.544 1	68.412 1
2	1	27.614 1	68.426 1
2	1	27.744 1	68.667 1
2	1	27.244 1	68.105 1
2	1	27.245 1	68.104 1
2	1	27.922 1	68.1245 1
2	1	27.745 1	68.668 1
2	1	27.4 1	68.985 1
2	1	27.588 1	68.2185 1
2	1	27.344 1	68.140 1
2	1	27.272 1	68.206 1
2	1	27.346 1	68.142 1
2	1	27.685 1	68.566 1
2	1	27.731 1	68.637 1
2	1	27.321 1	68.2485 1
2	1	27.630 1	68.469 1
2	1	27.322 1	68.1 1
2	1	27.642 1	68.487 1
2	1	27.802 1	68.2035 1
2	1	27.826 1	68.746 1
2	1	27.498 1	68.840 1
2	1	27.736 1	68.642 1
2	1	27.767 1	68.692 1
2	1	27.248 1	68.101 1
2	1	27.634 1	68.473 1
2	1	27.833 1	68.750 1
3	2	27.219 1	68.303 1 68.2126 0.715
2	1	27.345 1	68.141 1
2	1	27.78 1	68.1416 1
2	1	27.242 1	68.107 1
2	1	27.468 1	68.1442 1
2	1	27.750 1	68.673 1
2	1	27.661 1	68.537 1
2	1	27.360 1	68.160 1
2	1	27.764 1	68.687 1
2	1	27.217 1	68.311 1
2	1	27.913 1	68.1289 1
2	1	27.804 1	68.2037 1
2	1	27.247 1	68.102 1
2	1	27.650 1	68.493 1
2	1	27.553 1	68.2122 1
2	1	27.565 1	68.2158 1
2	1	27.71 1	68.1662 1
2	1	27.149 1	68.1935 1
2	1	27.484 1	68.1078 1
2	1	27.83 1	68.1788 1
2	1	27.811 1	68.1948 1
2	1	27.23 1	68.924 1
2	1	27.372 1	68.2297 1
2	1	27.347 1	68.143 1
2	1	27.839 1	68.756 1
2	1	27.315 1	68.2480 1
2	1	27.318 1	68.2482 1
2	1	27.616 1	68.428 1
2	1	27.281 1	68.128 1
2	1	27.361 1	68.2310 1
2	1	27.548 1	68.403 1
4	4	27.316 0.160 27.959 1	68.1338 1 68.2001 0.990
2	1	27.60 1	68.1583 1
2	1	27.964 1	68.1604 1
3	2	27.228 1	68.224 1 68.251 1
2	1	27.631 1	68.470 1
2	1	27.825 1	68.745 1
2	1	27.863 1	68.801 1
2	1	27.15 1	68.932 1
3	2	27.257 1	68.1404 1 68.2445 0.937
2	1	27.33 1	68.1505 1
2	1	27.849 1	68.778 1
2	1	27.723 1	68.630 1
2	1	27.735 1	68.641 1
2	1	27.326 1	68.5 1
2	1	27.551 1	68.2124 1
2	1	27.417 1	68.1183 1
2	1	27.762 1	68.684 1
2	1	27.22 1	68.925 1
2	1	27.356 1	68.156 1
2	1	27.527 1	68.1325 1
2	1	27.154 1	68.2083 1
2	1	27.574 1	68.2171 1
2	1	27.733 1	68.639 1
2	1	27.422 1	68.1187 1
2	1	27.920 1	68.1247 1
2	1	27.617 1	68.429 1
2	1	27.798 1	68.2011 1
2	1	27.635 1	68.474 1
2	1	27.513 1	68.857 1
2	1	27.738 1	68.646 1
2	1	27.942 1	68.1226 1
2	1	27.313 1	68.2478 1
2	1	27.119 1	68.1870 1
2	1	27.268 1	68.210 1
2	1	27.79 1	68.1414 1
2	1	27.936 1	68.1232 1
2	1	27.114 1	68.1865 1
2	1	27.940 1	68.1227 1
2	1	27.333 1	68.12 1
2	1	27.895 1	68.1036 1
3	2	27.377 1	68.2285 0.979 68.2289 1
2	1	27.179 1	68.351 1
2	1	27.309 1	68.2374 1
2	1	27.815 1	68.718 1
2	1	27.862 1	68.798 1
2	1	27.312 1	68.2477 1
2	1	27.310 1	68.2375 1
2	1	27.780 1	68.1991 1
2	1	27.571 1	68.2168 1
2	1	27.404 1	68.1207 1
2	1	27.479 1	68.1304 1
2	1	27.641 1	68.486 1
2	1	27.235 1	68.257 1
2	1	27.354 1	68.154 1
2	1	27.898 1	68.1040 1
2	1	27.191 1	68.337 1
2	1	27.539 1	68.418 1
2	1	27.323 1	68.2 1
2	1	27.628 1	68.467 1
2	1	27.194 1	68.334 1
2	1	27.734 1	68.640 1
2	1	27.337 1	68.29 1
2	1	27.66 1	68.1621 1
2	1	27.531 1	68.1321 1
2	1	27.559 1	68.2150 1
2	1	27.537 1	68.420 1
2	1	27.508 1	68.851 1
2	1	27.256 1	68.2444 1
2	1	27.729 1	68.635 1
2	1	27.914 1	68.1288 1
2	1	27.144 1	68.1929 1
2	1	27.30 1	68.917 1
2	1	27.768 1	68.693 1
2	1	27.796 1	68.2009 1
2	1	27.463 1	68.1451 1
2	1	27.876 1	68.1104 1
2	1	27.656 1	68.506 1
2	1	27.233 1	68.255 1
2	1	27.979 1	68.900 1
2	1	27.765 1	68.688 1
3	2	27.162 1	68.1417 0.939 68.2058 1
2	1	27.282 1	68.127 1
2	1	27.662 1	68.538 1
2	1	27.732 1	68.638 1
2	1	27.135 1	68.1917 1
2	1	27.276 1	68.133 1
2	1	27.5 1	68.984 1
2	1	27.640 1	68.485 1
2	1	27.690 1	68.571 1
2	1	27.730 1	68.636 1
2	1	27.578 1	68.2175 1
2	1	27.339 1	68.31 1
2	1	27.921 1	68.1246 1
2	1	27.797 1	68.2010 1
2	1	27.303 1	68.2342 1
2	1	27.534 1	68.424 1
2	1	27.113 1	68.1864 1
2	1	27.183 1	68.345 1
2	1	27.721 1	68.624 1
2	1	27.566 1	68.2159 1
2	1	27.751 1	68.674 1
2	1	27.63 1	68.1608 1
2	1	27.756 1	68.679 1
2	1	27.115 1	68.1866 1
2	1	27.928 1	68.1239 1
2	1	27.188 1	68.340 1
2	1	27.72 1	68.1663 1
2	1	27.983 1	68.1361 1
2	1	27.430 1	68.1138 1
2	1	27.938 1	68.1230 1
2	1	27.579 1	68.2176 1
2	1	27.655 1	68.505 1
2	1	27.699 1	68.581 1
2	1	27.654 1	68.504 1
2	1	27.364 1	68.2307 1
2	1	27.554 1	68.2121 1
2	1	27.669 1	68.550 1
2	1	27.196 1	68.328 1
2	1	27.336 1	68.15 1
2	1	27.48 1	68.1564 1
2	1	27.981 1	68.898 1
2	1	27.800 1	68.2013 1
2	1	27.304 1	68.2341 1
2	1	27.376 1	68.2293 1
2	1	27.836 1	68.753 1
2	1	27.134 1	68.1916 1
2	1	27.472 1	68.1390 1
2	1	27.549 1	68.402 1
2	1	27.292 1	68.1327 1
2	1	27.428 1	68.1141 1
2	1	27.28 1	68.919 1
2	1	27.351 1	68.151 1
3	2	27.41 1	68.1549 1 68.1202 0.796
2	1	27.431 1	68.1134 1
2	1	27.877 1	68.1105 1
2	1	27.476 1	68.2450 1
2	1	27.483 1	68.1068 1
2	1	27.725 1	68.632 1
2	1	27.552 1	68.2123 1
2	1	27.808 1	68.1951 1
2	1	27.570 1	68.2167 1
2	1	27.195 1	68.332 1
2	1	27.8 1	68.942 1
2	1	27.511 1	68.854 1
2	1	27.589 1	68.2186 1
2	1	27.9 1	68.940 1
2	1	27.536 1	68.421 1
2	1	27.65 1	68.1617 1
2	1	27.493 1	68.820 1
2	1	27.237 1	68.259 1
2	1	27.24 1	68.923 1
2	1	27.270 1	68.208 1
2	1	27.695 1	68.576 1
2	1	27.140 1	68.1923 1
2	1	27.355 1	68.155 1
2	1	27.494 1	68.825 1
2	1	27.639 1	68.481 1
2	1	27.659 1	68.535 1
2	1	27.92 1	68.1798 1
2	1	27.714 1	68.600 1
2	1	27.136 1	68.1918 1
2	1	27.236 1	68.258 1
2	1	27.838 1	68.755 1
2	1	27.885 1	68.1186 1
2	1	27.975 1	68.1497 1
2	1	27.314 1	68.2479 1
2	1	27.335 1	68.14 1
2	1	27.82 1	68.1787 1
2	1	27.576 1	68.2173 1
2	1	27.35 1	68.1508 1
2	1	27.908 1	68.1053 1
2	1	27.16 1	68.931 1
2	1	27.473 1	68.1389 1
2	1	27.626 1	68.465 1
2	1	27.814 1	68.723 1
2	1	27.99 1	68.1818 1
2	1	27.50 1	68.1566 1
2	1	27.392 1	68.1211 1
2	1	27.594 1	68.2191 1
2	1	27.627 1	68.466 1
2	1	27.573 1	68.2170 1
2	1	27.755 1	68.678 1
2	1	27.466 1	68.1445 1
2	1	27.971 1	68.1492 1
2	1	27.167 1	68.366 1
2	1	27.397 1	68.1164 1
2	1	27.84 1	68.1790 1
2	1	27.331 1	68.10 1
2	1	27.269 1	68.209 1
2	1	27.387 1	68.1217 1
2	1	27.672 1	68.553 1
2	1	27.546 1	68.405 1
2	1	27.427 1	68.1142 1
2	1	27.187 1	68.341 1
2	1	27.793 1	68.2006 1
2	1	27.840 1	68.757 1
2	1	27.307 1	68.2372 1
2	1	27.123 1	68.1901 1
2	1	27.713 1	68.599 1
2	1	27.283 1	68.126 1
2	1	27.359 1	68.159 1
2	1	27.666 1	68.547 1
2	1	27.161 1	68.1418 1
2	1	27.618 1	68.430 1
2	1	27.125 1	68.1906 1
2	1	27.580 1	68.2177 1
2	1	27.773 1	68.702 1
2	1	27.259 1	68.2448 1
2	1	27.365 1	68.2304 1
2	1	27.34 1	68.1507 1
2	1	27.692 1	68.573 1
2	1	27.97 1	68.1803 1
2	1	27.842 1	68.759 1
2	1	27.185 1	68.343 1
2	1	27.332 1	68.11 1
2	1	27.90 1	68.1796 1
2	1	27.10 1	68.939 1
2	1	27.246 1	68.103 1
2	1	27.175 1	68.356 1
2	1	27.12 1	68.937 1
3	2	27.153 1	68.1984 1 68.2082 0.989
2	1	27.575 1	68.2172 1
2	1	27.711 1	68.597 1
2	1	27.485 1	68.1079 1
2	1	27.525 1	68.865 1
2	1	27.879 1	68.1018 1
2	1	27.306 1	68.2371 1
2	1	27.702 1	68.583 1
2	1	27.726 1	68.633 1
2	1	27.742 1	68.653 1
2	1	27.143 1	68.1926 1
2	1	27.398 1	68.1165 1
2	1	27.449 1	68.1010 1
2	1	27.503 1	68.846 1
2	1	27.595 1	68.2193 1
2	1	27.795 1	68.2008 1
2	1	27.137 1	68.1919 1
2	1	27.443 1	68.1606 1
2	1	27.410 1	68.1197 1
2	1	27.423 1	68.1174 1
2	1	27.471 1	68.1438 1
2	1	27.686 1	68.567 1
2	1	27.374 1	68.2295 1
2	1	27.657 1	68.507 1
2	1	27.703 1	68.585 1
2	1	27.121 1	68.1872 1
2	1	27.44 1	68.1558 1
2	1	27.532 1	68.1320 1
2	1	27.330 1	68.9 1
2	1	27.124 1	68.1905 1
3	2	27.232 1	68.227 0.071 68.254 1
3	2	27.470 1	68.1439 1 68.1440 0.868
2	1	27.774 1	68.703 1
2	1	27.107 1	68.1828 1
2	1	27.145 1	68.1931 1
2	1	27.380 1	68.1222 1
2	1	27.426 1	68.1319 1
2	1	27.843 1	68.760 1
2	1	27.429 1	68.1140 1
2	1	27.637 1	68.476 1
2	1	27.667 1	68.548 1
2	1	27.415 1	68.1831 1
2	1	27.68 1	68.1658 1
2	1	27.743 1	68.666 1
2	1	27.899 1	68.1043 1
3	2	27.207 1 27.210 0.246	68.260 1
2	1	27.561 1	68.2153 1
2	1	27.707 1	68.589 1
2	1	27.274 1	68.202 1
2	1	27.586 1	68.2183 1
2	1	27.805 1	68.2038 1
2	1	27.109 1	68.1833 1
2	1	27.442 1	68.1607 1
2	1	27.748 1	68.671 1
2	1	27.900 1	68.1044 1
2	1	27.1 1	68.2125 1
2	1	27.110 1	68.1834 1
2	1	27.352 1	68.152 1
2	1	27.621 1	68.460 1
2	1	27.769 1	68.694 1
2	1	27.329 1	68.8 1
2	1	27.701 1	68.582 1
2	1	27.101 1	68.1820 1
2	1	27.285 1	68.122 1
2	1	27.373 1	68.2296 1
2	1	27.412 1	68.1194 1
2	1	27.584 1	68.2181 1
2	1	27.761 1	68.683 1
2	1	27.529 1	68.1323 1
2	1	27.775 1	68.704 1
2	1	27.133 1	68.1915 1
2	1	27.515 1	68.859 1
2	1	27.623 1	68.462 1
2	1	27.759 1	68.681 1
2	1	27.844 1	68.761 1
2	1	27.451 1	68.1012 1
2	1	27.696 1	68.577 1
2	1	27.67 1	68.1622 1
2	1	27.903 1	68.1047 1
2	1	27.926 1	68.1241 1
2	1	27.937 1	68.1231 1
2	1	27.340 1	68.32 1
2	1	27.116 1	68.1867 1
2	1	27.829 1	68.1582 1
2	1	27.100 1	68.1819 1
2	1	27.749 1	68.672 1
2	1	27.848 1	68.770 1
2	1	27.608 1	68.2225 1
2	1	27.970 1	68.1491 1
2	1	27.741 1	68.649 1
2	1	27.929 1	68.1237 1
2	1	27.647 1	68.490 1
2	1	27.625 1	68.464 1
2	1	27.193 1	68.335 1
2	1	27.241 1	68.108 1
2	1	27.452 1	68.1014 1
2	1	27.464 1	68.1447 1
2	1	27.243 1	68.106 1
2	1	27.643 1	68.488 1
2	1	27.683 1	68.564 1
2	1	27.681 1	68.562 1
2	1	27.74 1	68.1706 1
2	1	27.348 1	68.144 1
2	1	27.591 1	68.2188 1
2	1	27.760 1	68.682 1
2	1	27.211 1	68.313 1
2	1	27.287 1	68.1873 1
2	1	27.567 1	68.2160 1
2	1	27.13 1	68.934 1
2	1	27.492 1	68.819 1
2	1	27.678 1	68.559 1
2	1	27.17 1	68.930 1
2	1	27.284 1	68.123 1
2	1	27.636 1	68.475 1
2	1	27.538 1	68.419 1
2	1	27.572 1	68.2169 1
2	1	27.715 1	68.601 1
2	1	27.64 1	68.1613 1
2	1	27.401 1	68.1168 1
2	1	27.847 1	68.769 1
2	1	27.180 1	68.348 1
2	1	27.357 1	68.157 1
2	1	27.155 1	68.1988 1
2	1	27.263 1	68.2463 1
2	1	27.370 1	68.2299 1
2	1	27.445 1	68.1006 1
2	1	27.812 1	68.1946 1
2	1	27.163 1	68.372 1
2	1	27.902 1	68.1046 1
2	1	27.794 1	68.2007 1
2	1	27.939 1	68.1229 1
2	1	27.132 1	68.1914 1
2	1	27.14 1	68.933 1
2	1	27.234 1	68.256 1
2	1	27.386 1	68.1218 1
2	1	27.46 1	68.1562 1
2	1	27.176 1	68.1145 1
2	1	27.198 1	68.327 1
2	1	27.801 1	68.2014 1
2	1	27.94 1	68.1800 1
2	1	27.280 1	68.129 1
2	1	27.705 1	68.587 1
2	1	27.841 1	68.758 1
2	1	27.436 1	68.2313 1
2	1	27.978 1	68.901 1
2	1	27.43 1	68.1551 1
2	1	27.951 1	68.862 1
2	1	27.296 1	68.43 1
2	1	27.89 1	68.1794 1
2	1	27.740 1	68.648 1
2	1	27.810 1	68.1949 1
2	1	27.973 1	68.1495 1
2	1	27.252 1	68.97 1
2	1	27.299 1	68.2472 1
2	1	27.718 1	68.603 1
2	1	27.25 1	68.922 1
2	1	27.458 1	68.1458 1
2	1	27.673 1	68.554 1
2	1	27.238 1	68.111 1
2	1	27.460 1	68.1454 1
2	1	27.906 1	68.1051 1
2	1	27.104 1	68.1822 1
2	1	27.171 1	68.360 1
3	2	27.229 1	68.225 1 68.252 1
2	1	27.405 1	68.1206 1
2	1	27.930 1	68.1236 1
2	1	27.27 1	68.920 1
2	1	27.369 1	68.2300 1
2	1	27.506 1	68.849 1
2	1	27.644 1	68.1252 1
2	1	27.706 1	68.588 1
2	1	27.260 1	68.2449 1
2	1	27.308 1	68.2373 1
2	1	27.36 1	68.1862 1
2	1	27.327 1	68.6 1
2	1	27.388 1	68.1216 1
2	1	27.739 1	68.647 1
2	1	27.95 1	68.1801 1
2	1	27.69 1	68.1659 1
2	1	27.772 1	68.701 1
2	1	27.894 1	68.1034 1
2	1	27.39 1	68.1547 1
2	1	27.106 1	68.1827 1
2	1	27.40 1	68.1548 1
2	1	27.674 1	68.555 1
2	1	27.753 1	68.676 1
2	1	27.828 1	68.748 1
2	1	27.837 1	68.754 1
2	1	27.660 1	68.536 1
2	1	27.406 1	68.1205 1
2	1	27.432 1	68.1130 1
2	1	27.624 1	68.463 1
2	1	27.684 1	68.565 1
2	1	27.279 1	68.130 1
2	1	27.411 1	68.1195 1
2	1	27.658 1	68.534 1
2	1	27.746 1	68.669 1
2	1	27.141 1	68.1925 1
2	1	27.461 1	68.1453 1
2	1	27.416 1	68.1185 1
2	1	27.878 1	68.1017 1
2	1	27.491 1	68.818 1
2	1	27.581 1	68.2178 1
2	1	27.859 1	68.969 1
2	1	27.267 1	68.211 1
2	1	27.925 1	68.1242 1
2	1	27.490 1	68.817 1
2	1	27.980 1	68.899 1
2	1	27.150 1	68.1936 1
2	1	27.629 1	68.468 1
2	1	27.514 1	68.858 1
2	1	27.716 1	68.602 1
2	1	27.105 1	68.1823 1
2	1	27.273 1	68.204 1
2	1	27.502 1	68.845 1
2	1	27.689 1	68.570 1
2	1	27.409 1	68.1200 1
2	1	27.547 1	68.404 1
2	1	27.562 1	68.2154 1
2	1	27.680 1	68.561 1
2	1	27.890 1	68.1575 1
2	1	27.341 1	68.33 1
2	1	27.7 1	68.943 1
2	1	27.399 1	68.1166 1
2	1	27.676 1	68.557 1
2	1	27.469 1	68.1441 1
2	1	27.886 1	68.1027 1
2	1	27.52 1	68.1567 1
2	1	27.651 1	68.501 1
2	1	27.542 1	68.414 1
2	1	27.691 1	68.572 1
2	1	27.342 1	68.34 1
2	1	27.688 1	68.569 1
2	1	27.495 1	68.831 1
2	1	27.375 1	68.2294 1
2	1	27.19 1	68.928 1
2	1	27.916 1	68.1287 1
3	2	27.152 1	68.1975 0.991 68.2077 1
2	1	27.407 1	68.1204 1
2	1	27.710 1	68.596 1
2	1	27.510 1	68.853 1
2	1	27.103 1	68.1821 1
2	1	27.512 1	68.856 1
2	1	27.447 1	68.1008 1
2	1	27.45 1	68.1561 1
2	1	27.462 1	68.1452 1
2	1	27.671 1	68.552 1
2	1	27.682 1	68.563 1
2	1	27.887 1	68.1578 1
2	1	27.47 1	68.1563 1
2	1	27.712 1	68.598 1
2	1	27.262 1	68.2461 1
2	1	27.489 1	68.816 1
2	1	27.516 1	68.860 1
2	1	27.93 1	68.1799 1
2	1	27.818 1	68.733 1
2	1	27.677 1	68.558 1
3	2	27.182 1 27.917 0.934	68.346 1
2	1	27.62 1	68.799 1
2	1	27.556 1	68.2119 1
2	1	27.632 1	68.471 1
2	1	27.172 1	68.359 1
2	1	27.541 1	68.416 1
2	1	27.855 1	68.2510 1
2	1	27.465 1	68.1446 1
2	1	27.606 1	68.2224 1
2	1	27.779 1	68.1992 1
2	1	27.665 1	68.546 1
2	1	27.704 1	68.586 1
2	1	27.21 1	68.926 1
2	1	27.295 1	68.42 1
2	1	27.592 1	68.2189 1
2	1	27.649 1	68.492 1
2	1	27.240 1	68.109 1
2	1	27.390 1	68.1215 1
2	1	27.670 1	68.551 1
2	1	27.319 1	68.2483 1
2	1	27.834 1	68.751 1
2	1	27.317 1	68.2481 1
2	1	27.622 1	68.461 1
2	1	27.668 1	68.549 1
2	1	27.620 1	68.459 1
2	1	27.968 1	68.1489 1
2	1	27.349 1	68.145 1
4	3	27.434 1	68.1033 1 68.1474 0.151 68.813 0.233
9	8	27.142 0.271 27.151 0.243 27.444 1 27.518 0.102 27.905 0.199 27.918 0.299 27.976 0.306 27.984 0.198	68.824 1
2	1	27.820 1	68.735 1
4	3	27.230 1	68.226 1 68.234 0.441 68.253 0.441
2	1	27.174 1	68.357 1
2	1	27.128 1	68.1908 1
2	1	27.880 1	68.1019 1
2	1	27.770 1	68.695 1
2	1	27.819 1	68.734 1
2	1	27.190 1	68.338 1
2	1	27.231 1	68.1596 1
9	8	27.784 1	68.1377 0.982 68.1731 0.990 68.191 0.990 68.2136 0.990 68.520 0.274 68.618 0.980 68.713 0.909 68.786 1
2	1	27.168 1	68.365 1
2	1	27.70 1	68.1661 1
2	1	27.927 1	68.1240 1
2	1	27.577 1	68.2174 1
3	2	27.956 0.065 27.962 1	68.1203 1
2	1	27.593 1	68.2190 1
2	1	27.708 1	68.594 1
2	1	27.919 1	68.1248 1
2	1	27.206 1	68.768 1
2	1	27.11 1	68.938 1
2	1	27.302 1	68.2346 1
2	1	27.6 1	68.1305 1
2	1	27.619 1	68.458 1
2	1	27.148 1	68.1934 1
2	1	27.698 1	68.580 1
2	1	27.474 1	68.1388 1
2	1	27.249 1	68.100 1
2	1	27.752 1	68.675 1
2	1	27.222 1	68.1899 1
2	1	27.675 1	68.556 1
2	1	27.747 1	68.670 1
2	1	27.543 1	68.413 1
2	1	27.583 1	68.2180 1
2	1	27.147 1	68.1933 1
2	1	27.533 1	68.425 1
2	1	27.521 1	68.1332 1
2	1	27.166 1	68.367 1
2	1	27.221 1	68.301 1
2	1	27.343 1	68.35 1
2	1	27.568 1	68.2165 1
2	1	27.501 1	68.843 1
2	1	27.98 1	68.706 1
2	1	27.418 1	68.1190 1
2	1	27.663 1	68.541 1
2	1	27.118 1	68.1869 1
2	1	27.288 1	68.120 1
2	1	27.504 1	68.847 1
2	1	27.526 1	68.705 1
2	1	27.560 1	68.2151 1
2	1	27.687 1	68.568 1
2	1	27.835 1	68.752 1
2	1	27.587 1	68.2184 1
4	3	27.227 1	68.223 1 68.238 1 68.250 1
2	1	27.31 1	68.28 1
2	1	27.709 1	68.595 1
4	3	27.111 0.116 27.226 0.333 27.792 1	68.976 1
2	1	27.20 1	68.927 1
2	1	27.809 1	68.1950 1
2	1	27.32 1	68.24 1
2	1	27.638 1	68.477 1
2	1	27.139 1	68.1922 1
2	1	27.528 1	68.1324 1
2	1	27.933 1	68.1235 1
2	1	27.177 1	68.355 1
2	1	27.214 1	68.2340 1
2	1	27.358 1	68.158 1
2	1	27.564 1	68.2157 1
2	1	27.400 1	68.1167 1
2	1	27.679 1	68.560 1
2	1	27.391 1	68.1214 1
2	1	27.766 1	68.691 1
3	2	27.199 1	68.1177 0.982 68.323 1
2	1	27.131 1	68.1913 1
2	1	27.239 1	68.110 1
2	1	27.353 1	68.153 1
2	1	27.694 1	68.575 1
2	1	27.26 1	68.921 1
2	1	27.446 1	68.1007 1
2	1	27.223 1	68.294 1
2	1	27.488 1	68.815 1
2	1	27.806 1	68.2039 1
2	1	27.891 1	68.1574 1
2	1	27.904 1	68.1048 1
2	1	27.96 1	68.1802 1
2	1	27.827 1	68.747 1
2	1	27.85 1	68.1791 1
2	1	27.664 1	68.545 1
2	1	27.112 1	68.1835 1
2	1	27.366 1	68.2303 1
9	8	27.609 1	68.1379 1 68.1383 1 68.1733 1 68.193 1 68.2134 0.984 68.515 0.778 68.620 0.984 68.784 0.989
2	1	27.693 1	68.574 1
2	1	27.969 1	68.1490 1
2	1	27.875 1	68.1103 1
2	1	27.61 1	68.1584 1
2	1	27.457 1	68.1459 1
2	1	27.496 1	68.832 1
2	1	27.870 1	68.1415 1
4	3	27.253 1	68.1395 0.179 68.2455 1 68.96 0.341
2	1	27.378 1	68.2282 1
2	1	27.201 1	68.1854 1
2	1	27.320 1	68.2484 1
3	2	27.786 1	68.1517 1 68.1535 1
2	1	27.450 1	68.1011 1
2	1	27.961 1	68.1553 1
4	3	27.791 1	68.1301 0.250 68.2131 0.250 68.41 1
2	1	27.934 1	68.1234 1
3	2	27.866 1 27.867 0.164	68.803 1
2	1	27.290 1	68.1329 1
2	1	27.520 1	68.1763 1
2	1	27.777 1	68.579 1
3	2	27.789 1	68.1520 1 68.1538 1
2	1	27.596 1	68.1786 1
4	3	27.790 1	68.1524 1 68.1542 1 68.2488 0.064
2	1	27.720 1	68.605 1
2	1	27.439 1	68.1208 1
