Size	Relations	OrthoA	OrthoB
2	1	27.368 1	67.127 1
2	1	27.367 1	67.126 1
2	1	27.799 1	67.757 1
2	1	27.540 1	67.147 1
2	1	27.371 1	67.1052 1
2	1	27.170 1	67.230 1
2	1	27.966 1	67.637 1
2	1	27.850 1	67.438 1
2	1	27.824 1	67.631 1
2	1	27.38 1	67.267 1
2	1	27.509 1	67.1032 1
2	1	27.18 1	67.782 1
2	1	27.550 1	67.144 1
2	1	27.195 1	67.417 1
2	1	27.758 1	67.890 1
2	1	27.972 1	67.543 1
2	1	27.974 1	67.541 1
2	1	27.722 1	67.861 1
2	1	27.555 1	67.146 1
2	1	27.325 1	67.4 1
2	1	27.324 1	67.3 1
3	2	27.218 1 27.220 0.161	67.226 1
2	1	27.192 1	67.422 1
2	1	27.982 1	67.568 1
2	1	27.146 1	67.457 1
2	1	27.117 1	67.903 1
2	1	27.615 1	67.1096 1
2	1	27.935 1	67.514 1
2	1	27.588 1	67.139 1
2	1	27.254 1	67.190 1
2	1	27.305 1	67.902 1
2	1	27.590 1	67.137 1
2	1	27.266 1	67.833 1
2	1	27.334 1	67.13 1
2	1	27.653 1	67.315 1
2	1	27.507 1	67.522 1
2	1	27.4 1	67.284 1
2	1	27.907 1	67.194 1
2	1	27.633 1	67.1086 1
2	1	27.754 1	67.252 1
2	1	27.250 1	67.202 1
2	1	27.138 1	67.166 1
2	1	27.338 1	67.18 1
2	1	27.372 1	67.1051 1
2	1	27.544 1	67.1103 1
2	1	27.802 1	67.744 1
5	4	27.600 1	67.287 1 67.44 0.800 67.101 0.755 67.626 0.717
2	1	27.763 1	67.298 1
2	1	27.275 1	67.237 1
2	1	27.826 1	67.814 1
2	1	27.3 1	67.290 1
2	1	27.242 1	67.263 1
2	1	27.685 1	67.1006 1
2	1	27.731 1	67.244 1
2	1	27.719 1	67.969 1
2	1	27.312 1	67.1113 1
2	1	27.321 1	67.968 1
2	1	27.421 1	67.531 1
2	1	27.652 1	67.313 1
2	1	27.804 1	67.742 1
2	1	27.703 1	67.181 1
2	1	27.750 1	67.356 1
2	1	27.144 1	67.529 1
2	1	27.630 1	67.1089 1
2	1	27.922 1	67.791 1
2	1	27.650 1	67.826 1
2	1	27.362 1	67.444 1
2	1	27.278 1	67.234 1
2	1	27.126 1	67.876 1
2	1	27.551 1	67.896 1
2	1	27.736 1	67.660 1
2	1	27.448 1	67.317 1
4	3	27.91 1	67.378 0.092 67.390 1 67.729 0.323
2	1	27.247 1	67.205 1
2	1	27.216 1	67.1037 1
3	2	27.313 1	67.1114 1 67.1117 0.769
2	1	27.484 1	67.407 1
2	1	27.940 1	67.339 1
2	1	27.281 1	67.697 1
2	1	27.724 1	67.859 1
2	1	27.614 1	67.1097 1
2	1	27.697 1	67.184 1
2	1	27.876 1	67.652 1
2	1	27.635 1	67.1099 1
2	1	27.895 1	67.425 1
2	1	27.734 1	67.662 1
2	1	27.309 1	67.1107 1
2	1	27.728 1	67.387 1
2	1	27.733 1	67.663 1
2	1	27.721 1	67.1115 1
2	1	27.571 1	67.220 1
2	1	27.582 1	67.163 1
2	1	27.825 1	67.391 1
2	1	27.22 1	67.802 1
2	1	27.923 1	67.790 1
2	1	27.137 1	67.883 1
2	1	27.574 1	67.850 1
2	1	27.354 1	67.1073 1
2	1	27.617 1	67.849 1
2	1	27.628 1	67.1091 1
2	1	27.467 1	67.242 1
2	1	27.863 1	67.439 1
2	1	27.669 1	67.1022 1
2	1	27.569 1	67.222 1
2	1	27.744 1	67.508 1
2	1	27.228 1	67.955 1
2	1	27.769 1	67.328 1
2	1	27.602 1	67.286 1
2	1	27.152 1	67.114 1
2	1	27.534 1	67.898 1
2	1	27.303 1	67.1085 1
2	1	27.634 1	67.1100 1
4	3	27.217 1	67.1040 0.321 67.1046 1 67.1047 0.222
2	1	27.326 1	67.5 1
2	1	27.336 1	67.15 1
2	1	27.839 1	67.768 1
2	1	27.379 1	67.225 1
2	1	27.248 1	67.204 1
2	1	27.422 1	67.530 1
2	1	27.811 1	67.506 1
2	1	27.337 1	67.17 1
2	1	27.559 1	67.1102 1
2	1	27.654 1	67.995 1
2	1	27.114 1	67.973 1
2	1	27.616 1	67.31 1
2	1	27.245 1	67.207 1
2	1	27.124 1	67.546 1
2	1	27.5 1	67.282 1
2	1	27.29 1	67.809 1
2	1	27.62 1	67.167 1
2	1	27.836 1	67.771 1
2	1	27.196 1	67.1034 1
2	1	27.315 1	67.1119 1
2	1	27.661 1	67.26 1
2	1	27.30 1	67.810 1
2	1	27.699 1	67.177 1
2	1	27.328 1	67.7 1
2	1	27.690 1	67.999 1
2	1	27.803 1	67.743 1
2	1	27.149 1	67.454 1
2	1	27.397 1	67.952 1
2	1	27.735 1	67.661 1
2	1	27.896 1	67.544 1
2	1	27.119 1	67.940 1
2	1	27.392 1	67.684 1
2	1	27.725 1	67.858 1
2	1	27.768 1	67.415 1
2	1	27.849 1	67.437 1
2	1	27.655 1	67.994 1
2	1	27.194 1	67.418 1
2	1	27.63 1	67.375 1
3	2	27.346 1	67.1044 1 67.950 0.681
2	1	27.800 1	67.746 1
2	1	27.9 1	67.330 1
2	1	27.188 1	67.863 1
2	1	27.578 1	67.855 1
2	1	27.762 1	67.885 1
2	1	27.233 1	67.960 1
3	2	27.899 1 27.702 0.711	67.176 1
2	1	27.751 1	67.357 1
2	1	27.779 1	67.477 1
2	1	27.979 1	67.734 1
2	1	27.259 1	67.39 1
2	1	27.472 1	67.478 1
2	1	27.134 1	67.880 1
2	1	27.179 1	67.777 1
2	1	27.268 1	67.835 1
2	1	27.318 1	67.1121 1
2	1	27.322 1	67.1 1
2	1	27.531 1	67.762 1
2	1	27.672 1	67.1019 1
2	1	27.920 1	67.793 1
2	1	27.417 1	67.256 1
4	4	27.71 1 27.219 0.801	67.701 1 67.561 0.733
2	1	27.745 1	67.509 1
2	1	27.49 1	67.200 1
2	1	27.626 1	67.1093 1
3	2	27.606 1	67.608 0.095 67.922 1
2	1	27.576 1	67.853 1
2	1	27.666 1	67.1025 1
2	1	27.938 1	67.578 1
2	1	27.347 1	67.1043 1
2	1	27.530 1	67.584 1
2	1	27.90 1	67.725 1
2	1	27.123 1	67.246 1
2	1	27.539 1	67.148 1
2	1	27.631 1	67.1088 1
2	1	27.797 1	67.759 1
2	1	27.286 1	67.172 1
2	1	27.656 1	67.993 1
2	1	27.410 1	67.587 1
2	1	27.527 1	67.582 1
2	1	27.808 1	67.739 1
2	1	27.121 1	67.945 1
2	1	27.191 1	67.423 1
2	1	27.732 1	67.664 1
2	1	27.270 1	67.837 1
2	1	27.865 1	67.1082 1
2	1	27.376 1	67.179 1
2	1	27.16 1	67.780 1
2	1	27.398 1	67.953 1
2	1	27.711 1	67.399 1
2	1	27.798 1	67.758 1
2	1	27.202 1	67.345 1
2	1	27.370 1	67.1053 1
2	1	27.552 1	67.153 1
2	1	27.595 1	67.130 1
2	1	27.24 1	67.804 1
2	1	27.554 1	67.151 1
2	1	27.8 1	67.331 1
2	1	27.483 1	67.496 1
2	1	27.667 1	67.1024 1
2	1	27.115 1	67.974 1
2	1	27.485 1	67.408 1
2	1	27.921 1	67.792 1
2	1	27.304 1	67.901 1
2	1	27.546 1	67.250 1
2	1	27.627 1	67.1092 1
2	1	27.844 1	67.347 1
2	1	27.42 1	67.427 1
2	1	27.503 1	67.555 1
2	1	27.589 1	67.138 1
3	2	27.793 1 27.643 0.784	67.335 1
2	1	27.683 1	67.1008 1
2	1	27.364 1	67.446 1
2	1	27.335 1	67.14 1
2	1	27.44 1	67.344 1
3	2	27.380 1	67.651 1 67.447 0.920
2	1	27.330 1	67.9 1
2	1	27.466 1	67.241 1
2	1	27.608 1	67.265 1
2	1	27.926 1	67.429 1
2	1	27.369 1	67.1054 1
2	1	27.377 1	67.926 1
2	1	27.497 1	67.710 1
2	1	27.678 1	67.1013 1
2	1	27.692 1	67.1004 1
2	1	27.72 1	67.702 1
2	1	27.928 1	67.891 1
2	1	27.387 1	67.586 1
2	1	27.730 1	67.847 1
2	1	27.570 1	67.221 1
2	1	27.673 1	67.1018 1
2	1	27.681 1	67.1010 1
2	1	27.100 1	67.549 1
3	2	27.41 1	67.428 1 67.907 0.768
2	1	27.50 1	67.199 1
2	1	27.136 1	67.882 1
3	2	27.548 1	67.1095 0.123 67.243 1
2	1	27.323 1	67.2 1
2	1	27.339 1	67.19 1
2	1	27.468 1	67.472 1
2	1	27.553 1	67.154 1
2	1	27.842 1	67.343 1
2	1	27.549 1	67.155 1
2	1	27.838 1	67.769 1
2	1	27.282 1	67.30 1
2	1	27.401 1	67.366 1
2	1	27.437 1	67.691 1
3	2	27.236 1	67.374 0.142 67.962 1
2	1	27.778 1	67.607 1
2	1	27.110 1	67.281 1
2	1	27.314 1	67.1118 1
2	1	27.432 1	67.728 1
2	1	27.135 1	67.881 1
4	3	27.143 1	67.528 1 67.257 0.765 67.671 0.846
2	1	27.924 1	67.789 1
2	1	27.352 1	67.1074 1
2	1	27.428 1	67.563 1
2	1	27.429 1	67.562 1
2	1	27.714 1	67.385 1
2	1	27.351 1	67.1075 1
2	1	27.676 1	67.1015 1
3	2	27.133 1 27.416 0.933	67.879 1
2	1	27.274 1	67.238 1
2	1	27.759 1	67.888 1
2	1	27.761 1	67.886 1
2	1	27.795 1	67.761 1
2	1	27.279 1	67.984 1
2	1	27.881 1	67.505 1
2	1	27.260 1	67.38 1
2	1	27.621 1	67.36 1
2	1	27.237 1	67.963 1
2	1	27.307 1	67.1105 1
2	1	27.686 1	67.1005 1
2	1	27.439 1	67.693 1
2	1	27.689 1	67.1000 1
2	1	27.579 1	67.720 1
2	1	27.332 1	67.11 1
2	1	27.805 1	67.741 1
2	1	27.775 1	67.643 1
2	1	27.930 1	67.319 1
4	3	27.316 0.407 27.861 0.260 27.959 1	67.76 1
2	1	27.252 1	67.197 1
2	1	27.423 1	67.525 1
2	1	27.458 1	67.754 1
2	1	27.840 1	67.341 1
2	1	27.14 1	67.778 1
2	1	27.187 1	67.862 1
2	1	27.445 1	67.299 1
2	1	27.644 1	67.606 1
2	1	27.684 1	67.1007 1
2	1	27.767 1	67.414 1
2	1	27.246 1	67.206 1
2	1	27.120 1	67.941 1
2	1	27.715 1	67.386 1
2	1	27.97 1	67.673 1
2	1	27.796 1	67.760 1
2	1	27.760 1	67.887 1
2	1	27.975 1	67.571 1
2	1	27.34 1	67.270 1
5	6	27.573 1 27.584 0.922	67.214 1 67.96 0.992 67.681 0.992
2	1	27.749 1	67.355 1
2	1	27.350 1	67.1076 1
2	1	27.562 1	67.129 1
2	1	27.680 1	67.1011 1
2	1	27.688 1	67.1001 1
2	1	27.691 1	67.998 1
2	1	27.101 1	67.548 1
2	1	27.333 1	67.12 1
2	1	27.363 1	67.445 1
2	1	27.598 1	67.564 1
2	1	27.625 1	67.1094 1
2	1	27.269 1	67.836 1
2	1	27.506 1	67.519 1
2	1	27.566 1	67.595 1
2	1	27.794 1	67.336 1
2	1	27.636 1	67.1101 1
2	1	27.594 1	67.133 1
2	1	27.637 1	67.323 1
2	1	27.936 1	67.516 1
2	1	27.167 1	67.310 1
2	1	27.431 1	67.727 1
3	2	27.517 1	67.574 1 67.821 0.098
2	1	27.105 1	67.470 1
2	1	27.492 1	67.450 1
2	1	27.251 1	67.201 1
2	1	27.283 1	67.29 1
2	1	27.285 1	67.174 1
2	1	27.671 1	67.1020 1
2	1	27.581 1	67.164 1
2	1	27.618 1	67.32 1
2	1	27.596 1	67.293 1
2	1	27.280 1	67.985 1
5	6	27.175 1 27.586 0.895	67.212 1 67.102 0.784 67.526 0.990
2	1	27.939 1	67.678 1
4	3	27.361 1 27.765 0.401 27.942 0.527	67.443 1
2	1	27.657 1	67.992 1
2	1	27.774 1	67.815 1
2	1	27.12 1	67.774 1
2	1	27.145 1	67.527 1
2	1	27.296 1	67.108 1
2	1	27.670 1	67.1021 1
2	1	27.295 1	67.109 1
2	1	27.440 1	67.688 1
2	1	27.48 1	67.253 1
2	1	27.567 1	67.597 1
2	1	27.536 1	67.899 1
2	1	27.712 1	67.400 1
2	1	27.726 1	67.857 1
2	1	27.841 1	67.342 1
2	1	27.273 1	67.845 1
4	3	27.162 1	67.507 0.128 67.657 1 67.658 0.121
2	1	27.624 1	67.451 1
2	1	27.951 1	67.1056 1
2	1	27.113 1	67.1031 1
2	1	27.464 1	67.636 1
2	1	27.820 1	67.327 1
2	1	27.329 1	67.8 1
3	2	27.373 1	67.321 1 67.322 0.884
2	1	27.447 1	67.301 1
2	1	27.461 1	67.751 1
2	1	27.660 1	67.25 1
2	1	27.746 1	67.817 1
5	4	27.813 1	67.186 0.081 67.188 0.090 67.403 1 67.409 0.283
2	1	27.46 1	67.255 1
2	1	27.538 1	67.149 1
2	1	27.914 1	67.868 1
4	3	27.13 0.097 27.66 0.181 27.707 1	67.972 1
2	1	27.276 1	67.236 1
2	1	27.773 1	67.816 1
2	1	27.801 1	67.745 1
2	1	27.243 1	67.262 1
2	1	27.441 1	67.687 1
2	1	27.193 1	67.419 1
4	3	27.201 1	67.639 0.063 67.844 1 67.667 0.701
2	1	27.700 1	67.178 1
2	1	27.665 1	67.1026 1
2	1	27.708 1	67.396 1
2	1	27.355 1	67.1072 1
2	1	27.682 1	67.1009 1
2	1	27.651 1	67.975 1
2	1	27.229 1	67.956 1
2	1	27.99 1	67.929 1
2	1	27.462 1	67.750 1
2	1	27.818 1	67.325 1
2	1	27.116 1	67.917 1
3	2	27.140 0.071 27.156 1	67.258 1
2	1	27.23 1	67.803 1
2	1	27.230 1	67.957 1
2	1	27.341 1	67.22 1
2	1	27.510 1	67.280 1
2	1	27.632 1	67.1087 1
2	1	27.675 1	67.1016 1
2	1	27.695 1	67.182 1
2	1	27.837 1	67.770 1
2	1	27.978 1	67.733 1
2	1	27.155 1	67.113 1
2	1	27.349 1	67.1081 1
2	1	27.271 1	67.838 1
2	1	27.43 1	67.426 1
2	1	27.848 1	67.405 1
2	1	27.880 1	67.500 1
2	1	27.267 1	67.834 1
2	1	27.125 1	67.245 1
2	1	27.308 1	67.1106 1
2	1	27.342 1	67.23 1
2	1	27.723 1	67.860 1
2	1	27.471 1	67.977 1
2	1	27.668 1	67.1023 1
2	1	27.677 1	67.1014 1
2	1	27.427 1	67.735 1
2	1	27.755 1	67.198 1
2	1	27.106 1	67.590 1
2	1	27.284 1	67.143 1
2	1	27.292 1	67.723 1
3	2	27.649 1 27.957 0.424	67.827 1
2	1	27.879 1	67.499 1
2	1	27.94 1	67.360 1
2	1	27.47 1	67.254 1
2	1	27.272 1	67.839 1
2	1	27.418 1	67.569 1
2	1	27.679 1	67.1012 1
2	1	27.343 1	67.24 1
2	1	27.597 1	67.292 1
2	1	27.331 1	67.10 1
2	1	27.460 1	67.752 1
2	1	27.505 1	67.518 1
2	1	27.132 1	67.878 1
2	1	27.474 1	67.486 1
2	1	27.583 1	67.162 1
2	1	27.629 1	67.1090 1
2	1	27.687 1	67.1003 1
2	1	27.77 1	67.1064 1
2	1	27.828 1	67.1035 1
3	2	27.961 1	67.489 1 67.492 0.774
2	1	27.575 1	67.851 1
2	1	27.15 1	67.779 1
2	1	27.404 1	67.655 1
2	1	27.698 1	67.185 1
2	1	27.174 1	67.213 1
2	1	27.26 1	67.807 1
2	1	27.591 1	67.136 1
2	1	27.716 1	67.389 1
2	1	27.86 1	67.442 1
3	2	27.561 1 27.764 0.085	67.338 1
2	1	27.96 1	67.358 1
2	1	27.238 1	67.964 1
2	1	27.25 1	67.805 1
2	1	27.449 1	67.921 1
2	1	27.473 1	67.479 1
2	1	27.537 1	67.900 1
2	1	27.663 1	67.384 1
3	2	27.68 1	67.570 0.070 67.700 1
2	1	27.95 1	67.359 1
2	1	27.148 1	67.455 1
2	1	27.465 1	67.458 1
2	1	27.565 1	67.594 1
2	1	27.430 1	67.513 1
2	1	27.603 1	67.285 1
2	1	27.340 1	67.20 1
2	1	27.563 1	67.593 1
2	1	27.564 1	67.596 1
2	1	27.357 1	67.1070 1
2	1	27.547 1	67.158 1
2	1	27.17 1	67.781 1
2	1	27.399 1	67.365 1
2	1	27.481 1	67.495 1
2	1	27.491 1	67.449 1
2	1	27.560 1	67.828 1
2	1	27.592 1	67.135 1
2	1	27.696 1	67.183 1
2	1	27.873 1	67.714 1
2	1	27.882 1	67.388 1
2	1	27.150 1	67.756 1
2	1	27.446 1	67.300 1
2	1	27.306 1	67.1104 1
2	1	27.319 1	67.1122 1
2	1	27.819 1	67.326 1
2	1	27.577 1	67.854 1
2	1	27.877 1	67.893 1
2	1	27.327 1	67.6 1
2	1	27.963 1	67.271 1
2	1	27.190 1	67.312 1
2	1	27.31 1	67.871 1
2	1	27.908 1	67.195 1
2	1	27.27 1	67.808 1
2	1	27.239 1	67.965 1
2	1	27.356 1	67.1071 1
2	1	27.674 1	67.1017 1
2	1	27.981 1	67.333 1
2	1	27.508 1	67.545 1
3	2	27.969 1	67.763 1 67.34 0.904
2	1	27.502 1	67.554 1
2	1	27.131 1	67.873 1
2	1	27.234 1	67.961 1
2	1	27.320 1	67.1123 1
2	1	27.747 1	67.353 1
2	1	27.92 1	67.349 1
2	1	27.147 1	67.456 1
2	1	27.277 1	67.235 1
2	1	27.641 1	67.692 1
2	1	27.710 1	67.398 1
2	1	27.93 1	67.364 1
2	1	27.40 1	67.523 1
2	1	27.452 1	67.764 1
2	1	27.593 1	67.134 1
2	1	27.249 1	67.203 1
2	1	27.516 1	67.580 1
2	1	27.875 1	67.552 1
2	1	27.128 1	67.877 1
4	4	27.171 0.231 27.348 1	67.239 0.221 67.240 1
2	1	27.605 1	67.289 1
2	1	27.919 1	67.794 1
2	1	27.21 1	67.801 1
2	1	27.504 1	67.517 1
2	1	27.11 1	67.772 1
3	2	27.264 1	67.785 0.110 67.786 1
2	1	27.411 1	67.346 1
2	1	27.620 1	67.35 1
2	1	27.807 1	67.740 1
2	1	27.847 1	67.348 1
2	1	27.19 1	67.783 1
2	1	27.878 1	67.498 1
2	1	27.406 1	67.646 1
3	2	27.185 1 27.84 0.074	67.628 1
4	3	27.451 1	67.497 1 67.625 0.183 67.99 0.127
2	1	27.864 0.846	67.1083 0.846
2	1	27.587 0.789	67.140 0.789
2	1	27.310 0.850	67.1111 0.850
2	1	27.862 0.854	67.350 0.854
2	1	27.753 0.905	67.642 0.905
2	1	27.157 0.924	67.924 0.924
