Size	Relations	OrthoA	OrthoB
2	1	32.44 1	64.47 1
2	1	32.43 1	64.46 1
2	1	32.706 1	64.393 1
2	1	32.60 1	64.163 1
2	1	32.947 1	64.50 1
2	1	32.647 1	64.707 1
2	1	32.126 1	64.1122 1
2	1	32.58 1	64.153 1
2	1	32.367 1	64.445 1
2	1	32.604 1	64.417 1
2	1	32.731 1	64.904 1
2	1	32.168 1	64.924 1
2	1	32.935 1	64.790 1
2	1	32.347 1	64.1147 1
2	1	32.538 1	64.713 1
2	1	32.844 1	64.344 1
2	1	32.536 1	64.715 1
2	1	32.59 1	64.148 1
2	1	32.3 1	64.3 1
2	1	32.350 1	64.1144 1
2	1	32.818 1	64.308 1
2	1	32.125 1	64.1176 1
2	1	32.412 1	64.530 1
2	1	32.977 1	64.202 1
2	1	32.390 1	64.1085 1
3	2	32.569 1	64.724 1 64.497 0.779
2	1	32.103 1	64.1242 1
2	1	32.54 1	64.114 1
2	1	32.779 1	64.1269 1
2	1	32.176 1	64.1026 1
2	1	32.52 1	64.112 1
2	1	32.146 1	64.340 1
2	1	32.14 1	64.13 1
2	1	32.261 1	64.503 1
2	1	32.244 1	64.239 1
2	1	32.190 1	64.890 1
2	1	32.419 1	64.792 1
2	1	32.74 1	64.1077 1
2	1	32.966 1	64.220 1
2	1	32.856 1	64.1056 1
2	1	32.855 1	64.1331 1
2	1	32.109 1	64.1238 1
2	1	32.193 1	64.1021 1
2	1	32.693 1	64.396 1
2	1	32.946 1	64.51 1
2	1	32.19 1	64.17 1
2	1	32.130 1	64.1278 1
2	1	32.984 1	64.159 1
2	1	32.156 1	64.1230 1
2	1	32.751 1	64.771 1
2	1	32.555 1	64.511 1
2	1	32.229 1	64.349 1
2	1	32.908 1	64.271 1
2	1	32.150 1	64.305 1
2	1	32.151 1	64.1347 1
2	1	32.83 1	64.41 1
2	1	32.158 1	64.956 1
2	1	32.200 1	64.889 1
2	1	32.141 1	64.317 1
3	2	32.992 1 32.991 0.723	64.1338 1
2	1	32.93 1	64.289 1
2	1	32.242 1	64.238 1
2	1	32.691 1	64.398 1
2	1	32.467 1	64.615 1
2	1	32.302 1	64.336 1
2	1	32.943 1	64.1171 1
2	1	32.763 1	64.236 1
2	1	32.759 1	64.419 1
2	1	32.793 1	64.80 1
2	1	32.127 1	64.1281 1
2	1	32.457 1	64.1083 1
2	1	32.315 1	64.371 1
2	1	32.804 1	64.232 1
2	1	32.831 1	64.1065 1
2	1	32.91 1	64.56 1
2	1	32.741 1	64.517 1
2	1	32.245 1	64.851 1
2	1	32.805 1	64.231 1
2	1	32.849 1	64.152 1
2	1	32.969 1	64.217 1
2	1	32.978 1	64.201 1
2	1	32.282 1	64.535 1
2	1	32.99 1	64.283 1
4	3	32.327 1 32.752 0.097 32.77 0.114	64.983 1
2	1	32.740 1	64.518 1
2	1	32.337 1	64.815 1
2	1	32.112 1	64.1235 1
2	1	32.936 1	64.322 1
2	1	32.322 1	64.314 1
2	1	32.533 1	64.472 1
2	1	32.980 1	64.222 1
2	1	32.137 1	64.832 1
2	1	32.816 1	64.310 1
2	1	32.4 1	64.4 1
2	1	32.353 1	64.491 1
2	1	32.328 1	64.418 1
2	1	32.938 1	64.320 1
4	4	32.988 1 32.298 0.788	64.1335 1 64.459 0.853
2	1	32.745 1	64.908 1
2	1	32.939 1	64.319 1
2	1	32.994 1	64.1339 1
2	1	32.259 1	64.307 1
2	1	32.121 1	64.132 1
2	1	32.152 1	64.129 1
2	1	32.71 1	64.120 1
2	1	32.368 1	64.460 1
2	1	32.154 1	64.204 1
2	1	32.981 1	64.221 1
2	1	32.924 1	64.255 1
2	1	32.866 1	64.1216 1
2	1	32.959 1	64.33 1
2	1	32.971 1	64.215 1
2	1	32.839 1	64.1076 1
2	1	32.225 1	64.227 1
2	1	32.257 1	64.355 1
2	1	32.16 1	64.15 1
2	1	32.755 1	64.915 1
2	1	32.123 1	64.134 1
2	1	32.851 1	64.169 1
2	1	32.236 1	64.1027 1
2	1	32.409 1	64.330 1
2	1	32.944 1	64.1172 1
3	2	32.558 1 32.6 0.050	64.5 1
2	1	32.408 1	64.404 1
2	1	32.114 1	64.1233 1
2	1	32.720 1	64.432 1
3	2	32.226 1	64.228 1 64.886 0.893
3	2	32.965 1 32.183 0.850	64.1329 1
2	1	32.466 1	64.614 1
2	1	32.18 1	64.16 1
2	1	32.75 1	64.953 1
2	1	32.124 1	64.58 1
2	1	32.180 1	64.891 1
2	1	32.541 1	64.1063 1
2	1	32.896 1	64.240 1
2	1	32.743 1	64.515 1
2	1	32.901 1	64.276 1
3	2	32.227 1 32.202 0.882	64.229 1
2	1	32.111 1	64.1236 1
2	1	32.885 1	64.1053 1
2	1	32.26 1	64.247 1
2	1	32.723 1	64.429 1
2	1	32.756 1	64.916 1
2	1	32.983 1	64.144 1
2	1	32.387 1	64.1088 1
2	1	32.692 1	64.397 1
2	1	32.8 1	64.7 1
2	1	32.192 1	64.1020 1
2	1	32.314 1	64.370 1
2	1	32.87 1	64.285 1
2	1	32.898 1	64.1260 1
2	1	32.107 1	64.935 1
2	1	32.539 1	64.492 1
2	1	32.996 1	64.1341 1
2	1	32.859 1	64.1058 1
2	1	32.342 1	64.354 1
4	3	32.795 1 32.425 0.854 32.522 0.745	64.76 1
2	1	32.739 1	64.519 1
3	2	32.941 1	64.1148 1 64.118 0.887
2	1	32.182 1	64.954 1
2	1	32.366 1	64.444 1
2	1	32.998 1	64.1344 1
2	1	32.815 1	64.311 1
2	1	32.31 1	64.203 1
2	1	32.228 1	64.230 1
2	1	32.474 1	64.691 1
2	1	32.840 1	64.348 1
3	2	32.189 0.211 32.208 1	64.645 1
2	1	32.323 1	64.26 1
2	1	32.681 1	64.802 1
2	1	32.897 1	64.1259 1
2	1	32.811 1	64.124 1
2	1	32.695 1	64.394 1
2	1	32.268 1	64.895 1
3	2	32.86 1	64.495 1 64.288 0.755
2	1	32.397 1	64.827 1
2	1	32.820 1	64.1140 1
2	1	32.895 1	64.241 1
2	1	32.39 1	64.1262 1
3	2	32.641 1	64.1301 1 64.979 0.052
2	1	32.348 1	64.1146 1
2	1	32.303 1	64.337 1
2	1	32.742 1	64.516 1
2	1	32.576 1	64.533 1
2	1	32.324 1	64.25 1
2	1	32.711 1	64.757 1
2	1	32.781 1	64.1271 1
2	1	32.871 1	64.1221 1
2	1	32.968 1	64.218 1
2	1	32.61 1	64.164 1
3	2	32.650 1	64.1029 1 64.1153 0.682
2	1	32.684 1	64.721 1
2	1	32.809 1	64.126 1
2	1	32.921 1	64.258 1
2	1	32.89 1	64.55 1
2	1	32.861 1	64.1060 1
2	1	32.974 1	64.213 1
2	1	32.524 1	64.972 1
3	2	32.191 1 32.577 0.799	64.1019 1
2	1	32.585 1	64.761 1
2	1	32.157 1	64.955 1
2	1	32.410 1	64.331 1
2	1	32.587 1	64.758 1
2	1	32.65 1	64.151 1
2	1	32.708 1	64.391 1
2	1	32.78 1	64.1289 1
2	1	32.707 1	64.392 1
3	2	32.638 1	64.962 1 64.1175 0.585
2	1	32.894 1	64.242 1
2	1	32.92 1	64.982 1
2	1	32.252 1	64.462 1
2	1	32.747 1	64.910 1
2	1	32.863 1	64.639 1
2	1	32.880 1	64.59 1
2	1	32.940 1	64.318 1
2	1	32.783 1	64.1273 1
2	1	32.144 1	64.157 1
2	1	32.927 1	64.252 1
2	1	32.438 1	64.619 1
2	1	32.402 1	64.816 1
2	1	32.134 1	64.833 1
2	1	32.355 1	64.928 1
2	1	32.46 1	64.106 1
2	1	32.797 1	64.82 1
2	1	32.550 1	64.829 1
2	1	32.66 1	64.367 1
2	1	32.688 1	64.401 1
2	1	32.836 1	64.1073 1
2	1	32.926 1	64.253 1
2	1	32.948 1	64.49 1
2	1	32.143 1	64.1062 1
2	1	32.295 1	64.439 1
2	1	32.1 1	64.1 1
2	1	32.290 1	64.1154 1
2	1	32.333 1	64.298 1
2	1	32.63 1	64.149 1
2	1	32.356 1	64.927 1
2	1	32.845 1	64.523 1
2	1	32.351 1	64.1143 1
2	1	32.269 1	64.894 1
2	1	32.53 1	64.113 1
2	1	32.729 1	64.902 1
2	1	32.937 1	64.321 1
2	1	32.85 1	64.43 1
2	1	32.2 1	64.2 1
2	1	32.534 1	64.657 1
2	1	32.15 1	64.14 1
2	1	32.973 1	64.214 1
2	1	32.195 1	64.499 1
2	1	32.910 1	64.269 1
2	1	32.338 1	64.814 1
2	1	32.272 1	64.387 1
2	1	32.665 1	64.1102 1
2	1	32.30 1	64.1285 1
2	1	32.357 1	64.521 1
2	1	32.915 1	64.264 1
2	1	32.288 1	64.930 1
2	1	32.838 1	64.1075 1
2	1	32.912 1	64.267 1
2	1	32.837 1	64.1074 1
2	1	32.159 1	64.75 1
2	1	32.906 1	64.278 1
2	1	32.920 1	64.259 1
2	1	32.10 1	64.9 1
2	1	32.67 1	64.154 1
2	1	32.589 1	64.650 1
2	1	32.976 1	64.155 1
2	1	32.886 1	64.1054 1
2	1	32.949 1	64.48 1
2	1	32.535 1	64.524 1
2	1	32.854 1	64.1330 1
2	1	32.122 1	64.133 1
2	1	32.554 1	64.796 1
2	1	32.789 1	64.316 1
2	1	32.653 1	64.361 1
2	1	32.286 1	64.435 1
3	2	32.287 1	64.496 1 64.436 0.765
2	1	32.873 1	64.1224 1
2	1	32.960 1	64.31 1
2	1	32.995 1	64.1340 1
2	1	32.660 1	64.592 1
2	1	32.179 1	64.1002 1
2	1	32.637 1	64.963 1
2	1	32.310 1	64.636 1
2	1	32.674 1	64.989 1
3	2	32.835 1	64.1072 1 64.620 0.789
2	1	32.544 1	64.992 1
2	1	32.566 1	64.596 1
2	1	32.721 1	64.431 1
2	1	32.84 1	64.42 1
2	1	32.20 1	64.18 1
3	2	32.567 1 32.790 0.820	64.103 1
2	1	32.131 1	64.1277 1
2	1	32.258 1	64.368 1
2	1	32.381 1	64.1131 1
2	1	32.12 1	64.11 1
2	1	32.407 1	64.477 1
3	2	32.456 1 32.488 0.714	64.1082 1
2	1	32.841 1	64.347 1
2	1	32.565 1	64.595 1
2	1	32.230 1	64.854 1
2	1	32.36 1	64.208 1
2	1	32.395 1	64.831 1
2	1	32.670 1	64.364 1
2	1	32.842 1	64.346 1
2	1	32.917 1	64.262 1
2	1	32.113 1	64.1234 1
2	1	32.961 1	64.30 1
2	1	32.590 1	64.627 1
2	1	32.320 1	64.301 1
2	1	32.843 1	64.345 1
2	1	32.902 1	64.275 1
2	1	32.171 1	64.919 1
2	1	32.421 1	64.613 1
2	1	32.690 1	64.399 1
4	4	32.862 1 32.316 0.742	64.640 1 64.824 0.117
2	1	32.572 1	64.716 1
2	1	32.710 1	64.389 1
2	1	32.907 1	64.272 1
2	1	32.135 1	64.1307 1
2	1	32.891 1	64.1282 1
2	1	32.147 1	64.934 1
2	1	32.38 1	64.1263 1
2	1	32.819 1	64.1139 1
2	1	32.104 1	64.1240 1
2	1	32.284 1	64.433 1
2	1	32.909 1	64.270 1
2	1	32.273 1	64.388 1
2	1	32.595 1	64.1052 1
2	1	32.874 1	64.1225 1
2	1	32.106 1	64.936 1
2	1	32.709 1	64.390 1
2	1	32.13 1	64.12 1
5	6	32.294 0.351 32.82 1	64.351 0.356 64.40 0.515 64.537 1
2	1	32.247 1	64.525 1
2	1	32.913 1	64.266 1
2	1	32.726 1	64.898 1
2	1	32.903 1	64.274 1
2	1	32.727 1	64.900 1
2	1	32.414 1	64.531 1
2	1	32.48 1	64.108 1
2	1	32.393 1	64.997 1
2	1	32.118 1	64.130 1
2	1	32.285 1	64.434 1
2	1	32.341 1	64.353 1
2	1	32.80 1	64.1288 1
2	1	32.986 1	64.1333 1
2	1	32.900 1	64.277 1
4	3	32.420 1	64.146 0.120 64.23 0.166 64.24 1
2	1	32.659 1	64.593 1
2	1	32.321 1	64.302 1
2	1	32.108 1	64.1239 1
2	1	32.248 1	64.224 1
2	1	32.29 1	64.1286 1
2	1	32.45 1	64.141 1
2	1	32.543 1	64.993 1
2	1	32.704 1	64.841 1
2	1	32.860 1	64.1059 1
2	1	32.417 1	64.793 1
3	2	32.556 1	64.512 1 64.1134 0.861
2	1	32.32 1	64.205 1
2	1	32.72 1	64.121 1
2	1	32.599 1	64.137 1
2	1	32.892 1	64.1283 1
2	1	32.672 1	64.1096 1
2	1	32.673 1	64.534 1
2	1	32.893 1	64.243 1
2	1	32.975 1	64.212 1
2	1	32.767 1	64.835 1
2	1	32.149 1	64.932 1
2	1	32.455 1	64.1084 1
2	1	32.782 1	64.1272 1
2	1	32.962 1	64.29 1
2	1	32.237 1	64.1107 1
2	1	32.206 1	64.105 1
2	1	32.301 1	64.335 1
2	1	32.922 1	64.257 1
2	1	32.382 1	64.304 1
2	1	32.377 1	64.807 1
2	1	32.830 1	64.917 1
2	1	32.928 1	64.251 1
2	1	32.153 1	64.1055 1
3	2	32.884 1	64.899 0.114 64.957 1
2	1	32.958 1	64.34 1
2	1	32.40 1	64.1305 1
2	1	32.762 1	64.332 1
2	1	32.923 1	64.256 1
2	1	32.255 1	64.413 1
2	1	32.334 1	64.299 1
2	1	32.746 1	64.909 1
2	1	32.852 1	64.167 1
2	1	32.982 1	64.223 1
2	1	32.41 1	64.1304 1
4	3	32.658 1 32.664 0.227 32.719 0.259	64.594 1
2	1	32.814 1	64.312 1
2	1	32.701 1	64.838 1
2	1	32.761 1	64.359 1
3	2	32.116 1 32.652 0.947	64.1127 1
2	1	32.232 1	64.852 1
2	1	32.343 1	64.211 1
2	1	32.601 1	64.136 1
2	1	32.788 1	64.1276 1
2	1	32.9 1	64.8 1
2	1	32.911 1	64.268 1
2	1	32.326 1	64.303 1
2	1	32.667 1	64.510 1
2	1	32.406 1	64.476 1
2	1	32.88 1	64.286 1
2	1	32.155 1	64.1231 1
2	1	32.281 1	64.991 1
2	1	32.760 1	64.360 1
2	1	32.887 1	64.237 1
4	3	32.101 1 32.166 0.244 32.385 0.222	64.406 1
2	1	32.354 1	64.929 1
2	1	32.722 1	64.430 1
2	1	32.330 1	64.295 1
2	1	32.867 1	64.1217 1
2	1	32.918 1	64.261 1
2	1	32.970 1	64.216 1
2	1	32.186 1	64.850 1
7	6	32.312 1 32.478 0.352 32.620 0.292 32.786 0.950 32.882 0.955 32.990 0.950	64.438 1
2	1	32.62 1	64.165 1
2	1	32.785 1	64.1275 1
2	1	32.888 1	64.828 1
2	1	32.142 1	64.1064 1
2	1	32.335 1	64.443 1
2	1	32.868 1	64.1218 1
2	1	32.683 1	64.720 1
2	1	32.22 1	64.20 1
2	1	32.306 1	64.986 1
2	1	32.513 1	64.52 1
2	1	32.702 1	64.839 1
2	1	32.916 1	64.263 1
2	1	32.987 1	64.1334 1
2	1	32.145 1	64.339 1
2	1	32.700 1	64.837 1
2	1	32.129 1	64.1279 1
2	1	32.253 1	64.411 1
2	1	32.581 1	64.1030 1
2	1	32.780 1	64.1270 1
2	1	32.853 1	64.166 1
2	1	32.105 1	64.341 1
2	1	32.178 1	64.789 1
2	1	32.834 1	64.1071 1
2	1	32.25 1	64.246 1
2	1	32.925 1	64.254 1
2	1	32.349 1	64.1145 1
2	1	32.645 1	64.719 1
2	1	32.685 1	64.597 1
2	1	32.689 1	64.400 1
2	1	32.963 1	64.28 1
2	1	32.117 1	64.1126 1
2	1	32.416 1	64.794 1
2	1	32.94 1	64.281 1
2	1	32.399 1	64.825 1
2	1	32.437 1	64.498 1
2	1	32.694 1	64.395 1
2	1	32.748 1	64.911 1
2	1	32.21 1	64.19 1
2	1	32.730 1	64.903 1
3	2	32.764 1	64.235 1 64.683 0.462
2	1	32.914 1	64.265 1
2	1	32.148 1	64.933 1
2	1	32.201 1	64.762 1
2	1	32.24 1	64.22 1
2	1	32.405 1	64.475 1
2	1	32.70 1	64.119 1
2	1	32.967 1	64.219 1
2	1	32.391 1	64.834 1
2	1	32.570 1	64.618 1
2	1	32.791 1	64.104 1
2	1	32.875 1	64.1226 1
2	1	32.100 1	64.284 1
2	1	32.23 1	64.21 1
2	1	32.57 1	64.1287 1
2	1	32.905 1	64.273 1
2	1	32.398 1	64.826 1
2	1	32.593 1	64.998 1
2	1	32.11 1	64.10 1
2	1	32.305 1	64.987 1
2	1	32.345 1	64.1137 1
3	2	32.794 1 32.205 0.830	64.79 1
2	1	32.319 1	64.249 1
2	1	32.388 1	64.1087 1
2	1	32.705 1	64.1089 1
2	1	32.753 1	64.912 1
2	1	32.929 1	64.968 1
2	1	32.796 1	64.77 1
2	1	32.957 1	64.35 1
2	1	32.304 1	64.988 1
2	1	32.531 1	64.633 1
2	1	32.600 1	64.139 1
2	1	32.800 1	64.127 1
2	1	32.51 1	64.111 1
2	1	32.784 1	64.1274 1
2	1	32.817 1	64.309 1
2	1	32.942 1	64.421 1
3	2	32.280 1	64.142 1 64.350 0.094
2	1	32.309 1	64.638 1
2	1	32.598 1	64.138 1
2	1	32.985 1	64.1332 1
2	1	32.765 1	64.143 1
2	1	32.133 1	64.725 1
2	1	32.376 1	64.808 1
2	1	32.919 1	64.260 1
2	1	32.955 1	64.38 1
2	1	32.956 1	64.36 1
2	1	32.69 1	64.156 1
2	1	32.999 1	64.1345 1
2	1	32.401 1	64.818 1
2	1	32.50 1	64.110 1
2	1	32.325 1	64.478 1
2	1	32.728 1	64.901 1
2	1	32.231 1	64.853 1
2	1	32.299 1	64.333 1
2	1	32.597 1	64.140 1
2	1	32.833 1	64.1070 1
2	1	32.110 1	64.1237 1
6	5	32.434 1	64.1039 0.977 64.551 1 64.738 0.977 64.750 0.075 64.751 0.067
2	1	32.262 1	64.504 1
2	1	32.810 1	64.125 1
2	1	32.847 1	64.473 1
2	1	32.872 1	64.1222 1
2	1	32.754 1	64.913 1
2	1	32.276 1	64.1103 1
3	2	32.712 1 32.34 0.928	64.710 1
2	1	32.680 1	64.687 1
2	1	32.724 1	64.897 1
2	1	32.876 1	64.1227 1
2	1	32.308 1	64.985 1
2	1	32.49 1	64.109 1
2	1	32.95 1	64.282 1
2	1	32.172 1	64.689 1
2	1	32.571 1	64.959 1
2	1	32.7 1	64.6 1
2	1	32.1000 1	64.1346 1
2	1	32.254 1	64.412 1
2	1	32.271 1	64.723 1
2	1	32.553 1	64.797 1
3	2	32.132 1	64.1123 0.225 64.27 1
2	1	32.296 1	64.442 1
2	1	32.332 1	64.297 1
2	1	32.551 1	64.471 1
2	1	32.583 1	64.772 1
2	1	32.657 1	64.926 1
2	1	32.813 1	64.500 1
2	1	32.732 1	64.562 1
2	1	32.832 1	64.1067 1
2	1	32.35 1	64.207 1
3	2	32.361 1	64.488 0.129 64.806 1
2	1	32.239 1	64.1142 1
2	1	32.389 1	64.1086 1
2	1	32.540 1	64.791 1
2	1	32.415 1	64.795 1
2	1	32.454 1	64.635 1
2	1	32.496 1	64.514 1
2	1	32.55 1	64.115 1
2	1	32.485 1	64.1094 1
4	3	32.633 0.475 32.636 1 32.642 0.503	64.980 1
2	1	32.656 1	64.631 1
2	1	32.828 1	64.470 1
2	1	32.270 1	64.893 1
2	1	32.592 1	64.628 1
2	1	32.300 1	64.334 1
5	4	32.317 1	64.536 0.095 64.557 1 64.688 0.068 64.974 0.145
2	1	32.545 1	64.1023 1
2	1	32.679 1	64.950 1
2	1	32.715 1	64.847 1
2	1	32.68 1	64.131 1
2	1	32.889 1	64.984 1
2	1	32.297 0.719	64.1336 0.719
2	1	32.251 0.843	64.461 0.843
