Size	Relations	OrthoA	OrthoB
2	1	32.44 1	65.74 1
2	1	32.43 1	65.73 1
2	1	32.706 1	65.516 1
2	1	32.60 1	65.256 1
2	1	32.947 1	65.77 1
2	1	32.647 1	65.1185 1
2	1	32.126 1	65.2031 1
2	1	32.58 1	65.244 1
2	1	32.367 1	65.573 1
2	1	32.604 1	65.542 1
2	1	32.731 1	65.1407 1
2	1	32.935 1	65.797 1
2	1	32.168 1	65.1497 1
2	1	32.347 1	65.2077 1
2	1	32.538 1	65.1191 1
2	1	32.844 1	65.476 1
2	1	32.59 1	65.238 1
2	1	32.3 1	65.3 1
2	1	32.125 1	65.2097 1
2	1	32.977 1	65.266 1
2	1	32.412 1	65.711 1
2	1	32.390 1	65.1951 1
2	1	32.818 1	65.427 1
2	1	32.103 1	65.2178 1
2	1	32.54 1	65.155 1
2	1	32.52 1	65.153 1
2	1	32.779 1	65.2201 1
2	1	32.176 1	65.1879 1
2	1	32.14 1	65.13 1
2	1	32.146 1	65.459 1
2	1	32.190 1	65.1393 1
2	1	32.261 1	65.657 1
2	1	32.74 1	65.1922 1
2	1	32.419 1	65.794 1
2	1	32.966 1	65.286 1
2	1	32.536 1	65.1195 1
3	2	32.569 1	65.1047 1 65.629 0.779
2	1	32.244 1	65.338 1
2	1	32.855 1	65.2282 1
2	1	32.109 1	65.2174 1
2	1	32.693 1	65.519 1
2	1	32.946 1	65.78 1
2	1	32.130 1	65.2211 1
2	1	32.19 1	65.18 1
2	1	32.156 1	65.2165 1
2	1	32.984 1	65.251 1
2	1	32.229 1	65.481 1
2	1	32.908 1	65.372 1
2	1	32.150 1	65.410 1
2	1	32.151 1	65.2307 1
2	1	32.83 1	65.47 1
2	1	32.200 1	65.1392 1
2	1	32.93 1	65.392 1
2	1	32.141 1	65.437 1
2	1	32.691 1	65.521 1
2	1	32.242 1	65.337 1
2	1	32.302 1	65.455 1
2	1	32.467 1	65.1259 1
3	2	32.992 1 32.298 0.853	65.588 1
2	1	32.759 1	65.547 1
2	1	32.763 1	65.335 1
2	1	32.315 1	65.507 1
2	1	32.831 1	65.1911 1
2	1	32.457 1	65.1949 1
2	1	32.127 1	65.2214 1
2	1	32.245 1	65.1636 1
2	1	32.849 1	65.243 1
2	1	32.282 1	65.717 1
2	1	32.99 1	65.384 1
2	1	32.337 1	65.734 1
2	1	32.740 1	65.695 1
2	1	32.112 1	65.2171 1
3	2	32.936 1 32.323 0.750	65.442 1
2	1	32.322 1	65.434 1
2	1	32.980 1	65.288 1
2	1	32.533 1	65.612 1
2	1	32.137 1	65.1610 1
2	1	32.816 1	65.429 1
2	1	32.4 1	65.4 1
2	1	32.938 1	65.440 1
2	1	32.353 1	65.622 1
3	2	32.988 1 32.297 0.703	65.2286 1
2	1	32.745 1	65.1411 1
2	1	32.994 1	65.2291 1
4	3	32.327 1 32.752 0.146 32.77 0.164	65.1823 1
2	1	32.939 1	65.439 1
2	1	32.121 1	65.173 1
2	1	32.978 1	65.265 1
2	1	32.368 1	65.589 1
2	1	32.71 1	65.160 1
2	1	32.981 1	65.287 1
2	1	32.152 1	65.170 1
2	1	32.805 1	65.328 1
2	1	32.924 1	65.356 1
2	1	32.866 1	65.2132 1
2	1	32.350 1	65.2073 1
2	1	32.741 1	65.694 1
2	1	32.225 1	65.324 1
2	1	32.971 1	65.280 1
2	1	32.839 1	65.1921 1
2	1	32.16 1	65.15 1
2	1	32.755 1	65.1418 1
2	1	32.409 1	65.450 1
2	1	32.851 1	65.262 1
2	1	32.236 1	65.1880 1
2	1	32.408 1	65.527 1
2	1	32.114 1	65.2169 1
2	1	32.123 1	65.175 1
3	2	32.558 1 32.6 0.064	65.5 1
2	1	32.720 1	65.560 1
3	2	32.965 1 32.183 0.850	65.2280 1
2	1	32.226 1	65.325 1
2	1	32.75 1	65.1582 1
2	1	32.943 1	65.2094 1
2	1	32.466 1	65.1260 1
2	1	32.944 1	65.2096 1
2	1	32.180 1	65.1394 1
2	1	32.885 1	65.1887 1
2	1	32.901 1	65.377 1
2	1	32.26 1	65.347 1
2	1	32.111 1	65.2172 1
2	1	32.756 1	65.1419 1
2	1	32.723 1	65.557 1
3	2	32.202 0.056 32.227 1	65.326 1
2	1	32.896 1	65.339 1
2	1	32.692 1	65.520 1
2	1	32.856 1	65.1890 1
2	1	32.983 1	65.217 1
2	1	32.387 1	65.1954 1
2	1	32.8 1	65.7 1
2	1	32.314 1	65.506 1
2	1	32.342 1	65.486 1
2	1	32.539 1	65.623 1
2	1	32.87 1	65.386 1
2	1	32.107 1	65.1569 1
2	1	32.681 1	65.784 1
2	1	32.996 1	65.2293 1
2	1	32.859 1	65.1893 1
3	2	32.941 1	65.2078 1 65.158 0.887
2	1	32.739 1	65.696 1
2	1	32.998 1	65.2304 1
2	1	32.31 1	65.267 1
2	1	32.366 1	65.572 1
2	1	32.811 1	65.166 1
2	1	32.228 1	65.327 1
2	1	32.840 1	65.480 1
2	1	32.268 1	65.1398 1
2	1	32.86 1	65.627 1
2	1	32.39 1	65.2185 1
2	1	32.397 1	65.1604 1
2	1	32.820 1	65.2068 1
2	1	32.695 1	65.517 1
2	1	32.348 1	65.2076 1
2	1	32.895 1	65.340 1
2	1	32.303 1	65.456 1
3	2	32.641 1	65.1819 0.058 65.2259 1
2	1	32.781 1	65.2203 1
2	1	32.576 1	65.714 1
2	1	32.742 1	65.692 1
2	1	32.711 1	65.1029 1
2	1	32.871 1	65.2140 1
2	1	32.61 1	65.257 1
2	1	32.684 1	65.1231 1
2	1	32.809 1	65.168 1
2	1	32.968 1	65.284 1
2	1	32.921 1	65.359 1
2	1	32.861 1	65.1896 1
2	1	32.974 1	65.278 1
3	2	32.374 1	65.1115 1 65.1122 1
3	2	32.638 1	65.1801 1 65.2098 0.607
2	1	32.707 1	65.515 1
2	1	32.78 1	65.2223 1
2	1	32.18 1	65.17 1
2	1	32.65 1	65.242 1
2	1	32.410 1	65.451 1
2	1	32.585 1	65.1025 1
2	1	32.587 1	65.1028 1
2	1	32.708 1	65.514 1
2	1	32.894 1	65.341 1
2	1	32.747 1	65.1413 1
2	1	32.880 1	65.85 1
2	1	32.969 1	65.282 1
2	1	32.783 1	65.2205 1
2	1	32.940 1	65.438 1
2	1	32.355 1	65.1562 1
2	1	32.959 1	65.38 1
2	1	32.927 1	65.352 1
2	1	32.144 1	65.248 1
2	1	32.402 1	65.752 1
2	1	32.863 1	65.1088 1
3	2	32.154 1 32.328 0.180	65.269 1
2	1	32.550 1	65.1607 1
2	1	32.948 1	65.76 1
2	1	32.134 1	65.1611 1
2	1	32.46 1	65.147 1
2	1	32.63 1	65.239 1
2	1	32.295 1	65.566 1
2	1	32.66 1	65.503 1
2	1	32.836 1	65.1918 1
2	1	32.1 1	65.1 1
2	1	32.333 1	65.401 1
2	1	32.356 1	65.1561 1
2	1	32.937 1	65.441 1
2	1	32.474 1	65.1171 1
2	1	32.729 1	65.1405 1
2	1	32.688 1	65.524 1
2	1	32.53 1	65.154 1
2	1	32.85 1	65.49 1
2	1	32.973 1	65.279 1
2	1	32.15 1	65.14 1
2	1	32.195 1	65.631 1
2	1	32.2 1	65.2 1
2	1	32.288 1	65.1564 1
2	1	32.351 1	65.2072 1
2	1	32.269 1	65.1397 1
2	1	32.338 1	65.735 1
2	1	32.534 1	65.1126 1
2	1	32.845 1	65.702 1
2	1	32.272 1	65.510 1
2	1	32.357 1	65.698 1
2	1	32.910 1	65.370 1
2	1	32.665 1	65.2008 1
2	1	32.915 1	65.365 1
2	1	32.30 1	65.2218 1
2	1	32.837 1	65.1919 1
2	1	32.838 1	65.1920 1
2	1	32.159 1	65.101 1
2	1	32.906 1	65.379 1
2	1	32.589 1	65.1107 1
2	1	32.912 1	65.368 1
2	1	32.920 1	65.360 1
2	1	32.10 1	65.9 1
2	1	32.67 1	65.245 1
2	1	32.886 1	65.1888 1
2	1	32.949 1	65.75 1
2	1	32.789 1	65.436 1
2	1	32.976 1	65.246 1
2	1	32.854 1	65.2281 1
2	1	32.122 1	65.174 1
2	1	32.653 1	65.496 1
2	1	32.995 1	65.2292 1
3	2	32.287 1	65.628 1 65.564 0.765
2	1	32.804 1	65.331 1
2	1	32.660 1	65.1385 1
2	1	32.960 1	65.36 1
2	1	32.179 1	65.1852 1
2	1	32.873 1	65.2143 1
2	1	32.721 1	65.559 1
2	1	32.259 1	65.421 1
2	1	32.637 1	65.1802 1
2	1	32.835 1	65.1917 1
2	1	32.20 1	65.19 1
2	1	32.898 1	65.2182 1
2	1	32.566 1	65.1380 1
3	2	32.567 1 32.790 0.820	65.108 1
2	1	32.674 1	65.1830 1
2	1	32.286 1	65.563 1
2	1	32.670 1	65.499 1
2	1	32.131 1	65.2210 1
2	1	32.84 1	65.48 1
2	1	32.12 1	65.11 1
2	1	32.230 1	65.1655 1
2	1	32.258 1	65.504 1
2	1	32.36 1	65.273 1
2	1	32.407 1	65.617 1
2	1	32.565 1	65.1381 1
2	1	32.841 1	65.479 1
2	1	32.842 1	65.478 1
3	2	32.456 1 32.488 0.714	65.1948 1
2	1	32.815 1	65.430 1
2	1	32.961 1	65.35 1
2	1	32.395 1	65.1609 1
2	1	32.917 1	65.363 1
2	1	32.113 1	65.2170 1
2	1	32.320 1	65.406 1
2	1	32.902 1	65.376 1
2	1	32.690 1	65.522 1
2	1	32.710 1	65.512 1
2	1	32.751 1	65.1190 1
2	1	32.897 1	65.2180 1
2	1	32.171 1	65.1492 1
2	1	32.421 1	65.1261 1
2	1	32.743 1	65.690 1
2	1	32.891 1	65.2215 1
2	1	32.147 1	65.1568 1
2	1	32.38 1	65.2186 1
2	1	32.819 1	65.2067 1
2	1	32.862 1	65.1089 1
2	1	32.907 1	65.373 1
2	1	32.104 1	65.2176 1
2	1	32.572 1	65.1196 1
2	1	32.843 1	65.477 1
2	1	32.909 1	65.371 1
2	1	32.273 1	65.511 1
2	1	32.874 1	65.2144 1
2	1	32.284 1	65.561 1
2	1	32.257 1	65.487 1
2	1	32.595 1	65.1886 1
2	1	32.709 1	65.513 1
2	1	32.106 1	65.1570 1
2	1	32.13 1	65.12 1
2	1	32.247 1	65.705 1
2	1	32.555 1	65.684 1
5	6	32.294 0.351 32.82 1	65.46 0.512 65.483 0.351 65.721 1
2	1	32.913 1	65.367 1
2	1	32.48 1	65.149 1
2	1	32.726 1	65.1401 1
2	1	32.727 1	65.1403 1
2	1	32.341 1	65.485 1
4	4	32.118 1 32.145 0.870	65.171 1 65.157 0.927
2	1	32.285 1	65.562 1
2	1	32.414 1	65.712 1
2	1	32.903 1	65.375 1
2	1	32.393 1	65.1846 1
2	1	32.986 1	65.2284 1
2	1	32.900 1	65.378 1
2	1	32.108 1	65.2175 1
2	1	32.321 1	65.407 1
2	1	32.310 1	65.1086 1
2	1	32.248 1	65.290 1
2	1	32.29 1	65.2219 1
2	1	32.417 1	65.793 1
2	1	32.45 1	65.213 1
2	1	32.556 1	65.686 1
2	1	32.80 1	65.2221 1
2	1	32.892 1	65.2216 1
2	1	32.32 1	65.270 1
2	1	32.72 1	65.161 1
2	1	32.767 1	65.1625 1
2	1	32.672 1	65.1924 1
2	1	32.599 1	65.209 1
2	1	32.455 1	65.1950 1
2	1	32.782 1	65.2204 1
2	1	32.975 1	65.277 1
2	1	32.149 1	65.1566 1
2	1	32.922 1	65.358 1
2	1	32.962 1	65.34 1
2	1	32.301 1	65.454 1
2	1	32.237 1	65.2015 1
2	1	32.928 1	65.351 1
2	1	32.830 1	65.1420 1
2	1	32.958 1	65.40 1
2	1	32.255 1	65.538 1
2	1	32.377 1	65.777 1
2	1	32.923 1	65.357 1
2	1	32.382 1	65.409 1
6	5	32.217 1	65.1219 1 65.123 1 65.228 0.230 65.229 0.071 65.840 0.996
2	1	32.644 1	65.2395 1
2	1	32.982 1	65.289 1
2	1	32.746 1	65.1412 1
2	1	32.852 1	65.260 1
2	1	32.334 1	65.402 1
2	1	32.40 1	65.2263 1
2	1	32.41 1	65.2262 1
4	3	32.658 1 32.664 0.228 32.719 0.260	65.1382 1
2	1	32.761 1	65.494 1
2	1	32.814 1	65.432 1
2	1	32.911 1	65.369 1
2	1	32.701 1	65.1629 1
3	2	32.116 1 32.652 0.947	65.2035 1
2	1	32.788 1	65.2209 1
2	1	32.155 1	65.2166 1
2	1	32.232 1	65.1653 1
2	1	32.406 1	65.616 1
3	2	32.650 1	65.1882 1 65.2083 0.682
2	1	32.667 1	65.682 1
2	1	32.860 1	65.1895 1
2	1	32.88 1	65.387 1
2	1	32.887 1	65.336 1
2	1	32.760 1	65.495 1
2	1	32.354 1	65.1563 1
2	1	32.868 1	65.2134 1
2	1	32.330 1	65.398 1
2	1	32.884 1	65.1402 1
2	1	32.888 1	65.1606 1
2	1	32.918 1	65.362 1
2	1	32.970 1	65.281 1
2	1	32.290 1	65.2084 1
2	1	32.420 1	65.26 1
2	1	32.543 1	65.1842 1
2	1	32.722 1	65.558 1
8	12	32.312 1 32.478 0.353 32.620 0.292 32.786 0.951 32.882 0.955 32.990 0.951	65.1580 0.065 65.565 1
2	1	32.785 1	65.2208 1
2	1	32.867 1	65.2133 1
2	1	32.186 1	65.1635 1
2	1	32.62 1	65.258 1
2	1	32.683 1	65.1230 1
2	1	32.153 1	65.1889 1
2	1	32.335 1	65.571 1
2	1	32.89 1	65.83 1
2	1	32.22 1	65.21 1
2	1	32.987 1	65.2285 1
2	1	32.581 1	65.1883 1
2	1	32.659 1	65.1383 1
2	1	32.129 1	65.2212 1
2	1	32.702 1	65.1630 1
2	1	32.893 1	65.343 1
2	1	32.253 1	65.536 1
2	1	32.142 1	65.1910 1
2	1	32.178 1	65.798 1
2	1	32.916 1	65.364 1
2	1	32.780 1	65.2202 1
2	1	32.25 1	65.346 1
2	1	32.535 1	65.704 1
2	1	32.689 1	65.523 1
2	1	32.853 1	65.259 1
4	3	32.101 1 32.166 0.286 32.385 0.265	65.530 1
2	1	32.541 1	65.1906 1
2	1	32.925 1	65.355 1
2	1	32.9 1	65.8 1
2	1	32.834 1	65.1916 1
2	1	32.645 1	65.1229 1
2	1	32.117 1	65.2034 1
2	1	32.349 1	65.2075 1
2	1	32.963 1	65.33 1
2	1	32.416 1	65.792 1
2	1	32.437 1	65.630 1
2	1	32.748 1	65.1414 1
2	1	32.94 1	65.382 1
3	2	32.764 1	65.334 1 65.641 0.260
2	1	32.914 1	65.366 1
2	1	32.105 1	65.461 1
2	1	32.21 1	65.20 1
2	1	32.800 1	65.169 1
2	1	32.24 1	65.23 1
2	1	32.405 1	65.615 1
2	1	32.201 1	65.1024 1
2	1	32.399 1	65.1602 1
2	1	32.70 1	65.159 1
2	1	32.148 1	65.1567 1
8	7	32.210 1	65.1213 0.988 65.129 0.990 65.654 0.351 65.724 1 65.727 0.111 65.728 0.116 65.834 0.990
2	1	32.23 1	65.22 1
2	1	32.391 1	65.1624 1
2	1	32.438 1	65.1241 1
2	1	32.685 1	65.1379 1
2	1	32.791 1	65.109 1
2	1	32.875 1	65.2145 1
2	1	32.570 1	65.1242 1
2	1	32.730 1	65.1406 1
2	1	32.100 1	65.385 1
2	1	32.57 1	65.2220 1
2	1	32.593 1	65.1847 1
2	1	32.11 1	65.10 1
2	1	32.305 1	65.1828 1
2	1	32.398 1	65.1603 1
2	1	32.143 1	65.1908 1
2	1	32.319 1	65.349 1
2	1	32.388 1	65.1953 1
2	1	32.705 1	65.1955 1
2	1	32.753 1	65.1415 1
2	1	32.905 1	65.374 1
2	1	32.926 1	65.353 1
2	1	32.304 1	65.1829 1
2	1	32.434 1	65.1577 1
2	1	32.598 1	65.210 1
2	1	32.817 1	65.428 1
2	1	32.829 1	65.640 1
2	1	32.206 1	65.146 1
2	1	32.309 1	65.1087 1
2	1	32.50 1	65.151 1
2	1	32.531 1	65.1074 1
7	6	32.616 1	65.100 0.881 65.1605 1 65.1657 0.159 65.2188 0.062 65.700 0.067 65.701 0.113
2	1	32.600 1	65.211 1
2	1	32.957 1	65.41 1
2	1	32.51 1	65.152 1
2	1	32.765 1	65.216 1
2	1	32.967 1	65.285 1
2	1	32.985 1	65.2283 1
2	1	32.376 1	65.776 1
2	1	32.496 1	65.689 1
2	1	32.942 1	65.549 1
2	1	32.69 1	65.247 1
2	1	32.133 1	65.1046 1
2	1	32.955 1	65.44 1
2	1	32.956 1	65.42 1
2	1	32.999 1	65.2305 1
2	1	32.326 1	65.408 1
2	1	32.919 1	65.361 1
2	1	32.673 1	65.715 1
2	1	32.728 1	65.1404 1
2	1	32.401 1	65.1587 1
2	1	32.299 1	65.452 1
2	1	32.597 1	65.212 1
2	1	32.784 1	65.2207 1
2	1	32.231 1	65.1654 1
2	1	32.280 1	65.482 1
2	1	32.847 1	65.613 1
2	1	32.110 1	65.2173 1
2	1	32.833 1	65.1915 1
2	1	32.872 1	65.2141 1
2	1	32.680 1	65.647 1
2	1	32.262 1	65.658 1
2	1	32.554 1	65.790 1
3	2	32.712 1 32.34 0.928	65.1188 1
2	1	32.754 1	65.1416 1
2	1	32.810 1	65.167 1
2	1	32.876 1	65.2146 1
6	5	32.212 1	65.1150 0.121 65.1215 0.877 65.127 0.828 65.2057 0.112 65.836 1
2	1	32.308 1	65.1826 1
2	1	32.49 1	65.150 1
2	1	32.513 1	65.79 1
2	1	32.7 1	65.6 1
2	1	32.571 1	65.1799 1
2	1	32.724 1	65.1400 1
2	1	32.1000 1	65.2306 1
2	1	32.254 1	65.537 1
2	1	32.271 1	65.1234 1
2	1	32.296 1	65.570 1
2	1	32.635 1	65.2362 1
2	1	32.700 1	65.1628 1
2	1	32.332 1	65.400 1
2	1	32.95 1	65.383 1
3	2	32.132 1	65.2032 0.198 65.32 1
2	1	32.583 1	65.876 1
2	1	32.276 1	65.2009 1
2	1	32.551 1	65.611 1
2	1	32.657 1	65.1560 1
2	1	32.832 1	65.1913 1
2	1	32.35 1	65.272 1
2	1	32.415 1	65.791 1
2	1	32.239 1	65.2071 1
2	1	32.400 1	65.1659 1
2	1	32.540 1	65.796 1
2	1	32.270 1	65.1396 1
2	1	32.55 1	65.156 1
2	1	32.850 1	65.1994 1
2	1	32.656 1	65.1072 1
2	1	32.300 1	65.453 1
2	1	32.68 1	65.172 1
2	1	32.715 1	65.1633 1
2	1	32.733 1	65.1408 1
2	1	32.553 1	65.789 1
2	1	32.592 1	65.1064 1
2	1	32.325 1	65.618 1
2	1	32.889 1	65.1825 1
2	1	32.991 0.760	65.2287 0.760
