Size	Relations	OrthoA	OrthoB
2	1	32.43 1	63.56 1
2	1	32.44 1	63.57 1
2	1	32.706 1	63.707 1
2	1	32.60 1	63.85 1
2	1	32.58 1	63.83 1
2	1	32.367 1	63.372 1
2	1	32.731 1	63.731 1
2	1	32.890 1	63.902 1
2	1	32.538 1	63.469 1
2	1	32.126 1	63.168 1
2	1	32.125 1	63.166 1
2	1	32.947 1	63.966 1
2	1	32.127 1	63.174 1
2	1	32.935 1	63.944 1
2	1	32.604 1	63.524 1
2	1	32.96 1	63.901 1
2	1	32.818 1	63.804 1
2	1	32.929 1	63.974 1
2	1	32.119 1	63.98 1
2	1	32.647 1	63.529 1
2	1	32.419 1	63.447 1
2	1	32.856 1	63.845 1
2	1	32.855 1	63.844 1
2	1	32.168 1	63.207 1
2	1	32.536 1	63.467 1
2	1	32.390 1	63.382 1
2	1	32.807 1	63.442 1
2	1	32.175 1	63.218 1
2	1	32.844 1	63.831 1
2	1	32.71 1	63.100 1
2	1	32.244 1	63.258 1
2	1	32.457 1	63.458 1
2	1	32.3 1	63.3 1
3	2	32.372 1	63.376 0.397 63.670 1
2	1	32.347 1	63.351 1
2	1	32.416 1	63.440 1
2	1	32.59 1	63.84 1
2	1	32.880 1	63.888 1
3	2	32.350 1	63.355 1 63.581 0.722
2	1	32.267 1	63.143 1
2	1	32.242 1	63.255 1
2	1	32.14 1	63.13 1
2	1	32.569 1	63.492 1
2	1	32.103 1	63.127 1
2	1	32.977 1	63.1002 1
2	1	32.410 1	63.431 1
2	1	32.322 1	63.330 1
2	1	32.424 1	63.636 1
2	1	32.123 1	63.158 1
2	1	32.200 1	63.234 1
2	1	32.130 1	63.177 1
2	1	32.109 1	63.137 1
2	1	32.412 1	63.436 1
2	1	32.99 1	63.121 1
2	1	32.52 1	63.66 1
2	1	32.467 1	63.460 1
2	1	32.936 1	63.554 1
2	1	32.146 1	63.196 1
2	1	32.755 1	63.763 1
2	1	32.779 1	63.782 1
2	1	32.409 1	63.430 1
2	1	32.54 1	63.68 1
2	1	32.190 1	63.225 1
2	1	32.422 1	63.444 1
2	1	32.831 1	63.814 1
2	1	32.327 1	63.678 1
2	1	32.76 1	63.321 1
2	1	32.966 1	63.992 1
2	1	32.150 1	63.887 1
2	1	32.984 1	63.1009 1
2	1	32.245 1	63.260 1
2	1	32.181 1	63.224 1
2	1	32.77 1	63.322 1
2	1	32.19 1	63.18 1
2	1	32.261 1	63.129 1
2	1	32.74 1	63.103 1
2	1	32.140 1	63.905 1
2	1	32.107 1	63.135 1
2	1	32.208 1	63.577 1
2	1	32.881 1	63.889 1
2	1	32.156 1	63.201 1
2	1	32.908 1	63.920 1
2	1	32.816 1	63.802 1
2	1	32.176 1	63.219 1
2	1	32.830 1	63.811 1
2	1	32.946 1	63.965 1
2	1	32.337 1	63.344 1
2	1	32.691 1	63.693 1
2	1	32.978 1	63.1003 1
2	1	32.693 1	63.695 1
2	1	32.302 1	63.305 1
2	1	32.315 1	63.324 1
2	1	32.355 1	63.360 1
2	1	32.471 1	63.660 1
2	1	32.114 1	63.142 1
2	1	32.229 1	63.240 1
2	1	32.759 1	63.767 1
2	1	32.151 1	63.886 1
2	1	32.425 1	63.635 1
2	1	32.408 1	63.428 1
2	1	32.539 1	63.470 1
2	1	32.141 1	63.187 1
2	1	32.763 1	63.774 1
2	1	32.124 1	63.165 1
2	1	32.197 1	63.664 1
2	1	32.969 1	63.995 1
2	1	32.139 1	63.906 1
2	1	32.677 1	63.897 1
2	1	32.137 1	63.182 1
2	1	32.83 1	63.552 1
2	1	32.257 1	63.275 1
2	1	32.849 1	63.838 1
2	1	32.962 1	63.986 1
2	1	32.638 1	63.652 1
2	1	32.112 1	63.140 1
2	1	32.992 1	63.1016 1
2	1	32.988 1	63.1013 1
2	1	32.78 1	63.108 1
2	1	32.26 1	63.25 1
2	1	32.93 1	63.118 1
2	1	32.328 1	63.334 1
2	1	32.980 1	63.1005 1
2	1	32.994 1	63.1019 1
2	1	32.4 1	63.4 1
2	1	32.121 1	63.156 1
2	1	32.329 1	63.335 1
2	1	32.670 1	63.754 1
2	1	32.896 1	63.911 1
2	1	32.981 1	63.1006 1
2	1	32.669 1	63.753 1
2	1	32.282 1	63.288 1
2	1	32.971 1	63.997 1
2	1	32.366 1	63.371 1
2	1	32.740 1	63.742 1
2	1	32.752 1	63.144 1
2	1	32.566 1	63.489 1
2	1	32.474 1	63.606 1
2	1	32.374 1	63.173 1
2	1	32.939 1	63.557 1
2	1	32.387 1	63.379 1
2	1	32.839 1	63.821 1
2	1	32.362 1	63.364 1
2	1	32.414 1	63.438 1
3	2	32.541 1	63.472 1 63.588 0.829
2	1	32.931 1	63.976 1
2	1	32.938 1	63.556 1
2	1	32.152 1	63.793 1
2	1	32.154 1	63.792 1
2	1	32.533 1	63.541 1
2	1	32.108 1	63.136 1
2	1	32.587 1	63.508 1
2	1	32.704 1	63.705 1
2	1	32.943 1	63.953 1
2	1	32.246 1	63.261 1
2	1	32.745 1	63.756 1
2	1	32.310 1	63.312 1
2	1	32.845 1	63.832 1
2	1	32.18 1	63.17 1
2	1	32.711 1	63.712 1
2	1	32.111 1	63.139 1
2	1	32.259 1	63.1018 1
2	1	32.297 1	63.300 1
2	1	32.95 1	63.120 1
2	1	32.720 1	63.718 1
2	1	32.353 1	63.358 1
2	1	32.518 1	63.398 1
2	1	32.368 1	63.373 1
2	1	32.515 1	63.463 1
2	1	32.637 1	63.651 1
2	1	32.851 1	63.840 1
2	1	32.31 1	63.30 1
2	1	32.692 1	63.694 1
2	1	32.466 1	63.459 1
2	1	32.590 1	63.511 1
2	1	32.866 1	63.873 1
2	1	32.998 1	63.1023 1
2	1	32.797 1	63.228 1
2	1	32.959 1	63.983 1
2	1	32.684 1	63.683 1
2	1	32.1 1	63.1 1
2	1	32.784 1	63.787 1
2	1	32.79 1	63.109 1
2	1	32.901 1	63.913 1
2	1	32.423 1	63.487 1
2	1	32.859 1	63.863 1
2	1	32.944 1	63.958 1
2	1	32.741 1	63.743 1
2	1	32.793 1	63.573 1
2	1	32.965 1	63.991 1
3	2	32.522 1	63.568 0.060 63.631 1
2	1	32.8 1	63.7 1
2	1	32.895 1	63.910 1
2	1	32.983 1	63.1008 1
2	1	32.314 1	63.314 1
2	1	32.885 1	63.891 1
2	1	32.924 1	63.936 1
2	1	32.381 1	63.726 1
2	1	32.6 1	63.5 1
2	1	32.324 1	63.957 1
2	1	32.64 1	63.90 1
2	1	32.236 1	63.251 1
2	1	32.871 1	63.878 1
2	1	32.56 1	63.76 1
2	1	32.348 1	63.352 1
2	1	32.180 1	63.223 1
2	1	32.596 1	63.516 1
2	1	32.996 1	63.1021 1
2	1	32.290 1	63.295 1
2	1	32.303 1	63.306 1
2	1	32.737 1	63.736 1
2	1	32.320 1	63.328 1
2	1	32.811 1	63.798 1
2	1	32.342 1	63.349 1
2	1	32.781 1	63.784 1
2	1	32.756 1	63.764 1
2	1	32.2 1	63.2 1
2	1	32.860 1	63.864 1
2	1	32.206 1	63.237 1
2	1	32.601 1	63.521 1
2	1	32.723 1	63.721 1
2	1	32.75 1	63.104 1
2	1	32.820 1	63.807 1
2	1	32.785 1	63.788 1
2	1	32.696 1	63.698 1
2	1	32.87 1	63.113 1
2	1	32.549 1	63.477 1
3	2	32.991 1 32.298 0.759	63.1014 1
2	1	32.707 1	63.708 1
2	1	32.976 1	63.183 1
2	1	32.974 1	63.999 1
2	1	32.576 1	63.500 1
2	1	32.695 1	63.697 1
2	1	32.940 1	63.558 1
3	2	32.898 1	63.580 1 63.583 0.256
2	1	32.16 1	63.15 1
2	1	32.128 1	63.175 1
2	1	32.531 1	63.544 1
2	1	32.789 1	63.790 1
2	1	32.815 1	63.801 1
2	1	32.88 1	63.114 1
2	1	32.795 1	63.571 1
2	1	32.122 1	63.157 1
2	1	32.269 1	63.278 1
2	1	32.729 1	63.729 1
2	1	32.456 1	63.457 1
2	1	32.421 1	63.449 1
2	1	32.564 1	63.486 1
2	1	32.626 1	63.80 1
2	1	32.63 1	63.89 1
2	1	32.585 1	63.506 1
2	1	32.841 1	63.824 1
2	1	32.906 1	63.918 1
2	1	32.937 1	63.555 1
2	1	32.708 1	63.709 1
2	1	32.840 1	63.823 1
2	1	32.941 1	63.946 1
2	1	32.747 1	63.758 1
2	1	32.323 1	63.956 1
2	1	32.836 1	63.818 1
2	1	32.838 1	63.820 1
2	1	32.897 1	63.579 1
2	1	32.15 1	63.14 1
2	1	32.268 1	63.277 1
2	1	32.402 1	63.418 1
2	1	32.894 1	63.909 1
2	1	32.968 1	63.994 1
2	1	32.688 1	63.689 1
2	1	32.65 1	63.91 1
2	1	32.395 1	63.390 1
2	1	32.280 1	63.287 1
2	1	32.61 1	63.86 1
2	1	32.20 1	63.19 1
2	1	32.463 1	63.866 1
2	1	32.543 1	63.474 1
2	1	32.658 1	63.673 1
2	1	32.659 1	63.674 1
2	1	32.397 1	63.403 1
2	1	32.66 1	63.92 1
2	1	32.783 1	63.786 1
2	1	32.98 1	63.899 1
2	1	32.351 1	63.356 1
2	1	32.394 1	63.389 1
4	3	32.650 1	63.531 1 63.161 0.700 63.559 0.737
2	1	32.138 1	63.907 1
3	2	32.356 1	63.361 1 63.848 0.744
2	1	32.837 1	63.819 1
2	1	32.183 1	63.662 1
2	1	32.921 1	63.933 1
2	1	32.594 1	63.515 1
2	1	32.734 1	63.733 1
2	1	32.172 1	63.211 1
3	2	32.272 1 32.228 0.777	63.283 1
2	1	32.39 1	63.37 1
2	1	32.53 1	63.67 1
2	1	32.318 1	63.326 1
2	1	32.30 1	63.29 1
5	4	32.312 1 32.786 0.876 32.882 0.888 32.990 0.876	63.616 1
2	1	32.667 1	63.808 1
2	1	32.927 1	63.939 1
2	1	32.886 1	63.892 1
2	1	32.537 1	63.468 1
2	1	32.333 1	63.340 1
2	1	32.973 1	63.998 1
2	1	32.286 1	63.292 1
2	1	32.873 1	63.880 1
2	1	32.144 1	63.194 1
2	1	32.67 1	63.93 1
2	1	32.742 1	63.744 1
2	1	32.660 1	63.675 1
2	1	32.743 1	63.745 1
2	1	32.995 1	63.1020 1
2	1	32.761 1	63.769 1
2	1	32.746 1	63.757 1
2	1	32.721 1	63.719 1
2	1	32.554 1	63.481 1
2	1	32.198 1	63.665 1
2	1	32.48 1	63.62 1
2	1	32.288 1	63.294 1
2	1	32.369 1	63.374 1
2	1	32.589 1	63.510 1
2	1	32.861 1	63.865 1
2	1	32.113 1	63.141 1
2	1	32.530 1	63.545 1
2	1	32.926 1	63.938 1
2	1	32.986 1	63.1011 1
2	1	32.751 1	63.282 1
2	1	32.295 1	63.297 1
2	1	32.133 1	63.954 1
2	1	32.116 1	63.152 1
2	1	32.338 1	63.345 1
2	1	32.809 1	63.796 1
2	1	32.84 1	63.551 1
2	1	32.46 1	63.60 1
2	1	32.736 1	63.735 1
2	1	32.90 1	63.117 1
2	1	32.455 1	63.456 1
2	1	32.283 1	63.289 1
2	1	32.134 1	63.181 1
2	1	32.86 1	63.112 1
5	4	32.739 1	63.738 0.205 63.739 1 63.740 0.655 63.741 0.449
2	1	32.10 1	63.9 1
2	1	32.728 1	63.728 1
2	1	32.689 1	63.691 1
2	1	32.143 1	63.189 1
2	1	32.182 1	63.319 1
2	1	32.284 1	63.290 1
2	1	32.92 1	63.672 1
2	1	32.961 1	63.985 1
2	1	32.951 1	63.971 1
2	1	32.884 1	63.890 1
2	1	32.316 1	63.325 1
2	1	32.341 1	63.348 1
2	1	32.565 1	63.488 1
2	1	32.567 1	63.490 1
2	1	32.814 1	63.800 1
2	1	32.357 1	63.362 1
2	1	32.682 1	63.681 1
2	1	32.853 1	63.842 1
2	1	32.709 1	63.710 1
2	1	32.854 1	63.843 1
2	1	32.94 1	63.119 1
2	1	32.915 1	63.927 1
2	1	32.403 1	63.419 1
3	2	32.685 1	63.684 1 63.574 0.992
2	1	32.843 1	63.826 1
2	1	32.960 1	63.984 1
2	1	32.62 1	63.87 1
2	1	32.13 1	63.12 1
2	1	32.686 1	63.687 1
2	1	32.910 1	63.922 1
2	1	32.199 1	63.663 1
2	1	32.519 1	63.749 1
2	1	32.36 1	63.34 1
2	1	32.142 1	63.188 1
2	1	32.472 1	63.659 1
2	1	32.690 1	63.692 1
2	1	32.534 1	63.540 1
2	1	32.106 1	63.134 1
2	1	32.131 1	63.178 1
2	1	32.248 1	63.270 1
3	2	32.370 1	63.375 0.286 63.671 1
3	2	32.101 1	63.123 0.053 63.125 1
2	1	32.599 1	63.519 1
2	1	32.819 1	63.806 1
2	1	32.401 1	63.417 1
2	1	32.725 1	63.723 1
2	1	32.710 1	63.711 1
2	1	32.668 1	63.805 1
3	2	32.294 0.232 32.82 1	63.549 1
2	1	32.12 1	63.11 1
2	1	32.237 1	63.252 1
2	1	32.948 1	63.967 1
2	1	32.912 1	63.924 1
2	1	32.155 1	63.200 1
2	1	32.129 1	63.176 1
2	1	32.277 1	63.286 1
2	1	32.697 1	63.699 1
2	1	32.29 1	63.28 1
2	1	32.377 1	63.378 1
2	1	32.863 1	63.871 1
2	1	32.975 1	63.1000 1
2	1	32.652 1	63.532 1
2	1	32.167 1	63.206 1
2	1	32.907 1	63.919 1
2	1	32.230 1	63.246 1
2	1	32.321 1	63.329 1
2	1	32.735 1	63.734 1
2	1	32.85 1	63.550 1
2	1	32.892 1	63.904 1
2	1	32.147 1	63.197 1
2	1	32.726 1	63.724 1
2	1	32.806 1	63.443 1
2	1	32.598 1	63.518 1
2	1	32.40 1	63.46 1
2	1	32.407 1	63.427 1
2	1	32.159 1	63.203 1
2	1	32.184 1	63.661 1
2	1	32.396 1	63.400 1
3	2	32.235 0.260 32.432 1	63.656 1
2	1	32.580 1	63.961 1
2	1	32.874 1	63.881 1
2	1	32.893 1	63.908 1
2	1	32.957 1	63.981 1
2	1	32.694 1	63.696 1
2	1	32.835 1	63.817 1
2	1	32.653 1	63.533 1
2	1	32.782 1	63.785 1
2	1	32.326 1	63.332 1
2	1	32.80 1	63.110 1
2	1	32.920 1	63.932 1
2	1	32.852 1	63.841 1
2	1	32.571 1	63.494 1
2	1	32.118 1	63.154 1
2	1	32.949 1	63.968 1
2	1	32.173 1	63.213 1
2	1	32.171 1	63.210 1
2	1	32.544 1	63.475 1
2	1	32.572 1	63.495 1
2	1	32.104 1	63.132 1
2	1	32.145 1	63.195 1
3	2	32.179 1 32.382 0.785	63.222 1
2	1	32.674 1	63.565 1
2	1	32.644 1	63.527 1
2	1	32.392 1	63.387 1
2	1	32.38 1	63.36 1
2	1	32.285 1	63.291 1
2	1	32.32 1	63.31 1
2	1	32.738 1	63.737 1
2	1	32.730 1	63.730 1
2	1	32.958 1	63.982 1
2	1	32.540 1	63.471 1
2	1	32.364 1	63.368 1
2	1	32.909 1	63.921 1
2	1	32.817 1	63.803 1
2	1	32.301 1	63.304 1
2	1	32.687 1	63.688 1
2	1	32.393 1	63.388 1
2	1	32.273 1	63.284 1
2	1	32.902 1	63.914 1
2	1	32.405 1	63.424 1
2	1	32.760 1	63.768 1
2	1	32.575 1	63.499 1
2	1	32.42 1	63.48 1
2	1	32.573 1	63.496 1
2	1	32.492 1	63.612 1
2	1	32.982 1	63.1007 1
2	1	32.258 1	63.276 1
2	1	32.305 1	63.308 1
2	1	32.349 1	63.353 1
2	1	32.417 1	63.441 1
2	1	32.9 1	63.8 1
2	1	32.842 1	63.825 1
2	1	32.913 1	63.925 1
2	1	32.834 1	63.816 1
2	1	32.683 1	63.682 1
2	1	32.271 1	63.280 1
2	1	32.375 1	63.553 1
2	1	32.899 1	63.501 1
2	1	32.153 1	63.855 1
2	1	32.888 1	63.898 1
2	1	32.933 1	63.829 1
2	1	32.339 1	63.346 1
2	1	32.335 1	63.342 1
2	1	32.748 1	63.759 1
2	1	32.291 1	63.296 1
2	1	32.334 1	63.341 1
2	1	32.801 1	63.795 1
2	1	32.72 1	63.101 1
2	1	32.900 1	63.912 1
2	1	32.917 1	63.929 1
2	1	32.930 1	63.975 1
2	1	32.727 1	63.727 1
2	1	32.891 1	63.903 1
2	1	32.149 1	63.199 1
2	1	32.232 1	63.248 1
2	1	32.252 1	63.988 1
3	2	32.557 0.145 32.805 1	63.601 1
2	1	32.987 1	63.1012 1
2	1	32.630 1	63.82 1
2	1	32.560 1	63.482 1
2	1	32.89 1	63.115 1
2	1	32.247 1	63.262 1
2	1	32.950 1	63.970 1
2	1	32.22 1	63.21 1
2	1	32.281 1	63.856 1
2	1	32.701 1	63.702 1
2	1	32.702 1	63.703 1
2	1	32.903 1	63.915 1
2	1	32.979 1	63.1004 1
2	1	32.767 1	63.241 1
2	1	32.41 1	63.47 1
2	1	32.105 1	63.133 1
2	1	32.37 1	63.35 1
2	1	32.461 1	63.654 1
2	1	32.50 1	63.64 1
2	1	32.591 1	63.512 1
3	2	32.862 1	63.570 0.183 63.870 1
2	1	32.867 1	63.874 1
2	1	32.889 1	63.299 1
2	1	32.850 1	63.839 1
2	1	32.57 1	63.77 1
2	1	32.287 1	63.293 1
2	1	32.705 1	63.706 1
2	1	32.928 1	63.940 1
2	1	32.593 1	63.514 1
2	1	32.754 1	63.762 1
2	1	32.800 1	63.794 1
2	1	32.985 1	63.1010 1
2	1	32.865 1	63.872 1
10	21	32.477 1 32.311 1 32.787 1 32.879 1 32.883 1 32.989 1 32.608 0.070	63.52 1 63.948 1 63.397 0.148
2	1	32.848 1	63.836 1
2	1	32.406 1	63.425 1
2	1	32.11 1	63.10 1
2	1	32.911 1	63.923 1
2	1	32.922 1	63.934 1
2	1	32.563 1	63.485 1
2	1	32.547 1	63.476 1
2	1	32.132 1	63.179 1
2	1	32.23 1	63.22 1
2	1	32.398 1	63.404 1
2	1	32.722 1	63.720 1
2	1	32.513 1	63.268 1
2	1	32.462 1	63.653 1
2	1	32.916 1	63.928 1
2	1	32.700 1	63.701 1
2	1	32.460 1	63.640 1
2	1	32.178 1	63.221 1
2	1	32.300 1	63.303 1
2	1	32.45 1	63.59 1
2	1	32.847 1	63.834 1
2	1	32.780 1	63.783 1
2	1	32.224 1	63.575 1
2	1	32.255 1	63.274 1
2	1	32.955 1	63.979 1
2	1	32.673 1	63.567 1
2	1	32.21 1	63.20 1
2	1	32.875 1	63.882 1
2	1	32.872 1	63.879 1
2	1	32.336 1	63.343 1
2	1	32.954 1	63.978 1
2	1	32.945 1	63.960 1
2	1	32.25 1	63.24 1
2	1	32.306 1	63.309 1
2	1	32.253 1	63.272 1
2	1	32.354 1	63.359 1
2	1	32.427 1	63.596 1
2	1	32.309 1	63.311 1
2	1	32.868 1	63.875 1
2	1	32.919 1	63.931 1
2	1	32.923 1	63.935 1
2	1	32.296 1	63.298 1
2	1	32.788 1	63.789 1
2	1	32.527 1	63.394 1
2	1	32.762 1	63.770 1
2	1	32.925 1	63.937 1
2	1	32.363 1	63.366 1
2	1	32.610 1	63.421 1
2	1	32.391 1	63.383 1
2	1	32.870 1	63.877 1
2	1	32.799 1	63.791 1
2	1	32.956 1	63.980 1
13	36	32.378 0.066 32.379 0.108 32.380 0.092 32.473 0.088 32.476 0.261 32.483 0.260 32.821 0.212 32.822 1 32.824 0.062	63.402 0.208 63.445 1 63.446 0.768 63.638 0.611
2	1	32.330 1	63.337 1
2	1	32.516 1	63.464 1
2	1	32.484 1	63.569 1
2	1	32.319 1	63.327 1
3	2	32.764 1	63.775 1 63.566 0.770
2	1	32.970 1	63.996 1
2	1	32.616 1	63.257 1
2	1	32.869 1	63.876 1
2	1	32.325 1	63.331 1
2	1	32.69 1	63.95 1
2	1	32.117 1	63.153 1
2	1	32.332 1	63.339 1
2	1	32.490 1	63.610 1
2	1	32.595 1	63.943 1
4	3	32.665 1	63.429 0.162 63.547 1 63.548 0.104
2	1	32.100 1	63.122 1
2	1	32.404 1	63.423 1
2	1	32.671 1	63.564 1
3	2	32.160 1 32.624 0.972	63.146 1
2	1	32.905 1	63.917 1
2	1	32.488 1	63.562 1
2	1	32.562 1	63.484 1
2	1	32.148 1	63.198 1
2	1	32.70 1	63.99 1
2	1	32.918 1	63.930 1
2	1	32.233 1	63.249 1
2	1	32.963 1	63.987 1
2	1	32.35 1	63.33 1
2	1	32.170 1	63.209 1
2	1	32.832 1	63.815 1
2	1	32.97 1	63.900 1
2	1	32.588 1	63.509 1
2	1	32.967 1	63.993 1
2	1	32.812 1	63.799 1
2	1	32.887 1	63.893 1
2	1	32.426 1	63.597 1
2	1	32.411 1	63.432 1
2	1	32.7 1	63.6 1
2	1	32.24 1	63.23 1
2	1	32.177 1	63.220 1
2	1	32.389 1	63.381 1
2	1	32.699 1	63.700 1
2	1	32.715 1	63.714 1
2	1	32.942 1	63.947 1
2	1	32.270 1	63.279 1
2	1	32.553 1	63.480 1
2	1	32.304 1	63.307 1
2	1	32.583 1	63.504 1
2	1	32.584 1	63.505 1
2	1	32.758 1	63.766 1
2	1	32.914 1	63.926 1
2	1	32.388 1	63.380 1
2	1	32.81 1	63.111 1
2	1	32.570 1	63.493 1
2	1	32.352 1	63.357 1
2	1	32.308 1	63.310 1
2	1	32.262 1	63.130 1
2	1	32.17 1	63.16 1
2	1	32.51 1	63.65 1
2	1	32.399 1	63.409 1
2	1	32.765 1	63.776 1
2	1	32.766 1	63.777 1
2	1	32.376 1	63.377 1
2	1	32.49 1	63.63 1
2	1	32.517 1	63.465 1
2	1	32.55 1	63.69 1
2	1	32.592 1	63.513 1
2	1	32.724 1	63.722 1
2	1	32.999 1	63.1024 1
2	1	32.174 1	63.214 1
2	1	32.833 1	63.813 1
2	1	32.953 1	63.977 1
2	1	32.600 1	63.520 1
2	1	32.231 1	63.247 1
2	1	32.654 1	63.534 1
2	1	32.365 1	63.369 1
2	1	32.254 1	63.273 1
2	1	32.110 1	63.138 1
2	1	32.657 1	63.448 1
2	1	32.496 1	63.748 1
2	1	32.753 1	63.761 1
2	1	32.876 1	63.883 1
2	1	32.932 1	63.830 1
2	1	32.415 1	63.439 1
2	1	32.340 1	63.347 1
2	1	32.656 1	63.536 1
2	1	32.964 1	63.990 1
2	1	32.68 1	63.94 1
2	1	32.791 1	63.236 1
2	1	32.810 1	63.797 1
4	3	32.452 1 32.713 0.083 32.714 0.079	63.669 1
2	1	32.551 1	63.478 1
2	1	32.27 1	63.26 1
2	1	32.299 1	63.302 1
2	1	32.238 1	63.253 1
2	1	32.542 1	63.473 1
2	1	32.615 1	63.746 1
3	2	32.617 1	63.256 0.232 63.747 1
3	2	32.712 1 32.34 0.928	63.713 1
2	1	32.552 1	63.479 1
2	1	32.239 1	63.254 1
2	1	32.629 1	63.79 1
2	1	32.597 1	63.517 1
2	1	32.428 1	63.595 1
2	1	32.47 1	63.61 1
2	1	32.796 1	63.230 1
2	1	32.358 1	63.363 1
2	1	32.773 1	63.627 1
2	1	32.602 1	63.522 1
2	1	32.344 1	63.350 1
2	1	32.169 1	63.208 1
2	1	32.526 1	63.750 1
2	1	32.234 1	63.250 1
2	1	32.514 1	63.263 1
3	2	32.794 1 32.205 0.788	63.226 1
2	1	32.878 1	63.885 1
2	1	32.829 1	63.810 1
2	1	32.1000 1	63.1025 1
2	1	32.655 1	63.535 1
2	1	32.453 1	63.215 1
2	1	32.223 1	63.576 1
2	1	32.586 1	63.507 1
2	1	32.115 1	63.151 1
2	1	32.757 1	63.765 1
2	1	32.413 1	63.437 1
2	1	32.454 1	63.216 1
2	1	32.532 1	63.542 1
2	1	32.663 1	63.964 1
2	1	32.733 1	63.732 1
2	1	32.904 1	63.916 1
2	1	32.102 1	63.126 1
2	1	32.568 1	63.491 1
2	1	32.635 1	63.941 1
2	1	32.858 1	63.862 1
2	1	32.574 1	63.497 1
2	1	32.434 1	63.614 1
2	1	32.489 1	63.611 1
2	1	32.256 1	63.861 1
3	2	32.289 1	63.38 1 63.39 0.056
2	1	32.264 1	63.131 1
2	1	32.120 1	63.155 1
2	1	32.703 1	63.704 1
2	1	32.249 1	63.271 1
2	1	32.646 1	63.528 1
2	1	32.226 1	63.589 1
3	2	32.680 1	63.416 1 63.412 0.648
2	1	32.750 1	63.760 1
2	1	32.331 1	63.338 1
2	1	32.846 1	63.833 1
2	1	32.73 1	63.102 1
2	1	32.465 1	63.867 1
2	1	32.877 1	63.884 1
2	1	32.345 1	63.264 1
2	1	32.207 1	63.578 1
2	1	32.582 1	63.503 1
2	1	32.605 1	63.644 1
2	1	32.491 1	63.609 1
2	1	32.997 1	63.1022 1
2	1	32.446 1	63.70 1
2	1	32.561 1	63.483 1
2	1	32.251 0.883	63.989 0.883
