Size	Relations	OrthoA	OrthoB
2	1	38.63 1	59.1268 1
2	1	38.64 1	59.1267 1
2	1	38.888 1	59.643 1
2	1	38.190 1	59.1712 1
4	3	38.636 1	59.1072 0.657 59.2109 1 59.846 0.623
2	1	38.1075 1	59.1011 1
2	1	38.344 1	59.342 1
2	1	38.1192 1	59.2371 1
2	1	38.497 1	59.460 1
2	1	38.1109 1	59.2162 1
2	1	38.1081 1	59.1042 1
2	1	38.570 1	59.1662 1
2	1	38.1049 1	59.808 1
2	1	38.768 1	59.1822 1
2	1	38.67 1	59.1264 1
2	1	38.220 1	59.2031 1
2	1	38.1246 1	59.2422 1
2	1	38.473 1	59.612 1
2	1	38.548 1	59.1664 1
2	1	38.627 1	59.1591 1
2	1	38.4 1	59.4 1
2	1	38.296 1	59.952 1
2	1	38.196 1	59.2129 1
2	1	38.546 1	59.1666 1
2	1	38.189 1	59.1711 1
2	1	38.1235 1	59.2392 1
2	1	38.444 1	59.1680 1
2	1	38.1002 1	59.1977 1
2	1	38.291 1	59.957 1
2	1	38.1088 1	59.1047 1
2	1	38.625 1	59.1593 1
2	1	38.13 1	59.14 1
2	1	38.3 1	59.3 1
2	1	38.202 1	59.2123 1
2	1	38.800 1	59.1846 1
2	1	38.1186 1	59.2368 1
2	1	38.943 1	59.753 1
2	1	38.1029 1	59.2004 1
2	1	38.702 1	59.1465 1
2	1	38.617 1	59.1602 1
2	1	38.136 1	59.1062 1
2	1	38.1035 1	59.2012 1
2	1	38.1141 1	59.2230 1
2	1	38.112 1	59.1198 1
2	1	38.1083 1	59.1942 1
2	1	38.716 1	59.1520 1
2	1	38.1047 1	59.806 1
2	1	38.230 1	59.1001 1
2	1	38.295 1	59.953 1
2	1	38.350 1	59.908 1
2	1	38.199 1	59.2126 1
2	1	38.1044 1	59.803 1
2	1	38.953 1	59.758 1
2	1	38.1155 1	59.2234 1
2	1	38.156 1	59.2160 1
2	1	38.755 1	59.1807 1
2	1	38.100 1	59.1206 1
4	3	38.633 1	59.1069 1 59.2112 0.891 59.843 1
2	1	38.937 1	59.747 1
2	1	38.1175 1	59.2359 1
2	1	38.59 1	59.1271 1
2	1	38.260 1	59.981 1
2	1	38.948 1	59.1857 1
2	1	38.30 1	59.1300 1
8	7	38.177 1	59.1705 1 59.74 0.826 59.246 0.826 59.533 0.826 59.1325 0.826 59.1372 0.826 59.1722 0.738
2	1	38.783 1	59.1834 1
2	1	38.180 1	59.2062 1
2	1	38.756 1	59.1808 1
2	1	38.740 1	59.1770 1
2	1	38.335 1	59.920 1
4	3	38.635 1	59.1071 0.972 59.2110 0.901 59.845 1
2	1	38.987 1	59.1966 1
2	1	38.507 1	59.1850 1
2	1	38.615 1	59.298 1
2	1	38.1012 1	59.1995 1
2	1	38.1050 1	59.810 1
2	1	38.385 1	59.769 1
2	1	38.1 1	59.1 1
3	2	38.364 1 38.369 0.687	59.800 1
2	1	38.581 1	59.1611 1
2	1	38.229 1	59.1002 1
2	1	38.75 1	59.1231 1
2	1	38.7 1	59.7 1
2	1	38.842 1	59.623 1
2	1	38.256 1	59.984 1
2	1	38.883 1	59.640 1
2	1	38.1268 1	59.2449 1
2	1	38.881 1	59.638 1
2	1	38.60 1	59.1270 1
2	1	38.882 1	59.639 1
2	1	38.807 1	59.2024 1
2	1	38.194 1	59.1719 1
2	1	38.407 1	59.763 1
2	1	38.46 1	59.1284 1
2	1	38.816 1	59.1748 1
2	1	38.896 1	59.652 1
2	1	38.1005 1	59.1981 1
2	1	38.477 1	59.610 1
2	1	38.311 1	59.944 1
2	1	38.1129 1	59.2204 1
2	1	38.386 1	59.768 1
2	1	38.357 1	59.901 1
2	1	38.1191 1	59.2370 1
2	1	38.1131 1	59.2206 1
2	1	38.1136 1	59.2225 1
2	1	38.272 1	59.980 1
2	1	38.1212 1	59.2378 1
2	1	38.1138 1	59.2227 1
2	1	38.815 1	59.1747 1
2	1	38.1084 1	59.1043 1
2	1	38.68 1	59.1263 1
2	1	38.155 1	59.2161 1
2	1	38.524 1	59.1690 1
2	1	38.1142 1	59.2231 1
2	1	38.487 1	59.594 1
4	3	38.639 1	59.1077 1 59.2106 0.728 59.849 0.970
2	1	38.1139 1	59.2228 1
2	1	38.1250 1	59.2426 1
2	1	38.1256 1	59.2429 1
2	1	38.293 1	59.955 1
2	1	38.601 1	59.1918 1
2	1	38.1257 1	59.2430 1
2	1	38.496 1	59.474 1
2	1	38.1038 1	59.2015 1
2	1	38.273 1	59.979 1
2	1	38.772 1	59.1827 1
2	1	38.1262 1	59.2446 1
2	1	38.1198 1	59.2374 1
2	1	38.499 1	59.438 1
2	1	38.897 1	59.653 1
2	1	38.212 1	59.974 1
2	1	38.614 1	59.299 1
2	1	38.377 1	59.791 1
2	1	38.697 1	59.1460 1
2	1	38.130 1	59.1117 1
2	1	38.905 1	59.657 1
2	1	38.578 1	59.1614 1
2	1	38.5 1	59.5 1
2	1	38.999 1	59.1974 1
2	1	38.1086 1	59.1045 1
2	1	38.717 1	59.1521 1
2	1	38.102 1	59.1203 1
2	1	38.58 1	59.1459 1
2	1	38.836 1	59.437 1
2	1	38.849 1	59.630 1
2	1	38.1259 1	59.2432 1
2	1	38.592 1	59.1987 1
2	1	38.1180 1	59.2364 1
2	1	38.1115 1	59.1111 1
2	1	38.1181 1	59.2365 1
2	1	38.1254 1	59.2427 1
2	1	38.214 1	59.972 1
2	1	38.243 1	59.986 1
2	1	38.213 1	59.973 1
2	1	38.1004 1	59.1980 1
2	1	38.134 1	59.1064 1
2	1	38.773 1	59.1828 1
2	1	38.715 1	59.1015 1
2	1	38.2 1	59.2 1
2	1	38.257 1	59.983 1
2	1	38.50 1	59.1280 1
2	1	38.123 1	59.1121 1
2	1	38.1093 1	59.1050 1
2	1	38.757 1	59.1809 1
2	1	38.876 1	59.1817 1
2	1	38.197 1	59.2128 1
2	1	38.831 1	59.415 1
2	1	38.582 1	59.1610 1
2	1	38.1208 1	59.2375 1
2	1	38.304 1	59.949 1
2	1	38.1028 1	59.2003 1
2	1	38.340 1	59.915 1
2	1	38.701 1	59.1464 1
2	1	38.226 1	59.1938 1
2	1	38.200 1	59.2125 1
2	1	38.938 1	59.748 1
2	1	38.929 1	59.742 1
2	1	38.991 1	59.1967 1
2	1	38.1177 1	59.2361 1
2	1	38.784 1	59.1835 1
2	1	38.430 1	59.384 1
2	1	38.765 1	59.1819 1
2	1	38.1120 1	59.2189 1
2	1	38.143 1	59.1058 1
2	1	38.319 1	59.936 1
2	1	38.686 1	59.171 1
2	1	38.889 1	59.644 1
2	1	38.25 1	59.16 1
2	1	38.1190 1	59.2369 1
2	1	38.1239 1	59.2420 1
2	1	38.760 1	59.1813 1
2	1	38.1065 1	59.1005 1
2	1	38.931 1	59.746 1
2	1	38.465 1	59.1694 1
2	1	38.231 1	59.1000 1
2	1	38.484 1	59.597 1
2	1	38.1042 1	59.801 1
2	1	38.303 1	59.950 1
2	1	38.221 1	59.2030 1
2	1	38.1026 1	59.2001 1
2	1	38.215 1	59.971 1
2	1	38.408 1	59.762 1
2	1	38.699 1	59.1462 1
8	7	38.191 1	59.1713 1 59.92 1 59.228 1 59.496 0.873 59.1186 0.873 59.1307 1 59.1354 1
2	1	38.61 1	59.1269 1
2	1	38.928 1	59.720 1
2	1	38.565 1	59.1599 1
2	1	38.1074 1	59.1010 1
2	1	38.302 1	59.951 1
2	1	38.365 1	59.799 1
2	1	38.1048 1	59.807 1
2	1	38.203 1	59.2122 1
2	1	38.354 1	59.905 1
2	1	38.1046 1	59.805 1
2	1	38.1085 1	59.1044 1
2	1	38.1087 1	59.1046 1
6	5	38.642 1	59.1080 0.969 59.1160 0.053 59.1634 1 59.2103 0.976 59.852 0.996
2	1	38.885 1	59.642 1
2	1	38.142 1	59.1059 1
2	1	38.12 1	59.13 1
2	1	38.890 1	59.645 1
2	1	38.383 1	59.784 1
2	1	38.891 1	59.646 1
2	1	38.241 1	59.988 1
2	1	38.574 1	59.1658 1
2	1	38.1072 1	59.1008 1
2	1	38.135 1	59.1063 1
2	1	38.600 1	59.1919 1
2	1	38.549 1	59.1663 1
2	1	38.1000 1	59.1975 1
2	1	38.486 1	59.595 1
8	7	38.631 1	59.1067 0.923 59.1921 0.107 59.2114 1 59.2247 0.476 59.2280 0.476 59.659 0.159 59.841 0.476
2	1	38.823 1	59.1752 1
2	1	38.193 1	59.1717 1
2	1	38.810 1	59.1742 1
2	1	38.353 1	59.906 1
2	1	38.378 1	59.790 1
2	1	38.52 1	59.1278 1
2	1	38.1080 1	59.1041 1
2	1	38.878 1	59.635 1
2	1	38.31 1	59.1299 1
3	2	38.164 1	59.2130 1 59.1920 0.803
2	1	38.1179 1	59.2363 1
2	1	38.242 1	59.987 1
2	1	38.435 1	59.1913 1
2	1	38.676 1	59.1508 1
2	1	38.962 1	59.163 1
2	1	38.677 1	59.1507 1
2	1	38.1027 1	59.2002 1
2	1	38.1243 1	59.2421 1
2	1	38.51 1	59.1279 1
2	1	38.96 1	59.1210 1
2	1	38.47 1	59.1283 1
2	1	38.1043 1	59.802 1
2	1	38.1159 1	59.2240 1
2	1	38.316 1	59.939 1
2	1	38.1258 1	59.2431 1
2	1	38.1123 1	59.2193 1
2	1	38.508 1	59.1849 1
2	1	38.691 1	59.306 1
2	1	38.895 1	59.649 1
2	1	38.322 1	59.933 1
2	1	38.689 1	59.1691 1
2	1	38.774 1	59.1829 1
2	1	38.101 1	59.1205 1
2	1	38.1071 1	59.1007 1
2	1	38.947 1	59.1856 1
5	4	38.641 1	59.1079 1 59.1635 0.987 59.2104 1 59.851 1
2	1	38.759 1	59.1812 1
2	1	38.1057 1	59.816 1
2	1	38.1124 1	59.2194 1
2	1	38.728 1	59.392 1
2	1	38.1031 1	59.2006 1
3	2	38.107 1	59.1201 1 59.1200 0.898
2	1	38.125 1	59.1119 1
2	1	38.277 1	59.975 1
2	1	38.1078 1	59.1016 1
2	1	38.366 1	59.798 1
2	1	38.623 1	59.1594 1
2	1	38.949 1	59.1858 1
2	1	38.1025 1	59.2000 1
5	4	38.652 1	59.2270 1 59.2300 1 59.2336 1 59.859 1
2	1	38.275 1	59.977 1
2	1	38.552 1	59.364 1
2	1	38.561 1	59.1601 1
2	1	38.342 1	59.913 1
2	1	38.1230 1	59.2387 1
2	1	38.204 1	59.2121 1
2	1	38.817 1	59.1749 1
2	1	38.94 1	59.1212 1
2	1	38.131 1	59.1116 1
2	1	38.788 1	59.1842 1
2	1	38.1188 1	59.1993 1
4	3	38.396 1	59.28 0.193 59.424 0.677 59.737 1
2	1	38.766 1	59.1820 1
2	1	38.348 1	59.910 1
2	1	38.628 1	59.1590 1
2	1	38.1137 1	59.2226 1
2	1	38.317 1	59.938 1
2	1	38.657 1	59.381 1
2	1	38.822 1	59.1751 1
2	1	38.20 1	59.15 1
2	1	38.9 1	59.10 1
2	1	38.1006 1	59.1982 1
2	1	38.209 1	59.2036 1
2	1	38.222 1	59.2029 1
2	1	38.917 1	59.695 1
2	1	38.56 1	59.1273 1
2	1	38.692 1	59.307 1
2	1	38.523 1	59.1040 1
2	1	38.488 1	59.582 1
2	1	38.48 1	59.1282 1
2	1	38.525 1	59.1689 1
2	1	38.1130 1	59.2205 1
2	1	38.1209 1	59.2376 1
2	1	38.1008 1	59.1994 1
2	1	38.1024 1	59.1999 1
2	1	38.1248 1	59.2424 1
2	1	38.345 1	59.341 1
2	1	38.1060 1	59.819 1
2	1	38.492 1	59.578 1
2	1	38.950 1	59.757 1
2	1	38.305 1	59.948 1
2	1	38.346 1	59.1971 1
3	2	38.491 1	59.579 1 59.1512 0.801
2	1	38.711 1	59.1482 1
2	1	38.1045 1	59.804 1
2	1	38.1178 1	59.2362 1
2	1	38.309 1	59.946 1
2	1	38.612 1	59.300 1
2	1	38.234 1	59.996 1
2	1	38.236 1	59.993 1
2	1	38.961 1	59.164 1
2	1	38.880 1	59.637 1
2	1	38.1185 1	59.2367 1
2	1	38.538 1	59.1684 1
2	1	38.11 1	59.12 1
6	5	38.651 1	59.1086 1 59.2269 0.992 59.2299 0.992 59.2335 0.992 59.858 0.992
2	1	38.984 1	59.1962 1
2	1	38.384 1	59.770 1
2	1	38.1211 1	59.2377 1
2	1	38.739 1	59.1769 1
2	1	38.27 1	59.1836 1
2	1	38.941 1	59.751 1
2	1	38.336 1	59.919 1
2	1	38.80 1	59.1230 1
2	1	38.328 1	59.927 1
2	1	38.392 1	59.199 1
2	1	38.812 1	59.1744 1
2	1	38.985 1	59.1964 1
2	1	38.331 1	59.924 1
2	1	38.809 1	59.1741 1
2	1	38.173 1	59.2413 1
2	1	38.133 1	59.1065 1
2	1	38.66 1	59.1265 1
2	1	38.37 1	59.1290 1
2	1	38.69 1	59.1262 1
2	1	38.915 1	59.693 1
2	1	38.126 1	59.1118 1
4	3	38.397 1	59.31 0.283 59.426 1 59.735 0.117
2	1	38.975 1	59.1947 1
2	1	38.986 1	59.1965 1
2	1	38.171 1	59.2412 1
2	1	38.238 1	59.991 1
2	1	38.333 1	59.922 1
2	1	38.240 1	59.989 1
2	1	38.1194 1	59.2373 1
2	1	38.940 1	59.750 1
2	1	38.763 1	59.1816 1
2	1	38.356 1	59.1513 1
2	1	38.970 1	59.1943 1
2	1	38.312 1	59.943 1
2	1	38.323 1	59.932 1
2	1	38.894 1	59.648 1
2	1	38.1222 1	59.2384 1
2	1	38.10 1	59.11 1
2	1	38.427 1	59.456 1
2	1	38.743 1	59.1773 1
2	1	38.939 1	59.749 1
2	1	38.349 1	59.909 1
2	1	38.899 1	59.656 1
2	1	38.489 1	59.581 1
2	1	38.65 1	59.1266 1
2	1	38.700 1	59.1463 1
2	1	38.274 1	59.978 1
2	1	38.1247 1	59.2423 1
2	1	38.764 1	59.1818 1
2	1	38.767 1	59.1821 1
2	1	38.406 1	59.764 1
2	1	38.580 1	59.1612 1
2	1	38.775 1	59.1830 1
2	1	38.704 1	59.1469 1
2	1	38.722 1	59.388 1
2	1	38.1116 1	59.1112 1
2	1	38.405 1	59.765 1
2	1	38.979 1	59.1955 1
2	1	38.1193 1	59.2372 1
2	1	38.360 1	59.898 1
2	1	38.916 1	59.694 1
2	1	38.811 1	59.1743 1
2	1	38.55 1	59.1274 1
2	1	38.1143 1	59.2232 1
2	1	38.494 1	59.565 1
2	1	38.73 1	59.2010 1
2	1	38.1160 1	59.2241 1
2	1	38.879 1	59.636 1
2	1	38.198 1	59.2127 1
2	1	38.359 1	59.899 1
2	1	38.553 1	59.363 1
3	2	38.596 1	59.1455 0.158 59.728 1
2	1	38.547 1	59.1665 1
2	1	38.572 1	59.1660 1
3	2	38.160 1	59.2136 0.176 59.2179 1
2	1	38.339 1	59.916 1
4	3	38.632 1	59.2181 1 59.787 0.278 59.842 0.611
2	1	38.1073 1	59.1009 1
2	1	38.841 1	59.622 1
2	1	38.237 1	59.992 1
2	1	38.495 1	59.564 1
2	1	38.480 1	59.607 1
2	1	38.99 1	59.1207 1
2	1	38.724 1	59.390 1
2	1	38.239 1	59.990 1
2	1	38.330 1	59.925 1
2	1	38.566 1	59.1598 1
2	1	38.825 1	59.1754 1
2	1	38.170 1	59.2411 1
2	1	38.1051 1	59.811 1
2	1	38.1058 1	59.817 1
2	1	38.341 1	59.914 1
2	1	38.629 1	59.1589 1
6	5	38.638 1	59.1076 1 59.124 0.233 59.1639 0.921 59.2107 1 59.848 1
2	1	38.1121 1	59.2190 1
2	1	38.326 1	59.929 1
2	1	38.334 1	59.921 1
3	2	38.670 1	59.186 1 59.189 1
2	1	38.789 1	59.1843 1
2	1	38.998 1	59.1969 1
2	1	38.826 1	59.1755 1
2	1	38.981 1	59.1958 1
2	1	38.1122 1	59.2191 1
2	1	38.1119 1	59.2188 1
2	1	38.165 1	59.2406 1
2	1	38.978 1	59.1954 1
2	1	38.1125 1	59.2195 1
2	1	38.113 1	59.1197 1
2	1	38.32 1	59.1298 1
2	1	38.387 1	59.767 1
2	1	38.310 1	59.945 1
2	1	38.53 1	59.1277 1
2	1	38.1097 1	59.1055 1
2	1	38.244 1	59.985 1
2	1	38.324 1	59.931 1
2	1	38.34 1	59.1296 1
2	1	38.379 1	59.781 1
2	1	38.382 1	59.783 1
4	3	38.393 1	59.2073 0.830 59.680 1 59.739 0.766
2	1	38.769 1	59.1823 1
2	1	38.892 1	59.647 1
2	1	38.741 1	59.1771 1
2	1	38.338 1	59.917 1
2	1	38.945 1	59.1854 1
2	1	38.550 1	59.365 1
2	1	38.208 1	59.2066 1
2	1	38.667 1	59.190 1
3	2	38.104 1 38.105 0.245	59.1101 1
2	1	38.321 1	59.934 1
2	1	38.576 1	59.1655 1
2	1	38.485 1	59.596 1
2	1	38.1023 1	59.1998 1
2	1	38.685 1	59.172 1
2	1	38.725 1	59.391 1
2	1	38.758 1	59.1811 1
2	1	38.996 1	59.1968 1
2	1	38.294 1	59.954 1
2	1	38.1079 1	59.1039 1
2	1	38.44 1	59.1286 1
2	1	38.509 1	59.1848 1
2	1	38.736 1	59.1767 1
3	2	38.782 1	59.2138 1 59.2180 0.338
2	1	38.506 1	59.1851 1
10	9	38.653 1	59.1089 1 59.1321 0.149 59.1368 0.149 59.2271 1 59.2301 1 59.2337 1 59.242 0.149 59.78 0.149 59.860 1
2	1	38.718 1	59.1522 1
9	14	38.391 0.519 38.597 1	59.1096 1 59.198 0.240 59.2278 0.840 59.2344 0.840 59.419 0.360 59.683 0.240 59.866 0.840
2	1	38.313 1	59.942 1
2	1	38.1176 1	59.2360 1
2	1	38.1249 1	59.2425 1
2	1	38.1182 1	59.2366 1
2	1	38.693 1	59.321 1
2	1	38.1059 1	59.818 1
2	1	38.179 1	59.2417 1
2	1	38.327 1	59.928 1
2	1	38.1114 1	59.1103 1
2	1	38.33 1	59.1297 1
2	1	38.683 1	59.174 1
2	1	38.723 1	59.389 1
2	1	38.95 1	59.1211 1
2	1	38.974 1	59.1945 1
2	1	38.320 1	59.935 1
2	1	38.571 1	59.1661 1
2	1	38.6 1	59.6 1
2	1	38.332 1	59.923 1
2	1	38.292 1	59.956 1
2	1	38.318 1	59.937 1
2	1	38.458 1	59.618 1
2	1	38.559 1	59.1693 1
2	1	38.192 1	59.1715 1
2	1	38.537 1	59.1685 1
2	1	38.719 1	59.1531 1
2	1	38.824 1	59.1753 1
2	1	38.460 1	59.616 1
2	1	38.70 1	59.1261 1
2	1	38.315 1	59.940 1
2	1	38.1117 1	59.1113 1
2	1	38.98 1	59.1208 1
2	1	38.577 1	59.1654 1
5	4	38.634 1	59.1070 1 59.2111 0.913 59.2218 0.522 59.844 1
2	1	38.232 1	59.611 1
2	1	38.838 1	59.1905 1
2	1	38.946 1	59.1855 1
2	1	38.45 1	59.1285 1
2	1	38.1056 1	59.814 1
2	1	38.637 1	59.1642 1
2	1	38.944 1	59.1853 1
2	1	38.536 1	59.1686 1
2	1	38.1221 1	59.2383 1
2	1	38.761 1	59.1814 1
2	1	38.821 1	59.1750 1
2	1	38.1063 1	59.822 1
2	1	38.325 1	59.930 1
4	4	38.678 1 38.794 0.347	59.1518 0.170 59.1738 1
2	1	38.463 1	59.1949 1
2	1	38.564 1	59.1600 1
2	1	38.1076 1	59.1012 1
2	1	38.983 1	59.1961 1
2	1	38.343 1	59.343 1
2	1	38.201 1	59.2124 1
3	2	38.682 1	59.181 0.607 59.184 1
2	1	38.184 1	59.1530 1
2	1	38.97 1	59.1209 1
2	1	38.684 1	59.173 1
2	1	38.1100 1	59.1056 1
2	1	38.1167 1	59.1941 1
2	1	38.121 1	59.1165 1
2	1	38.573 1	59.1659 1
2	1	38.622 1	59.293 1
2	1	38.735 1	59.1765 1
2	1	38.157 1	59.2158 1
2	1	38.35 1	59.1295 1
2	1	38.611 1	59.1584 1
2	1	38.1218 1	59.1915 1
2	1	38.777 1	59.1832 1
2	1	38.1061 1	59.820 1
2	1	38.1255 1	59.2428 1
2	1	38.29 1	59.1301 1
2	1	38.470 1	59.2237 1
2	1	38.111 1	59.1199 1
2	1	38.185 1	59.1709 1
2	1	38.441 1	59.1859 1
2	1	38.1140 1	59.2229 1
2	1	38.1174 1	59.2358 1
2	1	38.195 1	59.2063 1
2	1	38.337 1	59.918 1
2	1	38.720 1	59.1914 1
2	1	38.545 1	59.1667 1
2	1	38.122 1	59.1122 1
2	1	38.233 1	59.997 1
2	1	38.541 1	59.1852 1
2	1	38.731 1	59.1763 1
2	1	38.103 1	59.1202 1
2	1	38.1037 1	59.2014 1
2	1	38.124 1	59.1120 1
2	1	38.352 1	59.907 1
2	1	38.442 1	59.361 1
2	1	38.662 1	59.1603 1
2	1	38.1094 1	59.1051 1
2	1	38.210 1	59.2035 1
2	1	38.459 1	59.617 1
2	1	38.1013 1	59.1996 1
2	1	38.329 1	59.926 1
2	1	38.404 1	59.766 1
2	1	38.762 1	59.1815 1
2	1	38.290 1	59.958 1
2	1	38.114 1	59.2067 1
2	1	38.144 1	59.1057 1
2	1	38.801 1	59.1740 1
2	1	38.710 1	59.1481 1
2	1	38.982 1	59.1959 1
2	1	38.976 1	59.1948 1
2	1	38.1077 1	59.1013 1
2	1	38.314 1	59.941 1
2	1	38.519 1	59.2009 1
2	1	38.258 1	59.982 1
2	1	38.526 1	59.1687 1
2	1	38.714 1	59.1014 1
2	1	38.844 1	59.626 1
2	1	38.585 1	59.1917 1
2	1	38.235 1	59.994 1
6	5	38.394 1	59.201 0.933 59.2072 0.933 59.26 0.811 59.423 1 59.738 0.950
2	1	38.776 1	59.1831 1
2	1	38.1022 1	59.1997 1
2	1	38.1036 1	59.2013 1
2	1	38.1041 1	59.1461 1
2	1	38.1126 1	59.2196 1
2	1	38.1168 1	59.2174 1
2	1	38.1253 1	59.2026 1
15	14	38.595 1	59.1073 1 59.1347 0.156 59.1397 0.156 59.1989 0.280 59.2108 0.232 59.222 0.199 59.2253 0.240 59.2287 0.240 59.272 0.208 59.41 0.162 59.48 0.240 59.587 0.095 59.727 0.248 59.847 0.372
2	1	38.690 1	59.305 1
2	1	38.1007 1	59.1984 1
2	1	38.1062 1	59.821 1
2	1	38.371 1	59.1806 1
2	1	38.930 1	59.743 1
3	2	38.671 1	59.183 0.079 59.188 1
2	1	38.141 1	59.1060 1
2	1	38.742 1	59.1772 1
2	1	38.87 1	59.1221 1
2	1	38.168 1	59.2408 1
2	1	38.579 1	59.1613 1
2	1	38.166 1	59.674 1
3	2	38.1147 1	59.34 0.241 59.730 1
2	1	38.1261 1	59.2445 1
2	1	38.1003 1	59.1979 1
2	1	38.163 1	59.2133 1
2	1	38.630 1	59.1588 1
2	1	38.169 1	59.2410 1
2	1	38.90 1	59.1219 1
2	1	38.954 1	59.760 1
2	1	38.276 1	59.976 1
2	1	38.543 1	59.1670 1
2	1	38.91 1	59.1218 1
2	1	38.1113 1	59.1100 1
2	1	38.832 1	59.416 1
2	1	38.225 1	59.1939 1
2	1	38.287 1	59.2380 1
2	1	38.464 1	59.1053 1
2	1	38.81 1	59.1229 1
2	1	38.415 1	59.1937 1
2	1	38.513 1	59.2011 1
2	1	38.771 1	59.1826 1
2	1	38.626 1	59.1592 1
2	1	38.1001 1	59.1976 1
2	1	38.228 1	59.322 1
7	6	38.167 1	59.1492 0.589 59.1621 0.817 59.175 0.567 59.508 0.479 59.562 0.541 59.959 1
2	1	38.1030 1	59.2005 1
2	1	38.223 1	59.2028 1
2	1	38.71 1	59.1260 1
2	1	38.93 1	59.1215 1
2	1	38.490 1	59.580 1
10	9	38.645 1	59.1084 0.083 59.1184 0.696 59.1526 0.152 59.1630 1 59.191 0.848 59.2099 0.935 59.494 0.870 59.536 0.100 59.856 0.083
2	1	38.884 1	59.641 1
3	2	38.395 1	59.2071 0.063 59.27 1
2	1	38.413 1	59.1936 1
2	1	38.843 1	59.624 1
2	1	38.1095 1	59.1052 1
2	1	38.478 1	59.2049 1
2	1	38.216 1	59.2033 1
2	1	38.847 1	59.629 1
2	1	38.363 1	59.823 1
2	1	38.381 1	59.782 1
2	1	38.575 1	59.1656 1
4	3	38.618 1 38.619 0.321 38.681 0.159	59.1671 1
3	2	38.672 1	59.182 1 59.187 0.962
2	1	38.813 1	59.1746 1
2	1	38.912 1	59.1615 1
2	1	38.1064 1	59.1003 1
2	1	38.54 1	59.1276 1
2	1	38.850 1	59.631 1
2	1	38.977 1	59.1952 1
3	2	38.1219 1 38.443 0.093	59.1234 1
2	1	38.787 1	59.1841 1
2	1	38.161 1	59.2177 1
2	1	38.851 1	59.634 1
2	1	38.995 1	59.2021 1
2	1	38.8 1	59.9 1
2	1	38.147 1	59.1506 1
2	1	38.1205 1	59.1255 1
2	1	38.479 1	59.608 1
2	1	38.1127 1	59.2201 1
5	4	38.877 1	59.2485 1 59.2502 0.793 59.2515 0.793 59.2532 0.793
2	1	38.39 1	59.1289 1
2	1	38.806 1	59.2023 1
2	1	38.994 1	59.2022 1
3	2	38.1148 1	59.1453 0.114 59.729 1
3	2	38.174 0.195 38.176 1	59.2414 1
2	1	38.263 1	59.1510 1
12	11	38.640 1	59.1078 0.778 59.1173 0.187 59.1636 0.198 59.2105 0.214 59.2291 0.200 59.2327 0.200 59.29 0.259 59.425 0.757 59.485 0.187 59.736 1 59.850 0.214
2	1	38.770 1	59.1824 1
2	1	38.92 1	59.1216 1
4	3	38.399 1	59.33 1 59.430 0.201 59.731 0.885
11	10	38.647 1	59.1157 0.221 59.1183 0.629 59.1322 0.505 59.1369 0.451 59.1527 0.708 59.1631 1 59.1911 0.719 59.243 0.451 59.493 0.674 59.77 0.451
2	1	38.960 1	59.165 1
