Size	Relations	OrthoA	OrthoB
2	1	38.63 1	58.393 1
2	1	38.64 1	58.392 1
2	1	38.888 1	58.122 1
17	16	38.636 1	58.142 0.629 58.1634 0.565 58.1768 0.563 58.1803 0.563 58.2213 0.563 58.2244 0.563 58.2298 0.629 58.2535 0.563 58.29 0.565 58.488 0.892 58.54 0.575 58.610 0.409 58.7 0.565 58.711 0.623 58.76 0.575 58.959 1
2	1	38.1075 1	58.928 1
2	1	38.344 1	58.1561 1
2	1	38.1192 1	58.669 1
2	1	38.422 1	58.2345 1
2	1	38.497 1	58.1287 1
2	1	38.1002 1	58.2428 1
2	1	38.1081 1	58.912 1
2	1	38.1049 1	58.1136 1
2	1	38.570 1	58.1359 1
2	1	38.1246 1	58.425 1
2	1	38.1109 1	58.818 1
2	1	38.67 1	58.389 1
2	1	38.220 1	58.872 1
2	1	38.768 1	58.1436 1
2	1	38.473 1	58.1251 1
2	1	38.296 1	58.1010 1
2	1	38.4 1	58.550 1
2	1	38.627 1	58.2041 1
2	1	38.548 1	58.1357 1
2	1	38.205 1	58.853 1
2	1	38.546 1	58.1355 1
2	1	38.1230 1	58.532 1
2	1	38.625 1	58.2043 1
2	1	38.291 1	58.998 1
2	1	38.1088 1	58.231 1
6	5	38.592 1	58.166 1 58.2195 0.589 58.249 1 58.473 0.959 58.895 0.444
2	1	38.13 1	58.559 1
2	1	38.3 1	58.549 1
2	1	38.800 1	58.2091 1
2	1	38.1235 1	58.592 1
2	1	38.617 1	58.1910 1
2	1	38.1186 1	58.742 1
2	1	38.136 1	58.276 1
2	1	38.444 1	58.1340 1
2	1	38.943 1	58.1187 1
2	1	38.202 1	58.850 1
2	1	38.702 1	58.1743 1
2	1	38.1029 1	58.2481 1
2	1	38.1141 1	58.637 1
2	1	38.716 1	58.1546 1
2	1	38.1035 1	58.2492 1
2	1	38.1083 1	58.2357 1
2	1	38.350 1	58.1085 1
2	1	38.112 1	58.289 1
2	1	38.1047 1	58.1138 1
2	1	38.230 1	58.938 1
2	1	38.295 1	58.1009 1
2	1	38.1044 1	58.1141 1
2	1	38.199 1	58.847 1
2	1	38.1155 1	58.1943 1
2	1	38.156 1	58.823 1
2	1	38.226 1	58.1878 1
2	1	38.953 1	58.1184 1
2	1	38.755 1	58.1494 1
2	1	38.100 1	58.297 1
2	1	38.937 1	58.1193 1
2	1	38.948 1	58.2110 1
2	1	38.30 1	58.576 1
2	1	38.1175 1	58.753 1
2	1	38.59 1	58.400 1
18	17	38.633 1	58.10 0.994 58.1637 0.867 58.1765 0.891 58.1800 0.891 58.2210 0.891 58.2295 0.891 58.2319 0.861 58.2435 1 58.2503 0.861 58.2538 0.891 58.2699 0.251 58.32 0.994 58.485 0.952 58.57 0.958 58.708 0.891 58.80 0.891 58.962 0.952
2	1	38.102 1	58.295 1
2	1	38.783 1	58.1425 1
17	16	38.635 1	58.1635 0.939 58.1767 0.878 58.1802 0.878 58.2212 0.878 58.2297 0.939 58.2321 1 58.2437 0.826 58.2501 0.800 58.2536 0.878 58.30 0.922 58.487 0.835 58.55 0.870 58.609 0.826 58.710 0.939 58.8 0.922 58.960 0.887
2	1	38.615 1	58.1698 1
2	1	38.987 1	58.2410 1
2	1	38.260 1	58.979 1
2	1	38.335 1	58.1073 1
2	1	38.756 1	58.1493 1
2	1	38.740 1	58.1518 1
2	1	38.364 1	58.1144 1
2	1	38.229 1	58.937 1
2	1	38.1012 1	58.2467 1
2	1	38.1050 1	58.1111 1
2	1	38.75 1	58.340 1
2	1	38.369 1	58.1149 1
2	1	38.507 1	58.2095 1
2	1	38.1 1	58.547 1
2	1	38.385 1	58.1174 1
2	1	38.60 1	58.399 1
2	1	38.581 1	58.1873 1
2	1	38.882 1	58.151 1
2	1	38.883 1	58.150 1
2	1	38.881 1	58.152 1
2	1	38.440 1	58.1368 1
2	1	38.1005 1	58.2431 1
2	1	38.256 1	58.976 1
2	1	38.1268 1	58.546 1
2	1	38.481 1	58.1256 1
2	1	38.7 1	58.553 1
2	1	38.407 1	58.1180 1
2	1	38.46 1	58.688 1
2	1	38.1129 1	58.645 1
2	1	38.816 1	58.1990 1
2	1	38.896 1	58.185 1
2	1	38.386 1	58.1175 1
2	1	38.477 1	58.1253 1
2	1	38.311 1	58.1044 1
2	1	38.1084 1	58.235 1
2	1	38.1136 1	58.642 1
2	1	38.1191 1	58.670 1
2	1	38.272 1	58.980 1
2	1	38.68 1	58.388 1
2	1	38.1212 1	58.659 1
2	1	38.1138 1	58.640 1
2	1	38.815 1	58.1989 1
2	1	38.601 1	58.2206 1
2	1	38.487 1	58.1263 1
2	1	38.1131 1	58.643 1
2	1	38.155 1	58.822 1
2	1	38.1139 1	58.639 1
2	1	38.524 1	58.1587 1
18	17	38.639 1	58.137 0.985 58.1630 0.992 58.1772 0.992 58.1807 0.992 58.2217 0.992 58.2248 0.992 58.2303 0.992 58.2328 1 58.2446 0.794 58.25 0.992 58.2531 0.992 58.2711 0.992 58.3 0.992 58.492 0.561 58.620 0.457 58.72 0.802 58.955 0.992
2	1	38.180 1	58.1476 1
2	1	38.1142 1	58.636 1
2	1	38.293 1	58.1000 1
2	1	38.614 1	58.1697 1
2	1	38.1250 1	58.466 1
2	1	38.496 1	58.1285 1
2	1	38.1256 1	58.538 1
2	1	38.1257 1	58.539 1
2	1	38.27 1	58.570 1
2	1	38.849 1	58.2508 1
2	1	38.273 1	58.981 1
2	1	38.772 1	58.1432 1
2	1	38.366 1	58.1146 1
2	1	38.1038 1	58.2495 1
4	3	38.897 1	58.186 0.525 58.2541 1 58.83 1
2	1	38.1198 1	58.666 1
2	1	38.499 1	58.1305 1
2	1	38.377 1	58.1150 1
2	1	38.1262 1	58.543 1
2	1	38.999 1	58.2425 1
2	1	38.130 1	58.281 1
2	1	38.58 1	58.401 1
2	1	38.1086 1	58.233 1
2	1	38.697 1	58.1737 1
2	1	38.1181 1	58.747 1
2	1	38.214 1	58.994 1
2	1	38.836 1	58.1308 1
2	1	38.905 1	58.100 1
2	1	38.1115 1	58.765 1
2	1	38.1259 1	58.541 1
2	1	38.1254 1	58.467 1
2	1	38.5 1	58.551 1
2	1	38.367 1	58.1147 1
2	1	38.1004 1	58.2430 1
2	1	38.2 1	58.548 1
2	1	38.717 1	58.1545 1
2	1	38.715 1	58.923 1
2	1	38.773 1	58.1431 1
2	1	38.243 1	58.974 1
2	1	38.1122 1	58.771 1
2	1	38.1238 1	58.436 1
2	1	38.134 1	58.278 1
2	1	38.578 1	58.1876 1
2	1	38.213 1	58.993 1
2	1	38.257 1	58.977 1
2	1	38.50 1	58.692 1
2	1	38.929 1	58.1199 1
2	1	38.582 1	58.1872 1
2	1	38.757 1	58.1492 1
3	2	38.73 1	58.376 0.992 58.380 1
2	1	38.504 1	58.2164 1
2	1	38.304 1	58.1013 1
2	1	38.1180 1	58.748 1
2	1	38.197 1	58.845 1
2	1	38.831 1	58.1613 1
2	1	38.931 1	58.1194 1
2	1	38.1093 1	58.260 1
2	1	38.1208 1	58.665 1
2	1	38.889 1	58.121 1
2	1	38.701 1	58.1742 1
2	1	38.123 1	58.285 1
2	1	38.991 1	58.2411 1
2	1	38.1177 1	58.751 1
2	1	38.1065 1	58.935 1
6	5	38.396 1	58.1902 0.872 58.214 0.816 58.2186 0.638 58.2277 1 58.905 0.972
2	1	38.340 1	58.1078 1
2	1	38.183 1	58.1469 1
2	1	38.765 1	58.1439 1
2	1	38.686 1	58.1717 1
2	1	38.1120 1	58.769 1
2	1	38.200 1	58.848 1
2	1	38.143 1	58.268 1
2	1	38.465 1	58.1855 1
2	1	38.408 1	58.1181 1
2	1	38.784 1	58.1424 1
2	1	38.1190 1	58.671 1
2	1	38.212 1	58.992 1
2	1	38.1239 1	58.434 1
2	1	38.319 1	58.1057 1
2	1	38.25 1	58.561 1
2	1	38.484 1	58.1260 1
2	1	38.565 1	58.1407 1
2	1	38.938 1	58.1191 1
2	1	38.699 1	58.1740 1
2	1	38.368 1	58.1148 1
2	1	38.61 1	58.398 1
2	1	38.1042 1	58.1143 1
2	1	38.303 1	58.1012 1
2	1	38.231 1	58.939 1
2	1	38.1074 1	58.929 1
2	1	38.365 1	58.1145 1
2	1	38.1085 1	58.234 1
2	1	38.1026 1	58.2477 1
2	1	38.196 1	58.843 1
2	1	38.302 1	58.1011 1
2	1	38.928 1	58.1200 1
2	1	38.885 1	58.123 1
2	1	38.203 1	58.851 1
2	1	38.891 1	58.119 1
2	1	38.12 1	58.558 1
2	1	38.1048 1	58.1137 1
2	1	38.841 1	58.1225 1
2	1	38.549 1	58.1358 1
18	17	38.642 1	58.1 0.587 58.135 1 58.1628 0.992 58.1809 0.915 58.2219 0.915 58.2250 0.915 58.23 0.915 58.2305 0.992 58.2330 0.984 58.2529 0.915 58.2686 0.984 58.319 0.984 58.45 0.915 58.622 0.984 58.70 0.915 58.718 0.984 58.953 0.915
2	1	38.760 1	58.1447 1
2	1	38.142 1	58.269 1
2	1	38.1087 1	58.232 1
2	1	38.890 1	58.120 1
2	1	38.241 1	58.972 1
2	1	38.1046 1	58.1139 1
2	1	38.1000 1	58.2426 1
2	1	38.823 1	58.1998 1
2	1	38.1072 1	58.931 1
2	1	38.372 1	58.855 1
2	1	38.979 1	58.2380 1
2	1	38.72 1	58.384 1
2	1	38.486 1	58.1262 1
2	1	38.810 1	58.1937 1
2	1	38.56 1	58.698 1
2	1	38.52 1	58.694 1
3	2	38.430 1	58.111 0.993 58.1889 1
2	1	38.574 1	58.1364 1
2	1	38.164 1	58.839 1
2	1	38.1080 1	58.913 1
2	1	38.135 1	58.277 1
2	1	38.600 1	58.2207 1
2	1	38.866 1	58.2169 1
2	1	38.878 1	58.2511 1
2	1	38.353 1	58.1088 1
2	1	38.1232 1	58.1721 1
2	1	38.31 1	58.577 1
2	1	38.676 1	58.1840 1
2	1	38.1027 1	58.2478 1
2	1	38.1243 1	58.433 1
2	1	38.1123 1	58.772 1
2	1	38.691 1	58.1651 1
2	1	38.1159 1	58.509 1
2	1	38.1179 1	58.749 1
2	1	38.242 1	58.973 1
2	1	38.677 1	58.1839 1
2	1	38.378 1	58.1153 1
2	1	38.51 1	58.693 1
2	1	38.96 1	58.301 1
2	1	38.1258 1	58.540 1
2	1	38.316 1	58.1054 1
2	1	38.322 1	58.1060 1
2	1	38.689 1	58.1577 1
2	1	38.1057 1	58.1107 1
2	1	38.895 1	58.116 1
2	1	38.47 1	58.689 1
20	19	38.641 1	58.136 1 58.1629 1 58.1808 1 58.2 1 58.2218 1 58.2249 1 58.2304 1 58.2329 0.995 58.24 1 58.2447 0.922 58.2530 1 58.2685 0.972 58.2712 1 58.318 0.793 58.493 0.834 58.621 0.972 58.71 0.931 58.717 1 58.954 1
2	1	38.774 1	58.1430 1
3	2	38.508 1	58.2094 1 58.1712 0.700
2	1	38.807 1	58.1965 1
2	1	38.962 1	58.1674 1
2	1	38.101 1	58.296 1
2	1	38.1043 1	58.1142 1
2	1	38.277 1	58.988 1
2	1	38.435 1	58.2165 1
2	1	38.759 1	58.1449 1
2	1	38.947 1	58.2109 1
2	1	38.1007 1	58.2461 1
2	1	38.107 1	58.293 1
2	1	38.1071 1	58.932 1
2	1	38.122 1	58.286 1
2	1	38.1078 1	58.916 1
2	1	38.623 1	58.2044 1
2	1	38.348 1	58.1083 1
2	1	38.842 1	58.2132 1
2	1	38.728 1	58.1614 1
2	1	38.125 1	58.283 1
2	1	38.1025 1	58.2476 1
2	1	38.1031 1	58.2483 1
2	1	38.561 1	58.1405 1
2	1	38.204 1	58.852 1
2	1	38.184 1	58.1483 1
2	1	38.552 1	58.1727 1
2	1	38.817 1	58.1992 1
2	1	38.1124 1	58.773 1
2	1	38.20 1	58.560 1
2	1	38.342 1	58.1080 1
2	1	38.970 1	58.2358 1
2	1	38.222 1	58.877 1
2	1	38.788 1	58.2053 1
2	1	38.1137 1	58.641 1
2	1	38.628 1	58.2039 1
2	1	38.950 1	58.1185 1
2	1	38.1006 1	58.2432 1
2	1	38.345 1	58.1562 1
2	1	38.865 1	58.2167 1
2	1	38.94 1	58.303 1
3	2	38.652 1	58.501 1 58.946 1
2	1	38.766 1	58.1438 1
2	1	38.131 1	58.280 1
2	1	38.949 1	58.2111 1
2	1	38.357 1	58.1092 1
2	1	38.9 1	58.555 1
2	1	38.657 1	58.1732 1
2	1	38.346 1	58.2422 1
2	1	38.488 1	58.1264 1
2	1	38.463 1	58.1243 1
2	1	38.1028 1	58.2479 1
2	1	38.692 1	58.1650 1
2	1	38.317 1	58.1055 1
2	1	38.1248 1	58.464 1
2	1	38.209 1	58.867 1
2	1	38.917 1	58.1209 1
3	2	38.1024 1	58.2475 1 58.1695 0.759
2	1	38.492 1	58.1268 1
2	1	38.739 1	58.1519 1
2	1	38.523 1	58.914 1
2	1	38.525 1	58.1588 1
2	1	38.984 1	58.2388 1
2	1	38.355 1	58.1089 1
2	1	38.48 1	58.690 1
2	1	38.234 1	58.941 1
2	1	38.490 1	58.1266 1
2	1	38.356 1	58.1090 1
2	1	38.1060 1	58.1104 1
2	1	38.1045 1	58.1140 1
2	1	38.1130 1	58.644 1
2	1	38.1178 1	58.750 1
2	1	38.1008 1	58.2466 1
3	2	38.491 1	58.1267 1 58.1553 0.731
2	1	38.55 1	58.697 1
2	1	38.986 1	58.2394 1
2	1	38.961 1	58.1675 1
2	1	38.11 1	58.557 1
2	1	38.1185 1	58.743 1
2	1	38.880 1	58.153 1
2	1	38.1209 1	58.664 1
2	1	38.336 1	58.1074 1
2	1	38.236 1	58.967 1
2	1	38.711 1	58.1751 1
2	1	38.309 1	58.1042 1
3	2	38.651 1	58.500 1 58.947 1
2	1	38.331 1	58.1069 1
5	4	38.631 1	58.12 1 58.2433 1 58.34 1 58.59 1
7	6	38.397 1	58.215 0.872 58.2187 0.911 58.2270 1 58.2278 0.881 58.481 0.818 58.904 0.858
2	1	38.612 1	58.1684 1
2	1	38.384 1	58.1173 1
2	1	38.305 1	58.1014 1
2	1	38.1211 1	58.660 1
5	4	38.392 1	58.211 0.424 58.2274 1 58.597 1 58.908 1
2	1	38.80 1	58.334 1
2	1	38.590 1	58.1229 1
2	1	38.985 1	58.2393 1
2	1	38.927 1	58.1201 1
2	1	38.763 1	58.1444 1
3	2	38.812 1	58.1986 1 58.1987 0.838
2	1	38.133 1	58.279 1
2	1	38.941 1	58.1188 1
2	1	38.132 1	58.2391 1
2	1	38.538 1	58.1326 1
2	1	38.700 1	58.1741 1
2	1	38.705 1	58.1747 1
2	1	38.328 1	58.1066 1
2	1	38.69 1	58.387 1
2	1	38.37 1	58.680 1
2	1	38.238 1	58.969 1
2	1	38.215 1	58.995 1
2	1	38.915 1	58.1211 1
2	1	38.66 1	58.390 1
2	1	38.978 1	58.2379 1
2	1	38.275 1	58.983 1
2	1	38.312 1	58.1045 1
2	1	38.822 1	58.1994 1
2	1	38.809 1	58.1936 1
2	1	38.940 1	58.1189 1
2	1	38.876 1	58.1441 1
2	1	38.1194 1	58.667 1
2	1	38.333 1	58.1071 1
2	1	38.240 1	58.971 1
2	1	38.157 1	58.824 1
2	1	38.323 1	58.1061 1
2	1	38.894 1	58.117 1
2	1	38.419 1	58.2347 1
2	1	38.1188 1	58.2465 1
2	1	38.349 1	58.1084 1
2	1	38.1222 1	58.589 1
2	1	38.1056 1	58.1108 1
2	1	38.939 1	58.1190 1
2	1	38.667 1	58.1704 1
2	1	38.1247 1	58.463 1
2	1	38.1001 1	58.2427 1
2	1	38.126 1	58.282 1
2	1	38.274 1	58.982 1
2	1	38.775 1	58.1429 1
2	1	38.494 1	58.1276 1
2	1	38.65 1	58.391 1
2	1	38.553 1	58.1726 1
2	1	38.10 1	58.556 1
2	1	38.767 1	58.1437 1
2	1	38.811 1	58.1985 1
2	1	38.489 1	58.1265 1
2	1	38.743 1	58.1515 1
2	1	38.1184 1	58.744 1
2	1	38.405 1	58.1178 1
2	1	38.704 1	58.1746 1
3	2	38.899 1	58.200 0.973 58.99 1
5	6	38.190 1 38.429 0.341	58.2562 0.260 58.2609 1 58.2660 0.053
2	1	38.1193 1	58.668 1
2	1	38.1073 1	58.930 1
2	1	38.114 1	58.862 1
2	1	38.360 1	58.1095 1
2	1	38.580 1	58.1874 1
3	2	38.706 1	58.678 0.060 58.679 1
2	1	38.764 1	58.1440 1
2	1	38.1116 1	58.766 1
2	1	38.406 1	58.1179 1
2	1	38.850 1	58.2509 1
2	1	38.1160 1	58.510 1
2	1	38.789 1	58.2054 1
16	15	38.632 1	58.148 1 58.1638 1 58.1764 1 58.1799 1 58.2209 1 58.2294 1 58.2318 1 58.2504 1 58.2539 1 58.2697 1 58.484 0.273 58.603 1 58.707 1 58.81 1 58.963 0.273
2	1	38.916 1	58.1210 1
2	1	38.1143 1	58.635 1
2	1	38.359 1	58.1094 1
2	1	38.566 1	58.1408 1
4	3	38.195 1	58.1320 0.204 58.1542 1 58.2021 0.126
2	1	38.324 1	58.1062 1
2	1	38.339 1	58.1077 1
2	1	38.629 1	58.2038 1
2	1	38.825 1	58.2000 1
2	1	38.594 1	58.2193 1
2	1	38.99 1	58.298 1
2	1	38.547 1	58.1356 1
2	1	38.1058 1	58.1106 1
2	1	38.32 1	58.578 1
2	1	38.330 1	58.1068 1
2	1	38.975 1	58.2361 1
2	1	38.1121 1	58.770 1
21	20	38.638 1	58.138 0.763 58.1631 0.763 58.1771 0.763 58.1806 0.763 58.2216 0.763 58.2247 0.763 58.2302 0.712 58.2327 1 58.2445 0.390 58.2532 0.763 58.26 0.763 58.2678 0.135 58.2710 0.763 58.315 0.627 58.4 0.763 58.491 0.644 58.613 0.203 58.714 0.763 58.73 0.712 58.956 0.763
2	1	38.495 1	58.1277 1
2	1	38.341 1	58.1079 1
2	1	38.198 1	58.846 1
2	1	38.1051 1	58.1110 1
2	1	38.239 1	58.970 1
2	1	38.334 1	58.1072 1
2	1	38.480 1	58.1255 1
2	1	38.725 1	58.1526 1
2	1	38.959 1	58.1678 1
2	1	38.1125 1	58.649 1
2	1	38.182 1	58.1470 1
2	1	38.981 1	58.2382 1
2	1	38.867 1	58.2175 1
2	1	38.208 1	58.859 1
3	2	38.177 1	58.1479 1 58.2098 0.751
2	1	38.98 1	58.299 1
2	1	38.326 1	58.1064 1
2	1	38.417 1	58.2348 1
2	1	38.382 1	58.1156 1
2	1	38.53 1	58.695 1
2	1	38.724 1	58.1527 1
2	1	38.945 1	58.2107 1
2	1	38.741 1	58.1517 1
2	1	38.44 1	58.682 1
2	1	38.892 1	58.118 1
2	1	38.113 1	58.288 1
2	1	38.1119 1	58.768 1
2	1	38.294 1	58.1008 1
2	1	38.379 1	58.1154 1
2	1	38.387 1	58.1176 1
2	1	38.1097 1	58.264 1
7	6	38.393 1	58.1904 1 58.212 0.367 58.2184 0.612 58.2275 0.898 58.598 0.898 58.907 0.898
2	1	38.550 1	58.1728 1
2	1	38.758 1	58.1450 1
2	1	38.163 1	58.838 1
2	1	38.826 1	58.2001 1
2	1	38.34 1	58.580 1
2	1	38.736 1	58.1523 1
2	1	38.338 1	58.1076 1
2	1	38.509 1	58.2093 1
2	1	38.244 1	58.975 1
2	1	38.310 1	58.1043 1
2	1	38.1023 1	58.2474 1
2	1	38.383 1	58.1160 1
2	1	38.485 1	58.1261 1
2	1	38.992 1	58.1693 1
2	1	38.321 1	58.1059 1
3	2	38.391 0.133 38.597 1	58.2182 1
3	2	38.232 1	58.1252 0.387 58.940 1
2	1	38.576 1	58.1366 1
3	2	38.653 1	58.502 1 58.945 1
2	1	38.1079 1	58.915 1
2	1	38.506 1	58.2096 1
4	3	38.470 1	58.1250 1 58.1951 0.498 58.506 0.494
2	1	38.1059 1	58.1105 1
2	1	38.1182 1	58.745 1
2	1	38.1117 1	58.767 1
2	1	38.974 1	58.2359 1
2	1	38.996 1	58.2412 1
2	1	38.95 1	58.302 1
2	1	38.769 1	58.1435 1
2	1	38.181 1	58.1471 1
2	1	38.292 1	58.999 1
2	1	38.512 1	58.2491 1
2	1	38.791 1	58.407 1
2	1	38.869 1	58.2200 1
2	1	38.327 1	58.1065 1
2	1	38.693 1	58.1644 1
2	1	38.982 1	58.2383 1
2	1	38.682 1	58.1710 1
2	1	38.1176 1	58.752 1
2	1	38.320 1	58.1058 1
2	1	38.824 1	58.1999 1
2	1	38.998 1	58.2414 1
2	1	38.332 1	58.1070 1
2	1	38.458 1	58.1240 1
2	1	38.6 1	58.552 1
2	1	38.685 1	58.1716 1
2	1	38.315 1	58.1053 1
2	1	38.564 1	58.1406 1
2	1	38.33 1	58.579 1
2	1	38.571 1	58.1360 1
2	1	38.318 1	58.1056 1
2	1	38.375 1	58.856 1
2	1	38.537 1	58.1325 1
2	1	38.460 1	58.1242 1
5	4	38.678 1	58.1549 0.173 58.1915 1 58.1956 0.083 58.817 0.110
2	1	38.1249 1	58.465 1
2	1	38.179 1	58.1477 1
2	1	38.944 1	58.2106 1
2	1	38.761 1	58.1446 1
2	1	38.946 1	58.2108 1
2	1	38.1221 1	58.588 1
2	1	38.70 1	58.386 1
2	1	38.1231 1	58.531 1
2	1	38.960 1	58.1676 1
22	21	38.634 1	58.145 0.893 58.1636 0.893 58.1766 0.929 58.1801 0.929 58.2211 0.929 58.2241 0.929 58.2296 0.893 58.2320 0.857 58.2436 0.964 58.2502 0.893 58.2537 0.929 58.2666 0.893 58.2700 0.893 58.31 1 58.486 0.929 58.56 0.964 58.608 0.893 58.709 0.893 58.79 0.929 58.9 1 58.961 0.929
2	1	38.719 1	58.1536 1
2	1	38.912 1	58.1212 1
2	1	38.45 1	58.683 1
2	1	38.201 1	58.849 1
2	1	38.821 1	58.1993 1
2	1	38.1063 1	58.1101 1
2	1	38.577 1	58.1367 1
2	1	38.536 1	58.1324 1
2	1	38.684 1	58.1715 1
2	1	38.97 1	58.300 1
2	1	38.351 1	58.1086 1
2	1	38.572 1	58.1361 1
2	1	38.838 1	58.1307 1
2	1	38.683 1	58.1714 1
2	1	38.8 1	58.554 1
2	1	38.541 1	58.2103 1
2	1	38.670 1	58.1705 1
2	1	38.1061 1	58.1103 1
2	1	38.1076 1	58.927 1
3	2	38.471 1	58.1488 1 58.1489 0.063
2	1	38.325 1	58.1063 1
2	1	38.777 1	58.1427 1
2	1	38.121 1	58.287 1
2	1	38.983 1	58.2387 1
12	27	38.1149 1 38.1148 1 38.596 1	58.2235 1 58.2236 1 58.2191 1 58.477 0.714 58.2266 0.343 58.255 0.288 58.900 0.193 58.899 0.121 58.254 0.057
2	1	38.622 1	58.1700 1
2	1	38.1218 1	58.2202 1
2	1	38.1167 1	58.2356 1
2	1	38.111 1	58.290 1
2	1	38.29 1	58.575 1
2	1	38.543 1	58.1352 1
2	1	38.337 1	58.1075 1
2	1	38.459 1	58.1241 1
2	1	38.35 1	58.581 1
2	1	38.329 1	58.1067 1
2	1	38.723 1	58.1528 1
2	1	38.573 1	58.1363 1
2	1	38.414 1	58.2350 1
2	1	38.124 1	58.284 1
2	1	38.210 1	58.868 1
2	1	38.352 1	58.1087 1
2	1	38.404 1	58.1177 1
2	1	38.515 1	58.2489 1
2	1	38.672 1	58.1707 1
2	1	38.1140 1	58.638 1
2	1	38.225 1	58.1881 1
2	1	38.976 1	58.2362 1
2	1	38.442 1	58.1725 1
4	3	38.104 1 38.105 0.310 38.1213 0.077	58.2459 1
2	1	38.1037 1	58.2494 1
2	1	38.237 1	58.968 1
2	1	38.103 1	58.294 1
2	1	38.343 1	58.1560 1
2	1	38.1013 1	58.2468 1
2	1	38.1094 1	58.261 1
2	1	38.1237 1	58.438 1
5	4	38.399 1	58.2189 1 58.2268 0.906 58.479 0.774 58.902 1
2	1	38.585 1	58.2205 1
2	1	38.170 1	58.1487 1
2	1	38.526 1	58.1323 1
23	22	38.595 1	58.141 0.129 58.163 1 58.1633 0.115 58.1769 0.129 58.1804 0.129 58.2214 0.129 58.2245 0.129 58.2299 0.129 58.2324 0.159 58.2443 0.111 58.2534 0.129 58.2676 0.129 58.2707 0.129 58.28 0.129 58.313 0.076 58.476 0.995 58.53 0.129 58.6 0.129 58.611 0.129 58.712 0.129 58.75 0.129 58.898 0.223
2	1	38.762 1	58.1445 1
2	1	38.662 1	58.1912 1
7	6	38.394 1	58.1903 0.682 58.213 0.647 58.2185 0.659 58.2276 1 58.599 0.988 58.906 0.988
2	1	38.710 1	58.1750 1
2	1	38.801 1	58.1935 1
2	1	38.1040 1	58.2405 1
2	1	38.545 1	58.1354 1
2	1	38.997 1	58.2413 1
2	1	38.144 1	58.267 1
2	1	38.575 1	58.1365 1
2	1	38.776 1	58.1428 1
2	1	38.1210 1	58.661 1
2	1	38.718 1	58.1543 1
2	1	38.235 1	58.966 1
2	1	38.1036 1	58.2493 1
2	1	38.109 1	58.291 1
2	1	38.519 1	58.2486 1
2	1	38.1253 1	58.883 1
2	1	38.1022 1	58.2473 1
2	1	38.1041 1	58.1739 1
2	1	38.1126 1	58.648 1
2	1	38.1062 1	58.1102 1
2	1	38.879 1	58.154 1
2	1	38.690 1	58.1652 1
2	1	38.1054 1	58.1109 1
2	1	38.1113 1	58.812 1
2	1	38.370 1	58.101 1
2	1	38.714 1	58.924 1
2	1	38.259 1	58.978 1
2	1	38.742 1	58.1516 1
2	1	38.454 1	58.1733 1
2	1	38.930 1	58.1198 1
2	1	38.290 1	58.997 1
2	1	38.443 1	58.341 1
2	1	38.579 1	58.1875 1
6	5	38.1147 1	58.2190 0.953 58.2237 0.140 58.2267 1 58.478 0.992 58.901 0.986
3	2	38.794 1	58.396 1 58.521 0.052
2	1	38.630 1	58.2037 1
2	1	38.21 1	58.1557 1
2	1	38.737 1	58.1521 1
2	1	38.900 1	58.1718 1
2	1	38.141 1	58.270 1
2	1	38.313 1	58.1048 1
2	1	38.673 1	58.1708 1
2	1	38.1233 1	58.1724 1
2	1	38.1077 1	58.925 1
2	1	38.314 1	58.1049 1
2	1	38.1003 1	58.2429 1
2	1	38.828 1	58.2005 1
2	1	38.832 1	58.1612 1
2	1	38.977 1	58.2378 1
2	1	38.626 1	58.2042 1
2	1	38.1069 1	58.934 1
2	1	38.680 1	58.1853 1
2	1	38.771 1	58.1433 1
2	1	38.62 1	58.394 1
2	1	38.380 1	58.1155 1
2	1	38.1261 1	58.542 1
2	1	38.221 1	58.876 1
2	1	38.847 1	58.2506 1
2	1	38.1064 1	58.936 1
2	1	38.223 1	58.878 1
2	1	38.71 1	58.385 1
7	6	38.398 1	58.216 1 58.2188 0.137 58.2269 0.131 58.2279 0.836 58.480 0.136 58.903 0.142
2	1	38.54 1	58.696 1
2	1	38.478 1	58.857 1
3	2	38.712 0.105 38.848 1	58.2147 1
2	1	38.185 1	58.1484 1
2	1	38.216 1	58.870 1
2	1	38.1166 1	58.2355 1
2	1	38.425 1	58.2010 1
2	1	38.1244 1	58.431 1
2	1	38.1032 1	58.2484 1
2	1	38.1030 1	58.2482 1
2	1	38.395 1	58.600 1
2	1	38.483 1	58.1259 1
2	1	38.851 1	58.2510 1
2	1	38.787 1	58.2052 1
2	1	38.147 1	58.1838 1
2	1	38.1070 1	58.933 1
3	2	38.161 1	58.1687 1 58.834 0.983
2	1	38.544 1	58.1353 1
2	1	38.421 1	58.2346 1
2	1	38.228 1	58.1640 1
2	1	38.813 1	58.1988 1
2	1	38.276 1	58.987 1
2	1	38.968 1	58.1404 1
4	3	38.877 1	58.2373 0.631 58.2560 0.814 58.2610 1
2	1	38.26 1	58.569 1
2	1	38.263 1	58.1555 1
2	1	38.1127 1	58.646 1
2	1	38.785 1	58.1423 1
2	1	38.1016 1	58.1669 1
4	3	38.645 1	58.2452 1 58.498 0.981 58.949 0.981
2	1	38.49 1	58.691 1
2	1	38.108 1	58.292 1
2	1	38.347 1	58.1081 1
4	4	38.726 1 38.808 0.070	58.2590 1 58.2638 1
