Size	Relations	OrthoA	OrthoB
2	1	38.63 1	57.464 1
2	1	38.64 1	57.463 1
2	1	38.888 1	57.189 1
11	10	38.636 1	57.1043 1 57.144 0.563 57.1722 0.565 57.1856 0.563 57.208 0.629 57.2268 0.563 57.2322 0.629 57.560 0.892 57.686 0.409 57.791 0.623
2	1	38.1075 1	57.1011 1
2	1	38.344 1	57.1650 1
2	1	38.422 1	57.2365 1
2	1	38.497 1	57.1375 1
2	1	38.1002 1	57.35 1
2	1	38.1081 1	57.995 1
2	1	38.1049 1	57.1221 1
2	1	38.570 1	57.1449 1
2	1	38.1246 1	57.496 1
2	1	38.1109 1	57.899 1
2	1	38.67 1	57.460 1
2	1	38.220 1	57.955 1
2	1	38.768 1	57.1526 1
2	1	38.473 1	57.1339 1
2	1	38.296 1	57.1094 1
2	1	38.4 1	57.623 1
2	1	38.627 1	57.2092 1
2	1	38.205 1	57.935 1
2	1	38.546 1	57.1444 1
2	1	38.1230 1	57.605 1
2	1	38.548 1	57.1447 1
2	1	38.625 1	57.2094 1
2	1	38.291 1	57.1082 1
2	1	38.1088 1	57.298 1
6	5	38.592 1	57.2249 0.589 57.231 1 57.318 1 57.544 0.959 57.978 0.444
2	1	38.13 1	57.633 1
2	1	38.3 1	57.622 1
2	1	38.800 1	57.2143 1
2	1	38.617 1	57.1961 1
2	1	38.1186 1	57.821 1
2	1	38.943 1	57.1274 1
2	1	38.136 1	57.345 1
2	1	38.444 1	57.1429 1
2	1	38.202 1	57.932 1
2	1	38.702 1	57.1830 1
2	1	38.1029 1	57.89 1
2	1	38.1141 1	57.712 1
2	1	38.716 1	57.1635 1
2	1	38.1035 1	57.100 1
2	1	38.1083 1	57.2378 1
2	1	38.1192 1	57.747 1
2	1	38.350 1	57.1170 1
2	1	38.112 1	57.359 1
2	1	38.1047 1	57.1223 1
2	1	38.1235 1	57.668 1
2	1	38.230 1	57.1022 1
2	1	38.295 1	57.1093 1
2	1	38.1044 1	57.1226 1
2	1	38.199 1	57.929 1
2	1	38.1155 1	57.1994 1
2	1	38.156 1	57.904 1
2	1	38.226 1	57.1929 1
2	1	38.953 1	57.1271 1
2	1	38.755 1	57.1584 1
2	1	38.100 1	57.367 1
2	1	38.937 1	57.1280 1
2	1	38.948 1	57.2162 1
2	1	38.30 1	57.651 1
2	1	38.1175 1	57.833 1
2	1	38.59 1	57.471 1
13	12	38.633 1	57.1046 0.952 57.111 0.861 57.147 0.891 57.1725 0.867 57.1853 0.891 57.2265 0.891 57.2319 0.891 57.2341 0.424 57.2480 0.952 57.43 1 57.557 0.952 57.788 0.891
2	1	38.102 1	57.365 1
2	1	38.783 1	57.1515 1
13	12	38.635 1	57.1044 1 57.109 0.786 57.145 0.983 57.1723 0.932 57.1855 0.983 57.2267 0.983 57.2321 0.932 57.2482 0.932 57.45 0.803 57.559 0.846 57.685 0.812 57.790 0.932
2	1	38.987 1	57.18 1
2	1	38.260 1	57.1063 1
2	1	38.335 1	57.1158 1
2	1	38.756 1	57.1583 1
2	1	38.740 1	57.1607 1
2	1	38.364 1	57.1229 1
2	1	38.229 1	57.1021 1
2	1	38.1012 1	57.75 1
2	1	38.1050 1	57.1196 1
2	1	38.75 1	57.410 1
2	1	38.507 1	57.2147 1
2	1	38.369 1	57.1235 1
2	1	38.1 1	57.620 1
2	1	38.385 1	57.1260 1
2	1	38.60 1	57.470 1
2	1	38.581 1	57.1924 1
2	1	38.882 1	57.216 1
2	1	38.883 1	57.215 1
2	1	38.881 1	57.217 1
2	1	38.440 1	57.1458 1
2	1	38.256 1	57.1060 1
2	1	38.1005 1	57.38 1
2	1	38.1268 1	57.619 1
2	1	38.481 1	57.1344 1
2	1	38.7 1	57.626 1
2	1	38.407 1	57.1267 1
2	1	38.46 1	57.766 1
2	1	38.1129 1	57.720 1
2	1	38.816 1	57.2041 1
2	1	38.896 1	57.250 1
2	1	38.477 1	57.1341 1
2	1	38.311 1	57.1128 1
2	1	38.1136 1	57.717 1
2	1	38.1191 1	57.748 1
2	1	38.272 1	57.1064 1
2	1	38.68 1	57.459 1
2	1	38.1212 1	57.734 1
2	1	38.1138 1	57.715 1
2	1	38.615 1	57.1785 1
2	1	38.815 1	57.2040 1
2	1	38.601 1	57.2260 1
2	1	38.487 1	57.1351 1
2	1	38.1131 1	57.718 1
2	1	38.155 1	57.903 1
2	1	38.1139 1	57.714 1
2	1	38.524 1	57.1676 1
2	1	38.1084 1	57.303 1
13	12	38.639 1	57.1039 0.812 57.140 0.812 57.1718 0.812 57.1860 0.812 57.203 0.805 57.2272 0.812 57.2327 0.812 57.2349 0.812 57.2417 0.812 57.54 1 57.565 0.548 57.696 0.546
2	1	38.180 1	57.1567 1
2	1	38.1142 1	57.711 1
2	1	38.293 1	57.1084 1
2	1	38.614 1	57.1784 1
2	1	38.1250 1	57.537 1
2	1	38.496 1	57.1373 1
2	1	38.1256 1	57.611 1
2	1	38.1257 1	57.612 1
2	1	38.27 1	57.645 1
2	1	38.849 1	57.116 1
2	1	38.273 1	57.1065 1
2	1	38.772 1	57.1522 1
2	1	38.366 1	57.1231 1
2	1	38.1038 1	57.103 1
3	2	38.897 1	57.150 1 57.251 0.525
2	1	38.1198 1	57.742 1
2	1	38.499 1	57.1393 1
2	1	38.377 1	57.1236 1
2	1	38.1262 1	57.616 1
2	1	38.999 1	57.32 1
2	1	38.130 1	57.350 1
2	1	38.58 1	57.472 1
2	1	38.1086 1	57.301 1
2	1	38.697 1	57.1825 1
2	1	38.1181 1	57.826 1
2	1	38.214 1	57.1078 1
2	1	38.836 1	57.1396 1
2	1	38.905 1	57.166 1
2	1	38.1115 1	57.845 1
2	1	38.1259 1	57.614 1
2	1	38.1254 1	57.538 1
2	1	38.715 1	57.1006 1
2	1	38.5 1	57.624 1
2	1	38.367 1	57.1232 1
2	1	38.1004 1	57.37 1
2	1	38.2 1	57.621 1
2	1	38.717 1	57.1634 1
2	1	38.773 1	57.1521 1
2	1	38.243 1	57.1058 1
2	1	38.1122 1	57.851 1
2	1	38.386 1	57.1262 1
2	1	38.134 1	57.347 1
2	1	38.578 1	57.1927 1
2	1	38.1238 1	57.507 1
2	1	38.213 1	57.1077 1
2	1	38.257 1	57.1061 1
2	1	38.929 1	57.1286 1
2	1	38.582 1	57.1923 1
2	1	38.504 1	57.2217 1
2	1	38.757 1	57.1582 1
2	1	38.304 1	57.1097 1
2	1	38.1180 1	57.827 1
2	1	38.197 1	57.927 1
2	1	38.831 1	57.1702 1
2	1	38.931 1	57.1281 1
2	1	38.1093 1	57.329 1
2	1	38.889 1	57.188 1
2	1	38.123 1	57.355 1
2	1	38.701 1	57.1829 1
2	1	38.991 1	57.19 1
6	5	38.396 1	57.1953 0.872 57.2239 0.638 57.2300 1 57.280 0.816 57.988 0.972
2	1	38.1065 1	57.1019 1
2	1	38.340 1	57.1163 1
2	1	38.765 1	57.1529 1
3	2	38.73 1	57.447 0.992 57.451 1
2	1	38.686 1	57.1805 1
2	1	38.1120 1	57.849 1
2	1	38.200 1	57.930 1
2	1	38.143 1	57.337 1
2	1	38.465 1	57.1906 1
2	1	38.408 1	57.1268 1
2	1	38.1190 1	57.749 1
2	1	38.784 1	57.1514 1
2	1	38.212 1	57.1076 1
2	1	38.319 1	57.1142 1
2	1	38.1239 1	57.505 1
2	1	38.484 1	57.1348 1
2	1	38.565 1	57.1497 1
2	1	38.938 1	57.1278 1
2	1	38.699 1	57.1827 1
2	1	38.1042 1	57.1228 1
2	1	38.231 1	57.1023 1
2	1	38.303 1	57.1096 1
2	1	38.61 1	57.469 1
2	1	38.1074 1	57.1012 1
2	1	38.365 1	57.1230 1
2	1	38.1085 1	57.302 1
2	1	38.1026 1	57.85 1
2	1	38.196 1	57.925 1
2	1	38.302 1	57.1095 1
2	1	38.203 1	57.933 1
2	1	38.885 1	57.190 1
2	1	38.928 1	57.1287 1
2	1	38.891 1	57.185 1
2	1	38.1048 1	57.1222 1
2	1	38.841 1	57.1313 1
2	1	38.549 1	57.1448 1
13	12	38.642 1	57.1037 0.923 57.138 0.923 57.1716 1 57.1862 0.923 57.201 0.994 57.2274 0.923 57.2329 1 57.2351 0.992 57.2419 0.923 57.389 0.992 57.698 0.992 57.798 0.992
2	1	38.760 1	57.1537 1
2	1	38.142 1	57.338 1
2	1	38.241 1	57.1056 1
2	1	38.1046 1	57.1224 1
2	1	38.1000 1	57.33 1
2	1	38.823 1	57.2049 1
2	1	38.1072 1	57.1014 1
2	1	38.979 1	57.2401 1
2	1	38.372 1	57.937 1
2	1	38.72 1	57.455 1
2	1	38.486 1	57.1350 1
2	1	38.810 1	57.1988 1
2	1	38.56 1	57.778 1
2	1	38.52 1	57.773 1
3	2	38.430 1	57.177 0.993 57.1940 1
2	1	38.574 1	57.1454 1
2	1	38.1208 1	57.740 1
2	1	38.164 1	57.920 1
2	1	38.135 1	57.346 1
2	1	38.1080 1	57.996 1
2	1	38.866 1	57.2222 1
2	1	38.353 1	57.1173 1
2	1	38.878 1	57.119 1
2	1	38.1232 1	57.1809 1
2	1	38.31 1	57.652 1
2	1	38.676 1	57.1891 1
2	1	38.1027 1	57.86 1
2	1	38.1243 1	57.504 1
2	1	38.691 1	57.1739 1
2	1	38.1123 1	57.852 1
2	1	38.1159 1	57.582 1
2	1	38.1179 1	57.828 1
2	1	38.242 1	57.1057 1
2	1	38.378 1	57.1239 1
2	1	38.677 1	57.1890 1
2	1	38.51 1	57.772 1
2	1	38.96 1	57.371 1
2	1	38.1258 1	57.613 1
2	1	38.322 1	57.1145 1
2	1	38.689 1	57.1666 1
2	1	38.1057 1	57.1192 1
2	1	38.47 1	57.767 1
15	14	38.641 1	57.1038 1 57.139 1 57.1717 1 57.1861 1 57.202 1 57.2273 1 57.2328 1 57.2350 1 57.2418 1 57.388 0.793 57.55 0.922 57.566 0.636 57.697 0.972 57.797 1
2	1	38.895 1	57.182 1
2	1	38.774 1	57.1520 1
3	2	38.508 1	57.2146 1 57.1800 0.700
2	1	38.807 1	57.2016 1
2	1	38.101 1	57.366 1
2	1	38.1043 1	57.1227 1
2	1	38.277 1	57.1072 1
2	1	38.759 1	57.1539 1
2	1	38.435 1	57.2218 1
2	1	38.947 1	57.2161 1
2	1	38.1007 1	57.69 1
2	1	38.107 1	57.363 1
2	1	38.122 1	57.356 1
2	1	38.1078 1	57.999 1
2	1	38.623 1	57.2095 1
2	1	38.348 1	57.1168 1
2	1	38.842 1	57.2185 1
2	1	38.728 1	57.1703 1
2	1	38.125 1	57.353 1
2	1	38.1025 1	57.84 1
2	1	38.1031 1	57.91 1
2	1	38.561 1	57.1495 1
2	1	38.204 1	57.934 1
2	1	38.184 1	57.1574 1
2	1	38.552 1	57.1815 1
2	1	38.1124 1	57.853 1
2	1	38.962 1	57.1761 1
2	1	38.20 1	57.634 1
2	1	38.342 1	57.1165 1
2	1	38.970 1	57.2379 1
2	1	38.222 1	57.960 1
2	1	38.788 1	57.2105 1
2	1	38.1137 1	57.716 1
2	1	38.628 1	57.2090 1
2	1	38.950 1	57.1272 1
2	1	38.25 1	57.636 1
2	1	38.345 1	57.1651 1
2	1	38.865 1	57.2220 1
2	1	38.94 1	57.373 1
3	2	38.652 1	57.1030 1 57.574 1
2	1	38.766 1	57.1528 1
2	1	38.131 1	57.349 1
2	1	38.949 1	57.2163 1
2	1	38.357 1	57.1177 1
2	1	38.9 1	57.628 1
2	1	38.657 1	57.1820 1
2	1	38.1087 1	57.300 1
2	1	38.346 1	57.30 1
2	1	38.488 1	57.1352 1
2	1	38.368 1	57.1233 1
2	1	38.463 1	57.1331 1
2	1	38.1028 1	57.87 1
2	1	38.1248 1	57.535 1
2	1	38.692 1	57.1738 1
2	1	38.317 1	57.1140 1
2	1	38.209 1	57.950 1
2	1	38.890 1	57.186 1
2	1	38.917 1	57.1296 1
3	2	38.1024 1	57.83 1 57.1782 0.759
2	1	38.492 1	57.1356 1
2	1	38.739 1	57.1608 1
2	1	38.600 1	57.2261 1
2	1	38.984 1	57.2409 1
2	1	38.523 1	57.997 1
2	1	38.525 1	57.1677 1
2	1	38.1177 1	57.831 1
2	1	38.355 1	57.1174 1
2	1	38.48 1	57.768 1
2	1	38.234 1	57.1025 1
2	1	38.490 1	57.1354 1
2	1	38.356 1	57.1175 1
2	1	38.1060 1	57.1189 1
2	1	38.1178 1	57.829 1
2	1	38.50 1	57.770 1
2	1	38.1130 1	57.719 1
2	1	38.1045 1	57.1225 1
3	2	38.491 1	57.1355 1 57.1642 0.731
2	1	38.55 1	57.777 1
2	1	38.1008 1	57.74 1
2	1	38.961 1	57.1762 1
2	1	38.986 1	57.2 1
2	1	38.11 1	57.630 1
2	1	38.1185 1	57.822 1
2	1	38.880 1	57.218 1
2	1	38.336 1	57.1159 1
2	1	38.711 1	57.1838 1
2	1	38.236 1	57.1051 1
2	1	38.309 1	57.1126 1
3	2	38.651 1	57.1031 1 57.573 1
2	1	38.331 1	57.1154 1
7	6	38.397 1	57.2240 0.911 57.2293 1 57.2301 0.881 57.281 0.150 57.552 0.808 57.987 0.858
2	1	38.612 1	57.1771 1
3	2	38.631 1	57.2478 1 57.41 1
2	1	38.384 1	57.1259 1
2	1	38.305 1	57.1098 1
2	1	38.1211 1	57.735 1
2	1	38.1209 1	57.739 1
5	4	38.392 1	57.2297 1 57.277 0.424 57.673 1 57.991 1
2	1	38.80 1	57.404 1
2	1	38.590 1	57.1317 1
2	1	38.985 1	57.1 1
2	1	38.763 1	57.1534 1
2	1	38.927 1	57.1288 1
2	1	38.817 1	57.2043 1
3	2	38.812 1	57.2037 1 57.2038 0.838
2	1	38.133 1	57.348 1
2	1	38.941 1	57.1275 1
2	1	38.538 1	57.1415 1
2	1	38.700 1	57.1828 1
2	1	38.705 1	57.1834 1
2	1	38.132 1	57.2412 1
2	1	38.316 1	57.1138 1
2	1	38.328 1	57.1151 1
2	1	38.1071 1	57.1016 1
2	1	38.37 1	57.758 1
2	1	38.69 1	57.458 1
2	1	38.238 1	57.1053 1
2	1	38.215 1	57.1079 1
2	1	38.915 1	57.1299 1
2	1	38.66 1	57.461 1
2	1	38.978 1	57.2400 1
2	1	38.275 1	57.1067 1
2	1	38.312 1	57.1129 1
2	1	38.822 1	57.2045 1
2	1	38.809 1	57.1987 1
2	1	38.940 1	57.1276 1
2	1	38.1194 1	57.743 1
2	1	38.876 1	57.1531 1
2	1	38.333 1	57.1156 1
2	1	38.240 1	57.1055 1
2	1	38.157 1	57.905 1
2	1	38.12 1	57.631 1
2	1	38.894 1	57.183 1
2	1	38.323 1	57.1146 1
2	1	38.419 1	57.2367 1
2	1	38.349 1	57.1169 1
2	1	38.1188 1	57.73 1
2	1	38.1222 1	57.664 1
2	1	38.1056 1	57.1193 1
2	1	38.667 1	57.1792 1
2	1	38.939 1	57.1277 1
2	1	38.1247 1	57.534 1
2	1	38.1001 1	57.34 1
2	1	38.65 1	57.462 1
2	1	38.274 1	57.1066 1
2	1	38.775 1	57.1519 1
2	1	38.494 1	57.1364 1
2	1	38.10 1	57.629 1
2	1	38.553 1	57.1814 1
2	1	38.767 1	57.1527 1
2	1	38.811 1	57.2036 1
2	1	38.743 1	57.1604 1
2	1	38.489 1	57.1353 1
2	1	38.1184 1	57.823 1
2	1	38.405 1	57.1265 1
2	1	38.704 1	57.1833 1
2	1	38.899 1	57.165 1
2	1	38.1073 1	57.1013 1
2	1	38.1193 1	57.744 1
3	2	38.190 1 38.429 0.341	57.2471 1
2	1	38.360 1	57.1180 1
2	1	38.114 1	57.945 1
2	1	38.580 1	57.1925 1
3	2	38.706 1	57.756 0.060 57.757 1
2	1	38.764 1	57.1530 1
2	1	38.1116 1	57.846 1
2	1	38.406 1	57.1266 1
2	1	38.850 1	57.117 1
2	1	38.1160 1	57.583 1
2	1	38.789 1	57.2106 1
13	12	38.632 1	57.1047 0.273 57.112 1 57.148 1 57.1726 1 57.1852 1 57.213 0.141 57.2264 1 57.2318 1 57.2340 1 57.556 0.273 57.679 1 57.787 1
2	1	38.359 1	57.1179 1
2	1	38.566 1	57.1498 1
2	1	38.1143 1	57.710 1
4	3	38.195 1	57.1409 0.204 57.1631 1 57.2072 0.126
2	1	38.324 1	57.1147 1
2	1	38.339 1	57.1162 1
2	1	38.594 1	57.2247 1
2	1	38.629 1	57.2089 1
2	1	38.825 1	57.2051 1
2	1	38.99 1	57.368 1
2	1	38.547 1	57.1445 1
2	1	38.32 1	57.653 1
2	1	38.330 1	57.1153 1
2	1	38.975 1	57.2382 1
2	1	38.181 1	57.1562 1
2	1	38.1006 1	57.40 1
2	1	38.1058 1	57.1191 1
2	1	38.1121 1	57.850 1
2	1	38.495 1	57.1365 1
2	1	38.198 1	57.928 1
2	1	38.341 1	57.1164 1
14	13	38.638 1	57.1040 0.500 57.141 0.500 57.1719 0.500 57.1859 0.500 57.204 0.500 57.2271 0.500 57.2326 0.467 57.2416 0.500 57.385 1 57.53 0.167 57.564 0.700 57.689 0.183 57.794 0.500
2	1	38.1051 1	57.1195 1
2	1	38.725 1	57.1615 1
2	1	38.959 1	57.1765 1
2	1	38.334 1	57.1157 1
2	1	38.480 1	57.1343 1
2	1	38.239 1	57.1054 1
2	1	38.1125 1	57.724 1
2	1	38.182 1	57.1561 1
3	2	38.177 1	57.1570 1 57.2150 0.751
2	1	38.208 1	57.942 1
2	1	38.867 1	57.2228 1
2	1	38.98 1	57.369 1
2	1	38.417 1	57.2368 1
2	1	38.326 1	57.1149 1
2	1	38.382 1	57.1242 1
2	1	38.724 1	57.1616 1
2	1	38.945 1	57.2159 1
2	1	38.741 1	57.1606 1
2	1	38.1119 1	57.848 1
2	1	38.113 1	57.358 1
2	1	38.44 1	57.760 1
2	1	38.892 1	57.184 1
2	1	38.387 1	57.1263 1
2	1	38.294 1	57.1092 1
2	1	38.1097 1	57.333 1
6	5	38.393 1	57.1955 1 57.2237 0.612 57.278 0.367 57.674 0.898 57.990 0.898
2	1	38.550 1	57.1816 1
2	1	38.163 1	57.919 1
2	1	38.34 1	57.655 1
2	1	38.736 1	57.1612 1
2	1	38.826 1	57.2052 1
2	1	38.338 1	57.1161 1
2	1	38.509 1	57.2145 1
2	1	38.244 1	57.1059 1
2	1	38.310 1	57.1127 1
2	1	38.1023 1	57.82 1
2	1	38.383 1	57.1246 1
2	1	38.485 1	57.1349 1
2	1	38.992 1	57.1780 1
2	1	38.321 1	57.1144 1
3	2	38.391 0.133 38.597 1	57.2235 1
3	2	38.232 1	57.1024 1 57.1340 0.387
2	1	38.183 1	57.1559 1
2	1	38.576 1	57.1456 1
3	2	38.653 1	57.1029 1 57.575 1
2	1	38.506 1	57.2148 1
4	3	38.470 1	57.1338 1 57.2002 0.498 57.579 0.494
2	1	38.1059 1	57.1190 1
2	1	38.1182 1	57.824 1
8	12	38.1149 1 38.596 1	57.2289 1 57.2245 1 57.548 0.290 57.982 0.257 57.324 0.210 57.323 0.057
2	1	38.1117 1	57.847 1
2	1	38.996 1	57.20 1
2	1	38.95 1	57.372 1
2	1	38.769 1	57.1525 1
2	1	38.974 1	57.2380 1
2	1	38.292 1	57.1083 1
2	1	38.791 1	57.478 1
2	1	38.869 1	57.2254 1
2	1	38.512 1	57.99 1
2	1	38.327 1	57.1150 1
2	1	38.682 1	57.1798 1
2	1	38.693 1	57.1732 1
2	1	38.982 1	57.2404 1
2	1	38.998 1	57.22 1
2	1	38.824 1	57.2050 1
2	1	38.320 1	57.1143 1
2	1	38.1176 1	57.832 1
2	1	38.379 1	57.1240 1
2	1	38.458 1	57.1328 1
2	1	38.332 1	57.1155 1
2	1	38.6 1	57.625 1
2	1	38.685 1	57.1804 1
2	1	38.315 1	57.1137 1
2	1	38.33 1	57.654 1
2	1	38.564 1	57.1496 1
2	1	38.318 1	57.1141 1
2	1	38.571 1	57.1450 1
2	1	38.460 1	57.1330 1
2	1	38.537 1	57.1414 1
5	4	38.678 1	57.1638 0.173 57.1966 1 57.2007 0.083 57.898 0.110
2	1	38.179 1	57.1568 1
2	1	38.1249 1	57.536 1
2	1	38.944 1	57.2158 1
2	1	38.916 1	57.1297 1
2	1	38.761 1	57.1536 1
2	1	38.946 1	57.2160 1
2	1	38.70 1	57.457 1
2	1	38.1221 1	57.663 1
2	1	38.1231 1	57.604 1
2	1	38.960 1	57.1763 1
2	1	38.201 1	57.931 1
2	1	38.45 1	57.761 1
15	14	38.634 1	57.1045 1 57.110 0.833 57.146 1 57.1724 0.833 57.1854 1 57.211 0.833 57.2266 1 57.2320 0.833 57.2342 0.885 57.2481 0.900 57.44 0.867 57.558 1 57.684 0.833 57.789 0.833
2	1	38.719 1	57.1625 1
2	1	38.912 1	57.1300 1
2	1	38.821 1	57.2044 1
2	1	38.1063 1	57.1186 1
2	1	38.577 1	57.1457 1
2	1	38.536 1	57.1413 1
2	1	38.684 1	57.1803 1
2	1	38.97 1	57.370 1
2	1	38.351 1	57.1171 1
2	1	38.572 1	57.1451 1
2	1	38.838 1	57.1395 1
2	1	38.541 1	57.2155 1
2	1	38.683 1	57.1802 1
2	1	38.8 1	57.627 1
2	1	38.670 1	57.1793 1
2	1	38.1061 1	57.1188 1
2	1	38.1076 1	57.1010 1
3	2	38.471 1	57.1578 1 57.1579 0.063
2	1	38.325 1	57.1148 1
2	1	38.777 1	57.1517 1
2	1	38.121 1	57.357 1
2	1	38.983 1	57.2408 1
2	1	38.622 1	57.1788 1
2	1	38.1218 1	57.2256 1
2	1	38.111 1	57.360 1
2	1	38.1167 1	57.2377 1
2	1	38.543 1	57.1441 1
2	1	38.29 1	57.650 1
2	1	38.337 1	57.1160 1
2	1	38.459 1	57.1329 1
2	1	38.35 1	57.656 1
2	1	38.126 1	57.351 1
2	1	38.329 1	57.1152 1
2	1	38.723 1	57.1617 1
2	1	38.573 1	57.1453 1
2	1	38.124 1	57.354 1
2	1	38.414 1	57.2370 1
2	1	38.404 1	57.1264 1
2	1	38.672 1	57.1795 1
2	1	38.515 1	57.97 1
2	1	38.352 1	57.1172 1
2	1	38.210 1	57.951 1
2	1	38.1140 1	57.713 1
2	1	38.225 1	57.1932 1
2	1	38.1037 1	57.102 1
4	3	38.104 1 38.105 0.310 38.1213 0.077	57.67 1
2	1	38.237 1	57.1052 1
2	1	38.442 1	57.1813 1
2	1	38.976 1	57.2383 1
2	1	38.103 1	57.364 1
2	1	38.343 1	57.1649 1
2	1	38.1013 1	57.76 1
2	1	38.1094 1	57.330 1
2	1	38.1237 1	57.509 1
5	4	38.399 1	57.2243 1 57.2291 0.906 57.550 0.774 57.985 0.868
2	1	38.585 1	57.2259 1
2	1	38.758 1	57.1540 1
2	1	38.981 1	57.2403 1
15	14	38.595 1	57.143 0.129 57.1721 0.115 57.1857 0.129 57.207 0.129 57.2269 0.129 57.228 1 57.2323 0.129 57.2414 0.129 57.383 0.076 57.51 0.111 57.547 0.995 57.687 0.129 57.792 0.129 57.981 0.223
2	1	38.526 1	57.1412 1
2	1	38.170 1	57.1577 1
2	1	38.762 1	57.1535 1
2	1	38.662 1	57.1963 1
7	6	38.394 1	57.1954 0.682 57.2238 0.659 57.2299 1 57.279 0.647 57.675 0.988 57.989 0.988
2	1	38.710 1	57.1837 1
2	1	38.801 1	57.1986 1
2	1	38.1040 1	57.13 1
2	1	38.545 1	57.1443 1
2	1	38.923 1	57.938 1
2	1	38.997 1	57.21 1
2	1	38.144 1	57.336 1
2	1	38.575 1	57.1455 1
2	1	38.776 1	57.1518 1
2	1	38.1210 1	57.736 1
2	1	38.718 1	57.1632 1
2	1	38.235 1	57.1050 1
2	1	38.1079 1	57.998 1
2	1	38.1036 1	57.101 1
2	1	38.519 1	57.94 1
2	1	38.109 1	57.361 1
2	1	38.1253 1	57.966 1
2	1	38.1022 1	57.81 1
2	1	38.1041 1	57.1826 1
2	1	38.1126 1	57.723 1
2	1	38.1062 1	57.1187 1
2	1	38.1054 1	57.1194 1
2	1	38.1113 1	57.892 1
2	1	38.690 1	57.1740 1
2	1	38.879 1	57.219 1
2	1	38.370 1	57.167 1
2	1	38.714 1	57.1007 1
2	1	38.259 1	57.1062 1
2	1	38.742 1	57.1605 1
2	1	38.930 1	57.1285 1
2	1	38.454 1	57.1821 1
2	1	38.443 1	57.411 1
2	1	38.290 1	57.1081 1
2	1	38.53 1	57.775 1
2	1	38.579 1	57.1926 1
5	4	38.1147 1	57.2244 0.953 57.2290 1 57.549 0.992 57.984 0.986
3	2	38.794 1	57.467 1 57.594 0.052
2	1	38.630 1	57.2088 1
2	1	38.21 1	57.1646 1
2	1	38.900 1	57.1806 1
2	1	38.737 1	57.1610 1
2	1	38.141 1	57.339 1
2	1	38.313 1	57.1132 1
2	1	38.1077 1	57.1008 1
2	1	38.1233 1	57.1812 1
2	1	38.673 1	57.1796 1
2	1	38.314 1	57.1133 1
2	1	38.1003 1	57.36 1
2	1	38.832 1	57.1701 1
2	1	38.828 1	57.2056 1
2	1	38.977 1	57.2399 1
2	1	38.626 1	57.2093 1
2	1	38.1069 1	57.1018 1
2	1	38.771 1	57.1523 1
2	1	38.680 1	57.1904 1
2	1	38.62 1	57.465 1
2	1	38.380 1	57.1241 1
2	1	38.847 1	57.114 1
2	1	38.221 1	57.959 1
2	1	38.1064 1	57.1020 1
2	1	38.223 1	57.961 1
2	1	38.71 1	57.456 1
7	6	38.398 1	57.2241 1 57.2292 0.204 57.2302 0.415 57.283 0.438 57.551 0.198 57.986 0.206
2	1	38.54 1	57.776 1
2	1	38.1166 1	57.2376 1
2	1	38.216 1	57.953 1
2	1	38.478 1	57.940 1
3	2	38.712 0.105 38.848 1	57.2200 1
2	1	38.1244 1	57.502 1
2	1	38.425 1	57.2061 1
2	1	38.1032 1	57.92 1
2	1	38.483 1	57.1347 1
2	1	38.395 1	57.676 1
2	1	38.1030 1	57.90 1
2	1	38.147 1	57.1889 1
2	1	38.787 1	57.2104 1
2	1	38.851 1	57.118 1
2	1	38.1070 1	57.1017 1
3	2	38.161 1	57.1774 1 57.915 0.983
2	1	38.544 1	57.1442 1
2	1	38.421 1	57.2366 1
2	1	38.228 1	57.1728 1
2	1	38.813 1	57.2039 1
2	1	38.276 1	57.1071 1
2	1	38.968 1	57.1494 1
2	1	38.1158 1	57.893 1
3	2	38.877 1	57.2394 0.631 57.2472 1
2	1	38.26 1	57.644 1
2	1	38.263 1	57.1644 1
2	1	38.1127 1	57.721 1
4	3	38.645 1	57.1033 1 57.571 1 57.60 0.990
2	1	38.785 1	57.1513 1
2	1	38.1016 1	57.1756 1
2	1	38.49 1	57.769 1
2	1	38.108 1	57.362 1
2	1	38.347 1	57.1166 1
3	2	38.726 1 38.808 0.070	57.2452 1
