Size	Relations	OrthoA	OrthoB
2	1	45.55 1	52.46 1
2	1	45.56 1	52.47 1
2	1	45.680 1	52.543 1
2	1	45.77 1	52.1313 1
2	1	45.831 1	52.235 1
2	1	45.147 1	52.1206 1
2	1	45.75 1	52.84 1
2	1	45.611 1	52.694 1
2	1	45.1061 1	52.187 1
2	1	45.1083 1	52.169 1
2	1	45.323 1	52.981 1
2	1	45.707 1	52.514 1
2	1	45.146 1	52.1211 1
2	1	45.536 1	52.629 1
2	1	45.830 1	52.236 1
2	1	45.145 1	52.1220 1
2	1	45.795 1	52.296 1
2	1	45.541 1	52.638 1
2	1	45.1092 1	52.287 1
2	1	45.796 1	52.295 1
2	1	45.613 1	52.696 1
2	1	45.4 1	52.4 1
2	1	45.305 1	52.998 1
2	1	45.171 1	52.1174 1
2	1	45.762 1	52.355 1
2	1	45.184 1	52.1151 1
2	1	45.603 1	52.1050 1
2	1	45.631 1	52.718 1
2	1	45.335 1	52.969 1
2	1	45.785 1	52.315 1
2	1	45.3 1	52.3 1
2	1	45.394 1	52.724 1
2	1	45.89 1	52.1300 1
2	1	45.309 1	52.995 1
2	1	45.76 1	52.1314 1
2	1	45.131 1	52.1229 1
3	2	45.396 1 45.920 0.794	52.960 1
2	1	45.636 1	52.722 1
2	1	45.1129 1	52.1359 1
3	2	45.581 1	52.669 1 52.771 0.805
2	1	45.215 1	52.1110 1
2	1	45.13 1	52.13 1
2	1	45.150 1	52.1203 1
2	1	45.213 1	52.1112 1
2	1	45.119 1	52.1250 1
2	1	45.112 1	52.1271 1
3	2	45.773 1	52.1161 0.252 52.410 1
2	1	45.767 1	52.339 1
2	1	45.281 1	52.1030 1
2	1	45.1067 1	52.186 1
2	1	45.387 1	52.734 1
2	1	45.724 1	52.493 1
2	1	45.197 1	52.1131 1
2	1	45.162 1	52.1186 1
2	1	45.503 1	52.506 1
2	1	45.515 1	52.713 1
2	1	45.66 1	52.66 1
2	1	45.106 1	52.1273 1
2	1	45.141 1	52.1234 1
2	1	45.741 1	52.384 1
2	1	45.1115 1	52.1348 1
2	1	45.649 1	52.479 1
2	1	45.68 1	52.68 1
2	1	45.1136 1	52.1366 1
2	1	45.191 1	52.1138 1
2	1	45.643 1	52.304 1
2	1	45.822 1	52.244 1
2	1	45.18 1	52.18 1
2	1	45.386 1	52.735 1
2	1	45.650 1	52.478 1
3	2	45.769 1	52.335 1 52.791 0.964
2	1	45.760 1	52.357 1
2	1	45.185 1	52.1144 1
2	1	45.216 1	52.1109 1
2	1	45.820 1	52.256 1
2	1	45.771 1	52.1297 1
2	1	45.855 1	52.208 1
2	1	45.690 1	52.221 1
2	1	45.190 1	52.1139 1
2	1	45.275 1	52.1036 1
2	1	45.1130 1	52.1360 1
2	1	45.502 1	52.505 1
2	1	45.203 1	52.1121 1
2	1	45.732 1	52.397 1
2	1	45.1082 1	52.170 1
2	1	45.821 1	52.245 1
2	1	45.819 1	52.257 1
2	1	45.156 1	52.1190 1
2	1	45.296 1	52.1007 1
2	1	45.167 1	52.1177 1
2	1	45.667 1	52.554 1
2	1	45.665 1	52.556 1
2	1	45.128 1	52.1242 1
2	1	45.1118 1	52.1351 1
2	1	45.1039 1	52.1265 1
2	1	45.144 1	52.1221 1
2	1	45.258 1	52.1055 1
2	1	45.629 1	52.1287 1
2	1	45.737 1	52.393 1
2	1	45.789 1	52.302 1
2	1	45.122 1	52.1247 1
2	1	45.494 1	52.77 1
2	1	45.344 1	52.704 1
2	1	45.117 1	52.1252 1
2	1	45.102 1	52.1279 1
2	1	45.129 1	52.1126 1
2	1	45.314 1	52.990 1
2	1	45.384 1	52.737 1
2	1	45.154 1	52.1191 1
2	1	45.198 1	52.1129 1
2	1	45.228 1	52.1099 1
3	2	45.1148 1 45.51 0.818	52.1373 1
2	1	45.547 1	52.489 1
2	1	45.125 1	52.279 1
2	1	45.688 1	52.59 1
2	1	45.730 1	52.1166 1
2	1	45.1142 1	52.1371 1
2	1	45.5 1	52.5 1
2	1	45.390 1	52.729 1
2	1	45.1133 1	52.1363 1
2	1	45.1132 1	52.1362 1
2	1	45.193 1	52.750 1
2	1	45.1094 1	52.285 1
2	1	45.392 1	52.727 1
2	1	45.752 1	52.366 1
2	1	45.1075 1	52.179 1
2	1	45.239 1	52.1080 1
2	1	45.588 1	52.674 1
2	1	45.312 1	52.992 1
2	1	45.367 1	52.73 1
2	1	45.695 1	52.525 1
2	1	45.121 1	52.1248 1
2	1	45.94 1	52.1292 1
2	1	45.1122 1	52.1353 1
2	1	45.70 1	52.707 1
2	1	45.1069 1	52.184 1
2	1	45.332 1	52.972 1
2	1	45.780 1	52.328 1
2	1	45.1070 1	52.183 1
2	1	45.746 1	52.377 1
2	1	45.7 1	52.7 1
2	1	45.806 1	52.277 1
2	1	45.139 1	52.1236 1
2	1	45.1152 1	52.1374 1
2	1	45.71 1	52.706 1
2	1	45.958 1	52.471 1
2	1	45.609 1	52.693 1
2	1	45.842 1	52.223 1
2	1	45.799 1	52.292 1
2	1	45.584 1	52.672 1
2	1	45.1101 1	52.1337 1
9	8	45.504 0.199 45.505 0.260 45.506 0.101 45.507 1 45.508 0.139 45.509 0.207 45.510 0.155 45.917 0.198	52.507 1
2	1	45.514 1	52.714 1
2	1	45.616 1	52.665 1
2	1	45.685 1	52.538 1
2	1	45.322 1	52.982 1
5	4	45.194 1	52.758 1 52.466 0.839 52.779 0.839 52.782 0.839
2	1	45.25 1	52.26 1
2	1	45.265 1	52.1040 1
2	1	45.666 1	52.555 1
2	1	45.677 1	52.545 1
2	1	45.834 1	52.306 1
2	1	45.283 1	52.1015 1
2	1	45.848 1	52.215 1
2	1	45.118 1	52.1251 1
2	1	45.1077 1	52.174 1
2	1	45.786 1	52.314 1
2	1	45.841 1	52.224 1
2	1	45.288 1	52.305 1
2	1	45.318 1	52.986 1
2	1	45.325 1	52.980 1
2	1	45.17 1	52.17 1
2	1	45.1036 1	52.1268 1
2	1	45.978 1	52.948 1
3	2	45.189 1	52.1140 1 52.840 0.796
2	1	45.725 1	52.492 1
2	1	45.824 1	52.242 1
2	1	45.871 1	52.192 1
2	1	45.247 1	52.1069 1
2	1	45.659 1	52.564 1
2	1	45.303 1	52.1000 1
2	1	45.1154 1	52.1376 1
2	1	45.747 1	52.376 1
2	1	45.217 1	52.1108 1
2	1	45.500 1	52.503 1
2	1	45.353 1	52.916 1
2	1	45.791 1	52.300 1
2	1	45.282 1	52.1016 1
2	1	45.756 1	52.361 1
2	1	45.1114 1	52.1343 1
2	1	45.148 1	52.1205 1
2	1	45.1104 1	52.1340 1
2	1	45.607 1	52.1074 1
2	1	45.267 1	52.1039 1
2	1	45.209 1	52.1116 1
2	1	45.1135 1	52.1365 1
2	1	45.563 1	52.650 1
2	1	45.306 1	52.997 1
2	1	45.30 1	52.31 1
3	2	45.571 1	52.659 1 52.930 0.700
2	1	45.1068 1	52.185 1
2	1	45.95 1	52.1291 1
2	1	45.73 1	52.78 1
2	1	45.551 1	52.640 1
2	1	45.811 1	52.272 1
8	7	45.972 1	52.946 1 52.96 0.888 52.100 0.888 52.104 0.888 52.598 0.928 52.755 0.766 52.804 0.786
2	1	45.259 1	52.1054 1
5	6	45.368 1 45.492 0.732	52.85 1 52.446 1 52.844 1
2	1	45.559 1	52.645 1
2	1	45.600 1	52.684 1
2	1	45.201 1	52.1127 1
2	1	45.1049 1	52.217 1
2	1	45.92 1	52.1296 1
2	1	45.1117 1	52.1350 1
2	1	45.743 1	52.382 1
2	1	45.524 1	52.1323 1
2	1	45.698 1	52.522 1
2	1	45.589 1	52.675 1
2	1	45.1050 1	52.218 1
2	1	45.601 1	52.685 1
2	1	45.670 1	52.551 1
2	1	45.764 1	52.353 1
2	1	45.781 1	52.319 1
2	1	45.279 1	52.1032 1
2	1	45.682 1	52.541 1
2	1	45.825 1	52.241 1
2	1	45.501 1	52.504 1
2	1	45.100 1	52.1282 1
2	1	45.310 1	52.994 1
2	1	45.1072 1	52.181 1
2	1	45.759 1	52.358 1
2	1	45.749 1	52.374 1
2	1	45.717 1	52.500 1
2	1	45.78 1	52.1312 1
2	1	45.1071 1	52.182 1
2	1	45.232 1	52.1095 1
2	1	45.15 1	52.15 1
2	1	45.80 1	52.1308 1
2	1	45.933 1	52.58 1
2	1	45.37 1	52.888 1
2	1	45.669 1	52.552 1
2	1	45.681 1	52.542 1
2	1	45.777 1	52.331 1
2	1	45.568 1	52.654 1
2	1	45.700 1	52.520 1
2	1	45.712 1	52.509 1
2	1	45.840 1	52.225 1
2	1	45.231 1	52.1096 1
4	3	45.202 1	52.744 1 52.919 0.925 52.927 0.957
7	12	45.1146 1 45.579 1 45.1147 0.419 45.1145 0.336	52.409 1 52.1172 1 52.1162 0.170
2	1	45.99 1	52.1283 1
2	1	45.632 1	52.719 1
2	1	45.1032 1	52.231 1
2	1	45.853 1	52.210 1
2	1	45.340 1	52.964 1
2	1	45.1038 1	52.1266 1
2	1	45.705 1	52.516 1
2	1	45.40 1	52.39 1
2	1	45.1143 1	52.1372 1
2	1	45.14 1	52.14 1
2	1	45.12 1	52.12 1
2	1	45.868 1	52.195 1
2	1	45.628 1	52.1286 1
7	6	45.1019 1	52.777 1 52.444 0.668 52.794 0.865 52.841 0.691 52.892 0.748 52.934 0.811
2	1	45.1124 1	52.1355 1
2	1	45.2 1	52.2 1
2	1	45.745 1	52.380 1
2	1	45.828 1	52.238 1
2	1	45.19 1	52.19 1
2	1	45.1156 1	52.1378 1
2	1	45.1126 1	52.1357 1
5	4	45.533 1 45.534 0.509 45.535 0.485 45.452 0.758	52.623 1
2	1	45.564 1	52.651 1
2	1	45.719 1	52.498 1
2	1	45.348 1	52.962 1
2	1	45.619 1	52.702 1
2	1	45.874 1	52.189 1
2	1	45.957 1	52.472 1
2	1	45.292 1	52.1084 1
2	1	45.315 1	52.989 1
2	1	45.160 1	52.1188 1
2	1	45.98 1	52.1284 1
2	1	45.81 1	52.1307 1
2	1	45.67 1	52.67 1
2	1	45.1153 1	52.1375 1
2	1	45.243 1	52.1076 1
3	2	45.813 1 45.268 0.852	52.269 1
2	1	45.116 1	52.1253 1
2	1	45.339 1	52.965 1
2	1	45.696 1	52.524 1
2	1	45.621 1	52.567 1
2	1	45.662 1	52.559 1
2	1	45.823 1	52.243 1
2	1	45.84 1	52.1304 1
2	1	45.1 1	52.1 1
2	1	45.1123 1	52.1354 1
3	2	45.235 1	52.1092 1 52.1125 0.796
2	1	45.60 1	52.76 1
2	1	45.803 1	52.283 1
2	1	45.29 1	52.30 1
2	1	45.782 1	52.318 1
2	1	45.634 1	52.721 1
2	1	45.101 1	52.1280 1
2	1	45.779 1	52.329 1
2	1	45.801 1	52.290 1
2	1	45.873 1	52.190 1
2	1	45.1103 1	52.1339 1
2	1	45.689 1	52.222 1
2	1	45.754 1	52.363 1
2	1	45.82 1	52.1306 1
2	1	45.140 1	52.1235 1
2	1	45.153 1	52.1192 1
2	1	45.59 1	52.49 1
2	1	45.728 1	52.1164 1
2	1	45.297 1	52.1004 1
2	1	45.596 1	52.680 1
2	1	45.1090 1	52.162 1
2	1	45.627 1	52.1285 1
2	1	45.245 1	52.1070 1
2	1	45.709 1	52.512 1
2	1	45.1140 1	52.1369 1
2	1	45.1040 1	52.1264 1
2	1	45.585 1	52.673 1
2	1	45.663 1	52.558 1
2	1	45.761 1	52.356 1
2	1	45.276 1	52.1035 1
2	1	45.123 1	52.1243 1
2	1	45.62 1	52.62 1
2	1	45.495 1	52.74 1
2	1	45.546 1	52.90 1
2	1	45.83 1	52.1305 1
2	1	45.794 1	52.297 1
2	1	45.251 1	52.1067 1
2	1	45.127 1	52.584 1
2	1	45.72 1	52.705 1
2	1	45.839 1	52.226 1
2	1	45.178 1	52.1154 1
2	1	45.630 1	52.1288 1
2	1	45.9 1	52.9 1
2	1	45.135 1	52.1240 1
2	1	45.553 1	52.642 1
2	1	45.244 1	52.1075 1
2	1	45.372 1	52.765 1
2	1	45.633 1	52.720 1
2	1	45.11 1	52.11 1
3	2	45.287 0.068 45.751 1	52.635 1
2	1	45.241 1	52.1078 1
2	1	45.163 1	52.1184 1
2	1	45.642 1	52.1233 1
2	1	45.1059 1	52.770 1
2	1	45.373 1	52.764 1
2	1	45.758 1	52.359 1
2	1	45.210 1	52.1115 1
2	1	45.103 1	52.1275 1
2	1	45.704 1	52.517 1
2	1	45.859 1	52.204 1
2	1	45.240 1	52.1079 1
2	1	45.41 1	52.40 1
2	1	45.784 1	52.316 1
2	1	45.683 1	52.540 1
2	1	45.223 1	52.1104 1
2	1	45.158 1	52.1073 1
2	1	45.316 1	52.988 1
2	1	45.137 1	52.1238 1
2	1	45.1060 1	52.778 1
2	1	45.657 1	52.566 1
2	1	45.862 1	52.201 1
2	1	45.347 1	52.963 1
2	1	45.604 1	52.689 1
2	1	45.664 1	52.557 1
2	1	45.711 1	52.510 1
2	1	45.605 1	52.690 1
2	1	45.35 1	52.35 1
2	1	45.620 1	52.710 1
2	1	45.956 1	52.473 1
2	1	45.277 1	52.1034 1
2	1	45.833 1	52.232 1
2	1	45.280 1	52.1031 1
2	1	45.1125 1	52.1356 1
2	1	45.744 1	52.381 1
2	1	45.529 1	52.602 1
2	1	45.614 1	52.697 1
2	1	45.359 1	52.768 1
2	1	45.1084 1	52.168 1
2	1	45.713 1	52.508 1
2	1	45.204 1	52.1120 1
2	1	45.668 1	52.553 1
2	1	45.763 1	52.354 1
2	1	45.1102 1	52.1338 1
2	1	45.151 1	52.1202 1
2	1	45.615 1	52.700 1
2	1	45.364 1	52.71 1
2	1	45.383 1	52.738 1
2	1	45.548 1	52.490 1
2	1	45.734 1	52.395 1
2	1	45.776 1	52.332 1
2	1	45.684 1	52.539 1
2	1	45.857 1	52.206 1
2	1	45.988 1	52.50 1
2	1	45.778 1	52.330 1
2	1	45.583 1	52.671 1
2	1	45.793 1	52.298 1
2	1	45.1085 1	52.167 1
2	1	45.338 1	52.966 1
2	1	45.814 1	52.268 1
2	1	45.302 1	52.1001 1
2	1	45.1043 1	52.1260 1
2	1	45.329 1	52.976 1
2	1	45.79 1	52.1311 1
2	1	45.660 1	52.563 1
3	2	45.253 1	52.1060 1 52.1063 0.329
2	1	45.867 1	52.196 1
2	1	45.157 1	52.1189 1
3	2	45.626 1 45.774 0.085	52.736 1
3	2	45.397 1 45.921 0.832	52.959 1
2	1	45.955 1	52.474 1
2	1	45.149 1	52.1204 1
2	1	45.166 1	52.1178 1
2	1	45.170 1	52.574 1
3	2	45.693 1 45.694 0.263	52.219 1
2	1	45.804 1	52.282 1
2	1	45.733 1	52.396 1
2	1	45.96 1	52.1290 1
2	1	45.554 1	52.643 1
2	1	45.1134 1	52.1364 1
2	1	45.566 1	52.1212 1
2	1	45.337 1	52.967 1
2	1	45.200 1	52.94 1
2	1	45.326 1	52.979 1
2	1	45.331 1	52.973 1
2	1	45.8 1	52.8 1
2	1	45.1100 1	52.1336 1
2	1	45.47 1	52.43 1
2	1	45.671 1	52.550 1
2	1	45.710 1	52.511 1
2	1	45.783 1	52.317 1
2	1	45.854 1	52.209 1
2	1	45.827 1	52.239 1
2	1	45.242 1	52.1077 1
2	1	45.775 1	52.333 1
2	1	45.378 1	52.742 1
2	1	45.257 1	52.1056 1
2	1	45.115 1	52.1254 1
2	1	45.39 1	52.38 1
2	1	45.395 1	52.723 1
2	1	45.90 1	52.1299 1
2	1	45.229 1	52.1098 1
2	1	45.593 1	52.679 1
2	1	45.161 1	52.1187 1
2	1	45.169 1	52.1175 1
2	1	45.856 1	52.207 1
3	2	45.108 0.255 45.110 1	52.1047 1
2	1	45.28 1	52.29 1
2	1	45.849 1	52.214 1
2	1	45.236 1	52.1091 1
2	1	45.832 1	52.233 1
2	1	45.572 1	52.660 1
2	1	45.575 1	52.663 1
2	1	45.114 1	52.1269 1
2	1	45.177 1	52.1155 1
2	1	45.753 1	52.364 1
2	1	45.1030 1	52.607 1
2	1	45.493 1	52.86 1
2	1	45.248 1	52.1068 1
2	1	45.31 1	52.32 1
3	2	45.46 1	52.603 1 52.730 0.164
2	1	45.847 1	52.216 1
2	1	45.10 1	52.10 1
2	1	45.860 1	52.203 1
2	1	45.864 1	52.199 1
3	2	45.594 1	52.1141 1 52.258 0.781
2	1	45.1139 1	52.1368 1
2	1	45.986 1	52.628 1
2	1	45.576 1	52.664 1
2	1	45.1131 1	52.1361 1
2	1	45.74 1	52.79 1
2	1	45.703 1	52.518 1
2	1	45.1141 1	52.1370 1
2	1	45.787 1	52.312 1
2	1	45.1099 1	52.1335 1
2	1	45.608 1	52.692 1
2	1	45.718 1	52.499 1
2	1	45.807 1	52.276 1
2	1	45.701 1	52.519 1
2	1	45.692 1	52.220 1
2	1	45.218 1	52.1105 1
2	1	45.50 1	52.45 1
2	1	45.479 1	52.1159 1
2	1	45.307 1	52.996 1
2	1	45.206 1	52.1118 1
2	1	45.234 1	52.1093 1
2	1	45.792 1	52.299 1
2	1	45.790 1	52.301 1
2	1	45.327 1	52.978 1
2	1	45.38 1	52.887 1
2	1	45.542 1	52.132 1
2	1	45.661 1	52.560 1
2	1	45.697 1	52.523 1
2	1	45.850 1	52.213 1
2	1	45.294 1	52.1010 1
2	1	45.238 1	52.1081 1
2	1	45.1042 1	52.1261 1
2	1	45.293 1	52.1083 1
2	1	45.165 1	52.1182 1
2	1	45.487 1	52.957 1
2	1	45.812 1	52.271 1
2	1	45.20 1	52.20 1
2	1	45.556 1	52.588 1
2	1	45.869 1	52.194 1
2	1	45.987 1	52.626 1
2	1	45.1017 1	52.773 1
2	1	45.1093 1	52.286 1
2	1	45.300 1	52.1003 1
2	1	45.742 1	52.383 1
3	2	45.765 1	52.340 1 52.666 0.699
2	1	45.889 1	52.769 1
2	1	45.937 1	52.1193 1
2	1	45.58 1	52.48 1
2	1	45.49 1	52.379 1
2	1	45.549 1	52.491 1
2	1	45.639 1	52.1088 1
2	1	45.641 1	52.573 1
2	1	45.675 1	52.547 1
2	1	45.858 1	52.205 1
2	1	45.1089 1	52.163 1
2	1	45.723 1	52.494 1
3	2	45.897 1 45.915 0.297	52.605 1
2	1	45.1080 1	52.173 1
2	1	45.21 1	52.22 1
2	1	45.44 1	52.604 1
2	1	45.679 1	52.544 1
2	1	45.895 1	52.367 1
2	1	45.562 1	52.649 1
3	2	45.843 0.188 45.844 1	52.528 1
2	1	45.720 1	52.497 1
2	1	45.24 1	52.25 1
2	1	45.815 1	52.266 1
2	1	45.520 1	52.712 1
22	121	45.356 1 45.1054 1 45.1056 1 45.159 1 45.246 1 45.587 1 45.471 0.210 45.52 0.210 45.208 0.187 45.468 0.185 45.341 0.152	52.915 1 52.1106 1 52.372 1 52.438 1 52.451 1 52.687 1 52.698 1 52.731 1 52.766 1 52.910 1 52.148 0.691
2	1	45.187 1	52.1142 1
2	1	45.22 1	52.23 1
2	1	45.262 1	52.1051 1
2	1	45.674 1	52.548 1
2	1	45.1074 1	52.1011 1
2	1	45.264 1	52.1041 1
2	1	45.48 1	52.44 1
2	1	45.65 1	52.65 1
2	1	45.948 1	52.851 1
2	1	45.152 1	52.1201 1
2	1	45.800 1	52.291 1
2	1	45.687 1	52.530 1
2	1	45.870 1	52.193 1
2	1	45.261 1	52.1052 1
2	1	45.486 1	52.956 1
2	1	45.1097 1	52.156 1
2	1	45.278 1	52.1033 1
2	1	45.673 1	52.549 1
2	1	45.227 1	52.1100 1
3	2	45.658 1 45.888 0.717	52.565 1
2	1	45.960 1	52.469 1
2	1	45.132 1	52.1228 1
2	1	45.750 1	52.373 1
2	1	45.805 1	52.278 1
2	1	45.1098 1	52.155 1
2	1	45.863 1	52.200 1
2	1	45.363 1	52.70 1
2	1	45.788 1	52.311 1
2	1	45.826 1	52.240 1
2	1	45.379 1	52.741 1
2	1	45.164 1	52.1183 1
2	1	45.875 1	52.188 1
2	1	45.735 1	52.394 1
2	1	45.1109 1	52.561 1
2	1	45.731 1	52.1167 1
2	1	45.808 1	52.275 1
2	1	45.961 1	52.468 1
2	1	45.186 1	52.1143 1
2	1	45.1116 1	52.1349 1
2	1	45.336 1	52.968 1
2	1	45.560 1	52.647 1
2	1	45.872 1	52.191 1
2	1	45.706 1	52.515 1
2	1	45.289 1	52.1087 1
2	1	45.225 1	52.1102 1
2	1	45.1096 1	52.157 1
2	1	45.320 1	52.984 1
2	1	45.1095 1	52.161 1
2	1	45.180 1	52.1153 1
2	1	45.86 1	52.1302 1
2	1	45.97 1	52.1289 1
2	1	45.977 1	52.56 1
2	1	45.104 1	52.1274 1
2	1	45.591 1	52.677 1
2	1	45.597 1	52.681 1
2	1	45.748 1	52.375 1
2	1	45.377 1	52.743 1
3	2	45.375 1 45.519 0.083	52.400 1
2	1	45.36 1	52.36 1
2	1	45.284 1	52.1014 1
2	1	45.1041 1	52.1262 1
2	1	45.654 1	52.918 1
2	1	45.358 1	52.914 1
2	1	45.6 1	52.6 1
2	1	45.173 1	52.590 1
2	1	45.714 1	52.502 1
2	1	45.865 1	52.198 1
2	1	45.810 1	52.273 1
2	1	45.291 1	52.1085 1
2	1	45.313 1	52.991 1
2	1	45.866 1	52.197 1
2	1	45.295 1	52.1008 1
2	1	45.196 1	52.752 1
2	1	45.107 1	52.1272 1
2	1	45.176 1	52.1156 1
3	2	45.829 1	52.237 1 52.569 1
2	1	45.1105 1	52.1341 1
2	1	45.569 1	52.656 1
2	1	45.64 1	52.64 1
2	1	45.852 1	52.211 1
2	1	45.929 1	52.798 1
2	1	45.954 1	52.467 1
3	2	45.134 1	52.1230 1 52.1231 0.104
2	1	45.350 1	52.961 1
2	1	45.352 1	52.949 1
2	1	45.739 1	52.391 1
2	1	45.16 1	52.16 1
2	1	45.809 1	52.274 1
2	1	45.959 1	52.470 1
2	1	45.580 1	52.668 1
2	1	45.88 1	52.1301 1
2	1	45.328 1	52.977 1
2	1	45.521 1	52.711 1
2	1	45.1119 1	52.1352 1
3	2	45.220 1 45.222 0.358	52.387 1
2	1	45.757 1	52.360 1
2	1	45.23 1	52.24 1
2	1	45.558 1	52.644 1
2	1	45.388 1	52.733 1
2	1	45.207 1	52.1117 1
2	1	45.69 1	52.69 1
2	1	45.1157 1	52.1379 1
2	1	45.861 1	52.202 1
2	1	45.334 1	52.970 1
2	1	45.233 1	52.1094 1
2	1	45.333 1	52.971 1
2	1	45.550 1	52.639 1
2	1	45.640 1	52.575 1
2	1	45.226 1	52.1101 1
2	1	45.172 1	52.1324 1
10	9	45.199 1	52.754 1 52.97 0.792 52.101 0.792 52.105 0.792 52.436 0.791 52.745 0.833 52.803 0.935 52.826 0.853 52.921 0.831
2	1	45.237 1	52.1082 1
2	1	45.252 1	52.1066 1
2	1	45.612 1	52.695 1
2	1	45.63 1	52.63 1
2	1	45.755 1	52.362 1
2	1	45.699 1	52.521 1
2	1	45.722 1	52.495 1
2	1	45.438 1	52.903 1
2	1	45.552 1	52.641 1
2	1	45.319 1	52.985 1
2	1	45.34 1	52.34 1
2	1	45.321 1	52.983 1
2	1	45.770 1	52.334 1
2	1	45.311 1	52.993 1
2	1	45.451 1	52.88 1
2	1	45.212 1	52.1113 1
2	1	45.260 1	52.1053 1
2	1	45.285 1	52.1013 1
2	1	45.738 1	52.392 1
2	1	45.136 1	52.1239 1
4	3	45.192 1	52.751 1 52.772 0.887 52.893 0.887
2	1	45.768 1	52.336 1
2	1	45.85 1	52.1303 1
2	1	45.255 1	52.1058 1
3	2	45.646 0.371 45.647 1	52.1029 1
2	1	45.816 1	52.265 1
2	1	45.561 1	52.648 1
2	1	45.590 1	52.676 1
2	1	45.205 1	52.1119 1
8	7	45.1018 1	52.774 1 52.431 1 52.795 1 52.806 1 52.818 0.774 52.842 0.946 52.933 0.832
2	1	45.928 1	52.853 1
2	1	45.393 1	52.725 1
3	2	45.974 1	52.596 0.174 52.828 1
2	1	45.1033 1	52.228 1
2	1	45.26 1	52.27 1
2	1	45.947 1	52.850 1
2	1	45.513 1	52.890 1
2	1	45.599 1	52.683 1
3	2	45.686 1 45.33 0.942	52.537 1
2	1	45.726 1	52.487 1
2	1	45.527 1	52.581 1
2	1	45.120 1	52.1249 1
2	1	45.345 1	52.703 1
2	1	45.526 1	52.580 1
2	1	45.528 1	52.601 1
2	1	45.1037 1	52.1267 1
2	1	45.676 1	52.546 1
2	1	45.317 1	52.987 1
2	1	45.606 1	52.691 1
2	1	45.1158 1	52.1380 1
2	1	45.370 1	52.833 1
2	1	45.498 1	52.667 1
7	6	45.729 1	52.1165 1 52.131 0.884 52.776 0.930 52.843 0.815 52.1071 0.930 52.1329 0.884
2	1	45.582 1	52.670 1
2	1	45.211 1	52.1114 1
3	2	45.1020 1	52.448 1 52.796 0.911
2	1	45.1121 1	52.810 1
2	1	45.573 1	52.661 1
2	1	45.617 1	52.701 1
2	1	45.1137 1	52.1367 1
2	1	45.175 1	52.1157 1
2	1	45.263 1	52.1042 1
2	1	45.851 1	52.212 1
2	1	45.301 1	52.1002 1
2	1	45.61 1	52.61 1
2	1	45.290 1	52.1086 1
2	1	45.797 1	52.294 1
3	2	45.911 1	52.126 0.055 52.136 1
2	1	45.592 1	52.678 1
2	1	45.798 1	52.293 1
2	1	45.256 1	52.1057 1
2	1	45.543 1	52.895 1
2	1	45.817 1	52.267 1
5	4	45.818 1	52.260 0.060 52.262 0.054 52.263 0.091 52.264 1
2	1	45.598 1	52.682 1
2	1	45.138 1	52.1237 1
2	1	45.381 1	52.1209 1
2	1	45.391 1	52.728 1
2	1	45.772 1	52.1298 1
2	1	45.1155 1	52.1377 1
2	1	45.442 1	52.886 1
2	1	45.930 1	52.1194 1
2	1	45.708 1	52.513 1
2	1	45.727 1	52.398 1
2	1	45.574 1	52.662 1
2	1	45.362 1	52.817 1
2	1	45.537 1	52.631 1
2	1	45.638 1	52.576 1
2	1	45.224 1	52.1103 1
4	4	45.130 1 45.133 0.084	52.1225 1 52.1227 0.372
2	1	45.304 1	52.999 1
2	1	45.365 1	52.72 1
12	11	45.1113 1	52.1023 0.682 52.1107 1 52.147 1 52.371 1 52.437 1 52.450 0.966 52.688 1 52.699 1 52.732 1 52.767 1 52.911 1
3	2	45.655 1	52.599 0.304 52.789 1
5	4	45.910 1	52.125 0.138 52.135 0.050 52.458 1 52.53 0.332
9	20	45.916 1 45.939 1 45.406 0.198 45.940 0.082	52.370 1 52.123 1 52.1132 0.291 52.630 0.125 52.600 0.101
19	60	45.1002 0.103 45.1003 0.176 45.1004 1 45.1005 0.208 45.1006 0.071 45.1008 0.074 45.1009 0.223 45.1010 0.137 45.1011 0.120 45.1012 0.189 45.1013 0.156 45.1023 0.118 45.1029 0.054 45.995 0.078 45.997 0.195	52.1160 1 52.142 0.172 52.615 0.261 52.617 0.098
2	1	45.374 1	52.1006 1
2	1	45.254 0.803	52.378 0.803
