Size	Relations	OrthoA	OrthoB
2	1	45.55 1	51.39 1
2	1	45.56 1	51.40 1
2	1	45.680 1	51.265 1
2	1	45.773 1	51.941 1
2	1	45.77 1	51.57 1
2	1	45.831 1	51.83 1
2	1	45.75 1	51.54 1
2	1	45.1083 1	51.949 1
2	1	45.323 1	51.304 1
2	1	45.147 1	51.895 1
2	1	45.146 1	51.896 1
2	1	45.830 1	51.84 1
2	1	45.611 1	51.384 1
2	1	45.707 1	51.247 1
2	1	45.145 1	51.897 1
2	1	45.1092 1	51.93 1
2	1	45.1061 1	51.942 1
2	1	45.541 1	51.440 1
2	1	45.305 1	51.734 1
2	1	45.536 1	51.411 1
2	1	45.184 1	51.861 1
2	1	45.171 1	51.868 1
2	1	45.613 1	51.382 1
2	1	45.762 1	51.189 1
2	1	45.785 1	51.170 1
2	1	45.215 1	51.833 1
2	1	45.131 1	51.361 1
2	1	45.454 1	51.621 1
2	1	45.795 1	51.160 1
2	1	45.1032 1	51.372 1
2	1	45.649 1	51.511 1
3	2	45.396 1 45.920 0.784	51.75 1
2	1	45.1067 1	51.433 1
2	1	45.335 1	51.319 1
2	1	45.636 1	51.351 1
2	1	45.909 1	51.774 1
2	1	45.129 1	51.561 1
2	1	45.3 1	51.3 1
2	1	45.650 1	51.512 1
2	1	45.796 1	51.159 1
2	1	45.4 1	51.4 1
2	1	45.76 1	51.56 1
2	1	45.89 1	51.68 1
2	1	45.309 1	51.731 1
3	2	45.1129 1 45.751 0.784	51.980 1
2	1	45.1039 1	51.566 1
2	1	45.13 1	51.12 1
2	1	45.112 1	51.98 1
2	1	45.588 1	51.409 1
2	1	45.821 1	51.135 1
2	1	45.581 1	51.494 1
2	1	45.213 1	51.834 1
2	1	45.953 1	51.591 1
2	1	45.387 1	51.343 1
2	1	45.476 1	51.518 1
2	1	45.141 1	51.122 1
2	1	45.162 1	51.883 1
2	1	45.547 1	51.686 1
2	1	45.281 1	51.758 1
2	1	45.1036 1	51.569 1
2	1	45.543 1	51.717 1
2	1	45.150 1	51.892 1
2	1	45.907 1	51.776 1
2	1	45.394 1	51.349 1
2	1	45.834 1	51.793 1
2	1	45.822 1	51.809 1
2	1	45.515 1	51.365 1
2	1	45.66 1	51.48 1
2	1	45.741 1	51.213 1
2	1	45.119 1	51.106 1
2	1	45.190 1	51.854 1
2	1	45.68 1	51.50 1
2	1	45.1115 1	51.967 1
2	1	45.544 1	51.716 1
2	1	45.286 1	51.755 1
2	1	45.603 1	51.556 1
2	1	45.185 1	51.860 1
2	1	45.191 1	51.853 1
2	1	45.71 1	51.543 1
2	1	45.386 1	51.342 1
2	1	45.688 1	51.306 1
2	1	45.106 1	51.89 1
2	1	45.690 1	51.395 1
2	1	45.986 1	51.602 1
2	1	45.631 1	51.359 1
2	1	45.18 1	51.17 1
2	1	45.70 1	51.544 1
2	1	45.820 1	51.100 1
5	6	45.1145 1 45.1146 0.080 45.579 0.091	51.695 1 51.769 0.867
2	1	45.760 1	51.191 1
2	1	45.1136 1	51.990 1
2	1	45.275 1	51.763 1
2	1	45.1082 1	51.948 1
2	1	45.911 1	51.772 1
2	1	45.769 1	51.183 1
2	1	45.819 1	51.101 1
2	1	45.724 1	51.229 1
2	1	45.855 1	51.920 1
2	1	45.665 1	51.280 1
2	1	45.771 1	51.81 1
2	1	45.466 1	51.422 1
2	1	45.732 1	51.226 1
2	1	45.1130 1	51.981 1
2	1	45.344 1	51.124 1
2	1	45.273 1	51.777 1
2	1	45.667 1	51.278 1
2	1	45.228 1	51.781 1
2	1	45.1066 1	51.545 1
2	1	45.117 1	51.104 1
2	1	45.216 1	51.832 1
2	1	45.789 1	51.165 1
2	1	45.217 1	51.577 1
2	1	45.893 1	51.219 1
2	1	45.296 1	51.744 1
2	1	45.737 1	51.217 1
2	1	45.503 1	51.240 1
2	1	45.258 1	51.799 1
2	1	45.455 1	51.619 1
2	1	45.1148 1	51.1000 1
2	1	45.629 1	51.310 1
2	1	45.1070 1	51.430 1
2	1	45.122 1	51.109 1
2	1	45.154 1	51.888 1
2	1	45.102 1	51.82 1
2	1	45.472 1	51.599 1
2	1	45.637 1	51.646 1
2	1	45.502 1	51.239 1
2	1	45.167 1	51.872 1
2	1	45.1142 1	51.994 1
2	1	45.1118 1	51.970 1
2	1	45.390 1	51.345 1
2	1	45.1040 1	51.565 1
2	1	45.1094 1	51.91 1
2	1	45.767 1	51.185 1
2	1	45.1069 1	51.431 1
2	1	45.966 1	51.417 1
2	1	45.197 1	51.844 1
2	1	45.128 1	51.111 1
2	1	45.272 1	51.778 1
2	1	45.46 1	51.547 1
2	1	45.1068 1	51.432 1
2	1	45.1075 1	51.944 1
3	2	45.1152 1 45.51 0.809	51.1002 1
2	1	45.958 1	51.665 1
2	1	45.156 1	51.791 1
2	1	45.584 1	51.496 1
2	1	45.139 1	51.120 1
2	1	45.1132 1	51.983 1
2	1	45.194 1	51.291 1
2	1	45.910 1	51.773 1
2	1	45.384 1	51.341 1
2	1	45.912 1	51.771 1
2	1	45.287 1	51.754 1
2	1	45.198 1	51.851 1
2	1	45.239 1	51.815 1
2	1	45.452 1	51.627 1
2	1	45.322 1	51.303 1
2	1	45.125 1	51.158 1
2	1	45.752 1	51.200 1
2	1	45.1150 1	51.115 1
2	1	45.791 1	51.164 1
2	1	45.1104 1	51.964 1
2	1	45.609 1	51.386 1
2	1	45.786 1	51.169 1
2	1	45.1122 1	51.975 1
2	1	45.332 1	51.316 1
2	1	45.937 1	51.735 1
2	1	45.1049 1	51.688 1
2	1	45.908 1	51.775 1
2	1	45.717 1	51.236 1
2	1	45.969 1	51.419 1
2	1	45.1133 1	51.984 1
2	1	45.1038 1	51.567 1
2	1	45.25 1	51.24 1
2	1	45.312 1	51.726 1
2	1	45.806 1	51.149 1
2	1	45.677 1	51.267 1
2	1	45.265 1	51.765 1
2	1	45.968 1	51.415 1
2	1	45.1071 1	51.429 1
2	1	45.514 1	51.364 1
2	1	45.702 1	51.125 1
2	1	45.842 1	51.911 1
2	1	45.121 1	51.108 1
2	1	45.659 1	51.288 1
2	1	45.1101 1	51.961 1
2	1	45.780 1	51.175 1
2	1	45.889 1	51.881 1
2	1	45.666 1	51.279 1
2	1	45.254 1	51.803 1
2	1	45.685 1	51.260 1
3	2	45.607 1	51.388 1 51.712 0.815
2	1	45.616 1	51.376 1
2	1	45.392 1	51.347 1
2	1	45.1050 1	51.687 1
2	1	45.189 1	51.855 1
2	1	45.247 1	51.808 1
2	1	45.871 1	51.936 1
4	3	45.1114 1 45.368 0.906 45.492 0.906	51.966 1
3	2	45.1077 1 45.1078 0.094	51.946 1
2	1	45.288 1	51.753 1
2	1	45.848 1	51.913 1
2	1	45.283 1	51.323 1
2	1	45.318 1	51.299 1
2	1	45.1 1	51.1 1
2	1	45.1135 1	51.986 1
2	1	45.566 1	51.481 1
2	1	45.756 1	51.195 1
2	1	45.267 1	51.764 1
2	1	45.95 1	51.71 1
2	1	45.17 1	51.16 1
2	1	45.314 1	51.724 1
2	1	45.127 1	51.354 1
2	1	45.524 1	51.353 1
2	1	45.695 1	51.257 1
2	1	45.698 1	51.254 1
2	1	45.500 1	51.237 1
2	1	45.30 1	51.29 1
2	1	45.303 1	51.737 1
2	1	45.353 1	51.678 1
2	1	45.841 1	51.910 1
2	1	45.799 1	51.154 1
2	1	45.193 1	51.294 1
2	1	45.914 1	51.792 1
2	1	45.209 1	51.838 1
2	1	45.325 1	51.307 1
2	1	45.5 1	51.845 1
2	1	45.274 1	51.560 1
2	1	45.725 1	51.228 1
2	1	45.118 1	51.105 1
3	2	45.973 1 45.978 0.097	51.690 1
2	1	45.73 1	51.52 1
2	1	45.563 1	51.478 1
2	1	45.601 1	51.398 1
2	1	45.542 1	51.718 1
2	1	45.306 1	51.733 1
2	1	45.15 1	51.14 1
2	1	45.2 1	51.2 1
2	1	45.7 1	51.6 1
2	1	45.1124 1	51.977 1
2	1	45.903 1	51.728 1
2	1	45.259 1	51.798 1
2	1	45.712 1	51.243 1
2	1	45.1117 1	51.969 1
2	1	45.282 1	51.324 1
2	1	45.764 1	51.187 1
2	1	45.840 1	51.909 1
2	1	45.92 1	51.131 1
2	1	45.1041 1	51.564 1
2	1	45.972 1	51.689 1
2	1	45.232 1	51.823 1
2	1	45.1154 1	51.1006 1
2	1	45.231 1	51.824 1
2	1	45.589 1	51.498 1
2	1	45.682 1	51.263 1
2	1	45.800 1	51.153 1
2	1	45.743 1	51.211 1
2	1	45.94 1	51.70 1
2	1	45.669 1	51.276 1
2	1	45.45 1	51.548 1
2	1	45.453 1	51.622 1
9	8	45.504 0.308 45.505 0.361 45.506 0.223 45.507 1 45.508 0.257 45.509 0.315 45.510 0.270 45.917 0.307	51.241 1
2	1	45.279 1	51.759 1
2	1	45.967 1	51.416 1
2	1	45.1156 1	51.1008 1
2	1	45.501 1	51.238 1
2	1	45.759 1	51.192 1
2	1	45.824 1	51.1004 1
2	1	45.746 1	51.208 1
2	1	45.634 1	51.356 1
2	1	45.853 1	51.918 1
2	1	45.749 1	51.205 1
2	1	45.140 1	51.121 1
2	1	45.843 1	51.642 1
2	1	45.44 1	51.549 1
2	1	45.310 1	51.730 1
2	1	45.559 1	51.456 1
2	1	45.662 1	51.283 1
2	1	45.957 1	51.664 1
2	1	45.100 1	51.78 1
2	1	45.571 1	51.487 1
3	2	45.632 1 45.495 0.734	51.358 1
2	1	45.99 1	51.77 1
2	1	45.600 1	51.399 1
2	1	45.828 1	51.86 1
2	1	45.670 1	51.275 1
2	1	45.450 1	51.629 1
2	1	45.148 1	51.894 1
2	1	45.745 1	51.209 1
2	1	45.81 1	51.61 1
2	1	45.778 1	51.177 1
2	1	45.779 1	51.176 1
2	1	45.811 1	51.144 1
2	1	45.446 1	51.600 1
3	2	45.1138 1 45.880 0.051	51.705 1
2	1	45.568 1	51.483 1
2	1	45.681 1	51.264 1
2	1	45.781 1	51.174 1
2	1	45.80 1	51.60 1
2	1	45.868 1	51.933 1
2	1	45.277 1	51.761 1
2	1	45.83 1	51.63 1
2	1	45.782 1	51.173 1
2	1	45.78 1	51.58 1
2	1	45.619 1	51.375 1
2	1	45.19 1	51.18 1
2	1	45.40 1	51.36 1
3	2	45.235 1	51.820 1 51.675 0.784
2	1	45.238 1	51.817 1
2	1	45.375 1	51.779 1
2	1	45.719 1	51.234 1
2	1	45.813 1	51.141 1
2	1	45.747 1	51.207 1
2	1	45.367 1	51.849 1
3	2	45.519 1	51.553 0.843 51.555 1
2	1	45.883 1	51.787 1
2	1	45.902 1	51.729 1
4	3	45.533 1 45.534 0.579 45.535 0.558	51.404 1
2	1	45.548 1	51.685 1
3	2	45.342 1 45.936 0.143	51.517 1
2	1	45.1043 1	51.562 1
2	1	45.689 1	51.396 1
2	1	45.372 1	51.335 1
2	1	45.348 1	51.331 1
2	1	45.60 1	51.525 1
2	1	45.596 1	51.503 1
2	1	45.1143 1	51.995 1
2	1	45.178 1	51.864 1
2	1	45.1126 1	51.979 1
2	1	45.110 1	51.96 1
2	1	45.1123 1	51.976 1
2	1	45.82 1	51.62 1
2	1	45.874 1	51.939 1
2	1	45.987 1	51.603 1
10	16	45.1046 1 45.402 1 45.1025 1 45.422 0.998 45.1027 0.985 45.652 0.985 45.557 0.981 45.461 0.155	51.615 1 51.551 1
2	1	45.696 1	51.256 1
2	1	45.59 1	51.42 1
2	1	45.108 1	51.94 1
2	1	45.243 1	51.811 1
2	1	45.1153 1	51.1005 1
2	1	45.605 1	51.390 1
2	1	45.98 1	51.74 1
2	1	45.160 1	51.885 1
3	2	45.315 1	51.723 1 51.901 0.746
2	1	45.153 1	51.889 1
2	1	45.297 1	51.743 1
2	1	45.777 1	51.178 1
2	1	45.873 1	51.938 1
2	1	45.705 1	51.249 1
2	1	45.155 1	51.643 1
2	1	45.801 1	51.152 1
2	1	45.932 1	51.654 1
2	1	45.14 1	51.13 1
2	1	45.29 1	51.28 1
2	1	45.794 1	51.161 1
2	1	45.168 1	51.870 1
2	1	45.67 1	51.49 1
2	1	45.1030 1	51.370 1
2	1	45.564 1	51.479 1
2	1	45.62 1	51.44 1
2	1	45.276 1	51.762 1
2	1	45.292 1	51.749 1
2	1	45.9 1	51.8 1
2	1	45.754 1	51.197 1
2	1	45.123 1	51.110 1
2	1	45.457 1	51.617 1
2	1	45.326 1	51.308 1
2	1	45.35 1	51.33 1
2	1	45.1140 1	51.992 1
2	1	45.245 1	51.810 1
2	1	45.251 1	51.806 1
2	1	45.585 1	51.497 1
2	1	45.105 1	51.88 1
2	1	45.1042 1	51.563 1
2	1	45.158 1	51.886 1
2	1	45.316 1	51.722 1
2	1	45.448 1	51.631 1
2	1	45.615 1	51.377 1
2	1	45.551 1	51.451 1
2	1	45.862 1	51.927 1
2	1	45.549 1	51.684 1
2	1	45.825 1	51.1003 1
2	1	45.620 1	51.374 1
2	1	45.683 1	51.262 1
2	1	45.628 1	51.311 1
2	1	45.704 1	51.250 1
2	1	45.711 1	51.244 1
2	1	45.633 1	51.357 1
2	1	45.302 1	51.738 1
2	1	45.758 1	51.193 1
2	1	45.230 1	51.701 1
2	1	45.823 1	51.134 1
2	1	45.240 1	51.814 1
2	1	45.859 1	51.924 1
2	1	45.614 1	51.378 1
2	1	45.604 1	51.391 1
2	1	45.339 1	51.328 1
2	1	45.84 1	51.64 1
2	1	45.1084 1	51.950 1
2	1	45.103 1	51.87 1
2	1	45.340 1	51.329 1
2	1	45.663 1	51.282 1
2	1	45.734 1	51.224 1
2	1	45.241 1	51.813 1
2	1	45.376 1	51.780 1
2	1	45.473 1	51.632 1
2	1	45.116 1	51.103 1
2	1	45.718 1	51.235 1
2	1	45.784 1	51.171 1
12	11	45.1054 0.161 45.1056 0.161 45.159 0.161 45.208 0.195 45.246 0.161 45.341 0.159 45.356 1 45.468 0.193 45.471 0.220 45.52 0.219 45.587 0.161	51.677 1
2	1	45.612 1	51.383 1
2	1	45.12 1	51.11 1
2	1	45.135 1	51.116 1
2	1	45.170 1	51.298 1
2	1	45.166 1	51.873 1
2	1	45.347 1	51.330 1
2	1	45.1103 1	51.963 1
2	1	45.151 1	51.891 1
2	1	45.210 1	51.837 1
3	2	45.397 1 45.921 0.832	51.76 1
2	1	45.383 1	51.340 1
2	1	45.664 1	51.281 1
2	1	45.173 1	51.639 1
2	1	45.204 1	51.842 1
2	1	45.763 1	51.188 1
2	1	45.163 1	51.880 1
2	1	45.857 1	51.922 1
2	1	45.1085 1	51.951 1
2	1	45.177 1	51.865 1
2	1	45.895 1	51.201 1
2	1	45.833 1	51.129 1
2	1	45.867 1	51.932 1
2	1	45.803 1	51.871 1
2	1	45.792 1	51.163 1
2	1	45.627 1	51.312 1
2	1	45.744 1	51.210 1
2	1	45.529 1	51.508 1
2	1	45.1102 1	51.962 1
2	1	45.839 1	51.908 1
2	1	45.952 1	51.590 1
3	2	45.994 0.615 45.995 1	51.202 1
2	1	45.1125 1	51.978 1
2	1	45.253 1	51.804 1
2	1	45.642 1	51.692 1
2	1	45.710 1	51.245 1
2	1	45.553 1	51.453 1
2	1	45.630 1	51.313 1
2	1	45.761 1	51.190 1
2	1	45.854 1	51.919 1
2	1	45.814 1	51.140 1
2	1	45.684 1	51.261 1
5	4	45.660 1 45.531 0.902 45.647 0.888 45.1072 0.889	51.287 1
2	1	45.157 1	51.887 1
2	1	45.793 1	51.162 1
2	1	45.11 1	51.10 1
2	1	45.923 1	51.987 1
3	2	45.693 0.298 45.694 1	51.393 1
2	1	45.39 1	51.35 1
2	1	45.1141 1	51.993 1
2	1	45.373 1	51.336 1
2	1	45.671 1	51.274 1
2	1	45.223 1	51.830 1
2	1	45.337 1	51.326 1
2	1	45.169 1	51.869 1
2	1	45.359 1	51.334 1
2	1	45.576 1	51.491 1
2	1	45.1034 1	51.369 1
2	1	45.451 1	51.628 1
3	2	45.835 1 45.838 0.315	51.667 1
2	1	45.236 1	51.819 1
2	1	45.329 1	51.315 1
2	1	45.1028 1	51.321 1
4	3	45.776 1 45.961 0.767 45.1017 0.814	51.179 1
2	1	45.49 1	51.363 1
2	1	45.572 1	51.488 1
2	1	45.1090 1	51.955 1
2	1	45.180 1	51.862 1
2	1	45.440 1	51.597 1
2	1	45.202 1	51.514 1
2	1	45.188 1	51.856 1
2	1	45.242 1	51.812 1
2	1	45.456 1	51.618 1
2	1	45.479 1	51.608 1
2	1	45.1029 1	51.305 1
2	1	45.47 1	51.37 1
2	1	45.849 1	51.914 1
2	1	45.395 1	51.350 1
2	1	45.783 1	51.172 1
2	1	45.700 1	51.252 1
2	1	45.79 1	51.59 1
2	1	45.864 1	51.929 1
2	1	45.856 1	51.921 1
2	1	45.114 1	51.99 1
2	1	45.753 1	51.198 1
2	1	45.1100 1	51.960 1
2	1	45.113 1	51.322 1
2	1	45.1093 1	51.92 1
2	1	45.639 1	51.527 1
2	1	45.866 1	51.931 1
2	1	45.832 1	51.130 1
2	1	45.257 1	51.800 1
2	1	45.338 1	51.327 1
2	1	45.692 1	51.394 1
2	1	45.703 1	51.251 1
2	1	45.90 1	51.69 1
2	1	45.28 1	51.27 1
2	1	45.307 1	51.732 1
2	1	45.860 1	51.925 1
2	1	45.293 1	51.748 1
2	1	45.8 1	51.7 1
2	1	45.229 1	51.825 1
2	1	45.149 1	51.893 1
2	1	45.36 1	51.34 1
2	1	45.668 1	51.277 1
4	3	45.137 1 45.41 0.857 45.646 0.991	51.118 1
2	1	45.218 1	51.831 1
2	1	45.206 1	51.840 1
2	1	45.327 1	51.309 1
2	1	45.804 1	51.151 1
2	1	45.847 1	51.912 1
2	1	45.713 1	51.242 1
2	1	45.1134 1	51.985 1
3	2	45.220 0.077 45.222 1	51.448 1
2	1	45.661 1	51.284 1
2	1	45.532 1	51.507 1
2	1	45.96 1	51.72 1
2	1	45.850 1	51.915 1
2	1	45.1131 1	51.982 1
2	1	45.300 1	51.742 1
4	3	45.594 1	51.857 1 51.296 0.739 51.714 0.878
2	1	45.858 1	51.923 1
2	1	45.654 1	51.574 1
2	1	45.807 1	51.148 1
2	1	45.827 1	51.132 1
2	1	45.1139 1	51.991 1
2	1	45.487 1	51.877 1
2	1	45.733 1	51.225 1
2	1	45.869 1	51.934 1
2	1	45.31 1	51.30 1
2	1	45.161 1	51.884 1
2	1	45.20 1	51.19 1
2	1	45.1031 1	51.373 1
2	1	45.593 1	51.502 1
2	1	45.132 1	51.362 1
2	1	45.248 1	51.807 1
2	1	45.378 1	51.338 1
2	1	45.115 1	51.102 1
2	1	45.775 1	51.180 1
2	1	45.234 1	51.821 1
2	1	45.944 1	51.988 1
2	1	45.1099 1	51.959 1
3	2	45.658 1 45.888 0.715	51.289 1
2	1	45.787 1	51.167 1
2	1	45.742 1	51.212 1
2	1	45.21 1	51.20 1
2	1	45.350 1	51.332 1
2	1	45.48 1	51.38 1
3	2	45.517 1	51.550 0.761 51.554 1
2	1	45.697 1	51.255 1
2	1	45.1089 1	51.954 1
2	1	45.608 1	51.387 1
3	2	45.58 1 45.960 1	51.41 1
2	1	45.554 1	51.454 1
2	1	45.1149 1	51.668 1
2	1	45.812 1	51.143 1
2	1	45.538 1	51.438 1
2	1	45.486 1	51.876 1
2	1	45.674 1	51.270 1
2	1	45.706 1	51.248 1
2	1	45.22 1	51.21 1
2	1	45.165 1	51.878 1
2	1	45.575 1	51.490 1
2	1	45.875 1	51.940 1
2	1	45.657 1	51.297 1
2	1	45.687 1	51.258 1
2	1	45.956 1	51.663 1
2	1	45.294 1	51.746 1
2	1	45.892 1	51.816 1
2	1	45.675 1	51.269 1
2	1	45.227 1	51.827 1
2	1	45.72 1	51.423 1
2	1	45.187 1	51.858 1
2	1	45.748 1	51.206 1
2	1	45.262 1	51.795 1
2	1	45.1116 1	51.968 1
2	1	45.278 1	51.760 1
2	1	45.590 1	51.499 1
2	1	45.826 1	51.133 1
2	1	45.870 1	51.935 1
2	1	45.1096 1	51.957 1
2	1	45.225 1	51.829 1
2	1	45.863 1	51.928 1
2	1	45.261 1	51.796 1
2	1	45.24 1	51.23 1
2	1	45.264 1	51.766 1
2	1	45.808 1	51.147 1
2	1	45.97 1	51.73 1
2	1	45.164 1	51.879 1
2	1	45.865 1	51.930 1
2	1	45.723 1	51.230 1
3	2	45.413 1 45.414 0.144	51.583 1
2	1	45.256 1	51.801 1
2	1	45.152 1	51.890 1
2	1	45.285 1	51.756 1
2	1	45.336 1	51.320 1
2	1	45.179 1	51.863 1
2	1	45.641 1	51.524 1
2	1	45.1033 1	51.371 1
2	1	45.107 1	51.90 1
2	1	45.1105 1	51.965 1
2	1	45.943 1	51.989 1
2	1	45.313 1	51.725 1
2	1	45.815 1	51.139 1
2	1	45.852 1	51.917 1
2	1	45.738 1	51.216 1
2	1	45.74 1	51.53 1
2	1	45.829 1	51.85 1
2	1	45.872 1	51.937 1
2	1	45.735 1	51.223 1
2	1	45.1037 1	51.568 1
2	1	45.720 1	51.233 1
2	1	45.289 1	51.752 1
2	1	45.810 1	51.145 1
2	1	45.252 1	51.805 1
2	1	45.673 1	51.271 1
2	1	45.379 1	51.339 1
2	1	45.475 1	51.578 1
2	1	45.10 1	51.9 1
2	1	45.1109 1	51.285 1
2	1	45.520 1	51.366 1
2	1	45.86 1	51.66 1
2	1	45.930 1	51.420 1
2	1	45.739 1	51.215 1
2	1	45.788 1	51.166 1
2	1	45.284 1	51.757 1
2	1	45.679 1	51.266 1
2	1	45.1119 1	51.971 1
2	1	45.597 1	51.504 1
2	1	45.913 1	51.606 1
2	1	45.805 1	51.150 1
2	1	45.88 1	51.67 1
2	1	45.320 1	51.301 1
2	1	45.172 1	51.557 1
2	1	45.6 1	51.5 1
2	1	45.16 1	51.15 1
2	1	45.352 1	51.333 1
2	1	45.377 1	51.337 1
2	1	45.890 1	51.352 1
2	1	45.23 1	51.22 1
2	1	45.260 1	51.797 1
2	1	45.362 1	51.693 1
2	1	45.64 1	51.46 1
2	1	45.295 1	51.745 1
2	1	45.65 1	51.47 1
2	1	45.929 1	51.666 1
5	6	45.626 1 45.774 1	51.786 1 51.413 1 51.707 0.098
2	1	45.861 1	51.926 1
2	1	45.565 1	51.480 1
2	1	45.699 1	51.253 1
2	1	45.552 1	51.452 1
3	2	45.134 1	51.648 0.615 51.649 1
4	4	45.271 1 45.845 0.995	51.682 1 51.882 0.173
2	1	45.328 1	51.314 1
2	1	45.207 1	51.839 1
2	1	45.722 1	51.231 1
2	1	45.569 1	51.485 1
2	1	45.311 1	51.727 1
2	1	45.438 1	51.595 1
2	1	45.770 1	51.182 1
2	1	45.640 1	51.526 1
2	1	45.809 1	51.146 1
2	1	45.635 1	51.325 1
2	1	45.1157 1	51.1009 1
2	1	45.388 1	51.344 1
2	1	45.916 1	51.584 1
2	1	45.1098 1	51.843 1
2	1	45.879 1	51.973 1
2	1	45.602 1	51.397 1
2	1	45.109 1	51.95 1
2	1	45.69 1	51.51 1
2	1	45.334 1	51.318 1
2	1	45.34 1	51.32 1
2	1	45.591 1	51.500 1
2	1	45.727 1	51.227 1
2	1	45.459 1	51.616 1
2	1	45.755 1	51.196 1
2	1	45.561 1	51.477 1
2	1	45.580 1	51.493 1
3	2	45.199 1	51.657 1 51.295 0.790
2	1	45.237 1	51.818 1
2	1	45.26 1	51.25 1
2	1	45.63 1	51.45 1
2	1	45.714 1	51.414 1
2	1	45.558 1	51.455 1
2	1	45.136 1	51.117 1
2	1	45.205 1	51.841 1
2	1	45.176 1	51.866 1
2	1	45.263 1	51.768 1
3	2	45.578 1 45.765 0.744	51.492 1
2	1	45.766 1	51.186 1
2	1	45.255 1	51.802 1
2	1	45.186 1	51.859 1
2	1	45.1062 1	51.953 1
2	1	45.610 1	51.385 1
2	1	45.768 1	51.181 1
2	1	45.528 1	51.509 1
2	1	45.1097 1	51.958 1
2	1	45.120 1	51.107 1
2	1	45.1080 1	51.947 1
2	1	45.219 1	51.697 1
2	1	45.560 1	51.476 1
2	1	45.196 1	51.292 1
2	1	45.757 1	51.194 1
3	2	45.686 1 45.33 0.942	51.259 1
2	1	45.85 1	51.65 1
2	1	45.226 1	51.828 1
2	1	45.623 1	51.449 1
2	1	45.358 1	51.676 1
4	4	45.192 1 45.1018 1	51.293 1 51.662 0.899
2	1	45.111 1	51.97 1
2	1	45.586 1	51.410 1
2	1	45.882 1	51.788 1
2	1	45.319 1	51.300 1
2	1	45.599 1	51.400 1
2	1	45.393 1	51.348 1
2	1	45.731 1	51.513 1
2	1	45.816 1	51.138 1
2	1	45.301 1	51.739 1
2	1	45.212 1	51.835 1
2	1	45.291 1	51.750 1
2	1	45.1158 1	51.1010 1
2	1	45.211 1	51.836 1
2	1	45.221 1	51.402 1
4	3	45.403 0.079 45.409 0.065 45.449 1	51.630 1
2	1	45.333 1	51.317 1
2	1	45.317 1	51.721 1
2	1	45.175 1	51.867 1
2	1	45.437 1	51.596 1
2	1	45.925 1	51.652 1
2	1	45.851 1	51.916 1
2	1	45.233 1	51.822 1
2	1	45.894 1	51.218 1
2	1	45.955 1	51.700 1
2	1	45.349 1	51.702 1
2	1	45.606 1	51.389 1
2	1	45.708 1	51.246 1
2	1	45.43 1	51.407 1
2	1	45.521 1	51.367 1
2	1	45.797 1	51.156 1
2	1	45.567 1	51.482 1
2	1	45.61 1	51.43 1
2	1	45.1026 1	51.620 1
2	1	45.526 1	51.516 1
2	1	45.574 1	51.489 1
2	1	45.391 1	51.346 1
2	1	45.174 1	51.638 1
2	1	45.598 1	51.401 1
2	1	45.138 1	51.119 1
2	1	45.442 1	51.679 1
2	1	45.550 1	51.450 1
2	1	45.582 1	51.495 1
2	1	45.818 1	51.136 1
2	1	45.537 1	51.437 1
2	1	45.798 1	51.155 1
2	1	45.817 1	51.137 1
2	1	45.672 1	51.273 1
2	1	45.268 0.861	51.142 0.861
