Size	Relations	OrthoA	OrthoB
2	1	45.56 1	49.82 1
2	1	45.55 1	49.81 1
2	1	45.680 1	49.868 1
2	1	45.77 1	49.1053 1
2	1	45.1092 1	49.785 1
2	1	45.831 1	49.474 1
2	1	45.1083 1	49.85 1
2	1	45.146 1	49.201 1
2	1	45.830 1	49.883 1
2	1	45.323 1	49.471 1
2	1	45.541 1	49.449 1
2	1	45.75 1	49.1059 1
2	1	45.171 1	49.783 1
2	1	45.1061 1	49.537 1
2	1	45.707 1	49.752 1
2	1	45.184 1	49.348 1
2	1	45.305 1	49.176 1
2	1	45.611 1	49.595 1
2	1	45.613 1	49.593 1
2	1	45.76 1	49.1066 1
2	1	45.785 1	49.916 1
2	1	45.1032 1	49.850 1
2	1	45.3 1	49.3 1
2	1	45.762 1	49.1032 1
2	1	45.66 1	49.119 1
2	1	45.335 1	49.1017 1
2	1	45.581 1	49.585 1
2	1	45.309 1	49.179 1
2	1	45.68 1	49.121 1
2	1	45.145 1	49.1086 1
2	1	45.185 1	49.973 1
2	1	45.4 1	49.4 1
2	1	45.112 1	49.1131 1
2	1	45.215 1	49.269 1
2	1	45.795 1	49.1220 1
2	1	45.741 1	49.1160 1
2	1	45.13 1	49.13 1
2	1	45.1129 1	49.214 1
2	1	45.119 1	49.1117 1
2	1	45.162 1	49.926 1
2	1	45.191 1	49.739 1
2	1	45.131 1	49.314 1
2	1	45.636 1	49.509 1
2	1	45.1115 1	49.237 1
2	1	45.536 1	49.1210 1
2	1	45.796 1	49.988 1
2	1	45.1082 1	49.86 1
3	2	45.396 1 45.920 0.814	49.162 1
2	1	45.771 1	49.1014 1
2	1	45.18 1	49.40 1
2	1	45.1136 1	49.690 1
2	1	45.197 1	49.738 1
2	1	45.167 1	49.1105 1
2	1	45.150 1	49.1171 1
2	1	45.156 1	49.339 1
2	1	45.515 1	49.582 1
2	1	45.194 1	49.106 1
2	1	45.1094 1	49.787 1
2	1	45.629 1	49.76 1
2	1	45.667 1	49.863 1
2	1	45.203 1	49.909 1
2	1	45.819 1	49.1240 1
2	1	45.820 1	49.1033 1
2	1	45.102 1	49.332 1
2	1	45.665 1	49.861 1
2	1	45.631 1	49.488 1
4	4	45.1148 1 45.51 0.766	49.1230 1 49.476 0.732
2	1	45.732 1	49.451 1
2	1	45.737 1	49.266 1
2	1	45.855 1	49.305 1
2	1	45.1039 1	49.650 1
2	1	45.213 1	49.268 1
2	1	45.258 1	49.367 1
2	1	45.789 1	49.1062 1
2	1	45.275 1	49.876 1
2	1	45.1067 1	49.344 1
2	1	45.296 1	49.493 1
2	1	45.637 1	49.1181 1
2	1	45.122 1	49.1114 1
2	1	45.769 1	49.996 1
2	1	45.147 1	49.1177 1
2	1	45.154 1	49.800 1
3	2	45.1075 1 45.963 0.130	49.168 1
3	2	45.1019 1	49.979 1 49.242 0.712
2	1	45.281 1	49.1027 1
2	1	45.1130 1	49.213 1
2	1	45.239 1	49.669 1
2	1	45.390 1	49.674 1
2	1	45.1118 1	49.234 1
2	1	45.616 1	49.817 1
2	1	45.1070 1	49.341 1
4	3	45.286 0.347 45.643 1 45.649 0.084	49.710 1
2	1	45.1132 1	49.254 1
2	1	45.106 1	49.325 1
2	1	45.287 1	49.450 1
2	1	45.139 1	49.151 1
2	1	45.1069 1	49.342 1
2	1	45.773 1	49.211 1
4	4	45.1142 1 45.254 0.786	49.1224 1 49.1228 0.722
2	1	45.1152 1	49.1231 1
2	1	45.752 1	49.147 1
2	1	45.806 1	49.1091 1
2	1	45.717 1	49.756 1
2	1	45.871 1	49.289 1
2	1	45.1122 1	49.227 1
2	1	45.312 1	49.692 1
2	1	45.760 1	49.1030 1
3	2	45.228 1	49.899 1 49.23 0.759
2	1	45.751 1	49.216 1
2	1	45.780 1	49.1013 1
2	1	45.209 1	49.977 1
2	1	45.89 1	49.130 1
2	1	45.1133 1	49.253 1
2	1	45.386 1	49.357 1
2	1	45.265 1	49.945 1
2	1	45.384 1	49.830 1
2	1	45.607 1	49.1173 1
2	1	45.121 1	49.1115 1
2	1	45.15 1	49.28 1
2	1	45.514 1	49.581 1
2	1	45.1101 1	49.67 1
2	1	45.325 1	49.822 1
2	1	45.824 1	49.984 1
2	1	45.1114 1	49.1214 1
2	1	45.128 1	49.1110 1
2	1	45.724 1	49.767 1
2	1	45.791 1	49.1047 1
2	1	45.842 1	49.272 1
5	4	45.1076 1 45.1077 0.179 45.1078 0.114 45.1079 0.156	49.167 1
2	1	45.30 1	49.215 1
2	1	45.5 1	49.5 1
2	1	45.698 1	49.458 1
3	2	45.1049 1	49.1141 1 49.446 0.062
3	2	45.1072 1 45.41 0.943	49.175 1
2	1	45.1135 1	49.1076 1
3	2	45.702 1 45.1150 0.651	49.132 1
2	1	45.695 1	49.461 1
2	1	45.141 1	49.153 1
2	1	45.17 1	49.39 1
2	1	45.25 1	49.281 1
2	1	45.332 1	49.1020 1
2	1	45.92 1	49.824 1
2	1	45.725 1	49.768 1
2	1	45.1050 1	49.1140 1
2	1	45.189 1	49.740 1
3	2	45.472 1	49.399 1 49.616 0.126
2	1	45.848 1	49.310 1
3	2	45.283 1	49.46 0.125 49.609 1
2	1	45.7 1	49.7 1
2	1	45.267 1	49.877 1
3	2	45.368 0.878 45.492 1	49.49 1
2	1	45.1068 1	49.343 1
2	1	45.803 1	49.948 1
2	1	45.40 1	49.1148 1
2	1	45.669 1	49.865 1
2	1	45.303 1	49.900 1
2	1	45.799 1	49.990 1
2	1	45.756 1	49.141 1
2	1	45.322 1	49.470 1
2	1	45.759 1	49.1029 1
2	1	45.1154 1	49.1233 1
2	1	45.306 1	49.177 1
2	1	45.231 1	49.743 1
2	1	45.609 1	49.691 1
2	1	45.841 1	49.273 1
2	1	45.764 1	49.184 1
2	1	45.216 1	49.719 1
2	1	45.259 1	49.368 1
2	1	45.685 1	49.551 1
2	1	45.348 1	49.794 1
2	1	45.117 1	49.921 1
2	1	45.666 1	49.862 1
6	5	45.533 1 45.534 0.647 45.535 0.630 45.452 0.724 45.524 0.756	49.983 1
2	1	45.868 1	49.292 1
2	1	45.78 1	49.1052 1
2	1	45.659 1	49.533 1
2	1	45.1117 1	49.235 1
2	1	45.682 1	49.870 1
2	1	45.158 1	49.993 1
2	1	45.282 1	49.608 1
3	2	45.1110 1	49.1010 1 49.1142 0.360
2	1	45.387 1	49.358 1
2	1	45.568 1	49.547 1
3	2	45.811 1	49.1096 1 49.34 0.367
2	1	45.801 1	49.992 1
3	2	45.82 1	49.1063 1 49.48 0.764
2	1	45.1124 1	49.225 1
2	1	45.662 1	49.858 1
2	1	45.743 1	49.1162 1
2	1	45.828 1	49.473 1
2	1	45.745 1	49.1164 1
2	1	45.1036 1	49.656 1
2	1	45.1156 1	49.1236 1
3	2	45.571 1	49.671 1 49.835 0.722
2	1	45.719 1	49.758 1
2	1	45.874 1	49.286 1
2	1	45.310 1	49.180 1
2	1	45.781 1	49.910 1
2	1	45.566 1	49.550 1
2	1	45.840 1	49.274 1
2	1	45.1038 1	49.651 1
2	1	45.1071 1	49.340 1
2	1	45.563 1	49.621 1
2	1	45.621 1	49.1153 1
2	1	45.251 1	49.466 1
2	1	45.705 1	49.750 1
2	1	45.821 1	49.93 1
2	1	45.98 1	49.331 1
2	1	45.677 1	49.812 1
2	1	45.681 1	49.869 1
2	1	45.59 1	49.113 1
2	1	45.615 1	49.601 1
2	1	45.754 1	49.143 1
3	2	45.1127 0.160 45.125 1	49.642 1
2	1	45.777 1	49.1008 1
2	1	45.825 1	49.985 1
2	1	45.80 1	49.1065 1
2	1	45.1 1	49.1 1
2	1	45.232 1	49.742 1
2	1	45.873 1	49.287 1
2	1	45.217 1	49.1183 1
2	1	45.276 1	49.986 1
2	1	45.297 1	49.494 1
2	1	45.314 1	49.482 1
2	1	45.367 1	49.1207 1
2	1	45.247 1	49.171 1
2	1	45.1123 1	49.226 1
2	1	45.862 1	49.298 1
2	1	45.292 1	49.1042 1
2	1	45.604 1	49.962 1
2	1	45.94 1	49.1191 1
2	1	45.372 1	49.644 1
2	1	45.794 1	49.1217 1
2	1	45.160 1	49.1056 1
2	1	45.1084 1	49.84 1
3	2	45.786 1	49.478 1 49.480 0.069
2	1	45.596 1	49.505 1
2	1	45.1030 1	49.852 1
2	1	45.14 1	49.24 1
3	2	45.853 1	49.312 1 49.893 0.732
2	1	45.364 1	49.1003 1
2	1	45.83 1	49.881 1
3	2	45.235 1	49.875 1 49.197 0.792
2	1	45.600 1	49.796 1
2	1	45.9 1	49.9 1
2	1	45.749 1	49.1025 1
2	1	45.153 1	49.801 1
2	1	45.857 1	49.303 1
2	1	45.614 1	49.678 1
2	1	45.804 1	49.947 1
2	1	45.1140 1	49.1222 1
6	5	45.1145 0.391 45.1146 0.492 45.1147 1 45.491 0.063 45.579 0.523	49.206 1
2	1	45.779 1	49.1012 1
2	1	45.834 1	49.1016 1
2	1	45.867 1	49.293 1
2	1	45.116 1	49.922 1
2	1	45.2 1	49.2 1
2	1	45.315 1	49.483 1
2	1	45.316 1	49.686 1
2	1	45.1041 1	49.658 1
2	1	45.169 1	49.98 1
2	1	45.1085 1	49.83 1
2	1	45.564 1	49.513 1
2	1	45.767 1	49.32 1
2	1	45.29 1	49.1187 1
2	1	45.67 1	49.120 1
2	1	45.859 1	49.301 1
2	1	45.84 1	49.1058 1
2	1	45.140 1	49.152 1
2	1	45.279 1	49.1039 1
5	4	45.632 1 45.72 0.768 45.495 0.656 45.955 0.746	49.489 1
2	1	45.778 1	49.1009 1
2	1	45.908 1	49.63 1
2	1	45.243 1	49.464 1
2	1	45.529 1	49.885 1
3	2	45.268 0.198 45.813 1	49.1099 1
2	1	45.1153 1	49.1232 1
2	1	45.1093 1	49.786 1
2	1	45.1102 1	49.64 1
2	1	45.11 1	49.11 1
2	1	45.193 1	49.104 1
2	1	45.229 1	49.879 1
2	1	45.628 1	49.77 1
3	2	45.1086 0.449 45.902 1	49.764 1
2	1	45.696 1	49.460 1
2	1	45.584 1	49.663 1
2	1	45.783 1	49.912 1
2	1	45.151 1	49.1170 1
2	1	45.340 1	49.799 1
2	1	45.114 1	49.1119 1
2	1	45.627 1	49.78 1
2	1	45.19 1	49.41 1
2	1	45.241 1	49.462 1
2	1	45.383 1	49.703 1
2	1	45.585 1	49.664 1
2	1	45.204 1	49.724 1
2	1	45.338 1	49.967 1
2	1	45.763 1	49.185 1
2	1	45.832 1	49.1178 1
2	1	45.35 1	49.220 1
2	1	45.849 1	49.309 1
2	1	45.1126 1	49.492 1
2	1	45.664 1	49.860 1
2	1	45.784 1	49.913 1
2	1	45.864 1	49.296 1
3	2	45.994 1 45.995 0.287	49.443 1
2	1	45.302 1	49.901 1
2	1	45.39 1	49.1149 1
3	2	45.556 1	49.891 1 49.97 0.632
2	1	45.634 1	49.579 1
2	1	45.218 1	49.677 1
2	1	45.236 1	49.874 1
2	1	45.392 1	49.673 1
2	1	45.594 1	49.972 1
2	1	45.280 1	49.1038 1
2	1	45.49 1	49.622 1
2	1	45.60 1	49.568 1
2	1	45.684 1	49.872 1
2	1	45.776 1	49.1007 1
2	1	45.782 1	49.911 1
2	1	45.123 1	49.1111 1
2	1	45.163 1	49.920 1
2	1	45.683 1	49.871 1
2	1	45.914 1	49.632 1
3	2	45.576 1	49.591 1 49.873 0.080
2	1	45.605 1	49.963 1
2	1	45.701 1	49.747 1
2	1	45.703 1	49.748 1
3	2	45.137 1 45.647 0.888	49.148 1
2	1	45.210 1	49.203 1
2	1	45.814 1	49.1100 1
2	1	45.850 1	49.308 1
2	1	45.856 1	49.304 1
2	1	45.1104 1	49.62 1
2	1	45.223 1	49.256 1
2	1	45.1051 1	49.149 1
2	1	45.1134 1	49.255 1
2	1	45.244 1	49.465 1
2	1	45.583 1	49.109 1
2	1	45.62 1	49.115 1
2	1	45.854 1	49.306 1
2	1	45.257 1	49.366 1
2	1	45.847 1	49.311 1
2	1	45.860 1	49.300 1
6	5	45.127 1	49.1135 0.153 49.419 1 49.629 0.142 49.777 0.154 49.907 0.161
2	1	45.177 1	49.771 1
2	1	45.1125 1	49.224 1
4	4	45.58 1 45.960 0.917	49.1079 1 49.56 0.870
3	2	45.1017 1 45.961 0.747	49.978 1
2	1	45.374 1	49.539 1
2	1	45.165 1	49.918 1
2	1	45.90 1	49.131 1
2	1	45.630 1	49.75 1
2	1	45.1108 1	49.806 1
2	1	45.12 1	49.12 1
2	1	45.242 1	49.463 1
2	1	45.96 1	49.1190 1
2	1	45.1081 1	49.952 1
2	1	45.28 1	49.1188 1
2	1	45.800 1	49.991 1
3	2	45.135 1	49.190 1 49.127 0.989
2	1	45.173 1	49.866 1
2	1	45.733 1	49.886 1
2	1	45.895 1	49.987 1
3	2	45.397 1 45.921 0.787	49.163 1
2	1	45.744 1	49.1163 1
2	1	45.285 1	49.1036 1
2	1	45.833 1	49.1179 1
2	1	45.869 1	49.291 1
2	1	45.870 1	49.290 1
2	1	45.906 1	49.554 1
3	2	45.1059 0.282 45.1060 1	49.951 1
2	1	45.329 1	49.500 1
2	1	45.553 1	49.157 1
2	1	45.639 1	49.821 1
2	1	45.839 1	49.275 1
2	1	45.363 1	49.51 1
2	1	45.758 1	49.1028 1
2	1	45.47 1	49.1199 1
2	1	45.551 1	49.156 1
3	2	45.892 1	49.238 0.273 49.961 1
5	4	45.152 1	49.698 1 49.60 0.770 49.146 0.758 49.200 0.758
2	1	45.31 1	49.217 1
2	1	45.395 1	49.508 1
2	1	45.875 1	49.285 1
4	3	45.954 1	49.1015 1 49.1209 0.098 49.981 0.058
2	1	45.331 1	49.223 1
2	1	45.227 1	49.435 1
2	1	45.166 1	49.1106 1
2	1	45.206 1	49.722 1
2	1	45.293 1	49.1041 1
2	1	45.792 1	49.1049 1
2	1	45.674 1	49.809 1
2	1	45.949 1	49.134 1
2	1	45.118 1	49.1118 1
3	2	45.220 1 45.222 0.323	49.87 1
2	1	45.735 1	49.359 1
2	1	45.100 1	49.329 1
2	1	45.1141 1	49.1223 1
2	1	45.294 1	49.469 1
5	6	45.110 0.052 45.479 1	49.412 0.089 49.574 0.151 49.827 1
2	1	45.748 1	49.1167 1
2	1	45.765 1	49.1196 1
2	1	45.1033 1	49.851 1
2	1	45.1043 1	49.240 1
2	1	45.24 1	49.280 1
2	1	45.289 1	49.1045 1
3	2	45.45 1	49.665 1 49.709 0.080
3	2	45.823 1	49.338 1 49.856 0.089
2	1	45.379 1	49.704 1
2	1	45.807 1	49.1092 1
3	2	45.1087 1 45.903 0.454	49.765 1
2	1	45.538 1	49.896 1
2	1	45.858 1	49.302 1
3	2	45.161 1 45.646 0.923	49.927 1
2	1	45.718 1	49.757 1
2	1	45.641 1	49.670 1
2	1	45.663 1	49.859 1
2	1	45.826 1	49.267 1
2	1	45.1105 1	49.61 1
2	1	45.103 1	49.323 1
2	1	45.1042 1	49.655 1
2	1	45.668 1	49.864 1
2	1	45.79 1	49.1051 1
2	1	45.21 1	49.43 1
2	1	45.734 1	49.887 1
2	1	45.1100 1	49.68 1
3	2	45.658 1 45.888 0.756	49.534 1
2	1	45.1031 1	49.849 1
2	1	45.8 1	49.8 1
2	1	45.808 1	49.1093 1
2	1	45.187 1	49.538 1
2	1	45.307 1	49.178 1
2	1	45.394 1	49.507 1
2	1	45.673 1	49.808 1
2	1	45.793 1	49.1050 1
2	1	45.829 1	49.472 1
2	1	45.149 1	49.1175 1
2	1	45.157 1	49.994 1
3	2	45.144 1	49.1197 1 49.397 0.221
2	1	45.225 1	49.433 1
2	1	45.245 1	49.502 1
2	1	45.366 1	49.1001 1
2	1	45.761 1	49.1031 1
2	1	45.815 1	49.1101 1
2	1	45.872 1	49.288 1
2	1	45.738 1	49.265 1
2	1	45.48 1	49.1198 1
2	1	45.697 1	49.459 1
4	3	45.199 1	49.110 1 49.19 0.831 49.55 0.790
2	1	45.44 1	49.212 1
2	1	45.865 1	49.295 1
2	1	45.278 1	49.283 1
2	1	45.660 1	49.662 1
2	1	45.704 1	49.749 1
2	1	45.50 1	49.829 1
2	1	45.861 1	49.299 1
2	1	45.742 1	49.1161 1
2	1	45.746 1	49.1165 1
2	1	45.827 1	49.795 1
2	1	45.22 1	49.44 1
6	8	45.375 1 45.519 0.119	49.1136 1 49.628 0.062 49.733 0.061 49.908 0.058
2	1	45.747 1	49.1166 1
2	1	45.107 1	49.327 1
2	1	45.619 1	49.638 1
2	1	45.675 1	49.810 1
4	3	45.238 1	49.1078 1 49.439 0.632 49.904 0.056
2	1	45.260 1	49.960 1
2	1	45.164 1	49.919 1
2	1	45.352 1	49.784 1
2	1	45.580 1	49.590 1
2	1	45.74 1	49.1189 1
2	1	45.863 1	49.297 1
2	1	45.1073 1	49.454 1
2	1	45.136 1	49.191 1
2	1	45.937 1	49.612 1
2	1	45.1116 1	49.236 1
2	1	45.132 1	49.315 1
2	1	45.313 1	49.481 1
2	1	45.1034 1	49.853 1
2	1	45.115 1	49.923 1
3	2	45.202 1	49.112 1 49.377 0.820
2	1	45.775 1	49.1006 1
2	1	45.852 1	49.307 1
2	1	45.438 1	49.931 1
2	1	45.88 1	49.129 1
2	1	45.1119 1	49.228 1
2	1	45.554 1	49.158 1
2	1	45.65 1	49.118 1
2	1	45.378 1	49.705 1
2	1	45.262 1	49.958 1
2	1	45.336 1	49.805 1
2	1	45.679 1	49.1021 1
2	1	45.10 1	49.10 1
2	1	45.20 1	49.42 1
2	1	45.23 1	49.45 1
2	1	45.64 1	49.117 1
2	1	45.192 1	49.102 1
2	1	45.333 1	49.1019 1
2	1	45.552 1	49.159 1
2	1	45.720 1	49.759 1
2	1	45.928 1	49.251 1
2	1	45.947 1	49.137 1
2	1	45.201 1	49.20 1
2	1	45.713 1	49.807 1
2	1	45.722 1	49.760 1
5	4	45.494 0.059 45.926 0.264 45.973 1 45.978 0.320	49.375 1
2	1	45.350 1	49.793 1
2	1	45.558 1	49.1081 1
3	2	45.493 0.106 45.633 1	49.486 1
2	1	45.560 1	49.968 1
2	1	45.787 1	49.708 1
2	1	45.86 1	49.1057 1
2	1	45.889 1	49.140 1
2	1	45.359 1	49.518 1
2	1	45.739 1	49.1077 1
2	1	45.879 1	49.815 1
2	1	45.6 1	49.6 1
2	1	45.635 1	49.484 1
2	1	45.706 1	49.751 1
2	1	45.205 1	49.723 1
2	1	45.1099 1	49.69 1
2	1	45.816 1	49.1102 1
2	1	45.261 1	49.959 1
2	1	45.284 1	49.702 1
2	1	45.699 1	49.746 1
2	1	45.948 1	49.136 1
2	1	45.723 1	49.761 1
2	1	45.263 1	49.957 1
3	2	45.63 1	49.116 1 49.975 0.278
3	2	45.731 1	49.374 0.087 49.521 1
2	1	45.768 1	49.1005 1
2	1	45.866 1	49.294 1
2	1	45.1139 1	49.1221 1
2	1	45.334 1	49.1018 1
2	1	45.104 1	49.324 1
2	1	45.226 1	49.434 1
2	1	45.252 1	49.468 1
2	1	45.328 1	49.499 1
2	1	45.582 1	49.583 1
3	2	45.686 1 45.33 0.942	49.598 1
4	4	45.710 0.074 45.711 1	49.666 1 49.668 0.057
3	2	45.1020 1 45.729 0.930	49.980 1
2	1	45.255 1	49.364 1
2	1	45.569 1	49.546 1
2	1	45.349 1	49.199 1
2	1	45.812 1	49.1097 1
2	1	45.597 1	49.504 1
2	1	45.836 1	49.1157 1
2	1	45.1098 1	49.70 1
2	1	45.1158 1	49.1237 1
2	1	45.212 1	49.182 1
2	1	45.253 1	49.953 1
2	1	45.770 1	49.997 1
2	1	45.148 1	49.1176 1
2	1	45.34 1	49.219 1
2	1	45.687 1	49.714 1
2	1	45.755 1	49.142 1
2	1	45.427 1	49.954 1
2	1	45.1040 1	49.648 1
2	1	45.599 1	49.818 1
2	1	45.1137 1	49.80 1
2	1	45.120 1	49.1116 1
2	1	45.196 1	49.100 1
2	1	45.234 1	49.520 1
2	1	45.291 1	49.1043 1
2	1	45.347 1	49.798 1
2	1	45.797 1	49.564 1
2	1	45.1037 1	49.652 1
2	1	45.248 1	49.620 1
5	4	45.406 0.179 45.916 0.127 45.939 1 45.940 0.294	49.792 1
2	1	45.1018 1	49.838 1
2	1	45.393 1	49.506 1
2	1	45.526 1	49.636 1
2	1	45.377 1	49.706 1
2	1	45.134 1	49.316 1
2	1	45.16 1	49.38 1
11	10	45.1054 0.059 45.1056 0.059 45.159 0.059 45.208 0.051 45.246 0.059 45.271 1 45.341 0.059 45.468 0.051 45.587 0.059 45.845 0.996	49.781 1
2	1	45.972 0.834	49.99 0.834
2	1	45.264 0.707	49.946 0.707
2	1	45.532 0.944	49.388 0.944
2	1	45.99 0.801	49.328 0.801
2	1	45.69 0.819	49.122 0.819
2	1	45.531 0.892	49.128 0.892
