Size	Relations	OrthoA	OrthoB
2	1	45.56 1	50.149 1
2	1	45.55 1	50.147 1
2	1	45.75 1	50.202 1
2	1	45.77 1	50.1910 1
2	1	45.1061 1	50.348 1
2	1	45.1083 1	50.324 1
2	1	45.323 1	50.1448 1
2	1	45.707 1	50.802 1
2	1	45.536 1	50.957 1
2	1	45.830 1	50.410 1
2	1	45.145 1	50.1782 1
2	1	45.611 1	50.1051 1
2	1	45.184 1	50.1683 1
2	1	45.603 1	50.1541 1
2	1	45.541 1	50.968 1
2	1	45.335 1	50.1434 1
2	1	45.680 1	50.837 1
2	1	45.831 1	50.409 1
2	1	45.309 1	50.1471 1
3	2	45.396 1 45.920 0.794	50.1422 1
2	1	45.1129 1	50.48 1
3	2	45.581 1	50.1013 1 50.1156 0.805
2	1	45.147 1	50.1760 1
2	1	45.13 1	50.98 1
2	1	45.281 1	50.1515 1
2	1	45.1067 1	50.347 1
2	1	45.213 1	50.1624 1
2	1	45.515 1	50.1075 1
2	1	45.3 1	50.78 1
2	1	45.106 1	50.1858 1
2	1	45.631 1	50.1083 1
3	2	45.773 1	50.1695 1 50.665 0.091
2	1	45.171 1	50.1717 1
2	1	45.68 1	50.183 1
2	1	45.1136 1	50.57 1
2	1	45.18 1	50.105 1
2	1	45.112 1	50.1855 1
3	2	45.769 1	50.565 1 50.1185 0.964
2	1	45.185 1	50.1673 1
2	1	45.4 1	50.80 1
2	1	45.820 1	50.441 1
2	1	45.855 1	50.373 1
2	1	45.1082 1	50.325 1
2	1	45.146 1	50.1766 1
2	1	45.156 1	50.1737 1
2	1	45.296 1	50.1485 1
2	1	45.636 1	50.1088 1
2	1	45.167 1	50.1720 1
2	1	45.131 1	50.673 1
2	1	45.76 1	50.1912 1
2	1	45.128 1	50.1813 1
2	1	45.119 1	50.1825 1
2	1	45.1039 1	50.1844 1
2	1	45.190 1	50.1666 1
2	1	45.762 1	50.594 1
2	1	45.737 1	50.644 1
2	1	45.150 1	50.1753 1
2	1	45.494 1	50.195 1
2	1	45.650 1	50.756 1
2	1	45.215 1	50.1619 1
2	1	45.102 1	50.1865 1
2	1	45.1130 1	50.49 1
2	1	45.1092 1	50.484 1
2	1	45.198 1	50.1653 1
2	1	45.384 1	50.1115 1
2	1	45.144 1	50.1783 1
3	2	45.1148 1 45.51 0.818	50.66 1
2	1	45.125 1	50.475 1
2	1	45.275 1	50.1521 1
2	1	45.228 1	50.1605 1
3	2	45.143 0.068 45.344 1	50.1063 1
2	1	45.390 1	50.1098 1
3	2	45.286 0.219 45.643 1	50.523 1
2	1	45.795 1	50.508 1
2	1	45.665 1	50.856 1
2	1	45.197 1	50.1656 1
2	1	45.193 1	50.1130 1
2	1	45.724 1	50.774 1
2	1	45.392 1	50.1096 1
2	1	45.312 1	50.1466 1
2	1	45.367 1	50.190 1
2	1	45.394 1	50.1092 1
2	1	45.1094 1	50.481 1
2	1	45.741 1	50.632 1
2	1	45.70 1	50.1067 1
2	1	45.1069 1	50.344 1
2	1	45.1118 1	50.38 1
2	1	45.780 1	50.555 1
2	1	45.1070 1	50.343 1
2	1	45.746 1	50.624 1
2	1	45.1152 1	50.67 1
2	1	45.71 1	50.1066 1
2	1	45.842 1	50.392 1
2	1	45.162 1	50.1732 1
2	1	45.695 1	50.815 1
2	1	45.239 1	50.1582 1
2	1	45.584 1	50.1016 1
2	1	45.785 1	50.538 1
2	1	45.305 1	50.1475 1
2	1	45.332 1	50.1437 1
2	1	45.613 1	50.1055 1
2	1	45.1101 1	50.20 1
2	1	45.616 1	50.1008 1
2	1	45.767 1	50.569 1
9	8	45.504 0.199 45.505 0.260 45.506 0.101 45.507 1 45.508 0.139 45.509 0.207 45.510 0.155 45.917 0.198	50.792 1
2	1	45.322 1	50.1449 1
2	1	45.25 1	50.114 1
2	1	45.666 1	50.854 1
2	1	45.834 1	50.526 1
2	1	45.514 1	50.1076 1
2	1	45.141 1	50.1802 1
2	1	45.283 1	50.1493 1
2	1	45.89 1	50.1896 1
2	1	45.265 1	50.1526 1
2	1	45.848 1	50.380 1
2	1	45.841 1	50.394 1
2	1	45.318 1	50.1457 1
2	1	45.17 1	50.104 1
2	1	45.314 1	50.1462 1
3	2	45.189 1	50.1668 1 50.1256 0.796
2	1	45.978 1	50.1407 1
2	1	45.871 1	50.353 1
2	1	45.247 1	50.1568 1
2	1	45.303 1	50.1477 1
3	2	45.1077 1 45.1078 0.068	50.330 1
2	1	45.747 1	50.623 1
2	1	45.786 1	50.536 1
2	1	45.500 1	50.784 1
2	1	45.217 1	50.1615 1
2	1	45.66 1	50.180 1
2	1	45.282 1	50.1494 1
2	1	45.1114 1	50.28 1
2	1	45.688 1	50.172 1
2	1	45.819 1	50.443 1
2	1	45.821 1	50.425 1
2	1	45.267 1	50.1525 1
2	1	45.209 1	50.1628 1
2	1	45.503 1	50.790 1
2	1	45.1135 1	50.56 1
2	1	45.154 1	50.1739 1
2	1	45.306 1	50.1473 1
2	1	45.1142 1	50.63 1
2	1	45.258 1	50.1548 1
3	2	45.73 1	50.196 1 50.506 0.795
5	4	45.972 1	50.1405 1 50.740 0.748 50.1136 0.766 50.1203 0.786
3	2	45.368 1 45.492 0.732	50.203 1
2	1	45.92 1	50.1890 1
2	1	45.743 1	50.629 1
3	2	45.524 1 45.452 0.730	50.1926 1
2	1	45.670 1	50.849 1
2	1	45.667 1	50.853 1
2	1	45.30 1	50.123 1
3	2	45.1115 1	50.34 1 50.33 0.821
2	1	45.764 1	50.590 1
2	1	45.279 1	50.1517 1
2	1	45.501 1	50.785 1
2	1	45.1072 1	50.341 1
2	1	45.749 1	50.621 1
2	1	45.717 1	50.781 1
2	1	45.799 1	50.498 1
2	1	45.1071 1	50.342 1
2	1	45.122 1	50.1820 1
2	1	45.80 1	50.1905 1
2	1	45.933 1	50.170 1
2	1	45.730 1	50.270 1
6	8	45.1145 0.336 45.1146 1 45.1147 0.419 45.579 0.608	50.1713 0.060 50.664 1
2	1	45.681 1	50.836 1
2	1	45.811 1	50.465 1
2	1	45.629 1	50.1877 1
2	1	45.601 1	50.1036 1
2	1	45.1154 1	50.71 1
2	1	45.99 1	50.1870 1
2	1	45.325 1	50.1446 1
2	1	45.1117 1	50.36 1
2	1	45.121 1	50.1823 1
2	1	45.789 1	50.519 1
2	1	45.853 1	50.375 1
2	1	45.840 1	50.395 1
2	1	45.95 1	50.1883 1
2	1	45.1038 1	50.1845 1
2	1	45.705 1	50.804 1
2	1	45.669 1	50.850 1
2	1	45.201 1	50.1650 1
2	1	45.690 1	50.390 1
2	1	45.1143 1	50.65 1
2	1	45.628 1	50.1876 1
5	4	45.1019 1	50.1257 1 50.708 0.668 50.1337 0.748 50.1393 0.811
2	1	45.386 1	50.1111 1
2	1	45.2 1	50.77 1
2	1	45.37 1	50.1330 1
2	1	45.732 1	50.649 1
2	1	45.745 1	50.627 1
2	1	45.19 1	50.106 1
2	1	45.725 1	50.772 1
2	1	45.760 1	50.597 1
2	1	45.1126 1	50.45 1
2	1	45.547 1	50.767 1
2	1	45.117 1	50.1827 1
2	1	45.719 1	50.779 1
2	1	45.771 1	50.1892 1
2	1	45.619 1	50.1061 1
2	1	45.874 1	50.350 1
2	1	45.957 1	50.747 1
2	1	45.292 1	50.1587 1
2	1	45.160 1	50.1734 1
3	2	45.98 1 45.888 0.708	50.1871 1
2	1	45.340 1	50.1426 1
2	1	45.67 1	50.182 1
2	1	45.387 1	50.1105 1
3	2	45.194 1	50.1140 1 50.1165 0.839
2	1	45.116 1	50.1830 1
2	1	45.353 1	50.1374 1
2	1	45.662 1	50.859 1
2	1	45.698 1	50.811 1
2	1	45.7 1	50.86 1
2	1	45.791 1	50.515 1
2	1	45.84 1	50.1900 1
2	1	45.78 1	50.1909 1
2	1	45.759 1	50.599 1
2	1	45.796 1	50.503 1
2	1	45.1 1	50.76 1
3	2	45.235 1	50.1596 1 50.1646 0.796
2	1	45.1123 1	50.42 1
2	1	45.139 1	50.1806 1
2	1	45.803 1	50.479 1
2	1	45.632 1	50.1084 1
2	1	45.696 1	50.814 1
2	1	45.781 1	50.543 1
2	1	45.634 1	50.1086 1
2	1	45.348 1	50.1424 1
2	1	45.873 1	50.351 1
2	1	45.1103 1	50.22 1
2	1	45.101 1	50.1866 1
3	2	45.202 1	50.1124 1 50.1385 0.957
2	1	45.689 1	50.391 1
2	1	45.82 1	50.1902 1
2	1	45.822 1	50.422 1
2	1	45.29 1	50.122 1
3	2	45.958 1	50.235 1 50.251 0.192
2	1	45.153 1	50.1740 1
2	1	45.59 1	50.152 1
2	1	45.596 1	50.1029 1
2	1	45.627 1	50.1872 1
3	2	45.1075 1 45.963 0.310	50.338 1
2	1	45.297 1	50.1482 1
2	1	45.1090 1	50.317 1
2	1	45.245 1	50.1569 1
2	1	45.709 1	50.800 1
2	1	45.1140 1	50.61 1
2	1	45.1122 1	50.41 1
2	1	45.1068 1	50.345 1
2	1	45.1156 1	50.73 1
2	1	45.1132 1	50.52 1
2	1	45.663 1	50.858 1
2	1	45.761 1	50.595 1
2	1	45.276 1	50.1520 1
2	1	45.495 1	50.191 1
2	1	45.700 1	50.808 1
2	1	45.251 1	50.1566 1
2	1	45.546 1	50.209 1
2	1	45.794 1	50.509 1
2	1	45.83 1	50.1901 1
2	1	45.178 1	50.1686 1
2	1	45.630 1	50.1879 1
2	1	45.752 1	50.611 1
2	1	45.135 1	50.1811 1
2	1	45.118 1	50.1826 1
2	1	45.633 1	50.1085 1
2	1	45.559 1	50.979 1
2	1	45.1133 1	50.53 1
2	1	45.241 1	50.1580 1
2	1	45.685 1	50.831 1
3	2	45.287 0.068 45.751 1	50.965 1
2	1	45.657 1	50.869 1
3	2	45.1059 1 45.1060 0.128	50.1155 1
2	1	45.758 1	50.600 1
2	1	45.100 1	50.1868 1
2	1	45.712 1	50.795 1
2	1	45.103 1	50.1861 1
2	1	45.704 1	50.805 1
2	1	45.784 1	50.539 1
2	1	45.14 1	50.99 1
2	1	45.588 1	50.1020 1
3	2	45.813 1 45.268 0.771	50.1524 1
2	1	45.1036 1	50.1848 1
2	1	45.316 1	50.1459 1
2	1	45.5 1	50.84 1
3	2	45.502 1 45.966 0.264	50.788 1
2	1	45.682 1	50.835 1
2	1	45.373 1	50.1148 1
4	3	45.137 1 45.531 0.937 45.647 0.948	50.1809 1
2	1	45.216 1	50.1618 1
2	1	45.604 1	50.1042 1
2	1	45.605 1	50.1043 1
2	1	45.1040 1	50.1843 1
2	1	45.568 1	50.995 1
2	1	45.259 1	50.1545 1
2	1	45.620 1	50.1072 1
2	1	45.956 1	50.748 1
2	1	45.277 1	50.1519 1
2	1	45.210 1	50.1627 1
2	1	45.280 1	50.1516 1
2	1	45.614 1	50.1056 1
2	1	45.642 1	50.1801 1
2	1	45.1084 1	50.323 1
2	1	45.359 1	50.1152 1
2	1	45.607 1	50.1574 1
2	1	45.81 1	50.1904 1
2	1	45.1104 1	50.24 1
2	1	45.823 1	50.420 1
2	1	45.564 1	50.990 1
2	1	45.41 1	50.135 1
2	1	45.244 1	50.1576 1
2	1	45.1050 1	50.385 1
2	1	45.1102 1	50.21 1
2	1	45.240 1	50.1581 1
2	1	45.151 1	50.1752 1
2	1	45.615 1	50.1059 1
2	1	45.659 1	50.866 1
2	1	45.127 1	50.1412 1
2	1	45.383 1	50.1116 1
2	1	45.62 1	50.176 1
2	1	45.684 1	50.832 1
3	2	45.571 1	50.1003 1 50.1389 0.700
2	1	45.232 1	50.1600 1
2	1	45.778 1	50.558 1
2	1	45.857 1	50.371 1
2	1	45.754 1	50.607 1
2	1	45.583 1	50.1015 1
2	1	45.1085 1	50.322 1
2	1	45.814 1	50.458 1
2	1	45.302 1	50.1478 1
2	1	45.1043 1	50.1838 1
2	1	45.664 1	50.857 1
2	1	45.79 1	50.1908 1
2	1	45.329 1	50.1441 1
2	1	45.660 1	50.864 1
3	2	45.253 1	50.1553 1 50.1558 0.329
2	1	45.867 1	50.358 1
2	1	45.551 1	50.972 1
3	2	45.397 1 45.921 0.832	50.1421 1
2	1	45.149 1	50.1755 1
2	1	45.804 1	50.478 1
2	1	45.166 1	50.1721 1
2	1	45.170 1	50.880 1
2	1	45.621 1	50.870 1
2	1	45.744 1	50.628 1
2	1	45.1134 1	50.55 1
2	1	45.94 1	50.1885 1
2	1	45.123 1	50.1815 1
2	1	45.1032 1	50.403 1
2	1	45.839 1	50.396 1
2	1	45.337 1	50.1432 1
2	1	45.1049 1	50.383 1
2	1	45.200 1	50.214 1
2	1	45.243 1	50.1577 1
2	1	45.824 1	50.419 1
2	1	45.825 1	50.416 1
2	1	45.331 1	50.1438 1
2	1	45.554 1	50.976 1
2	1	45.288 1	50.525 1
2	1	45.1100 1	50.19 1
2	1	45.710 1	50.799 1
2	1	45.783 1	50.540 1
2	1	45.854 1	50.374 1
2	1	45.827 1	50.414 1
2	1	45.775 1	50.563 1
2	1	45.257 1	50.1549 1
2	1	45.600 1	50.1035 1
2	1	45.115 1	50.1831 1
2	1	45.395 1	50.1089 1
2	1	45.242 1	50.1579 1
2	1	45.90 1	50.1894 1
2	1	45.529 1	50.920 1
2	1	45.229 1	50.1604 1
2	1	45.548 1	50.769 1
2	1	45.161 1	50.1733 1
2	1	45.169 1	50.1718 1
2	1	45.734 1	50.647 1
2	1	45.28 1	50.121 1
2	1	45.806 1	50.472 1
2	1	45.849 1	50.379 1
2	1	45.763 1	50.591 1
2	1	45.338 1	50.1431 1
2	1	45.753 1	50.608 1
2	1	45.114 1	50.1850 1
2	1	45.177 1	50.1687 1
2	1	45.1125 1	50.44 1
2	1	45.668 1	50.851 1
2	1	45.779 1	50.557 1
2	1	45.223 1	50.1610 1
2	1	45.47 1	50.139 1
2	1	45.493 1	50.204 1
2	1	45.777 1	50.560 1
2	1	45.248 1	50.1567 1
2	1	45.847 1	50.381 1
2	1	45.148 1	50.1758 1
2	1	45.236 1	50.1595 1
2	1	45.860 1	50.367 1
2	1	45.864 1	50.362 1
2	1	45.1131 1	50.50 1
2	1	45.671 1	50.848 1
2	1	45.677 1	50.842 1
2	1	45.74 1	50.197 1
2	1	45.868 1	50.357 1
2	1	45.203 1	50.1633 1
2	1	45.1141 1	50.62 1
2	1	45.608 1	50.1046 1
2	1	45.1030 1	50.398 1
2	1	45.326 1	50.1445 1
4	3	45.692 1	50.388 1 50.250 0.767 50.893 0.755
2	1	45.718 1	50.780 1
2	1	45.1153 1	50.69 1
2	1	45.307 1	50.1472 1
2	1	45.140 1	50.1805 1
2	1	45.234 1	50.1597 1
2	1	45.790 1	50.517 1
2	1	45.378 1	50.1121 1
2	1	45.327 1	50.1443 1
2	1	45.593 1	50.1028 1
2	1	45.589 1	50.1022 1
3	2	45.479 1	50.334 0.155 50.336 1
2	1	45.35 1	50.129 1
2	1	45.542 1	50.273 1
2	1	45.661 1	50.860 1
2	1	45.294 1	50.1488 1
2	1	45.697 1	50.812 1
2	1	45.850 1	50.378 1
2	1	45.12 1	50.95 1
2	1	45.1042 1	50.1839 1
2	1	45.165 1	50.1725 1
2	1	45.293 1	50.1586 1
2	1	45.315 1	50.1460 1
2	1	45.487 1	50.1419 1
2	1	45.812 1	50.463 1
2	1	45.1017 1	50.1158 1
2	1	45.556 1	50.902 1
2	1	45.869 1	50.355 1
2	1	45.987 1	50.952 1
2	1	45.1093 1	50.482 1
2	1	45.300 1	50.1481 1
2	1	45.31 1	50.125 1
2	1	45.801 1	50.491 1
2	1	45.347 1	50.1425 1
2	1	45.683 1	50.833 1
2	1	45.742 1	50.630 1
2	1	45.765 1	50.572 1
2	1	45.58 1	50.151 1
2	1	45.756 1	50.604 1
2	1	45.858 1	50.370 1
2	1	45.641 1	50.879 1
2	1	45.549 1	50.770 1
2	1	45.355 1	50.1372 1
2	1	45.1089 1	50.318 1
3	2	45.108 0.365 45.110 1	50.1781 1
2	1	45.1080 1	50.329 1
2	1	45.21 1	50.110 1
2	1	45.703 1	50.806 1
4	3	45.533 0.784 45.534 1 45.535 0.765	50.947 1
2	1	45.585 1	50.1018 1
2	1	45.562 1	50.986 1
2	1	45.24 1	50.113 1
2	1	45.46 1	50.1100 1
2	1	45.720 1	50.778 1
2	1	45.859 1	50.369 1
2	1	45.937 1	50.1742 1
2	1	45.520 1	50.1074 1
2	1	45.22 1	50.111 1
2	1	45.1074 1	50.1489 1
2	1	45.264 1	50.1527 1
2	1	45.48 1	50.140 1
2	1	45.828 1	50.413 1
2	1	45.65 1	50.179 1
2	1	45.152 1	50.1751 1
2	1	45.310 1	50.1469 1
2	1	45.339 1	50.1428 1
3	2	45.897 1 45.915 0.310	50.926 1
2	1	45.862 1	50.365 1
2	1	45.563 1	50.989 1
2	1	45.687 1	50.821 1
2	1	45.870 1	50.354 1
2	1	45.261 1	50.1543 1
2	1	45.787 1	50.533 1
2	1	45.609 1	50.1047 1
2	1	45.673 1	50.847 1
2	1	45.1097 1	50.310 1
2	1	45.278 1	50.1518 1
3	2	45.693 1 45.694 0.369	50.386 1
2	1	45.723 1	50.775 1
2	1	45.227 1	50.1606 1
2	1	45.132 1	50.1793 1
2	1	45.750 1	50.620 1
2	1	45.733 1	50.648 1
2	1	45.863 1	50.363 1
2	1	45.805 1	50.474 1
2	1	45.575 1	50.1005 1
2	1	45.566 1	50.1768 1
2	1	45.10 1	50.91 1
2	1	45.163 1	50.1728 1
2	1	45.379 1	50.1119 1
2	1	45.701 1	50.807 1
2	1	45.788 1	50.532 1
2	1	45.875 1	50.349 1
2	1	45.960 1	50.743 1
2	1	45.807 1	50.469 1
3	2	45.626 1 45.774 0.179	50.1112 1
2	1	45.553 1	50.975 1
2	1	45.372 1	50.1149 1
2	1	45.1109 1	50.861 1
2	1	45.231 1	50.1602 1
2	1	45.782 1	50.542 1
2	1	45.1098 1	50.309 1
2	1	45.186 1	50.1672 1
2	1	45.731 1	50.1706 1
2	1	45.808 1	50.468 1
2	1	45.961 1	50.742 1
2	1	45.336 1	50.1433 1
2	1	45.1116 1	50.35 1
2	1	45.955 1	50.749 1
2	1	45.1096 1	50.311 1
2	1	45.225 1	50.1608 1
2	1	45.289 1	50.1590 1
2	1	45.706 1	50.803 1
2	1	45.872 1	50.352 1
2	1	45.986 1	50.955 1
2	1	45.1095 1	50.316 1
2	1	45.158 1	50.1572 1
2	1	45.96 1	50.1881 1
2	1	45.748 1	50.622 1
2	1	45.364 1	50.188 1
2	1	45.49 1	50.626 1
2	1	45.262 1	50.1542 1
2	1	45.889 1	50.1154 1
2	1	45.856 1	50.372 1
2	1	45.284 1	50.1492 1
2	1	45.728 1	50.1701 1
2	1	45.157 1	50.1736 1
2	1	45.11 1	50.93 1
2	1	45.39 1	50.133 1
2	1	45.832 1	50.406 1
2	1	45.714 1	50.783 1
2	1	45.486 1	50.1418 1
2	1	45.865 1	50.361 1
2	1	45.810 1	50.466 1
2	1	45.833 1	50.405 1
2	1	45.44 1	50.925 1
2	1	45.291 1	50.1588 1
2	1	45.711 1	50.798 1
2	1	45.107 1	50.1857 1
2	1	45.295 1	50.1486 1
3	2	45.829 1	50.411 1 50.874 1
2	1	45.9 1	50.90 1
3	2	45.155 0.063 45.60 1	50.193 1
2	1	45.176 1	50.1688 1
2	1	45.8 1	50.88 1
2	1	45.1105 1	50.25 1
2	1	45.328 1	50.1442 1
2	1	45.569 1	50.999 1
2	1	45.64 1	50.178 1
2	1	45.852 1	50.376 1
2	1	45.977 1	50.165 1
2	1	45.204 1	50.1632 1
2	1	45.1139 1	50.60 1
3	2	45.134 1	50.1798 1 50.1799 0.104
2	1	45.238 1	50.1583 1
2	1	45.350 1	50.1423 1
2	1	45.352 1	50.1408 1
2	1	45.6 1	50.85 1
2	1	45.739 1	50.642 1
2	1	45.809 1	50.467 1
2	1	45.50 1	50.142 1
2	1	45.16 1	50.103 1
2	1	45.88 1	50.1897 1
2	1	45.580 1	50.1012 1
2	1	45.40 1	50.134 1
2	1	45.1119 1	50.39 1
2	1	45.521 1	50.1073 1
2	1	45.776 1	50.561 1
2	1	45.1099 1	50.18 1
3	2	45.220 1 45.222 0.358	50.635 1
2	1	45.757 1	50.601 1
2	1	45.23 1	50.112 1
2	1	45.313 1	50.1464 1
3	2	45.375 1 45.519 0.107	50.891 1
2	1	45.558 1	50.977 1
2	1	45.207 1	50.1629 1
2	1	45.218 1	50.1612 1
2	1	45.815 1	50.456 1
2	1	45.861 1	50.366 1
2	1	45.164 1	50.1726 1
2	1	45.675 1	50.844 1
2	1	45.793 1	50.510 1
3	2	45.594 1	50.1669 1 50.444 0.781
2	1	45.172 1	50.1927 1
2	1	45.226 1	50.1607 1
2	1	45.333 1	50.1436 1
2	1	45.550 1	50.969 1
2	1	45.640 1	50.881 1
2	1	45.674 1	50.846 1
2	1	45.20 1	50.107 1
2	1	45.237 1	50.1585 1
2	1	45.252 1	50.1565 1
2	1	45.578 1	50.1010 1
2	1	45.612 1	50.1053 1
2	1	45.63 1	50.177 1
2	1	45.755 1	50.605 1
2	1	45.722 1	50.776 1
2	1	45.770 1	50.564 1
2	1	45.552 1	50.973 1
2	1	45.699 1	50.809 1
10	9	45.199 1	50.1202 1 50.218 0.792 50.224 0.792 50.231 0.792 50.699 0.791 50.1125 0.833 50.1135 0.878 50.1235 0.853 50.1379 0.831
2	1	45.38 1	50.1328 1
2	1	45.679 1	50.840 1
2	1	45.311 1	50.1467 1
2	1	45.954 1	50.741 1
2	1	45.965 1	50.789 1
2	1	45.212 1	50.1625 1
2	1	45.285 1	50.1491 1
2	1	45.451 1	50.206 1
2	1	45.72 1	50.1064 1
2	1	45.866 1	50.359 1
2	1	45.948 1	50.1271 1
2	1	45.988 1	50.154 1
23	132	45.356 1 45.1054 1 45.1056 1 45.159 1 45.246 1 45.587 1 45.471 0.245 45.52 0.245 45.208 0.217 45.468 0.216 45.341 0.181	50.1370 1 50.1057 1 50.1150 1 50.1102 0.535 50.1364 0.535 50.701 0.535 50.1613 0.443 50.618 0.172 50.718 0.138 50.717 0.087 50.1039 0.075 50.619 0.075
2	1	45.597 1	50.1030 1
2	1	45.738 1	50.643 1
2	1	45.260 1	50.1544 1
2	1	45.1041 1	50.1840 1
2	1	45.136 1	50.1810 1
4	3	45.192 1	50.1131 1 50.1157 0.887 50.1338 0.887
2	1	45.654 1	50.1376 1
2	1	45.768 1	50.566 1
2	1	45.85 1	50.1899 1
2	1	45.255 1	50.1551 1
2	1	45.388 1	50.1104 1
2	1	45.816 1	50.455 1
2	1	45.590 1	50.1024 1
2	1	45.173 1	50.904 1
2	1	45.561 1	50.985 1
8	7	45.1018 1	50.1159 1 50.691 1 50.1190 1 50.1206 0.946 50.1225 0.774 50.1258 0.946 50.1392 0.832
2	1	45.928 1	50.1279 1
2	1	45.104 1	50.1859 1
2	1	45.639 1	50.1591 1
2	1	45.358 1	50.1369 1
2	1	45.393 1	50.1093 1
2	1	45.895 1	50.612 1
2	1	45.826 1	50.415 1
2	1	45.320 1	50.1453 1
2	1	45.1033 1	50.399 1
2	1	45.599 1	50.1033 1
2	1	45.490 1	50.1699 1
2	1	45.527 1	50.889 1
3	2	45.686 1 45.33 0.942	50.828 1
2	1	45.726 1	50.765 1
3	2	45.843 0.320 45.844 1	50.818 1
2	1	45.196 1	50.1133 1
2	1	45.233 1	50.1598 1
2	1	45.560 1	50.983 1
2	1	45.86 1	50.1898 1
2	1	45.576 1	50.1006 1
2	1	45.180 1	50.1685 1
2	1	45.438 1	50.1309 1
2	1	45.97 1	50.1880 1
2	1	45.658 1	50.868 1
2	1	45.377 1	50.1123 1
2	1	45.345 1	50.1062 1
2	1	45.36 1	50.131 1
2	1	45.206 1	50.1630 1
2	1	45.363 1	50.185 1
2	1	45.187 1	50.1670 1
2	1	45.69 1	50.184 1
2	1	45.1037 1	50.1846 1
2	1	45.34 1	50.127 1
2	1	45.676 1	50.843 1
2	1	45.317 1	50.1458 1
2	1	45.1158 1	50.75 1
2	1	45.370 1	50.1243 1
4	3	45.729 1	50.1703 1 50.6 0.884 50.1570 0.930
2	1	45.959 1	50.744 1
2	1	45.498 1	50.1011 1
2	1	45.582 1	50.1014 1
2	1	45.211 1	50.1626 1
4	3	45.1020 1	50.714 1 50.5 0.965 50.1160 0.844
2	1	45.1121 1	50.1212 1
2	1	45.617 1	50.1060 1
2	1	45.1137 1	50.58 1
2	1	45.175 1	50.1689 1
2	1	45.263 1	50.1528 1
2	1	45.792 1	50.513 1
2	1	45.851 1	50.377 1
2	1	45.301 1	50.1480 1
2	1	45.61 1	50.175 1
2	1	45.797 1	50.500 1
2	1	45.290 1	50.1589 1
2	1	45.26 1	50.115 1
2	1	45.735 1	50.645 1
2	1	45.929 1	50.1195 1
2	1	45.1157 1	50.74 1
2	1	45.567 1	50.993 1
2	1	45.949 1	50.1275 1
2	1	45.321 1	50.1451 1
2	1	45.592 1	50.1027 1
3	2	45.911 1	50.161 0.195 50.278 1
2	1	45.947 1	50.1270 1
2	1	45.974 1	50.1238 1
2	1	45.256 1	50.1550 1
2	1	45.800 1	50.495 1
2	1	45.817 1	50.457 1
3	2	45.818 1	50.451 0.054 50.454 1
2	1	45.598 1	50.1032 1
2	1	45.334 1	50.1435 1
2	1	45.543 1	50.1341 1
2	1	45.513 1	50.638 1
2	1	45.138 1	50.1808 1
2	1	45.772 1	50.1893 1
2	1	45.798 1	50.499 1
2	1	45.727 1	50.651 1
2	1	45.708 1	50.801 1
2	1	45.574 1	50.1004 1
2	1	45.591 1	50.1025 1
2	1	45.1155 1	50.72 1
2	1	45.362 1	50.1224 1
2	1	45.930 1	50.1743 1
2	1	45.638 1	50.882 1
2	1	45.528 1	50.919 1
2	1	45.224 1	50.1609 1
2	1	45.391 1	50.1097 1
4	4	45.130 1 45.133 0.084	50.1790 1 50.1792 0.267
2	1	45.577 1	50.1009 1
2	1	45.304 1	50.1476 1
2	1	45.365 1	50.189 1
2	1	45.389 1	50.1099 1
12	11	45.1113 1	50.1041 1 50.1058 0.980 50.1103 0.980 50.1151 0.980 50.1365 1 50.1501 0.667 50.1614 1 50.298 0.583 50.617 0.550 50.700 1 50.716 0.947
2	1	45.606 1	50.1045 1
4	3	45.910 1	50.158 0.310 50.266 0.241 50.728 1
9	20	45.939 1 45.916 1 45.940 0.310 45.406 0.198	50.263 1 50.616 1 50.1657 0.291 50.958 0.125 50.918 0.101
19	60	45.1002 0.103 45.1003 0.176 45.1004 1 45.1005 0.208 45.1006 0.071 45.1008 0.074 45.1009 0.223 45.1010 0.137 45.1011 0.120 45.1012 0.189 45.1013 0.156 45.1023 0.118 45.1029 0.054 45.995 0.078 45.997 0.195	50.1694 1 50.290 0.172 50.939 0.261 50.941 0.098
2	1	45.374 1	50.1484 1
2	1	45.489 0.689	50.1878 0.689
2	1	45.254 0.803	50.625 0.803
