Size	Relations	OrthoA	OrthoB
2	1	9.72 1	88.92 1
2	1	9.71 1	88.91 1
2	1	9.78 1	88.505 1
2	1	9.565 1	88.255 1
2	1	9.414 1	88.1066 1
2	1	9.512 1	88.1815 1
2	1	9.567 1	88.244 1
3	2	9.673 1	88.1227 1 88.530 0.642
2	1	9.131 1	88.828 1
2	1	9.268 1	88.562 1
2	1	9.381 1	88.1337 1
2	1	9.101 1	88.1857 1
2	1	9.713 1	88.1074 1
2	1	9.179 1	88.466 1
2	1	9.566 1	88.239 1
2	1	9.715 1	88.1072 1
2	1	9.270 1	88.3 1
2	1	9.104 1	88.1854 1
2	1	9.213 1	88.264 1
2	1	9.574 1	88.155 1
2	1	9.30 1	88.749 1
2	1	9.572 1	88.157 1
2	1	9.271 1	88.4 1
2	1	9.317 1	88.1676 1
2	1	9.581 1	88.1951 1
2	1	9.205 1	88.283 1
2	1	9.394 1	88.1749 1
2	1	9.64 1	88.1947 1
4	3	9.153 1	88.2232 1 88.920 1 88.617 0.736
2	1	9.280 1	88.13 1
2	1	9.372 1	88.451 1
2	1	9.672 1	88.95 1
2	1	9.620 1	88.1213 1
2	1	9.664 1	88.1874 1
2	1	9.60 1	88.334 1
2	1	9.433 1	88.508 1
2	1	9.284 1	88.19 1
2	1	9.668 1	88.96 1
2	1	9.220 1	88.250 1
2	1	9.616 1	88.405 1
2	1	9.617 1	88.2114 1
2	1	9.111 1	88.826 1
2	1	9.377 1	88.1939 1
2	1	9.117 1	88.1126 1
2	1	9.621 1	88.1212 1
2	1	9.469 1	88.366 1
2	1	9.228 1	88.2098 1
2	1	9.361 1	88.69 1
2	1	9.509 1	88.471 1
2	1	9.351 1	88.387 1
2	1	9.634 1	88.331 1
2	1	9.689 1	88.447 1
2	1	9.443 1	88.496 1
2	1	9.646 1	88.510 1
2	1	9.61 1	88.1445 1
2	1	9.208 1	88.280 1
2	1	9.214 1	88.263 1
2	1	9.229 1	88.2099 1
2	1	9.58 1	88.333 1
2	1	9.430 1	88.1705 1
2	1	9.41 1	88.1618 1
2	1	9.576 1	88.2006 1
2	1	9.656 1	88.1944 1
2	1	9.216 1	88.285 1
2	1	9.38 1	88.423 1
2	1	9.347 1	88.378 1
2	1	9.400 1	88.1908 1
2	1	9.583 1	88.418 1
2	1	9.499 1	88.173 1
2	1	9.595 1	88.170 1
2	1	9.217 1	88.284 1
2	1	9.585 1	88.420 1
2	1	9.225 1	88.2095 1
2	1	9.554 1	88.162 1
2	1	9.107 1	88.609 1
2	1	9.536 1	88.61 1
2	1	9.706 1	88.534 1
2	1	9.209 1	88.278 1
2	1	9.502 1	88.319 1
2	1	9.677 1	88.1231 1
2	1	9.47 1	88.261 1
2	1	9.453 1	88.350 1
2	1	9.59 1	88.739 1
2	1	9.282 1	88.15 1
2	1	9.272 1	88.5 1
2	1	9.666 1	88.1875 1
2	1	9.29 1	88.1390 1
3	2	9.202 1 9.134 0.906	88.2089 1
2	1	9.124 1	88.547 1
2	1	9.33 1	88.442 1
2	1	9.219 1	88.222 1
2	1	9.503 1	88.320 1
2	1	9.116 1	88.1127 1
2	1	9.654 1	88.1942 1
2	1	9.55 1	88.1677 1
2	1	9.127 1	88.544 1
2	1	9.479 1	88.335 1
2	1	9.14 1	88.2091 1
2	1	9.684 1	88.1238 1
2	1	9.501 1	88.175 1
3	2	9.504 1 9.622 0.653	88.321 1
2	1	9.614 1	88.1214 1
2	1	9.234 1	88.2101 1
2	1	9.476 1	88.371 1
2	1	9.685 1	88.1239 1
2	1	9.365 1	88.731 1
2	1	9.488 1	88.1876 1
3	2	9.130 1 9.304 0.804	88.1858 1
2	1	9.609 1	88.648 1
2	1	9.290 1	88.342 1
2	1	9.505 1	88.322 1
2	1	9.586 1	88.421 1
2	1	9.267 1	88.561 1
2	1	9.357 1	88.380 1
2	1	9.480 1	88.336 1
2	1	9.447 1	88.495 1
2	1	9.303 1	88.1959 1
2	1	9.391 1	88.1752 1
2	1	9.236 1	88.2111 1
2	1	9.418 1	88.1092 1
2	1	9.83 1	88.733 1
2	1	9.716 1	88.610 1
2	1	9.102 1	88.1856 1
2	1	9.435 1	88.506 1
2	1	9.589 1	88.166 1
2	1	9.194 1	88.1218 1
2	1	9.405 1	88.1914 1
2	1	9.183 1	88.470 1
2	1	9.177 1	88.1012 1
2	1	9.191 1	88.1412 1
2	1	9.370 1	88.248 1
2	1	9.491 1	88.1718 1
2	1	9.211 1	88.276 1
2	1	9.296 1	88.265 1
2	1	9.432 1	88.1850 1
2	1	9.456 1	88.353 1
2	1	9.564 1	88.256 1
2	1	9.67 1	88.1378 1
2	1	9.358 1	88.615 1
2	1	9.450 1	88.347 1
2	1	9.207 1	88.281 1
2	1	9.274 1	88.7 1
2	1	9.562 1	88.240 1
5	4	9.560 1	88.242 1 88.426 0.663 88.431 0.635 88.1377 0.650
2	1	9.577 1	88.1419 1
2	1	9.32 1	88.443 1
2	1	9.481 1	88.337 1
2	1	9.679 1	88.1233 1
2	1	9.425 1	88.1714 1
2	1	9.591 1	88.168 1
2	1	9.25 1	88.1225 1
2	1	9.198 1	88.988 1
2	1	9.494 1	88.752 1
2	1	9.637 1	88.1999 1
2	1	9.77 1	88.504 1
2	1	9.546 1	88.396 1
2	1	9.515 1	88.103 1
2	1	9.573 1	88.156 1
2	1	9.74 1	88.149 1
2	1	9.695 1	88.555 1
2	1	9.195 1	88.1217 1
2	1	9.599 1	88.425 1
2	1	9.451 1	88.348 1
2	1	9.559 1	88.493 1
2	1	9.1 1	88.94 1
2	1	9.210 1	88.277 1
2	1	9.359 1	88.71 1
4	3	9.471 1	88.373 1 88.896 0.815 88.2206 0.815
2	1	9.423 1	88.1716 1
2	1	9.467 1	88.364 1
2	1	9.697 1	88.1373 1
2	1	9.2 1	88.93 1
2	1	9.199 1	88.499 1
3	2	9.315 0.182 9.316 1	88.1806 1
2	1	9.15 1	88.2090 1
2	1	9.366 1	88.1687 1
2	1	9.168 1	88.32 1
2	1	9.457 1	88.354 1
2	1	9.465 1	88.362 1
2	1	9.276 1	88.9 1
3	2	9.551 0.143 9.552 1	88.1746 1
2	1	9.612 1	88.1646 1
2	1	9.363 1	88.729 1
2	1	9.105 1	88.1853 1
2	1	9.558 1	88.245 1
2	1	9.233 1	88.2100 1
2	1	9.462 1	88.359 1
3	2	9.639 1	88.1581 0.990 88.587 1
2	1	9.380 1	88.118 1
2	1	9.260 1	88.735 1
2	1	9.535 1	88.59 1
2	1	9.332 1	88.486 1
2	1	9.68 1	88.1379 1
3	2	9.698 1	88.616 1 88.551 0.772
2	1	9.22 1	88.478 1
2	1	9.36 1	88.401 1
2	1	9.182 1	88.469 1
2	1	9.360 1	88.70 1
2	1	9.606 1	88.1380 1
2	1	9.647 1	88.511 1
2	1	9.528 1	88.1745 1
2	1	9.500 1	88.174 1
2	1	9.426 1	88.1713 1
2	1	9.70 1	88.1949 1
2	1	9.285 1	88.20 1
2	1	9.525 1	88.1917 1
2	1	9.671 1	88.1071 1
2	1	9.701 1	88.548 1
2	1	9.624 1	88.1464 1
2	1	9.125 1	88.546 1
2	1	9.281 1	88.14 1
2	1	9.302 1	88.1960 1
2	1	9.460 1	88.357 1
2	1	9.82 1	88.732 1
2	1	9.278 1	88.11 1
2	1	9.699 1	88.550 1
2	1	9.156 1	88.1203 1
2	1	9.157 1	88.1204 1
2	1	9.475 1	88.370 1
2	1	9.300 1	88.271 1
2	1	9.384 1	88.1331 1
2	1	9.470 1	88.367 1
2	1	9.324 1	88.2010 1
2	1	9.364 1	88.730 1
2	1	9.200 1	88.500 1
2	1	9.295 1	88.2013 1
2	1	9.311 1	88.151 1
2	1	9.112 1	88.1128 1
2	1	9.690 1	88.446 1
2	1	9.180 1	88.467 1
2	1	9.424 1	88.1715 1
2	1	9.477 1	88.372 1
2	1	9.534 1	88.58 1
3	2	9.484 1	88.2205 1 88.895 1
2	1	9.256 1	88.1701 1
2	1	9.143 1	88.2017 1
2	1	9.150 1	88.1075 1
2	1	9.99 1	88.475 1
2	1	9.474 1	88.369 1
2	1	9.464 1	88.361 1
2	1	9.269 1	88.2 1
2	1	9.468 1	88.365 1
2	1	9.62 1	88.742 1
2	1	9.659 1	88.1223 1
3	2	9.42 1 9.597 0.315	88.266 1
2	1	9.181 1	88.468 1
2	1	9.524 1	88.1918 1
2	1	9.661 1	88.1207 1
2	1	9.37 1	88.402 1
2	1	9.705 1	88.750 1
2	1	9.109 1	88.1371 1
2	1	9.246 1	88.1819 1
2	1	9.218 1	88.286 1
2	1	9.248 1	88.986 1
2	1	9.145 1	88.2016 1
2	1	9.212 1	88.275 1
2	1	9.223 1	88.2093 1
2	1	9.325 1	88.2011 1
3	2	9.328 1	88.1613 1 88.2055 0.104
2	1	9.553 1	88.163 1
2	1	9.56 1	88.1813 1
2	1	9.700 1	88.549 1
2	1	9.655 1	88.1943 1
2	1	9.482 1	88.338 1
2	1	9.279 1	88.12 1
2	1	9.294 1	88.2014 1
2	1	9.375 1	88.1375 1
2	1	9.390 1	88.809 1
2	1	9.537 1	88.62 1
2	1	9.455 1	88.352 1
4	3	9.362 1	88.473 0.388 88.68 0.532 88.757 1
2	1	9.533 1	88.57 1
2	1	9.563 1	88.257 1
2	1	9.657 1	88.1945 1
2	1	9.449 1	88.346 1
2	1	9.632 1	88.484 1
2	1	9.709 1	88.741 1
2	1	9.376 1	88.1940 1
4	3	9.73 1 9.141 0.828 9.142 0.846	88.218 1
2	1	9.19 1	88.526 1
2	1	9.547 1	88.397 1
2	1	9.305 1	88.2070 1
2	1	9.371 1	88.450 1
2	1	9.454 1	88.351 1
2	1	9.626 1	88.1462 1
2	1	9.543 1	88.393 1
2	1	9.631 1	88.485 1
2	1	9.466 1	88.363 1
2	1	9.489 1	88.1720 1
2	1	9.587 1	88.422 1
2	1	9.17 1	88.524 1
2	1	9.356 1	88.381 1
2	1	9.439 1	88.1435 1
2	1	9.397 1	88.1240 1
2	1	9.76 1	88.502 1
2	1	9.79 1	88.274 1
2	1	9.459 1	88.356 1
3	2	9.297 1	88.268 1 88.604 0.779
3	2	9.34 1	88.1398 0.110 88.517 1
2	1	9.401 1	88.1909 1
2	1	9.438 1	88.1434 1
2	1	9.600 1	88.2004 1
6	8	9.162 0.179 9.184 0.152 9.308 1 9.319 0.131	88.520 1 88.670 0.070
2	1	9.69 1	88.452 1
2	1	9.81 1	88.1690 1
2	1	9.306 1	88.2069 1
2	1	9.108 1	88.1372 1
2	1	9.487 1	88.26 1
2	1	9.514 1	88.332 1
2	1	9.155 1	88.126 1
2	1	9.258 1	88.1638 1
2	1	9.289 1	88.341 1
2	1	9.596 1	88.1686 1
2	1	9.419 1	88.1202 1
2	1	9.402 1	88.1910 1
2	1	9.602 1	88.2002 1
2	1	9.463 1	88.360 1
2	1	9.452 1	88.349 1
2	1	9.582 1	88.1680 1
2	1	9.611 1	88.829 1
2	1	9.529 1	88.1747 1
2	1	9.224 1	88.2094 1
2	1	9.440 1	88.1436 1
2	1	9.532 1	88.56 1
2	1	9.417 1	88.1091 1
2	1	9.495 1	88.753 1
2	1	9.206 1	88.282 1
2	1	9.286 1	88.22 1
2	1	9.349 1	88.376 1
2	1	9.152 1	88.1105 1
2	1	9.103 1	88.1855 1
2	1	9.190 1	88.1411 1
2	1	9.275 1	88.8 1
2	1	9.24 1	88.1226 1
2	1	9.472 1	88.368 1
2	1	9.346 1	88.379 1
2	1	9.355 1	88.101 1
3	2	9.635 1	88.330 1 88.630 0.267
2	1	9.461 1	88.358 1
2	1	9.189 1	88.1410 1
2	1	9.287 1	88.23 1
2	1	9.680 1	88.1234 1
2	1	9.126 1	88.545 1
2	1	9.247 1	88.1818 1
2	1	9.555 1	88.161 1
2	1	9.568 1	88.2015 1
2	1	9.16 1	88.258 1
2	1	9.648 1	88.512 1
2	1	9.682 1	88.1235 1
2	1	9.427 1	88.1712 1
2	1	9.523 1	88.1919 1
2	1	9.288 1	88.24 1
2	1	9.392 1	88.1751 1
2	1	9.65 1	88.1948 1
2	1	9.35 1	88.344 1
2	1	9.52 1	88.1444 1
2	1	9.636 1	88.1998 1
2	1	9.593 1	88.169 1
2	1	9.374 1	88.1376 1
2	1	9.395 1	88.1431 1
2	1	9.556 1	88.247 1
2	1	9.170 1	88.216 1
2	1	9.277 1	88.10 1
2	1	9.188 1	88.1397 1
2	1	9.368 1	88.1704 1
2	1	9.88 1	88.1642 1
2	1	9.330 1	88.1415 1
2	1	9.50 1	88.822 1
2	1	9.354 1	88.1433 1
2	1	9.601 1	88.2003 1
2	1	9.309 1	88.153 1
2	1	9.625 1	88.1463 1
2	1	9.166 1	88.554 1
2	1	9.389 1	88.808 1
2	1	9.406 1	88.1915 1
2	1	9.428 1	88.1711 1
2	1	9.540 1	88.66 1
2	1	9.249 1	88.987 1
2	1	9.584 1	88.419 1
2	1	9.675 1	88.1593 1
2	1	9.164 1	88.728 1
2	1	9.48 1	88.259 1
2	1	9.539 1	88.64 1
2	1	9.458 1	88.355 1
2	1	9.273 1	88.6 1
2	1	9.327 1	88.1614 1
2	1	9.431 1	88.629 1
2	1	9.57 1	88.1852 1
2	1	9.348 1	88.377 1
2	1	9.80 1	88.1689 1
2	1	9.18 1	88.525 1
2	1	9.683 1	88.1236 1
2	1	9.238 1	88.2113 1
2	1	9.608 1	88.97 1
2	1	9.692 1	88.1683 1
2	1	9.85 1	88.217 1
2	1	9.63 1	88.1946 1
2	1	9.549 1	88.560 1
2	1	9.627 1	88.600 1
2	1	9.128 1	88.1220 1
2	1	9.603 1	88.1440 1
2	1	9.412 1	88.598 1
2	1	9.694 1	88.559 1
3	2	9.519 1	88.1816 0.205 88.55 1
2	1	9.590 1	88.167 1
2	1	9.522 1	88.1920 1
2	1	9.49 1	88.821 1
2	1	9.310 1	88.152 1
2	1	9.369 1	88.1702 1
2	1	9.662 1	88.1096 1
2	1	9.538 1	88.63 1
3	2	9.171 0.206 9.244 1	88.2056 1
2	1	9.27 1	88.823 1
2	1	9.693 1	88.1619 1
2	1	9.299 1	88.270 1
2	1	9.139 1	88.1472 1
2	1	9.393 1	88.1750 1
2	1	9.187 1	88.601 1
2	1	9.250 1	88.1620 1
2	1	9.676 1	88.1230 1
2	1	9.429 1	88.1707 1
2	1	9.571 1	88.158 1
2	1	9.192 1	88.1416 1
2	1	9.335 1	88.973 1
2	1	9.665 0.818	88.1016 0.818
2	1	9.496 0.718	88.1590 0.718
3	2	9.226 0.749 9.232 0.730	88.2096 0.744
