Size	Relations	OrthoA	OrthoB
2	1	9.72 1	87.851 1
2	1	9.71 1	87.852 1
2	1	9.78 1	87.1519 1
2	1	9.565 1	87.521 1
2	1	9.712 1	87.323 1
2	1	9.512 1	87.1509 1
2	1	9.268 1	87.1501 1
2	1	9.381 1	87.1450 1
2	1	9.567 1	87.2422 1
2	1	9.131 1	87.2021 1
2	1	9.314 1	87.2027 1
2	1	9.566 1	87.509 1
2	1	9.101 1	87.218 1
2	1	9.713 1	87.2048 1
2	1	9.270 1	87.37 1
4	3	9.213 1 9.42 0.738 9.597 0.724	87.2696 1
2	1	9.574 1	87.652 1
2	1	9.271 1	87.38 1
2	1	9.104 1	87.215 1
2	1	9.572 1	87.650 1
2	1	9.179 1	87.1733 1
2	1	9.715 1	87.2049 1
2	1	9.280 1	87.49 1
2	1	9.205 1	87.490 1
2	1	9.153 1	87.2087 1
2	1	9.394 1	87.1538 1
2	1	9.64 1	87.1788 1
2	1	9.581 1	87.2315 1
2	1	9.672 1	87.14 1
2	1	9.710 1	87.324 1
2	1	9.414 1	87.90 1
2	1	9.668 1	87.15 1
2	1	9.111 1	87.2391 1
2	1	9.664 1	87.2431 1
2	1	9.317 1	87.601 1
2	1	9.361 1	87.353 1
2	1	9.38 1	87.1189 1
2	1	9.372 1	87.598 1
2	1	9.284 1	87.55 1
2	1	9.407 1	87.1028 1
2	1	9.621 1	87.604 1
2	1	9.433 1	87.1769 1
2	1	9.377 1	87.317 1
2	1	9.351 1	87.1061 1
2	1	9.689 1	87.1027 1
2	1	9.61 1	87.2044 1
2	1	9.41 1	87.2288 1
2	1	9.469 1	87.2463 1
2	1	9.214 1	87.110 1
2	1	9.634 1	87.2160 1
2	1	9.208 1	87.485 1
2	1	9.499 1	87.1696 1
2	1	9.58 1	87.633 1
2	1	9.217 1	87.106 1
2	1	9.107 1	87.1254 1
2	1	9.509 1	87.488 1
2	1	9.646 1	87.1771 1
2	1	9.443 1	87.1002 1
2	1	9.216 1	87.107 1
2	1	9.347 1	87.967 1
2	1	9.656 1	87.1785 1
2	1	9.536 1	87.676 1
2	1	9.706 1	87.2050 1
2	1	9.47 1	87.2580 1
2	1	9.554 1	87.2593 1
2	1	9.117 1	87.2389 1
2	1	9.595 1	87.1175 1
2	1	9.33 1	87.570 1
2	1	9.430 1	87.2536 1
2	1	9.677 1	87.1842 1
2	1	9.272 1	87.39 1
2	1	9.29 1	87.2051 1
2	1	9.453 1	87.2447 1
2	1	9.609 1	87.1038 1
2	1	9.585 1	87.1053 1
2	1	9.583 1	87.269 1
2	1	9.209 1	87.481 1
2	1	9.55 1	87.682 1
2	1	9.124 1	87.2337 1
2	1	9.219 1	87.103 1
3	2	9.282 1	87.1039 0.879 87.52 1
2	1	9.479 1	87.2485 1
4	3	9.673 1	87.876 1 87.1935 0.676 87.1952 0.667
2	1	9.666 1	87.2432 1
2	1	9.503 1	87.2567 1
2	1	9.586 1	87.1052 1
2	1	9.501 1	87.1698 1
2	1	9.14 1	87.2584 1
2	1	9.22 1	87.1682 1
3	2	9.504 1 9.622 0.090	87.1580 1
3	2	9.202 1 9.134 1	87.491 1
3	2	9.615 0.478 9.620 1	87.603 1
2	1	9.488 1	87.1513 1
2	1	9.290 1	87.137 1
2	1	9.685 1	87.1873 1
2	1	9.296 1	87.2712 1
2	1	9.400 1	87.535 1
2	1	9.684 1	87.1874 1
2	1	9.518 1	87.811 1
2	1	9.234 1	87.24 1
4	3	9.560 1	87.531 1 87.79 0.671 87.751 0.611
2	1	9.59 1	87.1581 1
2	1	9.102 1	87.217 1
2	1	9.391 1	87.1536 1
2	1	9.432 1	87.1493 1
2	1	9.480 1	87.2486 1
2	1	9.116 1	87.2390 1
2	1	9.679 1	87.1844 1
2	1	9.303 1	87.2746 1
2	1	9.476 1	87.2470 1
2	1	9.481 1	87.2487 1
2	1	9.370 1	87.596 1
2	1	9.130 1	87.683 1
2	1	9.591 1	87.1173 1
2	1	9.637 1	87.2142 1
3	2	9.551 0.122 9.552 1	87.1374 1
2	1	9.589 1	87.1171 1
2	1	9.418 1	87.2286 1
2	1	9.614 1	87.602 1
2	1	9.559 1	87.1433 1
2	1	9.256 1	87.594 1
2	1	9.198 1	87.1011 1
3	2	9.471 1	87.2465 1 87.2056 0.918
2	1	9.494 1	87.2285 1
2	1	9.211 1	87.464 1
2	1	9.220 1	87.291 1
2	1	9.236 1	87.28 1
2	1	9.357 1	87.326 1
2	1	9.435 1	87.1762 1
2	1	9.450 1	87.2444 1
2	1	9.127 1	87.833 1
2	1	9.369 1	87.595 1
4	3	9.639 1	87.1302 0.050 87.1304 0.089 87.2641 1
2	1	9.274 1	87.43 1
2	1	9.267 1	87.1500 1
2	1	9.25 1	87.878 1
2	1	9.355 1	87.1376 1
2	1	9.546 1	87.1552 1
2	1	9.573 1	87.651 1
2	1	9.695 1	87.1867 1
2	1	9.359 1	87.351 1
2	1	9.15 1	87.2583 1
2	1	9.358 1	87.327 1
2	1	9.259 1	87.1487 1
2	1	9.465 1	87.2459 1
2	1	9.462 1	87.2456 1
2	1	9.456 1	87.2450 1
3	2	9.199 1 9.505 0.799	87.794 1
2	1	9.258 1	87.1488 1
2	1	9.577 1	87.1077 1
2	1	9.606 1	87.1821 1
2	1	9.210 1	87.465 1
2	1	9.67 1	87.1793 1
2	1	9.197 1	87.1010 1
2	1	9.32 1	87.571 1
2	1	9.191 1	87.727 1
2	1	9.207 1	87.486 1
2	1	9.36 1	87.1554 1
2	1	9.500 1	87.1697 1
2	1	9.671 1	87.2384 1
2	1	9.233 1	87.23 1
2	1	9.105 1	87.214 1
2	1	9.425 1	87.1155 1
2	1	9.68 1	87.1792 1
2	1	9.109 1	87.1404 1
2	1	9.451 1	87.2445 1
2	1	9.332 1	87.813 1
2	1	9.599 1	87.1188 1
2	1	9.276 1	87.45 1
2	1	9.562 1	87.529 1
2	1	9.77 1	87.1528 1
2	1	9.74 1	87.658 1
2	1	9.311 1	87.656 1
2	1	9.212 1	87.462 1
2	1	9.1 1	87.13 1
3	2	9.525 1	87.313 1 87.262 0.900
2	1	9.2 1	87.12 1
2	1	9.218 1	87.104 1
2	1	9.423 1	87.1157 1
2	1	9.612 1	87.50 1
2	1	9.535 1	87.677 1
2	1	9.457 1	87.2451 1
2	1	9.652 1	87.713 1
2	1	9.300 1	87.2744 1
2	1	9.534 1	87.678 1
2	1	9.558 1	87.532 1
2	1	9.470 1	87.2464 1
2	1	9.699 1	87.2333 1
2	1	9.360 1	87.352 1
2	1	9.426 1	87.1154 1
2	1	9.223 1	87.101 1
2	1	9.325 1	87.2499 1
2	1	9.294 1	87.2704 1
2	1	9.279 1	87.48 1
2	1	9.260 1	87.2057 1
2	1	9.460 1	87.2454 1
2	1	9.376 1	87.319 1
2	1	9.194 1	87.798 1
2	1	9.295 1	87.2705 1
2	1	9.657 1	87.1786 1
2	1	9.475 1	87.2469 1
2	1	9.468 1	87.2462 1
2	1	9.701 1	87.2335 1
2	1	9.424 1	87.1156 1
2	1	9.564 1	87.2706 1
2	1	9.278 1	87.47 1
2	1	9.467 1	87.2461 1
7	10	9.225 0.435 9.226 0.141 9.228 1 9.229 0.458 9.232 0.429	87.1328 0.088 87.99 1
2	1	9.455 1	87.2449 1
2	1	9.596 1	87.1176 1
3	2	9.362 1	87.354 1 87.355 0.078
2	1	9.454 1	87.2448 1
2	1	9.200 1	87.1530 1
2	1	9.182 1	87.1730 1
2	1	9.145 1	87.2442 1
2	1	9.617 1	87.2430 1
2	1	9.626 1	87.616 1
2	1	9.515 1	87.752 1
2	1	9.474 1	87.2468 1
2	1	9.690 1	87.1026 1
2	1	9.302 1	87.2745 1
2	1	9.324 1	87.2498 1
2	1	9.384 1	87.619 1
2	1	9.553 1	87.2596 1
2	1	9.56 1	87.637 1
2	1	9.709 1	87.1336 1
2	1	9.297 1	87.2713 1
2	1	9.70 1	87.2316 1
2	1	9.464 1	87.2458 1
2	1	9.537 1	87.674 1
2	1	9.547 1	87.1553 1
2	1	9.37 1	87.1556 1
2	1	9.19 1	87.188 1
2	1	9.62 1	87.1058 1
2	1	9.390 1	87.22 1
2	1	9.438 1	87.1761 1
26	25	9.166 1	87.1032 0.402 87.1088 0.990 87.1309 0.990 87.1435 0.990 87.1454 0.990 87.175 0.986 87.1887 0.990 87.2024 0.655 87.2068 0.413 87.2094 0.655 87.2098 0.655 87.2135 0.655 87.2151 0.655 87.2478 0.990 87.250 0.990 87.2538 0.936 87.2632 0.593 87.2785 0.655 87.362 0.655 87.408 0.990 87.697 0.982 87.758 0.990 87.824 1 87.84 0.990 87.841 0.940
2	1	9.700 1	87.2334 1
2	1	9.648 1	87.1772 1
2	1	9.466 1	87.2460 1
2	1	9.76 1	87.1529 1
2	1	9.366 1	87.1354 1
3	2	9.34 1	87.2284 1 87.2352 0.117
2	1	9.168 1	87.82 1
2	1	9.17 1	87.190 1
2	1	9.126 1	87.832 1
2	1	9.477 1	87.2471 1
2	1	9.16 1	87.2582 1
2	1	9.180 1	87.1732 1
2	1	9.371 1	87.2259 1
2	1	9.587 1	87.1050 1
8	15	9.184 1 9.308 1 9.319 0.319 9.11 0.135 9.162 0.084	87.2356 1 87.2361 1 87.2685 1
2	1	9.624 1	87.614 1
2	1	9.289 1	87.136 1
2	1	9.99 1	87.2779 1
2	1	9.680 1	87.1845 1
2	1	9.582 1	87.2399 1
2	1	9.660 1	87.2407 1
4	3	9.73 1 9.141 0.737 9.142 0.763	87.493 1
2	1	9.440 1	87.1760 1
2	1	9.523 1	87.314 1
2	1	9.631 1	87.620 1
2	1	9.633 1	87.618 1
2	1	9.349 1	87.969 1
2	1	9.461 1	87.2455 1
2	1	9.380 1	87.368 1
4	3	9.246 1 9.304 0.793 9.353 0.797	87.805 1
2	1	9.532 1	87.179 1
2	1	9.636 1	87.2143 1
2	1	9.611 1	87.1334 1
2	1	9.305 1	87.854 1
2	1	9.449 1	87.2443 1
2	1	9.452 1	87.2446 1
2	1	9.150 1	87.1816 1
2	1	9.463 1	87.2457 1
2	1	9.374 1	87.881 1
2	1	9.269 1	87.32 1
2	1	9.459 1	87.2453 1
2	1	9.511 1	87.1875 1
2	1	9.543 1	87.1549 1
2	1	9.705 1	87.1240 1
2	1	9.309 1	87.654 1
2	1	9.152 1	87.2086 1
2	1	9.85 1	87.1406 1
2	1	9.108 1	87.1405 1
2	1	9.698 1	87.131 1
2	1	9.125 1	87.831 1
2	1	9.195 1	87.796 1
2	1	9.35 1	87.2703 1
2	1	9.392 1	87.1537 1
2	1	9.675 1	87.78 1
2	1	9.103 1	87.216 1
2	1	9.253 1	87.997 1
2	1	9.555 1	87.2591 1
2	1	9.600 1	87.2139 1
2	1	9.330 1	87.187 1
2	1	9.170 1	87.1407 1
2	1	9.69 1	87.1791 1
2	1	9.593 1	87.1174 1
2	1	9.288 1	87.134 1
3	2	9.287 1	87.133 1 87.2108 0.377
2	1	9.183 1	87.1159 1
2	1	9.24 1	87.877 1
2	1	9.247 1	87.2258 1
2	1	9.57 1	87.635 1
2	1	9.286 1	87.132 1
2	1	9.549 1	87.1499 1
2	1	9.48 1	87.2581 1
2	1	9.608 1	87.1751 1
2	1	9.428 1	87.1055 1
2	1	9.18 1	87.189 1
2	1	9.306 1	87.853 1
2	1	9.625 1	87.615 1
2	1	9.190 1	87.726 1
2	1	9.93 1	87.774 1
4	3	9.635 1	87.2109 1 87.2161 0.172 87.2766 0.965
2	1	9.472 1	87.2466 1
2	1	9.584 1	87.1054 1
2	1	9.181 1	87.1731 1
2	1	9.655 1	87.1084 1
2	1	9.348 1	87.968 1
2	1	9.590 1	87.1172 1
2	1	9.693 1	87.1861 1
2	1	9.513 1	87.1723 1
2	1	9.473 1	87.2467 1
2	1	9.310 1	87.655 1
2	1	9.375 1	87.1322 1
2	1	9.63 1	87.1787 1
2	1	9.682 1	87.1478 1
2	1	9.557 1	87.533 1
2	1	9.478 1	87.1504 1
2	1	9.571 1	87.649 1
2	1	9.80 1	87.1721 1
2	1	9.250 1	87.998 1
2	1	9.395 1	87.1539 1
2	1	9.139 1	87.506 1
2	1	9.238 1	87.30 1
2	1	9.533 1	87.679 1
2	1	9.187 1	87.227 1
2	1	9.273 1	87.42 1
2	1	9.88 1	87.325 1
2	1	9.128 1	87.2338 1
2	1	9.249 1	87.999 1
2	1	9.458 1	87.2452 1
2	1	9.676 1	87.1841 1
26	25	9.516 1	87.1070 0.902 87.1268 0.902 87.129 0.902 87.1294 0.902 87.1343 0.902 87.1372 0.902 87.1429 0.902 87.145 0.902 87.1453 0.902 87.1514 1 87.1526 0.902 87.213 0.902 87.230 0.902 87.260 0.902 87.274 0.902 87.288 0.902 87.384 0.902 87.41 0.902 87.460 0.902 87.585 0.902 87.589 0.902 87.736 0.902 87.761 0.902 87.764 0.902 87.989 0.902
2	1	9.665 0.823	87.1362 0.823
2	1	9.79 0.802	87.2165 0.802
