Size	Relations	OrthoA	OrthoB
2	1	9.72 1	89.97 1
2	1	9.71 1	89.96 1
2	1	9.78 1	89.502 1
2	1	9.565 1	89.255 1
2	1	9.414 1	89.1063 1
2	1	9.512 1	89.1809 1
2	1	9.567 1	89.243 1
3	2	9.673 1	89.1223 1 89.528 0.642
2	1	9.131 1	89.819 1
2	1	9.268 1	89.558 1
2	1	9.381 1	89.1338 1
2	1	9.101 1	89.1852 1
2	1	9.713 1	89.1072 1
2	1	9.179 1	89.461 1
2	1	9.566 1	89.238 1
2	1	9.715 1	89.1069 1
2	1	9.270 1	89.3 1
2	1	9.104 1	89.1849 1
2	1	9.213 1	89.264 1
2	1	9.574 1	89.157 1
2	1	9.572 1	89.159 1
2	1	9.30 1	89.739 1
2	1	9.271 1	89.4 1
2	1	9.317 1	89.1671 1
2	1	9.205 1	89.283 1
2	1	9.394 1	89.1743 1
2	1	9.581 1	89.1946 1
4	3	9.153 1	89.2220 1 89.913 1 89.611 0.736
2	1	9.64 1	89.1942 1
2	1	9.372 1	89.445 1
2	1	9.280 1	89.13 1
2	1	9.672 1	89.100 1
2	1	9.620 1	89.1209 1
2	1	9.664 1	89.1869 1
2	1	9.60 1	89.333 1
2	1	9.284 1	89.19 1
2	1	9.433 1	89.505 1
2	1	9.668 1	89.101 1
2	1	9.220 1	89.250 1
2	1	9.616 1	89.402 1
2	1	9.617 1	89.2103 1
2	1	9.111 1	89.817 1
2	1	9.377 1	89.1934 1
2	1	9.117 1	89.1122 1
2	1	9.621 1	89.1208 1
2	1	9.469 1	89.365 1
3	2	9.228 1	89.2088 1 89.572 0.668
2	1	9.351 1	89.384 1
2	1	9.509 1	89.466 1
2	1	9.361 1	89.71 1
2	1	9.634 1	89.330 1
2	1	9.689 1	89.442 1
2	1	9.443 1	89.492 1
2	1	9.646 1	89.507 1
2	1	9.214 1	89.263 1
2	1	9.61 1	89.1444 1
2	1	9.430 1	89.1701 1
3	2	9.229 1 9.232 1	89.2089 1
2	1	9.208 1	89.280 1
2	1	9.58 1	89.332 1
2	1	9.576 1	89.1999 1
2	1	9.41 1	89.1615 1
2	1	9.656 1	89.1939 1
2	1	9.216 1	89.285 1
2	1	9.347 1	89.377 1
2	1	9.38 1	89.421 1
2	1	9.400 1	89.1904 1
2	1	9.583 1	89.415 1
2	1	9.499 1	89.176 1
2	1	9.595 1	89.173 1
2	1	9.217 1	89.284 1
2	1	9.225 1	89.2085 1
2	1	9.585 1	89.417 1
2	1	9.554 1	89.164 1
2	1	9.536 1	89.63 1
2	1	9.107 1	89.604 1
2	1	9.706 1	89.532 1
2	1	9.209 1	89.278 1
2	1	9.677 1	89.1227 1
2	1	9.502 1	89.320 1
2	1	9.453 1	89.349 1
2	1	9.47 1	89.261 1
2	1	9.282 1	89.15 1
2	1	9.666 1	89.1870 1
2	1	9.272 1	89.5 1
2	1	9.29 1	89.1391 1
3	2	9.202 1 9.134 0.906	89.2079 1
2	1	9.124 1	89.545 1
2	1	9.33 1	89.437 1
2	1	9.654 1	89.1937 1
2	1	9.116 1	89.1123 1
2	1	9.219 1	89.218 1
2	1	9.503 1	89.321 1
2	1	9.55 1	89.1672 1
2	1	9.479 1	89.334 1
2	1	9.127 1	89.542 1
2	1	9.684 1	89.1234 1
2	1	9.501 1	89.178 1
2	1	9.14 1	89.2081 1
3	2	9.504 1 9.622 0.653	89.322 1
2	1	9.614 1	89.1210 1
2	1	9.234 1	89.2091 1
2	1	9.685 1	89.1235 1
2	1	9.476 1	89.370 1
2	1	9.365 1	89.722 1
2	1	9.488 1	89.1871 1
2	1	9.609 1	89.639 1
3	2	9.130 1 9.304 0.804	89.1853 1
2	1	9.290 1	89.341 1
2	1	9.267 1	89.557 1
2	1	9.505 1	89.323 1
2	1	9.586 1	89.418 1
2	1	9.391 1	89.1746 1
2	1	9.447 1	89.491 1
2	1	9.303 1	89.1952 1
2	1	9.357 1	89.379 1
2	1	9.480 1	89.335 1
2	1	9.236 1	89.2100 1
2	1	9.418 1	89.1092 1
2	1	9.83 1	89.724 1
2	1	9.716 1	89.605 1
2	1	9.102 1	89.1851 1
2	1	9.589 1	89.169 1
2	1	9.435 1	89.503 1
2	1	9.405 1	89.1911 1
2	1	9.194 1	89.1214 1
3	2	9.42 0.142 9.597 1	89.266 1
2	1	9.183 1	89.465 1
2	1	9.177 1	89.1002 1
2	1	9.191 1	89.1413 1
2	1	9.370 1	89.247 1
2	1	9.296 1	89.265 1
2	1	9.211 1	89.276 1
2	1	9.432 1	89.1845 1
2	1	9.564 1	89.256 1
2	1	9.456 1	89.352 1
2	1	9.67 1	89.1378 1
2	1	9.358 1	89.609 1
2	1	9.450 1	89.346 1
2	1	9.207 1	89.281 1
5	4	9.560 1	89.241 1 89.424 0.663 89.429 0.635 89.1377 0.650
2	1	9.274 1	89.7 1
2	1	9.562 1	89.239 1
2	1	9.577 1	89.1420 1
2	1	9.481 1	89.336 1
2	1	9.32 1	89.438 1
2	1	9.425 1	89.1708 1
2	1	9.591 1	89.171 1
2	1	9.679 1	89.1229 1
2	1	9.198 1	89.978 1
2	1	9.25 1	89.1221 1
2	1	9.494 1	89.742 1
2	1	9.637 1	89.1992 1
2	1	9.59 1	89.731 1
2	1	9.77 1	89.501 1
2	1	9.546 1	89.393 1
2	1	9.515 1	89.108 1
2	1	9.491 1	89.1712 1
2	1	9.573 1	89.158 1
2	1	9.695 1	89.551 1
2	1	9.74 1	89.151 1
2	1	9.451 1	89.347 1
2	1	9.599 1	89.423 1
2	1	9.1 1	89.99 1
2	1	9.195 1	89.1213 1
4	3	9.471 1	89.372 1 89.884 0.815 89.2187 0.815
2	1	9.559 1	89.488 1
2	1	9.210 1	89.277 1
2	1	9.467 1	89.363 1
2	1	9.359 1	89.73 1
2	1	9.423 1	89.1710 1
2	1	9.2 1	89.98 1
2	1	9.197 1	89.977 1
2	1	9.199 1	89.496 1
2	1	9.697 1	89.1373 1
2	1	9.15 1	89.2080 1
2	1	9.168 1	89.31 1
2	1	9.366 1	89.1682 1
3	2	9.315 0.185 9.316 1	89.1801 1
2	1	9.457 1	89.353 1
2	1	9.465 1	89.361 1
2	1	9.105 1	89.1848 1
2	1	9.276 1	89.9 1
2	1	9.558 1	89.244 1
2	1	9.612 1	89.1643 1
2	1	9.363 1	89.720 1
3	2	9.551 0.146 9.552 1	89.1741 1
2	1	9.462 1	89.358 1
2	1	9.233 1	89.2090 1
2	1	9.380 1	89.123 1
2	1	9.260 1	89.726 1
2	1	9.535 1	89.61 1
3	2	9.639 1	89.1584 1 89.581 0.741
2	1	9.332 1	89.481 1
2	1	9.68 1	89.1379 1
3	2	9.698 1	89.610 1 89.549 0.772
2	1	9.36 1	89.398 1
2	1	9.182 1	89.464 1
2	1	9.360 1	89.72 1
2	1	9.285 1	89.20 1
2	1	9.528 1	89.1740 1
2	1	9.606 1	89.1380 1
2	1	9.647 1	89.508 1
2	1	9.500 1	89.177 1
2	1	9.70 1	89.1944 1
2	1	9.426 1	89.1707 1
2	1	9.525 1	89.1914 1
2	1	9.22 1	89.474 1
2	1	9.671 1	89.1068 1
2	1	9.281 1	89.14 1
2	1	9.82 1	89.723 1
2	1	9.125 1	89.544 1
2	1	9.624 1	89.1462 1
2	1	9.302 1	89.1953 1
2	1	9.460 1	89.356 1
2	1	9.699 1	89.548 1
2	1	9.701 1	89.546 1
2	1	9.156 1	89.1197 1
2	1	9.384 1	89.1333 1
2	1	9.278 1	89.11 1
2	1	9.157 1	89.1198 1
2	1	9.475 1	89.369 1
2	1	9.300 1	89.271 1
2	1	9.470 1	89.366 1
2	1	9.690 1	89.441 1
2	1	9.364 1	89.721 1
2	1	9.324 1	89.2003 1
2	1	9.112 1	89.1124 1
2	1	9.200 1	89.497 1
2	1	9.295 1	89.2006 1
2	1	9.311 1	89.153 1
2	1	9.143 1	89.2010 1
2	1	9.180 1	89.462 1
2	1	9.99 1	89.470 1
3	2	9.484 1	89.2186 1 89.883 1
2	1	9.534 1	89.60 1
2	1	9.424 1	89.1709 1
2	1	9.477 1	89.371 1
2	1	9.468 1	89.364 1
2	1	9.464 1	89.360 1
2	1	9.474 1	89.368 1
2	1	9.150 1	89.1073 1
2	1	9.269 1	89.2 1
2	1	9.37 1	89.399 1
2	1	9.62 1	89.734 1
2	1	9.659 1	89.1219 1
2	1	9.181 1	89.463 1
2	1	9.524 1	89.1915 1
2	1	9.109 1	89.1371 1
2	1	9.246 1	89.1813 1
2	1	9.661 1	89.1201 1
2	1	9.705 1	89.740 1
3	2	9.328 1	89.1611 1 89.2044 0.105
2	1	9.145 1	89.2009 1
2	1	9.218 1	89.286 1
2	1	9.325 1	89.2004 1
2	1	9.553 1	89.165 1
2	1	9.248 1	89.975 1
2	1	9.700 1	89.547 1
2	1	9.212 1	89.275 1
2	1	9.655 1	89.1938 1
2	1	9.56 1	89.1807 1
2	1	9.223 1	89.2083 1
2	1	9.279 1	89.12 1
2	1	9.482 1	89.337 1
2	1	9.563 1	89.257 1
2	1	9.537 1	89.64 1
4	3	9.362 1	89.468 0.380 89.70 0.532 89.749 1
2	1	9.390 1	89.802 1
2	1	9.449 1	89.345 1
2	1	9.455 1	89.351 1
2	1	9.294 1	89.2007 1
2	1	9.657 1	89.1940 1
2	1	9.375 1	89.1375 1
2	1	9.632 1	89.479 1
2	1	9.533 1	89.59 1
2	1	9.709 1	89.733 1
2	1	9.376 1	89.1935 1
2	1	9.19 1	89.524 1
2	1	9.305 1	89.2061 1
4	3	9.73 1 9.141 0.828 9.142 0.846	89.214 1
2	1	9.371 1	89.444 1
2	1	9.454 1	89.350 1
2	1	9.547 1	89.394 1
2	1	9.626 1	89.1460 1
2	1	9.543 1	89.390 1
2	1	9.587 1	89.419 1
2	1	9.631 1	89.480 1
2	1	9.466 1	89.362 1
2	1	9.166 1	89.550 1
2	1	9.17 1	89.522 1
2	1	9.356 1	89.380 1
2	1	9.439 1	89.1437 1
2	1	9.529 1	89.1742 1
2	1	9.76 1	89.499 1
2	1	9.79 1	89.274 1
3	2	9.34 1	89.1397 0.106 89.513 1
2	1	9.459 1	89.355 1
2	1	9.397 1	89.1236 1
2	1	9.401 1	89.1905 1
3	2	9.297 1	89.268 1 89.599 0.779
2	1	9.306 1	89.2060 1
2	1	9.438 1	89.1436 1
2	1	9.487 1	89.27 1
2	1	9.600 1	89.1997 1
2	1	9.596 1	89.1681 1
2	1	9.69 1	89.446 1
2	1	9.81 1	89.1685 1
2	1	9.108 1	89.1372 1
2	1	9.514 1	89.331 1
2	1	9.419 1	89.1196 1
2	1	9.289 1	89.340 1
2	1	9.402 1	89.1906 1
2	1	9.155 1	89.130 1
2	1	9.258 1	89.1634 1
2	1	9.602 1	89.1995 1
2	1	9.452 1	89.348 1
2	1	9.463 1	89.359 1
2	1	9.582 1	89.1675 1
2	1	9.611 1	89.820 1
6	5	9.11 0.072 9.162 0.205 9.184 0.179 9.308 1 9.319 0.159	89.516 1
2	1	9.224 1	89.2084 1
2	1	9.440 1	89.1438 1
3	2	9.417 1	89.1091 1 89.383 0.774
2	1	9.355 1	89.106 1
2	1	9.489 1	89.1715 1
2	1	9.532 1	89.58 1
2	1	9.495 1	89.743 1
2	1	9.152 1	89.1103 1
2	1	9.206 1	89.282 1
2	1	9.286 1	89.22 1
2	1	9.256 1	89.1696 1
2	1	9.103 1	89.1850 1
2	1	9.275 1	89.8 1
2	1	9.349 1	89.375 1
2	1	9.190 1	89.1412 1
2	1	9.472 1	89.367 1
2	1	9.24 1	89.1222 1
2	1	9.346 1	89.378 1
3	2	9.635 1	89.329 1 89.623 0.276
2	1	9.461 1	89.357 1
2	1	9.287 1	89.23 1
2	1	9.680 1	89.1230 1
2	1	9.189 1	89.1411 1
2	1	9.247 1	89.1812 1
2	1	9.555 1	89.163 1
2	1	9.648 1	89.509 1
2	1	9.126 1	89.543 1
2	1	9.16 1	89.258 1
2	1	9.523 1	89.1916 1
2	1	9.568 1	89.2008 1
2	1	9.427 1	89.1706 1
2	1	9.682 1	89.1231 1
2	1	9.518 1	89.589 1
2	1	9.52 1	89.1443 1
2	1	9.288 1	89.24 1
2	1	9.392 1	89.1745 1
2	1	9.35 1	89.343 1
2	1	9.374 1	89.1376 1
2	1	9.636 1	89.1991 1
2	1	9.395 1	89.1433 1
2	1	9.556 1	89.246 1
2	1	9.65 1	89.1943 1
2	1	9.170 1	89.212 1
2	1	9.277 1	89.10 1
2	1	9.50 1	89.813 1
2	1	9.368 1	89.1700 1
2	1	9.593 1	89.172 1
2	1	9.330 1	89.1416 1
2	1	9.354 1	89.1435 1
2	1	9.188 1	89.1396 1
2	1	9.309 1	89.155 1
2	1	9.249 1	89.976 1
2	1	9.389 1	89.801 1
2	1	9.428 1	89.1705 1
2	1	9.540 1	89.68 1
2	1	9.625 1	89.1461 1
2	1	9.88 1	89.1639 1
2	1	9.137 1	89.1535 1
2	1	9.601 1	89.1996 1
2	1	9.675 1	89.1594 1
2	1	9.164 1	89.719 1
2	1	9.406 1	89.1912 1
2	1	9.584 1	89.416 1
2	1	9.458 1	89.354 1
2	1	9.539 1	89.66 1
2	1	9.273 1	89.6 1
2	1	9.48 1	89.259 1
2	1	9.431 1	89.622 1
2	1	9.496 1	89.1591 1
2	1	9.327 1	89.1612 1
2	1	9.348 1	89.376 1
2	1	9.57 1	89.1847 1
2	1	9.18 1	89.523 1
2	1	9.692 1	89.1678 1
2	1	9.80 1	89.1684 1
2	1	9.683 1	89.1232 1
2	1	9.238 1	89.2102 1
2	1	9.627 1	89.595 1
2	1	9.85 1	89.213 1
2	1	9.169 1	89.181 1
2	1	9.63 1	89.1941 1
2	1	9.549 1	89.556 1
2	1	9.603 1	89.1441 1
2	1	9.128 1	89.1216 1
2	1	9.608 1	89.102 1
2	1	9.694 1	89.555 1
2	1	9.412 1	89.593 1
3	2	9.519 1	89.1810 0.202 89.57 1
2	1	9.590 1	89.170 1
2	1	9.522 1	89.1917 1
3	2	9.703 1	89.1090 0.117 89.1621 1
2	1	9.139 1	89.131 1
2	1	9.662 1	89.1094 1
2	1	9.310 1	89.154 1
2	1	9.369 1	89.1698 1
2	1	9.27 1	89.814 1
2	1	9.299 1	89.270 1
2	1	9.693 1	89.1616 1
2	1	9.393 1	89.1744 1
2	1	9.538 1	89.65 1
2	1	9.676 1	89.1226 1
3	2	9.163 1	89.1890 1 89.453 0.982
2	1	9.250 1	89.1617 1
2	1	9.187 1	89.596 1
2	1	9.40 1	89.400 1
2	1	9.429 1	89.1703 1
2	1	9.192 1	89.1417 1
2	1	9.335 1	89.961 1
2	1	9.665 0.818	89.1006 0.818
2	1	9.571 0.789	89.160 0.789
2	1	9.226 0.710	89.2086 0.710
