Size	Relations	OrthoA	OrthoB
2	1	9.72 1	85.163 1
2	1	9.71 1	85.164 1
2	1	9.78 1	85.410 1
2	1	9.565 1	85.327 1
2	1	9.323 1	85.744 1
2	1	9.712 1	85.148 1
2	1	9.512 1	85.28 1
2	1	9.567 1	85.680 1
2	1	9.268 1	85.187 1
2	1	9.381 1	85.219 1
2	1	9.131 1	85.152 1
3	2	9.673 1	85.110 1 85.231 0.599
2	1	9.566 1	85.791 1
2	1	9.101 1	85.499 1
2	1	9.104 1	85.496 1
2	1	9.270 1	85.721 1
2	1	9.713 1	85.518 1
2	1	9.179 1	85.2 1
2	1	9.574 1	85.686 1
2	1	9.572 1	85.684 1
2	1	9.271 1	85.720 1
4	3	9.213 1 9.42 0.717 9.597 0.694	85.679 1
2	1	9.280 1	85.711 1
2	1	9.153 1	85.528 1
2	1	9.715 1	85.517 1
2	1	9.394 1	85.9 1
2	1	9.620 1	85.240 1
2	1	9.64 1	85.62 1
2	1	9.205 1	85.800 1
2	1	9.672 1	85.655 1
2	1	9.581 1	85.364 1
2	1	9.414 1	85.651 1
2	1	9.710 1	85.150 1
2	1	9.664 1	85.334 1
2	1	9.668 1	85.654 1
2	1	9.372 1	85.247 1
2	1	9.671 1	85.659 1
2	1	9.111 1	85.531 1
2	1	9.38 1	85.587 1
2	1	9.317 1	85.246 1
2	1	9.361 1	85.270 1
2	1	9.433 1	85.372 1
2	1	9.61 1	85.451 1
2	1	9.502 1	85.404 1
2	1	9.284 1	85.703 1
2	1	9.469 1	85.295 1
2	1	9.220 1	85.722 1
2	1	9.208 1	85.805 1
2	1	9.377 1	85.261 1
2	1	9.621 1	85.243 1
2	1	9.351 1	85.100 1
2	1	9.214 1	85.740 1
2	1	9.689 1	85.423 1
2	1	9.41 1	85.360 1
2	1	9.499 1	85.32 1
2	1	9.217 1	85.738 1
2	1	9.706 1	85.210 1
2	1	9.443 1	85.417 1
2	1	9.216 1	85.739 1
2	1	9.634 1	85.569 1
2	1	9.117 1	85.529 1
3	2	9.504 1 9.622 0.715	85.402 1
2	1	9.554 1	85.254 1
2	1	9.347 1	85.42 1
2	1	9.272 1	85.719 1
2	1	9.488 1	85.54 1
2	1	9.47 1	85.603 1
2	1	9.503 1	85.403 1
2	1	9.107 1	85.511 1
2	1	9.646 1	85.370 1
2	1	9.536 1	85.697 1
2	1	9.677 1	85.434 1
2	1	9.509 1	85.802 1
2	1	9.58 1	85.454 1
2	1	9.59 1	85.81 1
2	1	9.595 1	85.590 1
2	1	9.430 1	85.610 1
2	1	9.583 1	85.428 1
2	1	9.609 1	85.430 1
2	1	9.209 1	85.809 1
2	1	9.453 1	85.311 1
2	1	9.248 1	85.419 1
2	1	9.585 1	85.71 1
2	1	9.505 1	85.401 1
2	1	9.127 1	85.349 1
2	1	9.656 1	85.59 1
2	1	9.447 1	85.418 1
2	1	9.124 1	85.399 1
2	1	9.55 1	85.461 1
2	1	9.479 1	85.283 1
2	1	9.666 1	85.335 1
2	1	9.501 1	85.30 1
2	1	9.400 1	85.634 1
2	1	9.219 1	85.736 1
2	1	9.282 1	85.431 1
2	1	9.296 1	85.761 1
3	2	9.202 1 9.134 1	85.799 1
2	1	9.29 1	85.618 1
2	1	9.14 1	85.599 1
2	1	9.685 1	85.233 1
2	1	9.234 1	85.731 1
2	1	9.290 1	85.753 1
2	1	9.654 1	85.19 1
2	1	9.22 1	85.17 1
2	1	9.93 1	85.84 1
2	1	9.177 1	85.566 1
2	1	9.480 1	85.282 1
2	1	9.357 1	85.266 1
2	1	9.102 1	85.498 1
2	1	9.391 1	85.7 1
2	1	9.481 1	85.281 1
3	2	9.560 1	85.638 1 85.485 0.602
2	1	9.418 1	85.359 1
2	1	9.684 1	85.232 1
2	1	9.236 1	85.729 1
2	1	9.586 1	85.72 1
2	1	9.614 1	85.245 1
2	1	9.679 1	85.436 1
2	1	9.591 1	85.592 1
3	2	9.130 1 9.353 0.808	85.462 1
2	1	9.494 1	85.358 1
2	1	9.267 1	85.188 1
2	1	9.303 1	85.666 1
2	1	9.370 1	85.249 1
2	1	9.476 1	85.288 1
2	1	9.432 1	85.139 1
2	1	9.589 1	85.594 1
2	1	9.559 1	85.214 1
2	1	9.15 1	85.600 1
2	1	9.198 1	85.414 1
2	1	9.359 1	85.268 1
2	1	9.450 1	85.314 1
2	1	9.637 1	85.573 1
2	1	9.211 1	85.674 1
2	1	9.116 1	85.530 1
2	1	9.435 1	85.373 1
3	2	9.471 1	85.293 1 85.345 0.772
2	1	9.274 1	85.717 1
2	1	9.577 1	85.20 1
2	1	9.74 1	85.692 1
2	1	9.207 1	85.804 1
3	2	9.358 1 9.417 0.835	85.267 1
2	1	9.456 1	85.308 1
2	1	9.25 1	85.108 1
2	1	9.194 1	85.207 1
2	1	9.199 1	85.204 1
2	1	9.462 1	85.302 1
2	1	9.573 1	85.685 1
2	1	9.599 1	85.586 1
2	1	9.95 1	85.86 1
2	1	9.465 1	85.299 1
2	1	9.366 1	85.50 1
2	1	9.168 1	85.649 1
2	1	9.695 1	85.195 1
2	1	9.210 1	85.673 1
2	1	9.546 1	85.480 1
2	1	9.191 1	85.471 1
2	1	9.2 1	85.657 1
2	1	9.487 1	85.286 1
2	1	9.239 1	85.509 1
2	1	9.67 1	85.64 1
2	1	9.113 1	85.89 1
2	1	9.709 1	85.51 1
2	1	9.197 1	85.416 1
2	1	9.562 1	85.640 1
2	1	9.711 1	85.149 1
2	1	9.125 1	85.351 1
2	1	9.699 1	85.395 1
2	1	9.606 1	85.45 1
2	1	9.259 1	85.393 1
2	1	9.311 1	85.690 1
2	1	9.109 1	85.222 1
2	1	9.233 1	85.732 1
2	1	9.332 1	85.184 1
2	1	9.182 1	85.5 1
2	1	9.36 1	85.478 1
2	1	9.360 1	85.269 1
2	1	9.698 1	85.745 1
2	1	9.535 1	85.698 1
2	1	9.212 1	85.675 1
2	1	9.1 1	85.656 1
2	1	9.300 1	85.786 1
2	1	9.457 1	85.307 1
2	1	9.68 1	85.66 1
2	1	9.423 1	85.384 1
2	1	9.451 1	85.313 1
3	2	9.525 1	85.257 1 85.76 0.900
7	10	9.228 1 9.232 1 9.229 0.419 9.225 0.394 9.226 0.079	85.385 1 85.386 1
2	1	9.612 1	85.710 1
2	1	9.276 1	85.715 1
2	1	9.279 1	85.712 1
2	1	9.180 1	85.3 1
2	1	9.105 1	85.495 1
2	1	9.425 1	85.381 1
2	1	9.491 1	85.681 1
2	1	9.470 1	85.294 1
3	2	9.551 1 9.552 0.154	85.331 1
2	1	9.652 1	85.468 1
2	1	9.528 1	85.330 1
2	1	9.534 1	85.699 1
2	1	9.426 1	85.380 1
2	1	9.260 1	85.346 1
3	2	9.37 1	85.473 1 85.405 0.658
2	1	9.467 1	85.297 1
2	1	9.218 1	85.737 1
2	1	9.223 1	85.735 1
2	1	9.278 1	85.713 1
2	1	9.294 1	85.757 1
2	1	9.325 1	85.616 1
2	1	9.424 1	85.382 1
2	1	9.657 1	85.60 1
2	1	9.195 1	85.206 1
2	1	9.500 1	85.31 1
2	1	9.460 1	85.304 1
2	1	9.455 1	85.309 1
2	1	9.564 1	85.759 1
2	1	9.558 1	85.637 1
2	1	9.475 1	85.289 1
2	1	9.626 1	85.237 1
2	1	9.390 1	85.733 1
2	1	9.454 1	85.310 1
2	1	9.515 1	85.486 1
2	1	9.468 1	85.296 1
2	1	9.200 1	85.412 1
2	1	9.690 1	85.424 1
2	1	9.376 1	85.263 1
2	1	9.474 1	85.290 1
2	1	9.537 1	85.695 1
2	1	9.70 1	85.363 1
2	1	9.701 1	85.397 1
2	1	9.62 1	85.79 1
2	1	9.320 1	85.196 1
2	1	9.295 1	85.758 1
2	1	9.19 1	85.537 1
2	1	9.617 1	85.333 1
2	1	9.17 1	85.539 1
2	1	9.181 1	85.4 1
2	1	9.482 1	85.280 1
2	1	9.302 1	85.667 1
2	1	9.324 1	85.615 1
2	1	9.631 1	85.234 1
2	1	9.605 1	85.354 1
3	2	9.362 1	85.271 1 85.272 0.070
2	1	9.648 1	85.369 1
4	3	9.73 1 9.141 0.741 9.142 0.752	85.798 1
2	1	9.438 1	85.374 1
2	1	9.56 1	85.459 1
2	1	9.76 1	85.411 1
2	1	9.384 1	85.235 1
2	1	9.624 1	85.239 1
2	1	9.466 1	85.298 1
3	2	9.246 1 9.304 0.788	85.34 1
2	1	9.464 1	85.300 1
2	1	9.297 1	85.762 1
2	1	9.553 1	85.252 1
2	1	9.375 1	85.39 1
2	1	9.309 1	85.688 1
2	1	9.150 1	85.523 1
2	1	9.700 1	85.396 1
4	3	9.371 1 9.352 0.872 9.419 0.922	85.23 1
2	1	9.582 1	85.552 1
2	1	9.523 1	85.258 1
2	1	9.396 1	85.251 1
2	1	9.440 1	85.375 1
2	1	9.126 1	85.350 1
3	2	9.34 1	85.357 1 85.508 0.114
2	1	9.452 1	85.312 1
2	1	9.543 1	85.483 1
2	1	9.705 1	85.343 1
2	1	9.305 1	85.166 1
2	1	9.152 1	85.527 1
2	1	9.477 1	85.287 1
2	1	9.519 1	85.36 1
2	1	9.496 1	85.558 1
2	1	9.463 1	85.301 1
2	1	9.611 1	85.52 1
2	1	9.680 1	85.437 1
2	1	9.461 1	85.303 1
2	1	9.675 1	85.200 1
2	1	9.587 1	85.73 1
2	1	9.459 1	85.305 1
2	1	9.600 1	85.576 1
2	1	9.697 1	85.534 1
2	1	9.289 1	85.752 1
2	1	9.99 1	85.212 1
2	1	9.532 1	85.701 1
2	1	9.547 1	85.479 1
2	1	9.85 1	85.224 1
2	1	9.108 1	85.223 1
2	1	9.374 1	85.102 1
2	1	9.354 1	85.647 1
2	1	9.288 1	85.749 1
2	1	9.57 1	85.456 1
2	1	9.249 1	85.420 1
2	1	9.247 1	85.22 1
2	1	9.449 1	85.315 1
2	1	9.16 1	85.601 1
2	1	9.633 1	85.236 1
2	1	9.661 1	85.226 1
2	1	9.24 1	85.109 1
2	1	9.69 1	85.67 1
3	2	9.593 1	85.362 0.152 85.591 1
2	1	9.655 1	85.155 1
2	1	9.35 1	85.755 1
2	1	9.286 1	85.747 1
2	1	9.287 1	85.748 1
2	1	9.472 1	85.292 1
2	1	9.636 1	85.572 1
2	1	9.326 1	85.671 1
2	1	9.428 1	85.77 1
2	1	9.555 1	85.256 1
2	1	9.348 1	85.41 1
2	1	9.584 1	85.70 1
2	1	9.170 1	85.228 1
2	1	9.277 1	85.714 1
2	1	9.392 1	85.8 1
2	1	9.50 1	85.764 1
3	2	9.399 1	85.672 1 85.810 0.101
2	1	9.549 1	85.190 1
2	1	9.92 1	85.85 1
2	1	9.273 1	85.718 1
2	1	9.306 1	85.165 1
2	1	9.45 1	85.241 1
2	1	9.625 1	85.238 1
2	1	9.682 1	85.174 1
2	1	9.473 1	85.291 1
2	1	9.206 1	85.801 1
2	1	9.190 1	85.470 1
2	1	9.269 1	85.724 1
2	1	9.478 1	85.568 1
2	1	9.533 1	85.700 1
2	1	9.539 1	85.693 1
2	1	9.103 1	85.497 1
2	1	9.128 1	85.406 1
2	1	9.18 1	85.538 1
2	1	9.310 1	85.689 1
2	1	9.356 1	85.38 1
2	1	9.250 1	85.421 1
2	1	9.189 1	85.450 1
2	1	9.590 1	85.593 1
2	1	9.692 1	85.274 1
2	1	9.395 1	85.10 1
2	1	9.557 1	85.636 1
3	2	9.653 1	85.25 0.066 85.432 1
2	1	9.88 1	85.265 1
2	1	9.187 1	85.560 1
2	1	9.63 1	85.61 1
2	1	9.458 1	85.306 1
2	1	9.693 1	85.192 1
2	1	9.513 1	85.48 1
2	1	9.39 1	85.407 1
2	1	9.238 1	85.727 1
2	1	9.5 1	85.567 1
2	1	9.571 1	85.683 1
2	1	9.635 1	85.570 1
2	1	9.676 1	85.433 1
2	1	9.665 0.829	85.723 0.829
2	1	9.346 0.902	85.78 0.902
