Size	Relations	OrthoA	OrthoB
2	1	9.72 1	86.659 1
2	1	9.71 1	86.658 1
2	1	9.78 1	86.243 1
2	1	9.565 1	86.1033 1
2	1	9.712 1	86.406 1
2	1	9.512 1	86.622 1
2	1	9.268 1	86.236 1
2	1	9.381 1	86.106 1
2	1	9.567 1	86.85 1
2	1	9.131 1	86.503 1
3	2	9.673 1	86.730 1 86.1107 0.667
2	1	9.314 1	86.681 1
2	1	9.566 1	86.791 1
2	1	9.101 1	86.880 1
2	1	9.713 1	86.799 1
2	1	9.270 1	86.364 1
4	3	9.213 1 9.42 0.738 9.597 0.724	86.348 1
2	1	9.616 1	86.602 1
2	1	9.179 1	86.433 1
2	1	9.574 1	86.1076 1
2	1	9.271 1	86.365 1
2	1	9.572 1	86.1078 1
2	1	9.104 1	86.1090 1
2	1	9.617 1	86.601 1
2	1	9.715 1	86.798 1
2	1	9.280 1	86.375 1
2	1	9.153 1	86.417 1
2	1	9.205 1	86.297 1
2	1	9.394 1	86.508 1
2	1	9.64 1	86.806 1
2	1	9.581 1	86.843 1
2	1	9.672 1	86.529 1
2	1	9.710 1	86.405 1
2	1	9.668 1	86.530 1
2	1	9.671 1	86.785 1
2	1	9.111 1	86.694 1
2	1	9.220 1	86.67 1
2	1	9.664 1	86.624 1
2	1	9.372 1	86.127 1
2	1	9.317 1	86.124 1
2	1	9.38 1	86.50 1
2	1	9.361 1	86.93 1
2	1	9.284 1	86.381 1
2	1	9.621 1	86.121 1
2	1	9.433 1	86.643 1
2	1	9.377 1	86.410 1
2	1	9.351 1	86.723 1
2	1	9.689 1	86.979 1
2	1	9.469 1	86.912 1
2	1	9.61 1	86.1056 1
2	1	9.41 1	86.484 1
2	1	9.208 1	86.292 1
2	1	9.634 1	86.33 1
2	1	9.499 1	86.450 1
2	1	9.552 1	86.716 1
2	1	9.58 1	86.845 1
2	1	9.107 1	86.138 1
2	1	9.443 1	86.541 1
2	1	9.216 1	86.994 1
2	1	9.509 1	86.295 1
2	1	9.347 1	86.607 1
2	1	9.646 1	86.645 1
2	1	9.656 1	86.803 1
2	1	9.536 1	86.867 1
2	1	9.554 1	86.984 1
2	1	9.706 1	86.797 1
2	1	9.117 1	86.696 1
2	1	9.47 1	86.80 1
2	1	9.33 1	86.709 1
2	1	9.595 1	86.58 1
2	1	9.430 1	86.737 1
2	1	9.677 1	86.470 1
2	1	9.272 1	86.366 1
2	1	9.609 1	86.194 1
2	1	9.29 1	86.796 1
2	1	9.453 1	86.928 1
2	1	9.60 1	86.1093 1
2	1	9.127 1	86.1118 1
2	1	9.583 1	86.1037 1
2	1	9.585 1	86.956 1
3	2	9.488 1	86.947 0.340 86.972 1
2	1	9.209 1	86.288 1
2	1	9.219 1	86.883 1
2	1	9.124 1	86.217 1
2	1	9.55 1	86.948 1
2	1	9.447 1	86.542 1
2	1	9.282 1	86.378 1
2	1	9.479 1	86.586 1
2	1	9.666 1	86.623 1
2	1	9.501 1	86.448 1
2	1	9.586 1	86.955 1
2	1	9.503 1	86.731 1
3	2	9.504 1 9.622 0.090	86.1124 1
2	1	9.22 1	86.943 1
2	1	9.14 1	86.76 1
4	4	9.202 1 9.134 1	86.298 1 86.245 0.953
3	2	9.615 0.478 9.620 1	86.122 1
2	1	9.685 1	86.663 1
2	1	9.400 1	86.395 1
2	1	9.290 1	86.496 1
2	1	9.296 1	86.772 1
2	1	9.654 1	86.975 1
2	1	9.518 1	86.1096 1
2	1	9.59 1	86.1123 1
2	1	9.234 1	86.355 1
3	2	9.560 1	86.399 1 86.872 0.611
2	1	9.684 1	86.662 1
2	1	9.357 1	86.403 1
2	1	9.177 1	86.1172 1
2	1	9.102 1	86.168 1
2	1	9.432 1	86.326 1
2	1	9.480 1	86.585 1
2	1	9.391 1	86.510 1
2	1	9.303 1	86.597 1
2	1	9.116 1	86.695 1
2	1	9.214 1	86.992 1
2	1	9.679 1	86.468 1
2	1	9.481 1	86.584 1
2	1	9.130 1	86.949 1
2	1	9.217 1	86.995 1
2	1	9.476 1	86.905 1
2	1	9.637 1	86.14 1
2	1	9.370 1	86.129 1
2	1	9.591 1	86.60 1
2	1	9.418 1	86.476 1
2	1	9.589 1	86.62 1
2	1	9.256 1	86.131 1
2	1	9.614 1	86.123 1
2	1	9.511 1	86.103 1
2	1	9.435 1	86.636 1
2	1	9.559 1	86.1046 1
2	1	9.198 1	86.533 1
2	1	9.494 1	86.475 1
3	2	9.471 1	86.910 1 86.762 0.918
2	1	9.236 1	86.357 1
2	1	9.211 1	86.335 1
2	1	9.450 1	86.931 1
2	1	9.369 1	86.130 1
2	1	9.274 1	86.369 1
2	1	9.25 1	86.728 1
2	1	9.355 1	86.715 1
2	1	9.695 1	86.454 1
2	1	9.183 1	86.179 1
2	1	9.267 1	86.237 1
2	1	9.546 1	86.1137 1
2	1	9.194 1	86.270 1
2	1	9.15 1	86.77 1
2	1	9.359 1	86.95 1
2	1	9.573 1	86.1077 1
2	1	9.168 1	86.894 1
2	1	9.259 1	86.825 1
2	1	9.74 1	86.1070 1
2	1	9.465 1	86.916 1
2	1	9.258 1	86.826 1
2	1	9.462 1	86.919 1
3	2	9.358 1 9.417 0.835	86.402 1
2	1	9.456 1	86.925 1
2	1	9.577 1	86.974 1
3	2	9.199 1 9.505 0.799	86.265 1
2	1	9.210 1	86.334 1
2	1	9.197 1	86.534 1
2	1	9.191 1	86.1031 1
2	1	9.32 1	86.708 1
2	1	9.67 1	86.811 1
2	1	9.366 1	86.649 1
2	1	9.500 1	86.449 1
2	1	9.36 1	86.1135 1
2	1	9.207 1	86.293 1
2	1	9.233 1	86.354 1
2	1	9.109 1	86.857 1
2	1	9.380 1	86.582 1
2	1	9.105 1	86.1089 1
2	1	9.68 1	86.810 1
2	1	9.332 1	86.969 1
2	1	9.425 1	86.176 1
2	1	9.451 1	86.930 1
2	1	9.709 1	86.316 1
2	1	9.599 1	86.51 1
2	1	9.491 1	86.1081 1
2	1	9.77 1	86.246 1
2	1	9.276 1	86.371 1
2	1	9.125 1	86.1116 1
2	1	9.1 1	86.528 1
2	1	9.311 1	86.1072 1
2	1	9.182 1	86.436 1
2	1	9.698 1	86.502 1
2	1	9.2 1	86.527 1
3	2	9.525 1	86.416 1 86.184 0.900
2	1	9.423 1	86.178 1
2	1	9.612 1	86.376 1
2	1	9.218 1	86.884 1
2	1	9.535 1	86.866 1
2	1	9.652 1	86.1148 1
2	1	9.457 1	86.924 1
2	1	9.300 1	86.595 1
2	1	9.278 1	86.373 1
2	1	9.534 1	86.865 1
8	15	9.229 1 9.228 1 9.232 0.551 9.225 0.498 9.226 0.067	86.881 1 86.677 1 86.159 0.777
2	1	9.470 1	86.911 1
2	1	9.558 1	86.398 1
2	1	9.699 1	86.221 1
2	1	9.426 1	86.175 1
2	1	9.360 1	86.94 1
2	1	9.223 1	86.882 1
2	1	9.325 1	86.385 1
2	1	9.180 1	86.434 1
2	1	9.37 1	86.1134 1
2	1	9.294 1	86.767 1
2	1	9.376 1	86.408 1
2	1	9.279 1	86.374 1
2	1	9.260 1	86.761 1
2	1	9.657 1	86.804 1
2	1	9.460 1	86.921 1
2	1	9.295 1	86.768 1
2	1	9.50 1	86.689 1
2	1	9.475 1	86.906 1
2	1	9.468 1	86.913 1
2	1	9.701 1	86.219 1
2	1	9.467 1	86.914 1
2	1	9.424 1	86.177 1
2	1	9.455 1	86.926 1
2	1	9.564 1	86.769 1
2	1	9.596 1	86.57 1
2	1	9.626 1	86.668 1
3	2	9.362 1	86.91 0.082 86.92 1
2	1	9.454 1	86.927 1
2	1	9.195 1	86.269 1
2	1	9.200 1	86.248 1
2	1	9.515 1	86.873 1
2	1	9.690 1	86.978 1
2	1	9.474 1	86.907 1
2	1	9.384 1	86.665 1
2	1	9.70 1	86.842 1
2	1	9.302 1	86.596 1
2	1	9.553 1	86.987 1
2	1	9.324 1	86.384 1
2	1	9.605 1	86.990 1
2	1	9.145 1	86.933 1
6	8	9.162 0.179 9.184 0.152 9.308 1 9.319 0.131	86.101 1 86.206 0.056
2	1	9.56 1	86.849 1
2	1	9.19 1	86.1157 1
2	1	9.537 1	86.869 1
2	1	9.320 1	86.452 1
2	1	9.464 1	86.917 1
2	1	9.547 1	86.1136 1
2	1	9.62 1	86.960 1
3	2	9.34 1	86.212 0.100 86.474 1
2	1	9.390 1	86.353 1
2	1	9.466 1	86.915 1
2	1	9.608 1	86.278 1
2	1	9.648 1	86.646 1
2	1	9.700 1	86.220 1
2	1	9.438 1	86.635 1
2	1	9.17 1	86.1159 1
2	1	9.76 1	86.247 1
2	1	9.126 1	86.1117 1
2	1	9.477 1	86.904 1
2	1	9.587 1	86.954 1
2	1	9.624 1	86.670 1
2	1	9.660 1	86.632 1
2	1	9.16 1	86.78 1
2	1	9.371 1	86.1054 1
2	1	9.582 1	86.685 1
2	1	9.606 1	86.428 1
2	1	9.639 1	86.110 1
2	1	9.289 1	86.497 1
2	1	9.680 1	86.467 1
2	1	9.99 1	86.1044 1
4	3	9.73 1 9.141 0.737 9.142 0.763	86.301 1
11	10	9.166 1	86.1002 0.805 86.1088 0.088 86.313 0.127 86.40 0.992 86.457 0.195 86.603 0.812 86.617 0.104 86.733 0.210 86.743 1 86.897 0.606
2	1	9.440 1	86.634 1
2	1	9.523 1	86.415 1
2	1	9.349 1	86.609 1
2	1	9.461 1	86.920 1
2	1	9.532 1	86.863 1
4	3	9.246 1 9.304 0.793 9.353 0.797	86.1166 1
2	1	9.631 1	86.664 1
2	1	9.636 1	86.15 1
2	1	9.375 1	86.718 1
2	1	9.305 1	86.656 1
2	1	9.181 1	86.435 1
2	1	9.633 1	86.666 1
2	1	9.452 1	86.929 1
2	1	9.150 1	86.421 1
2	1	9.449 1	86.932 1
2	1	9.611 1	86.317 1
2	1	9.374 1	86.726 1
2	1	9.463 1	86.918 1
2	1	9.543 1	86.1140 1
2	1	9.459 1	86.922 1
2	1	9.269 1	86.361 1
2	1	9.705 1	86.818 1
2	1	9.152 1	86.418 1
2	1	9.487 1	86.611 1
2	1	9.108 1	86.859 1
2	1	9.169 1	86.779 1
2	1	9.85 1	86.860 1
2	1	9.309 1	86.1074 1
2	1	9.655 1	86.976 1
2	1	9.697 1	86.687 1
2	1	9.35 1	86.766 1
2	1	9.392 1	86.509 1
2	1	9.675 1	86.890 1
2	1	9.253 1	86.1112 1
2	1	9.555 1	86.983 1
2	1	9.600 1	86.11 1
2	1	9.287 1	86.500 1
2	1	9.288 1	86.499 1
2	1	9.330 1	86.1156 1
2	1	9.356 1	86.717 1
2	1	9.69 1	86.809 1
2	1	9.170 1	86.861 1
2	1	9.103 1	86.1091 1
3	2	9.593 1	86.59 1 86.841 0.201
2	1	9.247 1	86.1053 1
2	1	9.57 1	86.847 1
2	1	9.24 1	86.729 1
2	1	9.286 1	86.501 1
2	1	9.428 1	86.958 1
2	1	9.549 1	86.238 1
2	1	9.273 1	86.367 1
2	1	9.306 1	86.657 1
2	1	9.584 1	86.957 1
2	1	9.48 1	86.79 1
2	1	9.18 1	86.1158 1
3	2	9.635 1	86.32 0.150 86.561 1
2	1	9.189 1	86.420 1
2	1	9.625 1	86.669 1
2	1	9.190 1	86.1032 1
2	1	9.472 1	86.909 1
2	1	9.513 1	86.653 1
2	1	9.693 1	86.458 1
2	1	9.539 1	86.1065 1
2	1	9.590 1	86.61 1
2	1	9.63 1	86.805 1
2	1	9.473 1	86.908 1
2	1	9.348 1	86.608 1
2	1	9.310 1	86.1073 1
2	1	9.557 1	86.397 1
2	1	9.478 1	86.1152 1
2	1	9.139 1	86.787 1
2	1	9.80 1	86.651 1
2	1	9.172 1	86.1105 1
2	1	9.187 1	86.134 1
3	2	9.206 1	86.296 1 86.560 0.350
2	1	9.250 1	86.1111 1
2	1	9.571 1	86.1079 1
2	1	9.395 1	86.507 1
2	1	9.533 1	86.864 1
2	1	9.238 1	86.359 1
2	1	9.653 1	86.1099 1
2	1	9.128 1	86.216 1
2	1	9.562 1	86.401 1
2	1	9.88 1	86.404 1
2	1	9.458 1	86.923 1
2	1	9.507 1	86.936 1
2	1	9.676 1	86.471 1
2	1	9.665 0.823	86.679 0.823
2	1	9.79 0.802	86.36 0.802
