Size	Relations	OrthoA	OrthoB
2	1	48.95 1	50.149 1
2	1	48.94 1	50.147 1
2	1	48.98 1	50.324 1
2	1	48.257 1	50.1910 1
2	1	48.1078 1	50.957 1
2	1	48.830 1	50.348 1
2	1	48.245 1	50.202 1
2	1	48.563 1	50.1448 1
2	1	48.1239 1	50.802 1
2	1	48.532 1	50.968 1
2	1	48.1845 1	50.1471 1
2	1	48.1867 1	50.1782 1
2	1	48.266 1	50.48 1
2	1	48.1743 1	50.1434 1
3	2	48.924 1 48.2123 0.786	50.1013 1
2	1	48.1672 1	50.1673 1
2	1	48.157 1	50.183 1
2	1	48.1348 1	50.1717 1
2	1	48.506 1	50.837 1
2	1	48.1084 1	50.1051 1
2	1	48.13 1	50.98 1
2	1	48.3 1	50.78 1
2	1	48.746 1	50.1098 1
2	1	48.18 1	50.105 1
2	1	48.617 1	50.1156 1
2	1	48.1933 1	50.1720 1
2	1	48.1945 1	50.1855 1
2	1	48.99 1	50.325 1
2	1	48.252 1	50.57 1
2	1	48.406 1	50.441 1
2	1	48.368 1	50.373 1
2	1	48.428 1	50.1737 1
2	1	48.1807 1	50.1766 1
2	1	48.1136 1	50.1075 1
5	6	48.2084 1 48.577 0.858 48.2081 0.815	50.66 1 50.65 0.865
2	1	48.388 1	50.1865 1
2	1	48.4 1	50.80 1
2	1	48.240 1	50.1912 1
2	1	48.828 1	50.1088 1
2	1	48.1225 1	50.1666 1
2	1	48.1941 1	50.1825 1
2	1	48.336 1	50.1619 1
2	1	48.433 1	50.347 1
2	1	48.333 1	50.644 1
2	1	48.335 1	50.1624 1
2	1	48.511 1	50.856 1
2	1	48.1986 1	50.632 1
2	1	48.646 1	50.673 1
3	2	48.1702 1	50.565 1 50.1185 0.869
2	1	48.769 1	50.1485 1
2	1	48.380 1	50.1858 1
2	1	48.1995 1	50.1753 1
2	1	48.419 1	50.594 1
2	1	48.600 1	50.1008 1
2	1	48.425 1	50.1515 1
2	1	48.1741 1	50.1083 1
2	1	48.610 1	50.1466 1
2	1	48.1848 1	50.1475 1
2	1	48.431 1	50.344 1
2	1	48.751 1	50.1582 1
3	2	48.2085 1	50.67 1 50.1552 0.737
2	1	48.60 1	50.20 1
2	1	48.496 1	50.1521 1
2	1	48.1712 1	50.555 1
2	1	48.430 1	50.343 1
2	1	48.488 1	50.1747 1
2	1	48.265 1	50.49 1
2	1	48.352 1	50.353 1
2	1	48.1673 1	50.1628 1
2	1	48.449 1	50.1732 1
2	1	48.155 1	50.180 1
2	1	48.2101 1	50.443 1
2	1	48.465 1	50.538 1
2	1	48.1615 1	50.523 1
2	1	48.1137 1	50.1076 1
2	1	48.509 1	50.853 1
3	2	48.2075 1	50.28 1 50.203 0.906
2	1	48.283 1	50.38 1
2	1	48.517 1	50.1115 1
2	1	48.1866 1	50.330 1
2	1	48.2077 1	50.508 1
2	1	48.337 1	50.392 1
2	1	48.344 1	50.114 1
3	2	48.1226 1	50.1668 1 50.1256 0.796
2	1	48.1936 1	50.1813 1
2	1	48.446 1	50.1548 1
2	1	48.1243 1	50.781 1
2	1	48.1427 1	50.1739 1
2	1	48.373 1	50.380 1
2	1	48.578 1	50.1446 1
2	1	48.1400 1	50.1890 1
2	1	48.1224 1	50.1656 1
2	1	48.475 1	50.1477 1
2	1	48.550 1	50.815 1
2	1	48.727 1	50.784 1
2	1	48.220 1	50.56 1
3	2	48.286 1	50.34 1 50.33 0.904
3	2	48.1849 1 48.160 0.887	50.341 1
2	1	48.510 1	50.854 1
2	1	48.489 1	50.170 1
2	1	48.323 1	50.1641 1
2	1	48.382 1	50.1870 1
2	1	48.615 1	50.1871 1
2	1	48.68 1	50.1877 1
2	1	48.993 1	50.479 1
2	1	48.1746 1	50.1437 1
2	1	48.562 1	50.1449 1
2	1	48.244 1	50.519 1
2	1	48.1841 1	50.590 1
2	1	48.731 1	50.792 1
2	1	48.1847 1	50.1473 1
2	1	48.338 1	50.394 1
2	1	48.267 1	50.123 1
2	1	48.1685 1	50.498 1
2	1	48.1713 1	50.1892 1
2	1	48.1988 1	50.629 1
2	1	48.495 1	50.1525 1
2	1	48.1938 1	50.1820 1
2	1	48.507 1	50.850 1
2	1	48.547 1	50.811 1
2	1	48.537 1	50.649 1
2	1	48.30 1	50.1493 1
2	1	48.2087 1	50.71 1
2	1	48.176 1	50.1806 1
2	1	48.728 1	50.785 1
2	1	48.1251 1	50.772 1
2	1	48.441 1	50.1111 1
2	1	48.1683 1	50.503 1
2	1	48.263 1	50.515 1
2	1	48.339 1	50.395 1
2	1	48.349 1	50.350 1
2	1	48.422 1	50.599 1
2	1	48.284 1	50.36 1
2	1	48.325 1	50.1646 1
2	1	48.1909 1	50.465 1
2	1	48.1939 1	50.1823 1
2	1	48.1245 1	50.779 1
2	1	48.1421 1	50.1424 1
2	1	48.1990 1	50.627 1
2	1	48.429 1	50.342 1
2	1	48.1998 1	50.1759 1
4	4	48.1611 0.073 48.2041 1	50.1695 1 50.665 0.236
2	1	48.1019 1	50.475 1
2	1	48.2098 1	50.73 1
2	1	48.7 1	50.86 1
2	1	48.1452 1	50.1618 1
2	1	48.17 1	50.104 1
2	1	48.241 1	50.1905 1
2	1	48.288 1	50.52 1
2	1	48.729 1	50.788 1
2	1	48.505 1	50.836 1
2	1	48.397 1	50.1587 1
2	1	48.421 1	50.596 1
2	1	48.514 1	50.859 1
2	1	48.1237 1	50.804 1
2	1	48.1 1	50.76 1
2	1	48.1865 1	50.338 1
2	1	48.350 1	50.351 1
2	1	48.97 1	50.323 1
2	1	48.1383 1	50.1569 1
2	1	48.149 1	50.152 1
2	1	48.1023 1	50.1059 1
2	1	48.770 1	50.1482 1
2	1	48.492 1	50.1901 1
2	1	48.258 1	50.1909 1
2	1	48.280 1	50.42 1
2	1	48.556 1	50.1566 1
2	1	48.1428 1	50.1740 1
2	1	48.156 1	50.182 1
2	1	48.173 1	50.611 1
2	1	48.249 1	50.1734 1
2	1	48.2076 1	50.509 1
2	1	48.281 1	50.41 1
2	1	48.366 1	50.371 1
2	1	48.992 1	50.478 1
2	1	48.469 1	50.543 1
2	1	48.737 1	50.536 1
2	1	48.178 1	50.1803 1
2	1	48.243 1	50.1902 1
2	1	48.427 1	50.621 1
2	1	48.246 1	50.1900 1
2	1	48.356 1	50.358 1
2	1	48.96 1	50.322 1
2	1	48.1381 1	50.1462 1
2	1	48.730 1	50.790 1
2	1	48.733 1	50.1459 1
2	1	48.375 1	50.375 1
2	1	48.70 1	50.1872 1
2	1	48.162 1	50.1896 1
2	1	48.500 1	50.1596 1
2	1	48.1389 1	50.1830 1
2	1	48.171 1	50.607 1
2	1	48.247 1	50.45 1
2	1	48.549 1	50.814 1
2	1	48.504 1	50.835 1
2	1	48.894 1	50.995 1
2	1	48.1710 1	50.558 1
2	1	48.121 1	50.1718 1
2	1	48.1902 1	50.472 1
2	1	48.1250 1	50.774 1
2	1	48.2002 1	50.122 1
2	1	48.493 1	50.1604 1
2	1	48.898 1	50.831 1
2	1	48.5 1	50.84 1
2	1	48.19 1	50.106 1
2	1	48.1949 1	50.1484 1
2	1	48.1994 1	50.1752 1
2	1	48.287 1	50.53 1
2	1	48.1680 1	50.419 1
2	1	48.502 1	50.832 1
2	1	48.58 1	50.21 1
2	1	48.163 1	50.1895 1
2	1	48.1912 1	50.1524 1
2	1	48.551 1	50.1580 1
2	1	48.605 1	50.1116 1
2	1	48.69 1	50.1876 1
2	1	48.477 1	50.1605 1
2	1	48.1213 1	50.1016 1
3	2	48.128 1	50.214 1 50.308 0.764
2	1	48.470 1	50.1634 1
2	1	48.372 1	50.379 1
2	1	48.447 1	50.1545 1
2	1	48.747 1	50.1096 1
2	1	48.359 1	50.362 1
3	2	48.616 1 48.554 0.789	50.1576 1
2	1	48.57 1	50.22 1
2	1	48.1943 1	50.1850 1
2	1	48.2079 1	50.61 1
2	1	48.402 1	50.1517 1
2	1	48.466 1	50.539 1
2	1	48.2 1	50.77 1
2	1	48.1010 1	50.990 1
2	1	48.1138 1	50.1086 1
2	1	48.1688 1	50.1239 1
3	2	48.1740 1	50.1084 1 50.191 0.751
2	1	48.467 1	50.540 1
2	1	48.1083 1	50.526 1
2	1	48.1105 1	50.866 1
2	1	48.324 1	50.1645 1
2	1	48.432 1	50.345 1
2	1	48.369 1	50.374 1
2	1	48.501 1	50.1595 1
2	1	48.512 1	50.857 1
2	1	48.1948 1	50.383 1
4	3	48.216 1	50.151 1 50.213 1 50.743 0.846
2	1	48.14 1	50.99 1
3	2	48.749 1	50.1003 1 50.1389 0.776
2	1	48.374 1	50.381 1
2	1	48.474 1	50.1478 1
2	1	48.485 1	50.920 1
2	1	48.1913 1	50.458 1
2	1	48.174 1	50.1809 1
2	1	48.363 1	50.367 1
2	1	48.371 1	50.378 1
2	1	48.1426 1	50.1426 1
2	1	48.1805 1	50.1627 1
2	1	48.827 1	50.1089 1
2	1	48.1388 1	50.1827 1
2	1	48.2003 1	50.121 1
2	1	48.268 1	50.965 1
2	1	48.322 1	50.1639 1
2	1	48.990 1	50.1526 1
2	1	48.1235 1	50.806 1
2	1	48.1638 1	50.1431 1
2	1	48.1711 1	50.557 1
2	1	48.403 1	50.1516 1
2	1	48.552 1	50.1579 1
4	3	48.472 0.385 48.67 1 48.755 0.513	50.1879 1
2	1	48.1343 1	50.1687 1
2	1	48.1947 1	50.385 1
2	1	48.811 1	50.1441 1
2	1	48.289 1	50.55 1
2	1	48.354 1	50.355 1
2	1	48.355 1	50.357 1
2	1	48.364 1	50.369 1
2	1	48.405 1	50.444 1
2	1	48.445 1	50.1549 1
2	1	48.169 1	50.604 1
2	1	48.1687 1	50.491 1
2	1	48.1216 1	50.926 1
2	1	48.361 1	50.365 1
2	1	48.151 1	50.176 1
2	1	48.1840 1	50.591 1
2	1	48.353 1	50.354 1
2	1	48.1229 1	50.1600 1
2	1	48.164 1	50.1894 1
2	1	48.1217 1	50.925 1
2	1	48.1989 1	50.628 1
2	1	48.348 1	50.349 1
2	1	48.1385 1	50.1725 1
2	1	48.423 1	50.600 1
2	1	48.442 1	50.1105 1
2	1	48.1252 1	50.569 1
2	1	48.1533 1	50.1382 1
2	1	48.1715 1	50.1403 1
2	1	48.274 1	50.129 1
2	1	48.343 1	50.113 1
2	1	48.750 1	50.879 1
2	1	48.1709 1	50.560 1
2	1	48.528 1	50.1606 1
2	1	48.671 1	50.1412 1
2	1	48.1742 1	50.1085 1
2	1	48.1934 1	50.1721 1
2	1	48.398 1	50.1586 1
2	1	48.1937 1	50.1815 1
2	1	48.365 1	50.370 1
2	1	48.1424 1	50.1035 1
2	1	48.394 1	50.1590 1
2	1	48.271 1	50.125 1
2	1	48.1233 1	50.807 1
2	1	48.177 1	50.1805 1
2	1	48.1904 1	50.468 1
2	1	48.2057 1	50.140 1
2	1	48.2080 1	50.62 1
2	1	48.277 1	50.1438 1
2	1	48.787 1	50.1149 1
2	1	48.61 1	50.19 1
2	1	48.1380 1	50.1460 1
2	1	48.1423 1	50.414 1
2	1	48.1643 1	50.1669 1
2	1	48.2058 1	50.139 1
2	1	48.548 1	50.812 1
2	1	48.553 1	50.1577 1
4	3	48.1811 1	50.1811 1 50.135 0.814 50.1733 0.947
2	1	48.526 1	50.1608 1
2	1	48.358 1	50.361 1
2	1	48.1382 1	50.1464 1
2	1	48.1674 1	50.947 1
2	1	48.1707 1	50.563 1
2	1	48.1215 1	50.1100 1
3	2	48.1679 1	50.1155 1 50.1163 0.151
24	108	48.120 0.877 48.1422 1 48.1473 0.149 48.1954 0.052 48.735 0.058 48.736 0.103	50.109 0.900 50.1094 0.169 50.1095 0.091 50.1181 0.327 50.1559 0.059 50.1674 0.932 50.1745 1 50.247 0.060 50.248 0.097 50.462 0.392 50.520 0.108 50.521 0.127 50.822 0.906 50.934 0.932 50.940 0.921 50.951 0.113 50.962 0.097 50.963 0.061
3	2	48.1234 0.156 48.1589 1	50.420 1
2	1	48.1681 1	50.416 1
2	1	48.1991 1	50.624 1
2	1	48.1993 1	50.622 1
2	1	48.2086 1	50.69 1
2	1	48.278 1	50.44 1
2	1	48.12 1	50.95 1
2	1	48.1999 1	50.406 1
2	1	48.259 1	50.1908 1
2	1	48.290 1	50.1610 1
2	1	48.604 1	50.1119 1
2	1	48.897 1	50.1768 1
2	1	48.1244 1	50.780 1
2	1	48.1857 1	50.1568 1
2	1	48.2074 1	50.1832 1
2	1	48.378 1	50.1861 1
2	1	48.468 1	50.541 1
3	2	48.618 1	50.1281 1 50.1838 0.730
10	9	48.129 1	50.1202 1 50.218 0.779 50.224 0.779 50.231 0.779 50.699 0.871 50.1125 0.907 50.1135 0.853 50.1235 0.737 50.1379 0.808
2	1	48.1942 1	50.1826 1
2	1	48.1952 1	50.133 1
2	1	48.1996 1	50.1755 1
2	1	48.340 1	50.396 1
2	1	48.104 1	50.1867 1
2	1	48.1846 1	50.1472 1
2	1	48.10 1	50.91 1
4	3	48.1115 1	50.1257 0.293 50.1337 0.103 50.708 1
2	1	48.1697 1	50.1574 1
2	1	48.2006 1	50.1885 1
2	1	48.213 1	50.976 1
2	1	48.351 1	50.352 1
2	1	48.420 1	50.595 1
2	1	48.611 1	50.1047 1
2	1	48.1987 1	50.630 1
2	1	48.282 1	50.39 1
2	1	48.285 1	50.35 1
5	4	48.520 1	50.1781 0.053 50.1819 0.072 50.334 0.326 50.336 1
2	1	48.2004 1	50.197 1
2	1	48.55 1	50.25 1
2	1	48.1992 1	50.623 1
2	1	48.360 1	50.363 1
2	1	48.513 1	50.858 1
2	1	48.536 1	50.966 1
2	1	48.106 1	50.425 1
2	1	48.483 1	50.647 1
2	1	48.9 1	50.90 1
2	1	48.1214 1	50.1018 1
2	1	48.1445 1	50.846 1
2	1	48.22 1	50.111 1
2	1	48.367 1	50.372 1
2	1	48.561 1	50.1488 1
2	1	48.739 1	50.1056 1
2	1	48.21 1	50.110 1
2	1	48.1116 1	50.1012 1
2	1	48.362 1	50.366 1
2	1	48.1387 1	50.1728 1
2	1	48.1419 1	50.1408 1
2	1	48.1903 1	50.469 1
2	1	48.1951 1	50.134 1
2	1	48.23 1	50.112 1
2	1	48.740 1	50.1612 1
2	1	48.1246 1	50.778 1
4	3	48.1708 1	50.561 1 50.742 0.745 50.1158 0.885
2	1	48.11 1	50.93 1
2	1	48.161 1	50.1897 1
2	1	48.1844 1	50.1469 1
2	1	48.2005 1	50.1881 1
2	1	48.370 1	50.376 1
2	1	48.674 1	50.903 1
2	1	48.1440 1	50.1433 1
2	1	48.1594 1	50.193 1
2	1	48.826 1	50.1092 1
2	1	48.893 1	50.1654 1
2	1	48.1103 1	50.967 1
2	1	48.603 1	50.1121 1
2	1	48.1247 1	50.776 1
2	1	48.1635 1	50.1043 1
2	1	48.1745 1	50.1436 1
2	1	48.346 1	50.1518 1
2	1	48.381 1	50.1857 1
2	1	48.1212 1	50.864 1
2	1	48.2000 1	50.404 1
2	1	48.154 1	50.179 1
2	1	48.1810 1	50.1810 1
2	1	48.1621 1	50.1592 1
2	1	48.1236 1	50.805 1
2	1	48.125 1	50.1139 1
2	1	48.1619 1	50.1543 1
2	1	48.56 1	50.24 1
2	1	48.1471 1	50.1632 1
2	1	48.182 1	50.972 1
2	1	48.450 1	50.1831 1
2	1	48.977 1	50.1061 1
2	1	48.1238 1	50.803 1
2	1	48.219 1	50.642 1
2	1	48.1420 1	50.1423 1
2	1	48.726 1	50.783 1
2	1	48.124 1	50.1140 1
2	1	48.153 1	50.178 1
2	1	48.214 1	50.973 1
2	1	48.334 1	50.415 1
2	1	48.484 1	50.648 1
2	1	48.527 1	50.1607 1
2	1	48.1620 1	50.1544 1
3	2	48.647 1	50.1793 0.071 50.675 1
2	1	48.991 1	50.1527 1
2	1	48.1087 1	50.1006 1
2	1	48.1386 1	50.1726 1
2	1	48.172 1	50.609 1
2	1	48.1405 1	50.1152 1
4	3	48.147 1	50.1124 0.081 50.1377 1 50.1385 0.223
2	1	48.503 1	50.833 1
2	1	48.1843 1	50.1625 1
2	1	48.1914 1	50.456 1
2	1	48.1451 1	50.185 1
2	1	48.810 1	50.1442 1
2	1	48.1232 1	50.809 1
2	1	48.1701 1	50.1736 1
2	1	48.1706 1	50.566 1
2	1	48.1799 1	50.1483 1
2	1	48.629 1	50.643 1
2	1	48.6 1	50.85 1
2	1	48.63 1	50.309 1
2	1	48.1081 1	50.828 1
2	1	48.1700 1	50.1575 1
2	1	48.1910 1	50.463 1
2	1	48.212 1	50.975 1
2	1	48.1591 1	50.572 1
2	1	48.1915 1	50.455 1
2	1	48.100 1	50.635 1
2	1	48.215 1	50.977 1
2	1	48.862 1	50.999 1
2	1	48.1248 1	50.775 1
2	1	48.1682 1	50.612 1
2	1	48.170 1	50.605 1
2	1	48.1798 1	50.1112 1
2	1	48.2100 1	50.75 1
2	1	48.357 1	50.359 1
3	2	48.635 1	50.1374 1 50.1400 0.131
2	1	48.1474 1	50.30 1
2	1	48.383 1	50.1262 1
2	1	48.1024 1	50.339 1
2	1	48.1444 1	50.847 1
2	1	48.152 1	50.177 1
2	1	48.443 1	50.1551 1
3	2	48.1612 1	50.1713 0.289 50.664 1
3	2	48.1616 1	50.1553 1 50.1558 0.598
2	1	48.1446 1	50.844 1
2	1	48.1469 1	50.1630 1
2	1	48.1108 1	50.1597 1
2	1	48.1639 1	50.982 1
2	1	48.599 1	50.1033 1
2	1	48.601 1	50.533 1
2	1	48.831 1	50.1670 1
4	3	48.2122 1 48.2141 0.075 48.923 1	50.1742 1
2	1	48.260 1	50.511 1
3	2	48.1686 1	50.486 1 50.495 0.053
2	1	48.1704 1	50.564 1
2	1	48.8 1	50.88 1
2	1	48.825 1	50.1093 1
2	1	48.1449 1	50.821 1
2	1	48.20 1	50.108 1
2	1	48.2073 1	50.1649 1
2	1	48.426 1	50.620 1
2	1	48.404 1	50.1490 1
13	22	48.1398 0.090 48.555 1	50.1039 0.076 50.1057 1 50.1102 0.537 50.1150 1 50.1364 0.537 50.1613 0.445 50.618 0.174 50.619 0.076 50.701 0.537 50.717 0.089 50.718 0.140
2	1	48.166 1	50.1154 1
2	1	48.1747 1	50.840 1
2	1	48.385 1	50.1384 1
6	5	48.1871 1	50.1129 0.179 50.1131 0.303 50.1206 0.241 50.1225 1 50.691 0.152
2	1	48.670 1	50.891 1
2	1	48.1744 1	50.1435 1
2	1	48.248 1	50.1898 1
4	4	48.1808 0.228 48.54 1	50.1751 1 50.661 0.090
2	1	48.1617 1	50.1528 1
6	5	48.1263 1 48.1275 0.105 48.1784 0.993 48.687 0.993 48.700 0.105	50.517 1
3	2	48.1675 1 48.1854 0.808	50.1926 1
2	1	48.973 1	50.1373 1
2	1	48.1240 1	50.801 1
2	1	48.175 1	50.1899 1
2	1	48.379 1	50.1859 1
2	1	48.606 1	50.1492 1
2	1	48.867 1	50.1324 1
2	1	48.2082 0.749	50.63 0.749
