Size	Relations	OrthoA	OrthoB
2	1	48.94 1	49.81 1
2	1	48.95 1	49.82 1
2	1	48.506 1	49.868 1
2	1	48.1066 1	49.616 1
2	1	48.646 1	49.314 1
2	1	48.257 1	49.1053 1
2	1	48.1998 1	49.1177 1
2	1	48.2041 1	49.1203 1
2	1	48.563 1	49.471 1
2	1	48.1683 1	49.988 1
2	1	48.1867 1	49.1086 1
2	1	48.245 1	49.1059 1
2	1	48.830 1	49.537 1
2	1	48.2077 1	49.1220 1
2	1	48.532 1	49.449 1
2	1	48.98 1	49.85 1
2	1	48.1239 1	49.752 1
2	1	48.1807 1	49.201 1
2	1	48.828 1	49.509 1
2	1	48.419 1	49.1032 1
2	1	48.1084 1	49.595 1
2	1	48.1848 1	49.176 1
2	1	48.826 1	49.507 1
2	1	48.4 1	49.4 1
2	1	48.336 1	49.269 1
2	1	48.818 1	49.398 1
2	1	48.331 1	49.264 1
2	1	48.240 1	49.1066 1
2	1	48.13 1	49.13 1
2	1	48.1086 1	49.593 1
2	1	48.1348 1	49.783 1
2	1	48.1995 1	49.1171 1
2	1	48.1842 1	49.183 1
2	1	48.3 1	49.3 1
2	1	48.465 1	49.916 1
2	1	48.178 1	49.153 1
3	2	48.924 1 48.2123 0.802	49.585 1
3	2	48.1713 1	49.1014 1 49.52 0.670
2	1	48.746 1	49.674 1
2	1	48.1743 1	49.1017 1
2	1	48.1941 1	49.1117 1
2	1	48.1615 1	49.1061 1
2	1	48.611 1	49.691 1
2	1	48.1845 1	49.179 1
2	1	48.380 1	49.325 1
2	1	48.266 1	49.214 1
2	1	48.335 1	49.268 1
2	1	48.421 1	49.1030 1
2	1	48.449 1	49.926 1
2	1	48.1865 1	49.168 1
2	1	48.2071 1	49.1210 1
2	1	48.155 1	49.119 1
2	1	48.425 1	49.1027 1
2	1	48.1945 1	49.1131 1
2	1	48.1252 1	49.769 1
2	1	48.1224 1	49.738 1
2	1	48.470 1	49.909 1
2	1	48.286 1	49.237 1
2	1	48.1986 1	49.1160 1
2	1	48.157 1	49.121 1
2	1	48.68 1	49.76 1
2	1	48.1250 1	49.767 1
2	1	48.1388 1	49.921 1
2	1	48.18 1	49.40 1
2	1	48.1136 1	49.582 1
2	1	48.1672 1	49.973 1
2	1	48.106 1	49.93 1
2	1	48.441 1	49.357 1
2	1	48.368 1	49.305 1
2	1	48.1702 1	49.996 1
2	1	48.406 1	49.1033 1
2	1	48.1225 1	49.739 1
2	1	48.1381 1	49.482 1
2	1	48.428 1	49.339 1
2	1	48.265 1	49.213 1
2	1	48.737 1	49.682 1
2	1	48.1 1	49.1 1
2	1	48.7 1	49.7 1
2	1	48.2042 1	49.1201 1
2	1	48.69 1	49.77 1
2	1	48.897 1	49.550 1
2	1	48.283 1	49.234 1
2	1	48.1741 1	49.488 1
2	1	48.510 1	49.862 1
2	1	48.433 1	49.344 1
2	1	48.511 1	49.861 1
2	1	48.1797 1	49.791 1
2	1	48.509 1	49.863 1
2	1	48.56 1	49.62 1
2	1	48.446 1	49.367 1
2	1	48.2101 1	49.1240 1
2	1	48.1686 1	49.991 1
2	1	48.1427 1	49.800 1
2	1	48.537 1	49.451 1
2	1	48.496 1	49.876 1
2	1	48.344 1	49.281 1
2	1	48.1933 1	49.1105 1
2	1	48.388 1	49.332 1
2	1	48.442 1	49.358 1
2	1	48.1936 1	49.1110 1
2	1	48.522 1	49.826 1
2	1	48.1935 1	49.1107 1
2	1	48.287 1	49.253 1
2	1	48.1938 1	49.1114 1
2	1	48.2006 1	49.1191 1
2	1	48.252 1	49.690 1
2	1	48.1426 1	49.799 1
2	1	48.1997 1	49.1176 1
2	1	48.1942 1	49.1118 1
2	1	48.1866 1	49.167 1
2	1	48.244 1	49.1062 1
2	1	48.769 1	49.493 1
2	1	48.99 1	49.86 1
3	2	48.1593 1	49.569 1 49.478 0.697
2	1	48.550 1	49.461 1
2	1	48.1939 1	49.1115 1
2	1	48.1746 1	49.1020 1
2	1	48.333 1	49.266 1
2	1	48.2098 1	49.1236 1
2	1	48.562 1	49.470 1
2	1	48.2081 1	49.1224 1
2	1	48.1243 1	49.756 1
2	1	48.2085 1	49.1231 1
2	1	48.2084 1	49.1230 1
2	1	48.492 1	49.881 1
2	1	48.288 1	49.254 1
2	1	48.495 1	49.877 1
2	1	48.30 1	49.609 1
2	1	48.322 1	49.194 1
2	1	48.577 1	49.476 1
2	1	48.173 1	49.147 1
2	1	48.1137 1	49.581 1
2	1	48.2001 1	49.1181 1
2	1	48.430 1	49.341 1
2	1	48.751 1	49.669 1
2	1	48.5 1	49.5 1
2	1	48.434 1	49.350 1
2	1	48.1902 1	49.1091 1
2	1	48.324 1	49.196 1
2	1	48.1680 1	49.984 1
2	1	48.578 1	49.822 1
2	1	48.894 1	49.547 1
2	1	48.242 1	49.1064 1
2	1	48.610 1	49.692 1
2	1	48.517 1	49.830 1
2	1	48.1992 1	49.1166 1
2	1	48.67 1	49.75 1
2	1	48.176 1	49.151 1
2	1	48.2087 1	49.1233 1
2	1	48.431 1	49.342 1
2	1	48.2 1	49.2 1
2	1	48.1685 1	49.990 1
2	1	48.2082 1	49.1228 1
2	1	48.1911 1	49.1098 1
4	3	48.323 1	49.195 1 49.424 0.875 49.1145 0.832
2	1	48.1991 1	49.1165 1
2	1	48.568 1	49.386 1
2	1	48.1065 1	49.617 1
2	1	48.281 1	49.227 1
2	1	48.474 1	49.901 1
2	1	48.1244 1	49.757 1
2	1	48.1234 1	49.856 1
2	1	48.220 1	49.1076 1
2	1	48.60 1	49.67 1
2	1	48.600 1	49.817 1
2	1	48.284 1	49.235 1
2	1	48.169 1	49.141 1
2	1	48.1712 1	49.1013 1
2	1	48.1847 1	49.177 1
3	2	48.898 1	49.551 1 49.893 0.811
2	1	48.339 1	49.274 1
2	1	48.432 1	49.343 1
2	1	48.2002 1	49.1187 1
2	1	48.373 1	49.310 1
2	1	48.439 1	49.355 1
2	1	48.747 1	49.673 1
2	1	48.505 1	49.869 1
2	1	48.1844 1	49.180 1
2	1	48.1251 1	49.768 1
2	1	48.1673 1	49.977 1
2	1	48.213 1	49.158 1
2	1	48.1948 1	49.1141 1
2	1	48.1236 1	49.749 1
2	1	48.1019 1	49.642 1
2	1	48.1909 1	49.1096 1
2	1	48.1988 1	49.1162 1
2	1	48.469 1	49.910 1
2	1	48.263 1	49.1047 1
2	1	48.1230 1	49.743 1
2	1	48.1996 1	49.1175 1
2	1	48.1390 1	49.395 1
2	1	48.15 1	49.28 1
3	2	48.2075 1	49.1214 1 49.49 0.906
2	1	48.352 1	49.289 1
2	1	48.1406 1	49.440 1
2	1	48.1858 1	49.766 1
2	1	48.267 1	49.215 1
2	1	48.1041 1	49.387 1
2	1	48.471 1	49.904 1
2	1	48.1105 1	49.533 1
2	1	48.547 1	49.458 1
2	1	48.338 1	49.273 1
2	1	48.325 1	49.197 1
2	1	48.427 1	49.1025 1
2	1	48.447 1	49.368 1
2	1	48.1710 1	49.1009 1
3	2	48.749 1	49.671 1 49.835 0.750
2	1	48.977 1	49.638 1
2	1	48.1679 1	49.951 1
2	1	48.475 1	49.900 1
2	1	48.258 1	49.1052 1
2	1	48.429 1	49.340 1
2	1	48.1806 1	49.202 1
2	1	48.70 1	49.78 1
2	1	48.1849 1	49.175 1
2	1	48.337 1	49.272 1
2	1	48.1226 1	49.740 1
2	1	48.1424 1	49.796 1
2	1	48.523 1	49.825 1
2	1	48.1452 1	49.719 1
2	1	48.1841 1	49.184 1
2	1	48.243 1	49.1063 1
2	1	48.383 1	49.329 1
2	1	48.507 1	49.865 1
2	1	48.241 1	49.1065 1
2	1	48.420 1	49.1031 1
2	1	48.422 1	49.1029 1
2	1	48.670 1	49.733 1
2	1	48.503 1	49.871 1
2	1	48.212 1	49.157 1
2	1	48.260 1	49.1050 1
2	1	48.504 1	49.870 1
2	1	48.529 1	49.444 1
2	1	48.12 1	49.12 1
2	1	48.1681 1	49.985 1
2	1	48.1442 1	49.807 1
2	1	48.162 1	49.130 1
2	1	48.279 1	49.225 1
2	1	48.426 1	49.1026 1
2	1	48.829 1	49.510 1
2	1	48.1594 1	49.568 1
2	1	48.549 1	49.460 1
2	1	48.177 1	49.152 1
2	1	48.671 1	49.907 1
2	1	48.62 1	49.69 1
2	1	48.1421 1	49.794 1
2	1	48.382 1	49.328 1
2	1	48.246 1	49.1058 1
2	1	48.2076 1	49.1217 1
2	1	48.61 1	49.68 1
2	1	48.435 1	49.351 1
2	1	48.19 1	49.41 1
2	1	48.151 1	49.115 1
2	1	48.1711 1	49.1012 1
2	1	48.1990 1	49.1164 1
2	1	48.280 1	49.226 1
2	1	48.1912 1	49.1099 1
2	1	48.1380 1	49.483 1
2	1	48.1951 1	49.1148 1
2	1	48.402 1	49.1039 1
2	1	48.349 1	49.286 1
2	1	48.514 1	49.858 1
2	1	48.57 1	49.63 1
2	1	48.601 1	49.708 1
2	1	48.66 1	49.73 1
2	1	48.17 1	49.39 1
2	1	48.787 1	49.644 1
2	1	48.2086 1	49.1232 1
2	1	48.355 1	49.292 1
2	1	48.500 1	49.875 1
2	1	48.993 1	49.948 1
2	1	48.1229 1	49.742 1
2	1	48.171 1	49.143 1
3	2	48.410 0.061 48.49 1	49.1126 1
2	1	48.1213 1	49.663 1
2	1	48.1245 1	49.758 1
2	1	48.1715 1	49.1015 1
2	1	48.14 1	49.24 1
2	1	48.156 1	49.120 1
2	1	48.1913 1	49.1100 1
2	1	48.321 1	49.258 1
2	1	48.1389 1	49.922 1
2	1	48.1087 1	49.591 1
2	1	48.1387 1	49.920 1
2	1	48.159 1	49.127 1
2	1	48.261 1	49.1049 1
2	1	48.1400 1	49.824 1
2	1	48.1343 1	49.771 1
2	1	48.1709 1	49.1008 1
2	1	48.290 1	49.256 1
2	1	48.1010 1	49.513 1
2	1	48.1428 1	49.801 1
2	1	48.1004 1	49.1207 1
2	1	48.1108 1	49.520 1
2	1	48.1740 1	49.489 1
2	1	48.1616 1	49.953 1
2	1	48.149 1	49.113 1
2	1	48.375 1	49.312 1
2	1	48.174 1	49.148 1
2	1	48.1441 1	49.806 1
2	1	48.1237 1	49.750 1
2	1	48.249 1	49.1056 1
2	1	48.1023 1	49.601 1
2	1	48.1811 1	49.190 1
2	1	48.1840 1	49.185 1
2	1	48.378 1	49.323 1
2	1	48.1937 1	49.1111 1
2	1	48.551 1	49.462 1
2	1	48.9 1	49.9 1
2	1	48.2069 1	49.1205 1
2	1	48.1805 1	49.203 1
2	1	48.1687 1	49.992 1
2	1	48.1083 1	49.596 1
2	1	48.1214 1	49.664 1
2	1	48.350 1	49.287 1
3	2	48.1591 1	49.390 1 49.1196 0.850
3	2	48.247 1 48.1868 0.661	49.492 1
2	1	48.483 1	49.887 1
2	1	48.647 1	49.315 1
2	1	48.1989 1	49.1163 1
2	1	48.1947 1	49.1140 1
2	1	48.397 1	49.1042 1
2	1	48.477 1	49.899 1
2	1	48.450 1	49.923 1
2	1	48.58 1	49.64 1
2	1	48.2079 1	49.1222 1
3	2	48.1708 1	49.1007 1 49.978 0.764
2	1	48.1138 1	49.579 1
2	1	48.2003 1	49.1188 1
3	2	48.218 1	49.1078 1 49.439 0.498
2	1	48.556 1	49.466 1
2	1	48.65 1	49.72 1
2	1	48.271 1	49.217 1
3	2	48.554 1 48.616 0.801	49.465 1
2	1	48.1701 1	49.994 1
2	1	48.770 1	49.494 1
2	1	48.342 1	49.279 1
2	1	48.165 1	49.139 1
2	1	48.553 1	49.464 1
2	1	48.733 1	49.686 1
2	1	48.512 1	49.860 1
2	1	48.340 1	49.275 1
2	1	48.423 1	49.1028 1
2	1	48.1640 1	49.969 1
2	1	48.1994 1	49.1170 1
2	1	48.274 1	49.220 1
2	1	48.369 1	49.306 1
2	1	48.1451 1	49.717 1
2	1	48.11 1	49.11 1
2	1	48.128 1	49.109 1
2	1	48.520 1	49.827 1
2	1	48.992 1	49.947 1
3	2	48.2122 1 48.923 1	49.612 1
2	1	48.1643 1	49.972 1
2	1	48.121 1	49.98 1
2	1	48.1677 1	49.316 1
2	1	48.175 1	49.150 1
2	1	48.440 1	49.356 1
2	1	48.811 1	49.500 1
2	1	48.1934 1	49.1106 1
2	1	48.466 1	49.913 1
2	1	48.2005 1	49.1190 1
2	1	48.364 1	49.301 1
2	1	48.1642 1	49.971 1
2	1	48.1212 1	49.662 1
2	1	48.361 1	49.298 1
2	1	48.485 1	49.885 1
2	1	48.1233 1	49.747 1
2	1	48.1619 1	49.959 1
2	1	48.278 1	49.224 1
2	1	48.632 1	49.383 1
2	1	48.276 1	49.222 1
2	1	48.467 1	49.912 1
2	1	48.97 1	49.84 1
2	1	48.1589 1	49.338 1
2	1	48.172 1	49.144 1
2	1	48.2000 1	49.1179 1
2	1	48.501 1	49.874 1
2	1	48.615 1	49.331 1
2	1	48.750 1	49.670 1
2	1	48.1420 1	49.793 1
2	1	48.366 1	49.303 1
4	3	48.143 0.054 48.1980 1 48.86 0.681	49.384 1
2	1	48.1447 1	49.713 1
2	1	48.10 1	49.10 1
2	1	48.356 1	49.293 1
2	1	48.468 1	49.911 1
2	1	48.748 1	49.672 1
2	1	48.269 1	49.216 1
2	1	48.445 1	49.366 1
2	1	48.1638 1	49.967 1
2	1	48.2078 1	49.1221 1
2	1	48.2058 1	49.1199 1
2	1	48.502 1	49.872 1
2	1	48.1471 1	49.724 1
2	1	48.289 1	49.255 1
2	1	48.552 1	49.463 1
2	1	48.96 1	49.83 1
2	1	48.605 1	49.703 1
2	1	48.379 1	49.324 1
2	1	48.896 1	49.549 1
2	1	48.518 1	49.828 1
2	1	48.1238 1	49.751 1
2	1	48.1423 1	49.795 1
2	1	48.160 1	49.128 1
2	1	48.1246 1	49.759 1
3	2	48.2125 0.273 48.859 1	49.542 1
2	1	48.1235 1	49.748 1
2	1	48.493 1	49.879 1
2	1	48.345 1	49.282 1
2	1	48.603 1	49.705 1
2	1	48.740 1	49.677 1
2	1	48.1903 1	49.1092 1
2	1	48.444 1	49.365 1
2	1	48.1621 1	49.821 1
2	1	48.1999 1	49.1178 1
2	1	48.403 1	49.1038 1
2	1	48.513 1	49.859 1
2	1	48.1592 1	49.389 1
2	1	48.1952 1	49.1149 1
2	1	48.390 1	49.335 1
2	1	48.1009 1	49.514 1
2	1	48.1104 1	49.534 1
2	1	48.1943 1	49.1119 1
2	1	48.484 1	49.886 1
2	1	48.561 1	49.469 1
2	1	48.963 1	49.618 1
2	1	48.391 1	49.336 1
2	1	48.1445 1	49.809 1
2	1	48.259 1	49.1051 1
2	1	48.560 1	49.468 1
2	1	48.372 1	49.309 1
2	1	48.275 1	49.221 1
2	1	48.277 1	49.223 1
2	1	48.604 1	49.704 1
2	1	48.405 1	49.1034 1
2	1	48.154 1	49.118 1
2	1	48.282 1	49.228 1
2	1	48.367 1	49.304 1
2	1	48.1846 1	49.178 1
2	1	48.1344 1	49.772 1
2	1	48.374 1	49.311 1
2	1	48.385 1	49.330 1
2	1	48.119 1	49.94 1
2	1	48.1637 1	49.966 1
2	1	48.1082 1	49.597 1
2	1	48.1808 1	49.200 1
2	1	48.63 1	49.70 1
2	1	48.448 1	49.927 1
2	1	48.1446 1	49.810 1
2	1	48.363 1	49.300 1
2	1	48.766 1	49.401 1
2	1	48.359 1	49.296 1
2	1	48.1682 1	49.987 1
2	1	48.1910 1	49.1097 1
2	1	48.1914 1	49.1101 1
2	1	48.20 1	49.42 1
2	1	48.357 1	49.294 1
2	1	48.539 1	49.454 1
2	1	48.1240 1	49.753 1
2	1	48.964 1	49.620 1
2	1	48.438 1	49.354 1
2	1	48.1449 1	49.714 1
2	1	48.164 1	49.131 1
3	2	48.1115 1	49.242 0.077 49.979 1
2	1	48.436 1	49.352 1
2	1	48.516 1	49.831 1
2	1	48.8 1	49.8 1
2	1	48.371 1	49.308 1
2	1	48.22 1	49.44 1
2	1	48.548 1	49.459 1
2	1	48.1011 1	49.511 1
2	1	48.104 1	49.90 1
2	1	48.2074 1	49.1212 1
2	1	48.343 1	49.280 1
2	1	48.1385 1	49.918 1
3	2	48.1872 1	49.1192 1 49.123 0.191
2	1	48.1908 1	49.1095 1
2	1	48.334 1	49.267 1
2	1	48.534 1	49.450 1
4	3	48.216 1	49.1079 1 49.56 0.870 49.57 0.882
2	1	48.54 1	49.60 1
2	1	48.1405 1	49.518 1
2	1	48.1469 1	49.722 1
2	1	48.1707 1	49.1006 1
2	1	48.354 1	49.291 1
2	1	48.861 1	49.545 1
2	1	48.166 1	49.140 1
2	1	48.1835 1	49.189 1
2	1	48.248 1	49.1057 1
3	2	48.596 1	49.1010 0.451 49.1142 1
2	1	48.1857 1	49.171 1
2	1	48.831 1	49.538 1
2	1	48.990 1	49.945 1
2	1	48.602 1	49.706 1
2	1	48.150 1	49.114 1
3	2	48.1851 1	49.174 1 49.688 0.194
2	1	48.346 1	49.283 1
2	1	48.1382 1	49.481 1
2	1	48.1241 1	49.754 1
2	1	48.1742 1	49.486 1
2	1	48.398 1	49.1041 1
2	1	48.673 1	49.161 1
2	1	48.976 1	49.637 1
2	1	48.1228 1	49.741 1
2	1	48.2080 1	49.1223 1
2	1	48.974 1	49.635 1
2	1	48.1379 1	49.484 1
2	1	48.1993 1	49.1167 1
2	1	48.2004 1	49.1189 1
2	1	48.1106 1	49.532 1
2	1	48.1617 1	49.957 1
2	1	48.1987 1	49.1161 1
2	1	48.353 1	49.290 1
2	1	48.360 1	49.297 1
2	1	48.899 1	49.552 1
2	1	48.21 1	49.43 1
2	1	48.526 1	49.433 1
2	1	48.6 1	49.6 1
2	1	48.827 1	49.508 1
2	1	48.1874 1	49.1090 1
2	1	48.365 1	49.302 1
2	1	48.100 1	49.87 1
4	3	48.129 1	49.110 1 49.19 0.808 49.55 0.836
2	1	48.1634 1	49.963 1
2	1	48.285 1	49.236 1
2	1	48.348 1	49.285 1
2	1	48.810 1	49.499 1
2	1	48.1904 1	49.1093 1
2	1	48.862 1	49.546 1
2	1	48.967 1	49.634 1
3	2	48.1216 1	49.665 1 49.709 0.739
2	1	48.153 1	49.117 1
2	1	48.1747 1	49.1021 1
3	2	48.1675 1 48.1854 0.696	49.983 1
2	1	48.351 1	49.288 1
5	4	48.614 1	49.630 0.389 49.631 0.579 49.729 0.507 49.776 1
2	1	48.991 1	49.946 1
2	1	48.528 1	49.435 1
2	1	48.26 1	49.679 1
2	1	48.2057 1	49.1198 1
2	1	48.55 1	49.61 1
3	2	48.31 1	49.48 1 49.608 0.121
2	1	48.1824 1	49.515 1
2	1	48.1386 1	49.919 1
2	1	48.1217 1	49.212 1
2	1	48.1440 1	49.805 1
2	1	48.1843 1	49.182 1
2	1	48.806 1	49.498 1
2	1	48.1384 1	49.917 1
2	1	48.394 1	49.1045 1
2	1	48.1222 1	49.1147 1
2	1	48.1985 1	49.1159 1
2	1	48.1425 1	49.798 1
2	1	48.1639 1	49.968 1
2	1	48.358 1	49.295 1
2	1	48.1383 1	49.502 1
2	1	48.256 1	49.1054 1
2	1	48.326 1	49.149 1
2	1	48.101 1	49.88 1
2	1	48.152 1	49.116 1
2	1	48.975 1	49.636 1
2	1	48.1248 1	49.761 1
2	1	48.181 1	49.156 1
2	1	48.23 1	49.45 1
2	1	48.739 1	49.678 1
2	1	48.215 1	49.1081 1
2	1	48.1116 1	49.590 1
2	1	48.147 1	49.112 1
2	1	48.2083 1	49.1229 1
2	1	48.1704 1	49.997 1
2	1	48.161 1	49.129 1
2	1	48.1745 1	49.1019 1
2	1	48.396 1	49.1043 1
2	1	48.527 1	49.434 1
2	1	48.1940 1	49.1116 1
2	1	48.893 1	49.884 1
3	2	48.233 0.435 48.43 1	49.1130 1
2	1	48.443 1	49.364 1
2	1	48.1080 1	49.599 1
2	1	48.170 1	49.142 1
2	1	48.629 1	49.265 1
2	1	48.1635 1	49.964 1
2	1	48.219 1	49.1077 1
2	1	48.370 1	49.307 1
2	1	48.381 1	49.327 1
2	1	48.674 1	49.452 1
2	1	48.1007 1	49.396 1
2	1	48.1232 1	49.746 1
2	1	48.825 1	49.506 1
2	1	48.2010 1	49.259 1
2	1	48.362 1	49.299 1
2	1	48.1810 1	49.191 1
2	1	48.437 1	49.353 1
2	1	48.330 1	49.263 1
2	1	48.389 1	49.334 1
2	1	48.508 1	49.864 1
2	1	48.214 1	49.159 1
2	1	48.59 1	49.66 1
2	1	48.618 1	49.240 1
2	1	48.1697 1	49.1173 1
3	2	48.236 0.251 48.48 1	49.1125 1
2	1	48.734 1	49.685 1
2	1	48.1223 1	49.346 1
2	1	48.1620 1	49.960 1
2	1	48.273 1	49.219 1
2	1	48.807 1	49.496 1
2	1	48.1419 1	49.784 1
2	1	48.158 1	49.122 1
2	1	48.1706 1	49.1005 1
2	1	48.645 1	49.313 1
2	1	48.1247 1	49.760 1
2	1	48.127 1	49.107 1
2	1	48.1304 1	49.770 1
2	1	48.473 1	49.902 1
2	1	48.253 1	49.689 1
2	1	48.824 1	49.505 1
2	1	48.1915 1	49.1102 1
2	1	48.480 1	49.898 1
2	1	48.1231 1	49.744 1
2	1	48.1470 1	49.723 1
2	1	48.1744 1	49.1018 1
2	1	48.488 1	49.375 1
2	1	48.895 1	49.548 1
2	1	48.1443 1	49.808 1
2	1	48.1641 1	49.970 1
2	1	48.102 1	49.89 1
2	1	48.1799 1	49.1227 1
2	1	48.395 1	49.1044 1
2	1	48.1018 1	49.641 1
2	1	48.320 1	49.257 1
2	1	48.823 1	49.504 1
2	1	48.1533 1	49.104 1
2	1	48.1684 1	49.989 1
2	1	48.399 1	49.1040 1
2	1	48.1081 1	49.598 1
2	1	48.1852 1	49.172 1
2	1	48.1871 1	49.1089 1
2	1	48.966 1	49.621 1
3	2	48.1612 1	49.206 1 49.208 0.063
2	1	48.404 1	49.1036 1
2	1	48.1699 1	49.993 1
2	1	48.599 1	49.818 1
2	1	48.2100 1	49.1237 1
3	2	48.2127 1 48.858 1	49.541 1
2	1	48.254 1	49.1055 1
2	1	48.1804 1	49.204 1
2	1	48.608 1	49.693 1
2	1	48.1242 1	49.755 1
2	1	48.264 1	49.1046 1
2	1	48.1809 1	49.198 1
2	1	48.1218 1	49.531 1
2	1	48.2097 1	49.1235 1
2	1	48.745 1	49.676 1
2	1	48.606 1	49.702 1
2	1	48.1227 1	49.1172 1
2	1	48.538 1	49.453 1
2	1	48.1349 1	49.349 1
2	1	48.64 1	49.71 1
3	2	48.231 1 48.42 0.456	49.1124 1
2	1	48.272 1	49.218 1
2	1	48.347 1	49.284 1
2	1	48.546 1	49.457 1
2	1	48.515 1	49.832 1
2	1	48.1796 1	49.790 1
2	1	48.1962 1	49.408 1
2	1	48.637 1	49.381 1
2	1	48.1085 1	49.594 1
2	1	48.821 1	49.730 1
3	2	48.1984 1	49.402 1 49.403 0.371
2	1	48.860 1	49.544 1
2	1	48.1450 1	49.716 1
3	2	48.1931 1 48.971 0.059	49.1104 1
2	1	48.130 1	49.111 1
2	1	48.179 1	49.154 1
2	1	48.180 1	49.155 1
2	1	48.487 1	49.326 1
2	1	48.1666 1	49.1234 1
