Size	Relations	OrthoA	OrthoB
2	1	10.712 1	87.851 1
2	1	10.711 1	87.852 1
2	1	10.526 1	87.1519 1
2	1	10.169 1	87.521 1
2	1	10.976 1	87.323 1
2	1	10.708 1	87.1501 1
2	1	10.308 1	87.1450 1
2	1	10.854 1	87.2422 1
2	1	10.468 1	87.218 1
2	1	10.975 1	87.2048 1
2	1	10.200 1	87.37 1
2	1	10.566 1	87.1028 1
2	1	10.847 1	87.652 1
2	1	10.849 1	87.650 1
2	1	10.928 1	87.1733 1
2	1	10.860 1	87.49 1
3	2	10.606 1 10.377 0.736	87.490 1
2	1	10.870 1	87.1538 1
2	1	10.170 1	87.509 1
2	1	10.406 1	87.2315 1
2	1	10.34 1	87.324 1
2	1	10.197 1	87.15 1
2	1	10.732 1	87.2391 1
2	1	10.736 1	87.2431 1
2	1	10.413 1	87.90 1
2	1	10.53 1	87.601 1
2	1	10.253 1	87.353 1
2	1	10.281 1	87.1189 1
2	1	10.112 1	87.598 1
2	1	10.935 1	87.55 1
2	1	10.875 1	87.604 1
2	1	10.892 1	87.1769 1
2	1	10.668 1	87.2579 1
2	1	10.371 1	87.317 1
2	1	10.481 1	87.1061 1
2	1	10.674 1	87.2044 1
2	1	10.656 1	87.2288 1
2	1	10.436 1	87.2463 1
2	1	10.121 1	87.2160 1
2	1	10.351 1	87.269 1
2	1	10.363 1	87.1696 1
2	1	10.671 1	87.633 1
2	1	10.745 1	87.106 1
2	1	10.823 1	87.1254 1
2	1	10.1001 1	87.1771 1
2	1	10.476 1	87.488 1
2	1	10.746 1	87.107 1
2	1	10.485 1	87.967 1
2	1	10.30 1	87.2050 1
2	1	10.914 1	87.676 1
2	1	10.1009 1	87.2389 1
2	1	10.263 1	87.1175 1
2	1	10.857 1	87.570 1
2	1	10.62 1	87.2536 1
2	1	10.759 1	87.1842 1
2	1	10.444 1	87.39 1
2	1	10.69 1	87.2051 1
2	1	10.175 1	87.2447 1
2	1	10.349 1	87.1053 1
2	1	10.207 1	87.481 1
2	1	10.409 1	87.2337 1
2	1	10.743 1	87.103 1
2	1	10.426 1	87.2485 1
3	2	10.858 1	87.1039 0.879 87.52 1
4	3	10.763 1	87.876 1 87.1935 0.676 87.1952 0.667
2	1	10.195 1	87.2432 1
2	1	10.222 1	87.1682 1
3	2	10.310 1 10.911 1	87.491 1
3	2	10.765 1 10.876 0.090	87.1580 1
3	2	10.677 0.478 10.874 1	87.603 1
2	1	10.347 1	87.137 1
2	1	10.725 1	87.1873 1
2	1	10.304 1	87.2712 1
2	1	10.439 1	87.535 1
2	1	10.814 1	87.811 1
2	1	10.495 1	87.531 1
2	1	10.695 1	87.24 1
2	1	10.672 1	87.1581 1
2	1	10.469 1	87.217 1
2	1	10.64 1	87.1493 1
2	1	10.1010 1	87.2390 1
2	1	10.296 1	87.2746 1
2	1	10.757 1	87.1844 1
2	1	10.429 1	87.2470 1
2	1	10.563 1	87.2486 1
2	1	10.564 1	87.2487 1
2	1	10.995 1	87.683 1
2	1	10.676 1	87.602 1
2	1	10.496 1	87.1433 1
2	1	10.569 1	87.594 1
2	1	10.583 1	87.2286 1
2	1	10.14 1	87.2285 1
2	1	10.213 1	87.1011 1
3	2	10.434 1	87.2465 1 87.2056 0.918
2	1	10.205 1	87.464 1
2	1	10.257 1	87.326 1
2	1	10.697 1	87.28 1
2	1	10.742 1	87.291 1
2	1	10.890 1	87.1762 1
2	1	10.172 1	87.2444 1
2	1	10.635 1	87.81 1
2	1	10.22 1	87.878 1
2	1	10.259 1	87.1376 1
2	1	10.848 1	87.651 1
2	1	10.273 1	87.1867 1
2	1	10.255 1	87.351 1
2	1	10.624 1	87.2583 1
2	1	10.256 1	87.327 1
2	1	10.187 1	87.2459 1
2	1	10.572 1	87.1487 1
2	1	10.184 1	87.2456 1
2	1	10.178 1	87.2450 1
3	2	10.212 1 10.766 0.799	87.794 1
2	1	10.500 1	87.1077 1
2	1	10.571 1	87.1488 1
2	1	10.206 1	87.465 1
4	3	10.779 1	87.1302 0.059 87.1304 0.102 87.2641 1
2	1	10.593 1	87.1793 1
2	1	10.826 1	87.1403 1
2	1	10.214 1	87.1010 1
2	1	10.638 1	87.646 1
2	1	10.856 1	87.571 1
2	1	10.901 1	87.727 1
2	1	10.604 1	87.486 1
2	1	10.283 1	87.1554 1
2	1	10.362 1	87.1697 1
2	1	10.903 1	87.2734 1
2	1	10.694 1	87.23 1
2	1	10.821 1	87.214 1
2	1	10.57 1	87.1155 1
2	1	10.592 1	87.1792 1
2	1	10.173 1	87.2445 1
2	1	10.825 1	87.1404 1
2	1	10.139 1	87.1374 1
3	2	10.443 1	87.2049 0.214 87.38 1
3	2	10.781 1	87.1305 0.448 87.2640 1
2	1	10.966 1	87.529 1
2	1	10.714 1	87.658 1
2	1	10.204 1	87.462 1
2	1	10.744 1	87.104 1
3	2	10.776 1	87.313 1 87.262 0.900
2	1	10.55 1	87.1157 1
2	1	10.165 1	87.50 1
2	1	10.913 1	87.677 1
2	1	10.179 1	87.2451 1
2	1	10.299 1	87.2744 1
2	1	10.807 1	87.713 1
2	1	10.912 1	87.678 1
2	1	10.435 1	87.2464 1
2	1	10.138 1	87.1375 1
2	1	10.990 1	87.1698 1
2	1	10.114 1	87.596 1
2	1	10.269 1	87.2333 1
2	1	10.254 1	87.352 1
2	1	10.58 1	87.1154 1
2	1	10.625 1	87.2584 1
4	3	10.636 1	87.790 1 87.79 0.677 87.751 0.682
2	1	10.809 1	87.2499 1
2	1	10.861 1	87.48 1
2	1	10.343 1	87.2704 1
2	1	10.827 1	87.2057 1
2	1	10.764 1	87.2567 1
2	1	10.182 1	87.2454 1
2	1	10.372 1	87.319 1
26	25	10.633 1	87.1032 0.393 87.1088 1 87.1309 1 87.1435 1 87.1454 1 87.175 0.996 87.1887 1 87.2024 0.660 87.2068 0.397 87.2094 0.660 87.2098 0.660 87.2135 0.660 87.2151 0.660 87.2478 1 87.250 1 87.2538 0.942 87.2632 0.586 87.2785 0.660 87.362 0.660 87.408 1 87.697 0.991 87.758 1 87.824 0.994 87.84 1 87.841 0.948
2	1	10.217 1	87.798 1
2	1	10.430 1	87.2469 1
2	1	10.267 1	87.2335 1
2	1	10.56 1	87.1156 1
3	2	10.787 1	87.2648 0.894 87.735 1
2	1	10.189 1	87.2461 1
2	1	10.862 1	87.47 1
2	1	10.177 1	87.2449 1
7	10	10.228 0.435 10.687 0.141 10.689 1 10.690 0.458 10.693 0.429	87.1328 0.088 87.99 1
2	1	10.264 1	87.1176 1
2	1	10.65 1	87.1492 1
2	1	10.176 1	87.2448 1
3	2	10.252 1	87.354 1 87.355 0.078
2	1	10.968 1	87.2392 1
2	1	10.616 1	87.1730 1
2	1	10.42 1	87.2442 1
2	1	10.452 1	87.752 1
2	1	10.880 1	87.616 1
2	1	10.431 1	87.2468 1
2	1	10.278 1	87.1026 1
2	1	10.297 1	87.2745 1
2	1	10.305 1	87.619 1
2	1	10.810 1	87.2498 1
2	1	10.118 1	87.2142 1
2	1	10.33 1	87.1336 1
4	3	10.691 1	87.1880 1 87.1927 0.141 87.1945 0.141
4	3	10.782 1	87.1313 0.093 87.2172 1 87.2639 0.768
3	2	10.303 1 10.456 0.661	87.2713 1
2	1	10.186 1	87.2458 1
2	1	10.225 1	87.188 1
2	1	10.282 1	87.1556 1
2	1	10.423 1	87.532 1
2	1	10.915 1	87.674 1
2	1	10.669 1	87.637 1
2	1	10.1007 1	87.595 1
2	1	10.839 1	87.2259 1
2	1	10.887 1	87.1761 1
2	1	10.268 1	87.2334 1
2	1	10.188 1	87.2460 1
2	1	10.147 1	87.1717 1
2	1	10.458 1	87.712 1
2	1	10.227 1	87.190 1
2	1	10.411 1	87.832 1
2	1	10.428 1	87.2471 1
2	1	10.710 1	87.2685 1
2	1	10.618 1	87.1732 1
2	1	10.623 1	87.2582 1
2	1	10.878 1	87.614 1
3	2	10.1002 1	87.2356 1 87.2361 1
2	1	10.756 1	87.1845 1
2	1	10.25 1	87.2407 1
2	1	10.407 1	87.2399 1
4	3	10.713 1 10.38 0.737 10.39 0.763	87.493 1
2	1	10.885 1	87.1760 1
2	1	10.122 1	87.618 1
2	1	10.124 1	87.620 1
2	1	10.183 1	87.2455 1
2	1	10.483 1	87.969 1
6	5	10.841 1 10.113 0.829 10.261 0.797 10.295 0.793 10.480 0.823	87.805 1
2	1	10.627 1	87.179 1
3	2	10.788 1	87.1289 1 87.2645 0.151
2	1	10.166 1	87.1334 1
2	1	10.774 1	87.314 1
2	1	10.171 1	87.2443 1
2	1	10.174 1	87.2446 1
2	1	10.294 1	87.854 1
2	1	10.119 1	87.2143 1
2	1	10.185 1	87.2457 1
2	1	10.348 1	87.136 1
2	1	10.519 1	87.1816 1
2	1	10.374 1	87.881 1
2	1	10.181 1	87.2453 1
2	1	10.590 1	87.1875 1
2	1	10.792 1	87.572 1
9	8	10.784 1	87.149 0.070 87.1609 0.088 87.1992 0.069 87.2197 0.086 87.2515 0.219 87.2553 0.116 87.2614 0.051 87.2642 1
2	1	10.622 1	87.2581 1
2	1	10.130 1	87.1406 1
2	1	10.824 1	87.1405 1
2	1	10.270 1	87.131 1
2	1	10.216 1	87.796 1
2	1	10.410 1	87.831 1
2	1	10.284 1	87.2703 1
2	1	10.761 1	87.78 1
2	1	10.470 1	87.216 1
2	1	10.419 1	87.997 1
2	1	10.420 1	87.2591 1
2	1	10.498 1	87.1407 1
2	1	10.591 1	87.1791 1
3	2	10.938 1	87.133 1 87.2108 0.377
2	1	10.939 1	87.134 1
2	1	10.21 1	87.877 1
2	1	10.670 1	87.635 1
2	1	10.840 1	87.2258 1
3	2	10.265 0.403 10.657 1	87.2696 1
2	1	10.74 1	87.1499 1
2	1	10.863 1	87.43 1
2	1	10.937 1	87.132 1
2	1	10.707 1	87.1500 1
2	1	10.226 1	87.189 1
2	1	10.60 1	87.1055 1
2	1	10.293 1	87.853 1
2	1	10.879 1	87.615 1
2	1	10.902 1	87.726 1
4	3	10.120 1	87.2109 1 87.2161 0.172 87.2766 0.965
3	2	10.301 1	87.2742 1 87.2055 0.928
2	1	10.350 1	87.1054 1
2	1	10.433 1	87.2466 1
2	1	10.603 1	87.485 1
2	1	10.617 1	87.1731 1
2	1	10.997 1	87.1084 1
2	1	10.484 1	87.968 1
2	1	10.275 1	87.1861 1
2	1	10.341 1	87.1823 1
2	1	10.432 1	87.2467 1
2	1	10.450 1	87.1723 1
2	1	10.373 1	87.1322 1
2	1	10.698 1	87.29 1
2	1	10.753 1	87.1478 1
2	1	10.422 1	87.533 1
2	1	10.427 1	87.1504 1
2	1	10.850 1	87.649 1
2	1	10.416 1	87.998 1
2	1	10.869 1	87.1539 1
2	1	10.36 1	87.506 1
2	1	10.415 1	87.999 1
2	1	10.699 1	87.30 1
2	1	10.126 1	87.227 1
2	1	10.760 1	87.1841 1
26	25	10.453 1	87.1070 0.902 87.1268 0.902 87.129 0.902 87.1294 0.902 87.1343 0.902 87.1372 0.902 87.1429 0.902 87.145 0.902 87.1453 0.902 87.1514 1 87.1526 0.902 87.213 0.902 87.230 0.902 87.260 0.902 87.274 0.902 87.288 0.902 87.384 0.902 87.41 0.902 87.460 0.902 87.585 0.902 87.589 0.902 87.736 0.902 87.761 0.902 87.764 0.902 87.989 0.902
2	1	10.525 0.802	87.2165 0.802
