Size	Relations	OrthoA	OrthoB
2	1	10.712 1	85.163 1
2	1	10.711 1	85.164 1
2	1	10.526 1	85.410 1
2	1	10.169 1	85.327 1
2	1	10.976 1	85.148 1
2	1	10.854 1	85.680 1
2	1	10.708 1	85.187 1
2	1	10.308 1	85.219 1
3	2	10.763 1	85.110 1 85.231 0.599
2	1	10.468 1	85.499 1
2	1	10.200 1	85.721 1
2	1	10.975 1	85.518 1
2	1	10.847 1	85.686 1
2	1	10.928 1	85.2 1
2	1	10.849 1	85.684 1
2	1	10.860 1	85.711 1
2	1	10.870 1	85.9 1
2	1	10.874 1	85.240 1
3	2	10.606 1 10.377 0.790	85.800 1
2	1	10.170 1	85.791 1
2	1	10.406 1	85.364 1
2	1	10.34 1	85.150 1
2	1	10.736 1	85.334 1
2	1	10.197 1	85.654 1
2	1	10.112 1	85.247 1
2	1	10.732 1	85.531 1
2	1	10.281 1	85.587 1
2	1	10.413 1	85.651 1
2	1	10.53 1	85.246 1
2	1	10.253 1	85.270 1
2	1	10.892 1	85.372 1
2	1	10.674 1	85.451 1
2	1	10.991 1	85.404 1
2	1	10.668 1	85.604 1
2	1	10.935 1	85.703 1
2	1	10.436 1	85.295 1
2	1	10.742 1	85.722 1
2	1	10.351 1	85.428 1
2	1	10.371 1	85.261 1
2	1	10.875 1	85.243 1
2	1	10.481 1	85.100 1
2	1	10.656 1	85.360 1
2	1	10.363 1	85.32 1
2	1	10.745 1	85.738 1
2	1	10.30 1	85.210 1
2	1	10.746 1	85.739 1
2	1	10.121 1	85.569 1
2	1	10.1009 1	85.529 1
3	2	10.765 1 10.876 0.715	85.402 1
2	1	10.485 1	85.42 1
2	1	10.444 1	85.719 1
2	1	10.1001 1	85.370 1
2	1	10.823 1	85.511 1
2	1	10.759 1	85.434 1
2	1	10.914 1	85.697 1
2	1	10.476 1	85.802 1
2	1	10.671 1	85.454 1
2	1	10.672 1	85.81 1
2	1	10.263 1	85.590 1
2	1	10.62 1	85.610 1
2	1	10.207 1	85.809 1
2	1	10.175 1	85.311 1
2	1	10.903 1	85.764 1
2	1	10.349 1	85.71 1
2	1	10.414 1	85.419 1
2	1	10.766 1	85.401 1
2	1	10.412 1	85.418 1
2	1	10.409 1	85.399 1
2	1	10.426 1	85.283 1
2	1	10.635 1	85.649 1
2	1	10.195 1	85.335 1
2	1	10.439 1	85.634 1
2	1	10.858 1	85.431 1
2	1	10.743 1	85.736 1
2	1	10.304 1	85.761 1
3	2	10.310 1 10.911 1	85.799 1
2	1	10.69 1	85.618 1
2	1	10.725 1	85.233 1
2	1	10.695 1	85.731 1
2	1	10.347 1	85.753 1
2	1	10.998 1	85.19 1
2	1	10.222 1	85.17 1
2	1	10.930 1	85.566 1
2	1	10.257 1	85.266 1
2	1	10.469 1	85.498 1
2	1	10.564 1	85.281 1
2	1	10.563 1	85.282 1
2	1	10.495 1	85.638 1
2	1	10.697 1	85.729 1
2	1	10.583 1	85.359 1
2	1	10.676 1	85.245 1
2	1	10.757 1	85.436 1
3	2	10.995 1 10.261 0.808	85.462 1
2	1	10.14 1	85.358 1
2	1	10.296 1	85.666 1
2	1	10.429 1	85.288 1
2	1	10.64 1	85.139 1
2	1	10.496 1	85.214 1
2	1	10.624 1	85.600 1
2	1	10.213 1	85.414 1
3	2	10.636 1	85.648 1 85.485 0.702
2	1	10.255 1	85.268 1
2	1	10.205 1	85.674 1
2	1	10.172 1	85.314 1
2	1	10.1010 1	85.530 1
3	2	10.434 1	85.293 1 85.345 0.772
2	1	10.890 1	85.373 1
2	1	10.500 1	85.20 1
2	1	10.714 1	85.692 1
3	2	10.256 1 10.584 0.835	85.267 1
2	1	10.604 1	85.804 1
2	1	10.178 1	85.308 1
2	1	10.22 1	85.108 1
2	1	10.217 1	85.207 1
2	1	10.184 1	85.302 1
2	1	10.212 1	85.204 1
2	1	10.848 1	85.685 1
2	1	10.187 1	85.299 1
2	1	10.273 1	85.195 1
2	1	10.206 1	85.673 1
2	1	10.901 1	85.471 1
2	1	10.764 1	85.403 1
2	1	10.638 1	85.681 1
2	1	10.593 1	85.64 1
2	1	10.33 1	85.51 1
2	1	10.214 1	85.416 1
2	1	10.35 1	85.149 1
2	1	10.966 1	85.640 1
2	1	10.410 1	85.351 1
2	1	10.269 1	85.395 1
2	1	10.572 1	85.393 1
3	2	10.443 1	85.517 0.206 85.720 1
2	1	10.694 1	85.732 1
2	1	10.825 1	85.222 1
2	1	10.283 1	85.478 1
2	1	10.616 1	85.5 1
2	1	10.254 1	85.269 1
2	1	10.204 1	85.675 1
2	1	10.270 1	85.745 1
2	1	10.826 1	85.221 1
2	1	10.913 1	85.698 1
2	1	10.990 1	85.30 1
2	1	10.299 1	85.786 1
2	1	10.179 1	85.307 1
2	1	10.592 1	85.66 1
3	2	10.776 1	85.257 1 85.76 0.900
2	1	10.173 1	85.313 1
2	1	10.55 1	85.384 1
2	1	10.165 1	85.710 1
7	10	10.689 1 10.693 1 10.690 0.419 10.228 0.394 10.687 0.079	85.385 1 85.386 1
2	1	10.861 1	85.712 1
2	1	10.618 1	85.3 1
2	1	10.821 1	85.495 1
2	1	10.57 1	85.381 1
2	1	10.625 1	85.599 1
2	1	10.435 1	85.294 1
2	1	10.139 1	85.331 1
2	1	10.244 1	85.330 1
2	1	10.807 1	85.468 1
2	1	10.912 1	85.699 1
2	1	10.58 1	85.380 1
2	1	10.189 1	85.297 1
3	2	10.282 1	85.473 1 85.405 0.658
2	1	10.827 1	85.346 1
2	1	10.343 1	85.757 1
2	1	10.744 1	85.737 1
2	1	10.862 1	85.713 1
2	1	10.56 1	85.382 1
2	1	10.809 1	85.616 1
2	1	10.216 1	85.206 1
2	1	10.362 1	85.31 1
2	1	10.177 1	85.309 1
2	1	10.182 1	85.304 1
2	1	10.114 1	85.249 1
2	1	10.430 1	85.289 1
2	1	10.880 1	85.237 1
2	1	10.176 1	85.310 1
2	1	10.452 1	85.486 1
2	1	10.65 1	85.138 1
2	1	10.278 1	85.424 1
2	1	10.372 1	85.263 1
2	1	10.431 1	85.290 1
2	1	10.915 1	85.695 1
2	1	10.267 1	85.397 1
2	1	10.225 1	85.537 1
2	1	10.1002 1	85.89 1
2	1	10.617 1	85.4 1
2	1	10.227 1	85.539 1
4	3	10.691 1	85.391 0.051 85.646 1 85.86 0.099
2	1	10.565 1	85.280 1
2	1	10.968 1	85.532 1
2	1	10.124 1	85.234 1
2	1	10.297 1	85.667 1
2	1	10.810 1	85.615 1
3	2	10.252 1	85.271 1 85.272 0.070
4	3	10.713 1 10.38 0.741 10.39 0.752	85.798 1
2	1	10.887 1	85.374 1
2	1	10.305 1	85.235 1
2	1	10.669 1	85.459 1
2	1	10.878 1	85.239 1
2	1	10.188 1	85.298 1
5	4	10.841 1 10.295 0.788 10.480 0.844 10.839 0.844	85.34 1
3	2	10.303 1 10.456 0.716	85.762 1
2	1	10.186 1	85.300 1
2	1	10.373 1	85.39 1
2	1	10.710 1	85.659 1
2	1	10.423 1	85.637 1
2	1	10.268 1	85.396 1
2	1	10.519 1	85.523 1
3	2	10.113 1 10.582 0.922	85.23 1
2	1	10.407 1	85.552 1
2	1	10.868 1	85.251 1
2	1	10.885 1	85.375 1
2	1	10.411 1	85.350 1
2	1	10.774 1	85.258 1
2	1	10.118 1	85.573 1
2	1	10.12 1	85.558 1
2	1	10.174 1	85.312 1
2	1	10.458 1	85.467 1
2	1	10.813 1	85.36 1
2	1	10.428 1	85.287 1
2	1	10.294 1	85.166 1
2	1	10.622 1	85.602 1
2	1	10.185 1	85.301 1
2	1	10.183 1	85.303 1
2	1	10.756 1	85.437 1
2	1	10.166 1	85.52 1
2	1	10.761 1	85.200 1
2	1	10.181 1	85.305 1
2	1	10.271 1	85.534 1
2	1	10.792 1	85.816 1
2	1	10.130 1	85.224 1
2	1	10.627 1	85.701 1
2	1	10.374 1	85.102 1
2	1	10.415 1	85.420 1
2	1	10.824 1	85.223 1
2	1	10.260 1	85.647 1
2	1	10.670 1	85.456 1
2	1	10.840 1	85.22 1
2	1	10.939 1	85.749 1
2	1	10.171 1	85.315 1
2	1	10.623 1	85.601 1
2	1	10.122 1	85.236 1
2	1	10.21 1	85.109 1
2	1	10.348 1	85.752 1
2	1	10.707 1	85.188 1
2	1	10.591 1	85.67 1
2	1	10.284 1	85.755 1
2	1	10.937 1	85.747 1
2	1	10.997 1	85.155 1
2	1	10.938 1	85.748 1
2	1	10.433 1	85.292 1
2	1	10.119 1	85.572 1
2	1	10.420 1	85.256 1
2	1	10.60 1	85.77 1
2	1	10.603 1	85.805 1
2	1	10.484 1	85.41 1
2	1	10.350 1	85.70 1
2	1	10.498 1	85.228 1
2	1	10.863 1	85.714 1
2	1	10.276 1	85.274 1
3	2	10.301 1	85.784 1 85.344 0.928
3	2	10.440 1	85.672 1 85.810 0.101
2	1	10.74 1	85.190 1
2	1	10.293 1	85.165 1
2	1	10.879 1	85.238 1
2	1	10.753 1	85.174 1
2	1	10.432 1	85.291 1
2	1	10.605 1	85.801 1
2	1	10.902 1	85.470 1
2	1	10.226 1	85.538 1
2	1	10.427 1	85.568 1
2	1	10.470 1	85.497 1
2	1	10.917 1	85.693 1
2	1	10.416 1	85.421 1
2	1	10.258 1	85.38 1
2	1	10.698 1	85.728 1
2	1	10.23 1	85.107 1
2	1	10.422 1	85.636 1
2	1	10.869 1	85.10 1
2	1	10.126 1	85.560 1
2	1	10.180 1	85.306 1
2	1	10.275 1	85.192 1
2	1	10.450 1	85.48 1
2	1	10.280 1	85.407 1
2	1	10.699 1	85.727 1
2	1	10.120 1	85.570 1
2	1	10.760 1	85.433 1
2	1	10.850 1	85.683 1
2	1	10.946 1	85.567 1
2	1	10.194 0.902	85.78 0.902
