Size	Relations	OrthoA	OrthoB
2	1	10.712 1	86.659 1
2	1	10.711 1	86.658 1
2	1	10.526 1	86.243 1
2	1	10.169 1	86.1033 1
2	1	10.976 1	86.406 1
2	1	10.708 1	86.236 1
2	1	10.308 1	86.106 1
2	1	10.854 1	86.85 1
3	2	10.763 1	86.730 1 86.1107 0.667
2	1	10.468 1	86.880 1
2	1	10.975 1	86.799 1
2	1	10.200 1	86.364 1
2	1	10.678 1	86.602 1
2	1	10.928 1	86.433 1
2	1	10.847 1	86.1076 1
2	1	10.849 1	86.1078 1
2	1	10.860 1	86.375 1
3	2	10.606 1 10.377 0.736	86.297 1
2	1	10.870 1	86.508 1
2	1	10.170 1	86.791 1
2	1	10.406 1	86.843 1
2	1	10.34 1	86.405 1
2	1	10.197 1	86.530 1
2	1	10.732 1	86.694 1
2	1	10.742 1	86.67 1
2	1	10.736 1	86.624 1
2	1	10.112 1	86.127 1
2	1	10.53 1	86.124 1
2	1	10.281 1	86.50 1
2	1	10.253 1	86.93 1
2	1	10.935 1	86.381 1
2	1	10.875 1	86.121 1
2	1	10.668 1	86.81 1
2	1	10.892 1	86.643 1
2	1	10.371 1	86.410 1
2	1	10.481 1	86.723 1
2	1	10.436 1	86.912 1
2	1	10.674 1	86.1056 1
2	1	10.351 1	86.1037 1
2	1	10.656 1	86.484 1
2	1	10.121 1	86.33 1
2	1	10.363 1	86.450 1
2	1	10.671 1	86.845 1
2	1	10.823 1	86.138 1
2	1	10.746 1	86.994 1
2	1	10.485 1	86.607 1
2	1	10.476 1	86.295 1
2	1	10.1001 1	86.645 1
2	1	10.903 1	86.590 1
2	1	10.914 1	86.867 1
2	1	10.30 1	86.797 1
2	1	10.1009 1	86.696 1
2	1	10.857 1	86.709 1
2	1	10.263 1	86.58 1
2	1	10.62 1	86.737 1
2	1	10.759 1	86.470 1
2	1	10.444 1	86.366 1
2	1	10.69 1	86.796 1
2	1	10.175 1	86.928 1
2	1	10.673 1	86.1093 1
2	1	10.349 1	86.956 1
2	1	10.207 1	86.288 1
2	1	10.743 1	86.883 1
2	1	10.409 1	86.217 1
2	1	10.412 1	86.542 1
2	1	10.426 1	86.586 1
2	1	10.858 1	86.378 1
2	1	10.195 1	86.623 1
3	2	10.765 1 10.876 0.090	86.1124 1
2	1	10.222 1	86.943 1
4	4	10.310 1 10.911 1	86.298 1 86.245 0.953
3	2	10.677 0.478 10.874 1	86.122 1
2	1	10.139 1	86.716 1
2	1	10.725 1	86.663 1
2	1	10.439 1	86.395 1
2	1	10.347 1	86.496 1
2	1	10.304 1	86.772 1
2	1	10.998 1	86.975 1
2	1	10.814 1	86.1096 1
2	1	10.635 1	86.894 1
2	1	10.672 1	86.1123 1
2	1	10.695 1	86.355 1
2	1	10.495 1	86.399 1
2	1	10.257 1	86.403 1
2	1	10.930 1	86.1172 1
2	1	10.147 1	86.651 1
2	1	10.469 1	86.168 1
2	1	10.64 1	86.326 1
2	1	10.296 1	86.597 1
2	1	10.1010 1	86.695 1
2	1	10.757 1	86.468 1
2	1	10.564 1	86.584 1
2	1	10.563 1	86.585 1
2	1	10.429 1	86.905 1
2	1	10.745 1	86.995 1
2	1	10.995 1	86.949 1
3	2	10.413 1	86.947 0.381 86.972 1
2	1	10.583 1	86.476 1
2	1	10.569 1	86.131 1
2	1	10.676 1	86.123 1
2	1	10.590 1	86.103 1
2	1	10.890 1	86.636 1
3	2	10.636 1	86.891 1 86.872 0.682
2	1	10.496 1	86.1046 1
2	1	10.213 1	86.533 1
2	1	10.14 1	86.475 1
3	2	10.434 1	86.910 1 86.762 0.918
2	1	10.205 1	86.335 1
2	1	10.697 1	86.357 1
2	1	10.172 1	86.931 1
2	1	10.22 1	86.728 1
2	1	10.259 1	86.715 1
2	1	10.273 1	86.454 1
2	1	10.217 1	86.270 1
2	1	10.624 1	86.77 1
2	1	10.255 1	86.95 1
2	1	10.848 1	86.1077 1
2	1	10.572 1	86.825 1
2	1	10.714 1	86.1070 1
2	1	10.187 1	86.916 1
2	1	10.571 1	86.826 1
2	1	10.184 1	86.919 1
3	2	10.256 1 10.584 0.835	86.402 1
2	1	10.178 1	86.925 1
2	1	10.500 1	86.974 1
3	2	10.212 1 10.766 0.799	86.265 1
2	1	10.206 1	86.334 1
2	1	10.826 1	86.856 1
2	1	10.214 1	86.534 1
2	1	10.901 1	86.1031 1
2	1	10.593 1	86.811 1
2	1	10.856 1	86.708 1
2	1	10.638 1	86.1081 1
2	1	10.283 1	86.1135 1
2	1	10.362 1	86.449 1
2	1	10.604 1	86.293 1
2	1	10.694 1	86.354 1
2	1	10.825 1	86.857 1
2	1	10.592 1	86.810 1
2	1	10.821 1	86.1089 1
2	1	10.173 1	86.930 1
2	1	10.57 1	86.176 1
2	1	10.33 1	86.316 1
3	2	10.443 1	86.365 1 86.798 0.215
2	1	10.410 1	86.1116 1
2	1	10.270 1	86.502 1
2	1	10.616 1	86.436 1
3	2	10.776 1	86.416 1 86.184 0.900
2	1	10.165 1	86.376 1
2	1	10.55 1	86.178 1
2	1	10.744 1	86.884 1
2	1	10.913 1	86.866 1
2	1	10.179 1	86.924 1
2	1	10.807 1	86.1148 1
2	1	10.299 1	86.595 1
2	1	10.862 1	86.373 1
2	1	10.990 1	86.448 1
8	15	10.690 1 10.689 1 10.693 0.551 10.228 0.498 10.687 0.067	86.881 1 86.677 1 86.159 0.777
2	1	10.912 1	86.865 1
2	1	10.435 1	86.911 1
2	1	10.269 1	86.221 1
2	1	10.625 1	86.76 1
2	1	10.58 1	86.175 1
2	1	10.254 1	86.94 1
2	1	10.809 1	86.385 1
2	1	10.114 1	86.129 1
2	1	10.282 1	86.1134 1
2	1	10.618 1	86.434 1
2	1	10.861 1	86.374 1
2	1	10.343 1	86.767 1
2	1	10.372 1	86.408 1
2	1	10.827 1	86.761 1
2	1	10.182 1	86.921 1
2	1	10.764 1	86.731 1
2	1	10.430 1	86.906 1
2	1	10.56 1	86.177 1
2	1	10.267 1	86.219 1
2	1	10.177 1	86.926 1
2	1	10.189 1	86.914 1
2	1	10.264 1	86.57 1
2	1	10.880 1	86.668 1
2	1	10.65 1	86.327 1
2	1	10.176 1	86.927 1
3	2	10.252 1	86.91 0.082 86.92 1
2	1	10.968 1	86.693 1
2	1	10.216 1	86.269 1
2	1	10.278 1	86.978 1
2	1	10.452 1	86.873 1
2	1	10.431 1	86.907 1
2	1	10.305 1	86.665 1
2	1	10.297 1	86.596 1
2	1	10.810 1	86.384 1
2	1	10.118 1	86.14 1
4	4	10.1002 0.155 10.710 1	86.101 1 86.206 0.056
2	1	10.42 1	86.933 1
2	1	10.225 1	86.1157 1
2	1	10.915 1	86.869 1
2	1	10.186 1	86.917 1
2	1	10.1007 1	86.130 1
2	1	10.423 1	86.398 1
2	1	10.669 1	86.849 1
2	1	10.188 1	86.915 1
2	1	10.839 1	86.1054 1
2	1	10.268 1	86.220 1
2	1	10.887 1	86.635 1
2	1	10.458 1	86.1149 1
2	1	10.227 1	86.1159 1
2	1	10.691 1	86.785 1
2	1	10.428 1	86.904 1
2	1	10.411 1	86.1117 1
2	1	10.25 1	86.632 1
2	1	10.623 1	86.78 1
2	1	10.878 1	86.670 1
2	1	10.407 1	86.685 1
2	1	10.756 1	86.467 1
4	3	10.713 1 10.38 0.737 10.39 0.763	86.301 1
11	10	10.633 1	86.1002 0.805 86.1088 0.088 86.313 0.127 86.40 0.992 86.457 0.195 86.603 0.812 86.617 0.104 86.733 0.210 86.743 1 86.897 0.606
2	1	10.483 1	86.609 1
2	1	10.885 1	86.634 1
2	1	10.183 1	86.920 1
2	1	10.627 1	86.863 1
6	5	10.841 1 10.113 0.829 10.261 0.797 10.295 0.793 10.480 0.823	86.1166 1
2	1	10.617 1	86.435 1
2	1	10.774 1	86.415 1
2	1	10.124 1	86.664 1
2	1	10.373 1	86.718 1
2	1	10.294 1	86.656 1
2	1	10.122 1	86.666 1
2	1	10.779 1	86.110 1
2	1	10.519 1	86.421 1
2	1	10.174 1	86.929 1
2	1	10.166 1	86.317 1
2	1	10.119 1	86.15 1
2	1	10.171 1	86.932 1
2	1	10.185 1	86.918 1
2	1	10.374 1	86.726 1
2	1	10.348 1	86.497 1
2	1	10.181 1	86.922 1
2	1	10.622 1	86.79 1
2	1	10.497 1	86.779 1
2	1	10.824 1	86.859 1
2	1	10.130 1	86.860 1
2	1	10.997 1	86.976 1
2	1	10.271 1	86.687 1
2	1	10.761 1	86.890 1
2	1	10.284 1	86.766 1
2	1	10.419 1	86.1112 1
2	1	10.420 1	86.983 1
2	1	10.258 1	86.717 1
2	1	10.498 1	86.861 1
2	1	10.591 1	86.809 1
2	1	10.938 1	86.500 1
2	1	10.939 1	86.499 1
2	1	10.470 1	86.1091 1
2	1	10.670 1	86.847 1
2	1	10.840 1	86.1053 1
3	2	10.265 0.402 10.657 1	86.348 1
2	1	10.21 1	86.729 1
2	1	10.863 1	86.369 1
2	1	10.937 1	86.501 1
2	1	10.60 1	86.958 1
2	1	10.707 1	86.237 1
2	1	10.74 1	86.238 1
2	1	10.293 1	86.657 1
2	1	10.350 1	86.957 1
2	1	10.226 1	86.1158 1
3	2	10.120 1	86.32 0.150 86.561 1
2	1	10.879 1	86.669 1
2	1	10.902 1	86.1032 1
3	2	10.301 1	86.593 1 86.763 0.928
2	1	10.433 1	86.909 1
2	1	10.603 1	86.292 1
2	1	10.275 1	86.458 1
2	1	10.450 1	86.653 1
2	1	10.917 1	86.1065 1
2	1	10.432 1	86.908 1
2	1	10.484 1	86.608 1
2	1	10.698 1	86.358 1
2	1	10.422 1	86.397 1
2	1	10.427 1	86.1152 1
2	1	10.36 1	86.787 1
2	1	10.126 1	86.134 1
2	1	10.549 1	86.1105 1
3	2	10.605 1	86.296 1 86.560 0.350
2	1	10.801 1	86.831 1
3	2	10.41 1	86.601 1 86.625 0.058
2	1	10.416 1	86.1111 1
2	1	10.850 1	86.1079 1
2	1	10.869 1	86.507 1
2	1	10.699 1	86.359 1
2	1	10.806 1	86.1099 1
2	1	10.966 1	86.401 1
2	1	10.768 1	86.936 1
2	1	10.760 1	86.471 1
2	1	10.525 0.802	86.36 0.802
