Size	Relations	OrthoA	OrthoB
2	1	10.712 1	84.161 1
2	1	10.711 1	84.162 1
2	1	10.526 1	84.555 1
2	1	10.169 1	84.324 1
2	1	10.976 1	84.141 1
2	1	10.854 1	84.371 1
2	1	10.708 1	84.186 1
2	1	10.308 1	84.217 1
3	2	10.763 1	84.104 1 84.229 0.599
2	1	10.468 1	84.636 1
2	1	10.200 1	84.411 1
2	1	10.975 1	84.654 1
2	1	10.928 1	84.2 1
2	1	10.847 1	84.377 1
2	1	10.849 1	84.375 1
2	1	10.860 1	84.401 1
2	1	10.870 1	84.11 1
2	1	10.874 1	84.238 1
3	2	10.606 1 10.377 0.790	84.345 1
2	1	10.170 1	84.336 1
2	1	10.406 1	84.505 1
2	1	10.34 1	84.143 1
2	1	10.736 1	84.331 1
2	1	10.197 1	84.798 1
2	1	10.112 1	84.244 1
2	1	10.732 1	84.667 1
2	1	10.281 1	84.737 1
2	1	10.413 1	84.795 1
2	1	10.53 1	84.243 1
2	1	10.253 1	84.267 1
2	1	10.892 1	84.510 1
2	1	10.674 1	84.588 1
2	1	10.991 1	84.548 1
2	1	10.935 1	84.394 1
2	1	10.668 1	84.752 1
2	1	10.436 1	84.294 1
2	1	10.742 1	84.412 1
2	1	10.351 1	84.573 1
2	1	10.371 1	84.258 1
2	1	10.875 1	84.241 1
2	1	10.481 1	84.95 1
2	1	10.656 1	84.501 1
2	1	10.745 1	84.428 1
2	1	10.363 1	84.34 1
2	1	10.30 1	84.208 1
2	1	10.1009 1	84.665 1
2	1	10.746 1	84.429 1
2	1	10.121 1	84.704 1
3	2	10.765 1 10.876 0.715	84.546 1
2	1	10.485 1	84.43 1
2	1	10.444 1	84.409 1
2	1	10.914 1	84.388 1
2	1	10.823 1	84.647 1
2	1	10.759 1	84.579 1
2	1	10.1001 1	84.508 1
2	1	10.476 1	84.347 1
2	1	10.671 1	84.591 1
2	1	10.672 1	84.83 1
2	1	10.263 1	84.738 1
2	1	10.62 1	84.758 1
2	1	10.207 1	84.354 1
2	1	10.175 1	84.310 1
2	1	10.903 1	84.456 1
2	1	10.349 1	84.73 1
2	1	10.414 1	84.564 1
2	1	10.766 1	84.545 1
2	1	10.409 1	84.543 1
2	1	10.412 1	84.563 1
2	1	10.195 1	84.332 1
2	1	10.426 1	84.282 1
2	1	10.635 1	84.792 1
2	1	10.439 1	84.777 1
2	1	10.743 1	84.426 1
2	1	10.858 1	84.576 1
2	1	10.304 1	84.453 1
3	2	10.310 1 10.911 1	84.344 1
2	1	10.69 1	84.765 1
2	1	10.725 1	84.231 1
2	1	10.695 1	84.421 1
2	1	10.347 1	84.445 1
2	1	10.998 1	84.21 1
2	1	10.222 1	84.19 1
2	1	10.930 1	84.700 1
2	1	10.257 1	84.263 1
2	1	10.469 1	84.635 1
2	1	10.563 1	84.281 1
2	1	10.564 1	84.280 1
2	1	10.495 1	84.781 1
2	1	10.697 1	84.419 1
2	1	10.583 1	84.500 1
2	1	10.757 1	84.581 1
2	1	10.676 1	84.242 1
3	2	10.995 1 10.261 0.808	84.599 1
2	1	10.14 1	84.499 1
2	1	10.296 1	84.810 1
2	1	10.64 1	84.135 1
2	1	10.429 1	84.287 1
2	1	10.496 1	84.212 1
2	1	10.624 1	84.748 1
3	2	10.636 1	84.791 1 84.622 0.702
2	1	10.213 1	84.559 1
2	1	10.255 1	84.265 1
2	1	10.205 1	84.367 1
2	1	10.172 1	84.313 1
2	1	10.1010 1	84.666 1
2	1	10.500 1	84.22 1
2	1	10.890 1	84.513 1
3	2	10.434 1	84.292 1 84.486 0.772
2	1	10.714 1	84.383 1
2	1	10.22 1	84.102 1
2	1	10.178 1	84.307 1
3	2	10.256 1 10.584 0.835	84.264 1
2	1	10.604 1	84.349 1
2	1	10.217 1	84.205 1
2	1	10.848 1	84.376 1
2	1	10.212 1	84.202 1
2	1	10.184 1	84.301 1
2	1	10.187 1	84.298 1
2	1	10.273 1	84.194 1
2	1	10.206 1	84.366 1
2	1	10.901 1	84.607 1
2	1	10.764 1	84.547 1
2	1	10.638 1	84.372 1
2	1	10.593 1	84.65 1
2	1	10.35 1	84.142 1
2	1	10.33 1	84.52 1
2	1	10.966 1	84.783 1
2	1	10.214 1	84.561 1
2	1	10.269 1	84.539 1
2	1	10.410 1	84.492 1
3	2	10.443 1	84.410 1 84.653 0.204
2	1	10.572 1	84.537 1
2	1	10.694 1	84.422 1
2	1	10.825 1	84.220 1
2	1	10.826 1	84.219 1
2	1	10.283 1	84.615 1
2	1	10.616 1	84.5 1
2	1	10.254 1	84.266 1
2	1	10.204 1	84.368 1
2	1	10.270 1	84.435 1
2	1	10.913 1	84.389 1
2	1	10.990 1	84.32 1
2	1	10.299 1	84.478 1
2	1	10.592 1	84.69 1
2	1	10.179 1	84.306 1
2	1	10.165 1	84.400 1
2	1	10.173 1	84.312 1
2	1	10.55 1	84.528 1
3	2	10.776 1	84.254 1 84.78 0.900
7	10	10.689 1 10.693 1 10.690 0.419 10.228 0.394 10.687 0.079	84.529 1 84.530 1
2	1	10.861 1	84.402 1
2	1	10.618 1	84.3 1
2	1	10.821 1	84.632 1
2	1	10.57 1	84.525 1
2	1	10.139 1	84.328 1
2	1	10.625 1	84.747 1
2	1	10.435 1	84.293 1
2	1	10.244 1	84.327 1
2	1	10.807 1	84.604 1
2	1	10.912 1	84.390 1
2	1	10.58 1	84.524 1
2	1	10.189 1	84.296 1
3	2	10.282 1	84.609 1 84.549 0.658
2	1	10.827 1	84.487 1
2	1	10.343 1	84.449 1
2	1	10.744 1	84.427 1
2	1	10.56 1	84.526 1
2	1	10.809 1	84.763 1
2	1	10.862 1	84.403 1
2	1	10.216 1	84.204 1
2	1	10.362 1	84.33 1
2	1	10.177 1	84.308 1
2	1	10.182 1	84.303 1
2	1	10.114 1	84.246 1
2	1	10.430 1	84.288 1
2	1	10.880 1	84.235 1
2	1	10.176 1	84.309 1
2	1	10.278 1	84.569 1
2	1	10.65 1	84.134 1
2	1	10.452 1	84.623 1
2	1	10.372 1	84.260 1
2	1	10.431 1	84.289 1
2	1	10.915 1	84.386 1
2	1	10.267 1	84.541 1
2	1	10.225 1	84.673 1
3	2	10.1002 1 10.710 0.141	84.92 1
2	1	10.617 1	84.4 1
3	2	10.691 1	84.789 1 84.88 0.102
2	1	10.227 1	84.675 1
2	1	10.124 1	84.232 1
2	1	10.968 1	84.668 1
2	1	10.297 1	84.811 1
2	1	10.810 1	84.762 1
3	2	10.252 1	84.268 1 84.269 0.071
4	3	10.713 1 10.38 0.741 10.39 0.752	84.343 1
2	1	10.565 1	84.279 1
2	1	10.887 1	84.514 1
2	1	10.305 1	84.233 1
2	1	10.669 1	84.596 1
2	1	10.878 1	84.237 1
2	1	10.188 1	84.297 1
2	1	10.186 1	84.299 1
3	2	10.303 1 10.456 0.716	84.454 1
5	4	10.841 1 10.295 0.788 10.480 0.844 10.839 0.844	84.36 1
2	1	10.373 1	84.40 1
2	1	10.423 1	84.780 1
2	1	10.268 1	84.540 1
3	2	10.113 1 10.582 0.922	84.25 1
2	1	10.407 1	84.686 1
2	1	10.519 1	84.659 1
2	1	10.868 1	84.248 1
2	1	10.885 1	84.515 1
2	1	10.411 1	84.491 1
2	1	10.774 1	84.255 1
2	1	10.174 1	84.311 1
2	1	10.12 1	84.692 1
2	1	10.458 1	84.603 1
2	1	10.813 1	84.37 1
2	1	10.294 1	84.164 1
2	1	10.428 1	84.286 1
2	1	10.185 1	84.300 1
2	1	10.118 1	84.708 1
2	1	10.622 1	84.750 1
2	1	10.183 1	84.302 1
2	1	10.166 1	84.53 1
2	1	10.756 1	84.582 1
2	1	10.761 1	84.198 1
2	1	10.181 1	84.304 1
2	1	10.271 1	84.670 1
4	3	10.792 1	84.360 1 84.166 0.872 84.365 0.866
2	1	10.627 1	84.392 1
2	1	10.374 1	84.97 1
2	1	10.415 1	84.565 1
2	1	10.824 1	84.221 1
2	1	10.670 1	84.593 1
2	1	10.840 1	84.24 1
2	1	10.939 1	84.439 1
2	1	10.260 1	84.790 1
2	1	10.130 1	84.222 1
2	1	10.171 1	84.314 1
2	1	10.623 1	84.749 1
2	1	10.122 1	84.234 1
2	1	10.21 1	84.103 1
2	1	10.348 1	84.444 1
2	1	10.707 1	84.187 1
2	1	10.284 1	84.447 1
2	1	10.591 1	84.70 1
2	1	10.937 1	84.437 1
2	1	10.997 1	84.148 1
2	1	10.938 1	84.438 1
2	1	10.433 1	84.291 1
2	1	10.60 1	84.79 1
2	1	10.603 1	84.350 1
2	1	10.420 1	84.253 1
2	1	10.276 1	84.271 1
2	1	10.119 1	84.707 1
2	1	10.350 1	84.72 1
2	1	10.498 1	84.226 1
2	1	10.484 1	84.42 1
2	1	10.863 1	84.404 1
3	2	10.301 1	84.476 1 84.485 0.928
2	1	10.74 1	84.189 1
2	1	10.293 1	84.163 1
2	1	10.427 1	84.703 1
2	1	10.879 1	84.236 1
2	1	10.902 1	84.606 1
2	1	10.753 1	84.172 1
2	1	10.432 1	84.290 1
2	1	10.605 1	84.346 1
2	1	10.470 1	84.634 1
2	1	10.226 1	84.674 1
2	1	10.917 1	84.384 1
2	1	10.258 1	84.39 1
2	1	10.416 1	84.566 1
2	1	10.23 1	84.101 1
2	1	10.422 1	84.779 1
2	1	10.698 1	84.418 1
2	1	10.869 1	84.12 1
2	1	10.126 1	84.694 1
2	1	10.180 1	84.305 1
2	1	10.275 1	84.191 1
2	1	10.450 1	84.49 1
2	1	10.280 1	84.551 1
2	1	10.699 1	84.417 1
2	1	10.198 1	84.94 1
2	1	10.120 1	84.705 1
2	1	10.760 1	84.578 1
2	1	10.850 1	84.374 1
2	1	10.946 1	84.702 1
2	1	10.194 0.902	84.80 0.902
