Size	Relations	OrthoA	OrthoB
2	1	5.302 1	90.93 1
2	1	5.303 1	90.92 1
2	1	5.604 1	90.504 1
2	1	5.1229 1	90.251 1
2	1	5.743 1	90.96 1
2	1	5.1332 1	90.1806 1
2	1	5.1298 1	90.812 1
2	1	5.1338 1	90.529 1
2	1	5.1103 1	90.561 1
2	1	5.1186 1	90.240 1
2	1	5.1160 1	90.827 1
2	1	5.415 1	90.1314 1
2	1	5.162 1	90.1222 1
2	1	5.827 1	90.813 1
2	1	5.52 1	90.1332 1
2	1	5.376 1	90.1848 1
2	1	5.1146 1	90.1867 1
2	1	5.1063 1	90.235 1
2	1	5.792 1	90.1073 1
2	1	5.14 1	90.4 1
2	1	5.253 1	90.2082 1
2	1	5.927 1	90.463 1
2	1	5.1250 1	90.155 1
2	1	5.53 1	90.260 1
2	1	5.13 1	90.3 1
2	1	5.1360 1	90.1678 1
2	1	5.536 1	90.825 1
2	1	5.978 1	90.1842 1
2	1	5.793 1	90.1071 1
2	1	5.379 1	90.1845 1
2	1	5.1252 1	90.157 1
2	1	5.24 1	90.13 1
4	3	5.987 1	90.2220 0.972 90.922 1 90.617 0.840
2	1	5.1171 1	90.1940 1
2	1	5.224 1	90.326 1
2	1	5.1284 1	90.1741 1
2	1	5.489 1	90.279 1
2	1	5.1238 1	90.419 1
2	1	5.972 1	90.414 1
2	1	5.1050 1	90.1865 1
2	1	5.871 1	90.70 1
2	1	5.1155 1	90.162 1
2	1	5.1023 1	90.246 1
2	1	5.920 1	90.1207 1
2	1	5.914 1	90.447 1
2	1	5.1324 1	90.1944 1
2	1	5.1161 1	90.375 1
2	1	5.742 1	90.97 1
2	1	5.1302 1	90.19 1
2	1	5.106 1	90.259 1
2	1	5.917 1	90.1667 1
2	1	5.979 1	90.330 1
2	1	5.734 1	90.1065 1
2	1	5.102 1	90.280 1
2	1	5.499 1	90.577 1
2	1	5.1056 1	90.507 1
2	1	5.764 1	90.363 1
2	1	5.169 1	90.383 1
2	1	5.1069 1	90.443 1
2	1	5.484 1	90.276 1
2	1	5.1343 1	90.494 1
2	1	5.794 1	90.533 1
2	1	5.35 1	90.173 1
3	2	5.403 1	90.2267 1 90.967 1
2	1	5.493 1	90.2007 1
2	1	5.258 1	90.239 1
2	1	5.37 1	90.175 1
2	1	5.1351 1	90.1439 1
2	1	5.1150 1	90.644 1
2	1	5.1095 1	90.1932 1
2	1	5.1169 1	90.1938 1
2	1	5.1054 1	90.509 1
2	1	5.712 1	90.438 1
2	1	5.1309 1	90.1696 1
2	1	5.888 1	90.1391 1
2	1	5.320 1	90.609 1
2	1	5.965 1	90.543 1
2	1	5.1167 1	90.318 1
2	1	5.135 1	90.328 1
2	1	5.1272 1	90.1226 1
2	1	5.103 1	90.281 1
2	1	5.943 1	90.422 1
2	1	5.1168 1	90.1937 1
2	1	5.1213 1	90.773 1
2	1	5.991 1	90.32 1
2	1	5.10 1	90.1 1
2	1	5.1014 1	90.170 1
2	1	5.1058 1	90.1587 1
2	1	5.487 1	90.468 1
2	1	5.941 1	90.1675 1
2	1	5.893 1	90.62 1
2	1	5.1126 1	90.427 1
2	1	5.77 1	90.566 1
2	1	5.1344 1	90.493 1
2	1	5.15 1	90.5 1
2	1	5.257 1	90.257 1
2	1	5.587 1	90.546 1
2	1	5.1002 1	90.416 1
2	1	5.780 1	90.347 1
2	1	5.1321 1	90.1610 1
2	1	5.1073 1	90.339 1
2	1	5.1049 1	90.1866 1
2	1	5.1124 1	90.425 1
2	1	5.5 1	90.2092 1
2	1	5.29 1	90.1947 1
2	1	5.1092 1	90.1934 1
2	1	5.568 1	90.1234 1
2	1	5.480 1	90.274 1
2	1	5.1166 1	90.741 1
2	1	5.1051 1	90.599 1
2	1	5.1088 1	90.377 1
2	1	5.711 1	90.439 1
2	1	5.99 1	90.217 1
3	2	5.1029 1	90.2194 1 90.895 1
2	1	5.752 1	90.332 1
3	2	5.490 1 5.606 0.906	90.2080 1
2	1	5.751 1	90.333 1
2	1	5.814 1	90.1364 1
2	1	5.229 1	90.491 1
2	1	5.1317 1	90.754 1
2	1	5.663 1	90.1900 1
2	1	5.795 1	90.1383 1
2	1	5.1123 1	90.424 1
2	1	5.7 1	90.2105 1
2	1	5.377 1	90.1847 1
2	1	5.436 1	90.1994 1
2	1	5.1003 1	90.417 1
2	1	5.1279 1	90.1668 1
2	1	5.691 1	90.261 1
2	1	5.919 1	90.1208 1
2	1	5.1282 1	90.1744 1
2	1	5.1316 1	90.516 1
2	1	5.1199 1	90.1680 1
2	1	5.1055 1	90.508 1
2	1	5.659 1	90.238 1
2	1	5.268 1	90.15 1
2	1	5.1016 1	90.168 1
2	1	5.148 1	90.423 1
2	1	5.569 1	90.1233 1
2	1	5.1018 1	90.166 1
2	1	5.506 1	90.1951 1
2	1	5.1270 1	90.1228 1
2	1	5.947 1	90.988 1
2	1	5.1212 1	90.331 1
2	1	5.1125 1	90.426 1
2	1	5.254 1	90.2081 1
2	1	5.750 1	90.334 1
2	1	5.904 1	90.272 1
2	1	5.949 1	90.565 1
2	1	5.17 1	90.7 1
2	1	5.1278 1	90.1849 1
2	1	5.537 1	90.1123 1
2	1	5.380 1	90.1844 1
3	2	5.469 1	90.1381 1 90.1956 0.129
2	1	5.1214 1	90.1671 1
2	1	5.1104 1	90.560 1
2	1	5.538 1	90.1122 1
4	3	5.232 1	90.2150 0.996 90.227 0.194 90.44 1
2	1	5.1007 1	90.467 1
2	1	5.174 1	90.505 1
2	1	5.341 1	90.519 1
2	1	5.757 1	90.368 1
2	1	5.940 1	90.1676 1
2	1	5.199 1	90.1373 1
2	1	5.815 1	90.1363 1
2	1	5.912 1	90.244 1
2	1	5.963 1	90.545 1
2	1	5.192 1	90.1408 1
2	1	5.918 1	90.1209 1
2	1	5.783 1	90.344 1
2	1	5.1251 1	90.156 1
2	1	5.762 1	90.370 1
2	1	5.1318 1	90.1089 1
2	1	5.4 1	90.2091 1
2	1	5.1079 1	90.1841 1
2	1	5.1176 1	90.1371 1
2	1	5.1292 1	90.392 1
2	1	5.777 1	90.350 1
3	2	5.1020 1	90.1605 0.080 90.2048 1
2	1	5.1237 1	90.421 1
2	1	5.669 1	90.1682 1
2	1	5.84 1	90.1070 1
2	1	5.873 1	90.72 1
2	1	5.36 1	90.174 1
2	1	5.905 1	90.273 1
2	1	5.164 1	90.1220 1
2	1	5.1246 1	90.151 1
2	1	5.936 1	90.1213 1
2	1	5.1215 1	90.774 1
2	1	5.321 1	90.1412 1
2	1	5.605 1	90.1583 1
3	2	5.939 1	90.498 1 90.319 0.765
2	1	5.1244 1	90.149 1
2	1	5.872 1	90.71 1
2	1	5.111 1	90.1016 1
3	2	5.364 1	90.550 1 90.616 0.807
2	1	5.895 1	90.59 1
2	1	5.782 1	90.345 1
2	1	5.860 1	90.1796 1
2	1	5.1239 1	90.1683 1
2	1	5.223 1	90.1405 1
2	1	5.607 1	90.503 1
2	1	5.1010 1	90.1705 1
3	2	5.1087 1	90.615 1 90.1088 0.751
2	1	5.485 1	90.277 1
2	1	5.771 1	90.356 1
2	1	5.420 1	90.554 1
2	1	5.660 1	90.241 1
2	1	5.768 1	90.359 1
2	1	5.1009 1	90.1706 1
2	1	5.234 1	90.520 1
2	1	5.31 1	90.1946 1
2	1	5.1084 1	90.475 1
2	1	5.1294 1	90.397 1
2	1	5.928 1	90.464 1
2	1	5.1255 1	90.1709 1
21	98	5.399 1 5.316 1 5.429 0.846 5.450 0.819 5.518 0.748 5.547 0.694 5.314 0.616 5.447 0.368 5.465 0.358 5.454 0.322 5.581 0.217 5.641 0.172 5.359 0.164 5.642 0.071	90.405 1 90.1038 1 90.1831 0.608 90.48 0.223 90.2154 0.152 90.2156 0.149 90.763 0.126
2	1	5.19 1	90.9 1
2	1	5.583 1	90.549 1
2	1	5.695 1	90.2008 1
2	1	5.657 1	90.236 1
3	2	5.239 0.254 5.278 1	90.580 1
2	1	5.416 1	90.119 1
2	1	5.744 1	90.95 1
2	1	5.881 1	90.668 1
2	1	5.882 1	90.667 1
4	4	5.294 1 5.517 0.057	90.1060 0.122 90.301 1
2	1	5.1175 1	90.1372 1
2	1	5.23 1	90.12 1
2	1	5.237 1	90.1672 1
2	1	5.1008 1	90.1707 1
2	1	5.98 1	90.2084 1
3	2	5.1101 1 5.137 1	90.1909 1
2	1	5.34 1	90.172 1
2	1	5.930 1	90.466 1
2	1	5.1328 1	90.1092 1
2	1	5.894 1	90.60 1
2	1	5.891 1	90.63 1
2	1	5.386 1	90.1935 1
2	1	5.1011 1	90.1704 1
2	1	5.954 1	90.484 1
2	1	5.745 1	90.94 1
2	1	5.1030 1	90.736 1
2	1	5.910 1	90.1692 1
16	63	5.132 0.089 5.200 1 5.532 0.389 5.559 0.171 5.700 0.100 5.839 0.112 5.840 0.389	90.1482 1 90.1495 0.578 90.1506 0.613 90.1509 0.175 90.1512 0.429 90.1524 0.771 90.1533 0.456 90.1536 0.712 90.1549 0.288
2	1	5.504 1	90.267 1
2	1	5.248 1	90.2006 1
2	1	5.25 1	90.1639 1
2	1	5.696 1	90.2009 1
2	1	5.763 1	90.364 1
2	1	5.776 1	90.351 1
10	25	5.96 1 5.97 1 5.372 0.809 5.829 0.807 5.113 0.053	90.2089 1 90.2086 1 90.576 0.829 90.2090 0.402 90.2087 0.183
2	1	5.608 1	90.501 1
4	3	5.277 1	90.2216 0.273 90.311 1 90.918 0.273
2	1	5.975 1	90.1804 1
2	1	5.903 1	90.271 1
3	2	5.796 1	90.2189 1 90.890 1
2	1	5.1093 1	90.1933 1
2	1	5.167 1	90.1824 1
2	1	5.1080 1	90.1840 1
2	1	5.937 1	90.1212 1
2	1	5.108 1	90.492 1
3	2	5.690 1	90.264 1 90.604 0.641
2	1	5.222 1	90.1404 1
3	2	5.646 1	90.118 0.262 90.1406 1
5	6	5.869 0.053 5.870 1	90.470 0.392 90.69 1 90.759 0.516
2	1	5.100 1	90.282 1
2	1	5.1068 1	90.442 1
2	1	5.220 1	90.602 1
2	1	5.585 1	90.547 1
2	1	5.773 1	90.354 1
2	1	5.227 1	90.472 1
3	2	5.238 1	90.1576 0.989 90.586 1
2	1	5.3 1	90.808 1
2	1	5.1295 1	90.398 1
2	1	5.146 1	90.209 1
2	1	5.11 1	90.2 1
2	1	5.1105 1	90.559 1
2	1	5.218 1	90.603 1
2	1	5.563 1	90.1454 1
2	1	5.584 1	90.548 1
2	1	5.779 1	90.348 1
2	1	5.256 1	90.255 1
2	1	5.758 1	90.367 1
2	1	5.1271 1	90.1227 1
2	1	5.982 1	90.1074 1
2	1	5.1004 1	90.418 1
2	1	5.492 1	90.213 1
2	1	5.589 1	90.1216 1
2	1	5.534 1	90.823 1
2	1	5.1158 1	90.163 1
2	1	5.1198 1	90.1681 1
2	1	5.21 1	90.11 1
2	1	5.505 1	90.1952 1
2	1	5.766 1	90.361 1
2	1	5.778 1	90.349 1
2	1	5.767 1	90.360 1
2	1	5.566 1	90.1326 1
2	1	5.26 1	90.1235 1
2	1	5.193 1	90.525 1
2	1	5.309 1	90.581 1
2	1	5.1249 1	90.154 1
2	1	5.765 1	90.362 1
2	1	5.1013 1	90.1677 1
2	1	5.609 1	90.499 1
4	3	5.843 1	90.171 1 90.159 0.882 90.1197 0.679
2	1	5.173 1	90.1428 1
2	1	5.535 1	90.824 1
2	1	5.759 1	90.366 1
5	6	5.388 1 5.417 0.261 5.433 0.102	90.787 0.954 90.976 1
2	1	5.694 1	90.252 1
2	1	5.1100 1	90.1911 1
2	1	5.1325 1	90.1942 1
2	1	5.145 1	90.210 1
2	1	5.769 1	90.358 1
2	1	5.964 1	90.544 1
2	1	5.1354 1	90.1368 1
2	1	5.1358 1	90.743 1
2	1	5.998 1	90.744 1
2	1	5.147 1	90.1588 1
2	1	5.929 1	90.465 1
2	1	5.172 1	90.1430 1
3	2	5.951 1	90.570 0.123 90.631 1
2	1	5.435 1	90.1993 1
2	1	5.567 1	90.483 1
2	1	5.247 1	90.2005 1
2	1	5.440 1	90.1958 1
4	3	5.12 0.067 5.1233 1 5.393 0.070	90.1201 1
2	1	5.736 1	90.1670 1
2	1	5.772 1	90.355 1
2	1	5.285 1	90.2000 1
2	1	5.195 1	90.523 1
2	1	5.142 1	90.1857 1
2	1	5.1293 1	90.393 1
4	3	5.310 1	90.1810 1 90.160 0.919 90.446 0.797
2	1	5.255 1	90.254 1
2	1	5.561 1	90.1456 1
2	1	5.1001 1	90.415 1
2	1	5.1216 1	90.1366 1
2	1	5.713 1	90.437 1
2	1	5.781 1	90.346 1
2	1	5.163 1	90.1221 1
2	1	5.305 1	90.2063 1
2	1	5.756 1	90.369 1
3	2	5.1077 1 5.457 0.124	90.23 1
2	1	5.1221 1	90.672 1
2	1	5.1225 1	90.987 1
2	1	5.1162 1	90.374 1
2	1	5.1283 1	90.1743 1
2	1	5.1085 1	90.473 1
2	1	5.1357 1	90.828 1
2	1	5.813 1	90.1365 1
15	26	5.291 0.123 5.88 1	90.1236 0.175 90.1324 0.204 90.1794 0.160 90.204 0.200 90.2160 0.500 90.2271 0.112 90.402 0.984 90.54 1 90.666 0.088 90.760 0.201 90.768 0.056 90.832 0.207 90.997 0.363
3	2	5.1015 1 5.1326 0.159	90.169 1
2	1	5.811 1	90.670 1
2	1	5.153 1	90.752 1
2	1	5.1197 1	90.1407 1
2	1	5.1074 1	90.338 1
2	1	5.323 1	90.98 1
2	1	5.897 1	90.57 1
2	1	5.1174 1	90.448 1
2	1	5.785 1	90.2011 1
2	1	5.993 1	90.1427 1
13	36	5.747 1 5.748 1 5.612 1 5.652 0.239	90.641 1 90.766 1 90.403 1 90.53 0.980 90.2159 0.552 90.762 0.540 90.994 0.491 90.765 0.399 90.995 0.256
3	2	5.977 1	90.1843 1 90.243 0.739
2	1	5.697 1	90.341 1
2	1	5.1269 1	90.1229 1
6	9	5.315 0.840 5.541 1 5.810 0.556	90.2153 1 90.232 0.259 90.47 1
2	1	5.16 1	90.6 1
2	1	5.564 1	90.1805 1
6	8	5.550 1 5.554 0.654	90.1417 0.824 90.2145 1 90.222 1 90.39 1
2	1	5.1012 1	90.1703 1
2	1	5.770 1	90.357 1
2	1	5.774 1	90.353 1
2	1	5.1247 1	90.152 1
2	1	5.784 1	90.343 1
2	1	5.812 1	90.211 1
2	1	5.986 1	90.1101 1
2	1	5.816 1	90.1362 1
2	1	5.1163 1	90.373 1
2	1	5.1248 1	90.153 1
2	1	5.1275 1	90.1433 1
2	1	5.434 1	90.1991 1
2	1	5.1289 1	90.389 1
2	1	5.842 1	90.1809 1
2	1	5.439 1	90.1999 1
2	1	5.20 1	90.10 1
11	10	5.1319 1	90.1170 0.251 90.1284 0.925 90.1295 0.983 90.1749 0.845 90.186 1 90.2178 0.990 90.651 0.283 90.723 0.414 90.796 0.363 90.879 0.990
2	1	5.272 1	90.372 1
2	1	5.332 1	90.65 1
2	1	5.971 1	90.1426 1
2	1	5.1266 1	90.1851 1
2	1	5.286 1	90.26 1
2	1	5.83 1	90.1069 1
2	1	5.1076 1	90.24 1
3	2	5.1028 1 5.502 1	90.1068 1
2	1	5.1224 1	90.1612 1
2	1	5.165 1	90.1219 1
2	1	5.57 1	90.99 1
2	1	5.1204 1	90.1611 1
2	1	5.1060 1	90.1798 1
2	1	5.1038 1	90.634 1
2	1	5.342 1	90.517 1
2	1	5.1154 1	90.161 1
2	1	5.194 1	90.524 1
2	1	5.562 1	90.1455 1
2	1	5.134 1	90.327 1
2	1	5.983 1	90.1403 1
2	1	5.1032 1	90.857 1
2	1	5.1120 1	90.2141 1
2	1	5.1253 1	90.158 1
2	1	5.378 1	90.1846 1
3	2	5.741 1	90.1807 1 90.56 0.195
2	1	5.8 1	90.2106 1
2	1	5.932 1	90.1087 1
2	1	5.1053 1	90.511 1
2	1	5.1017 1	90.167 1
2	1	5.119 1	90.1738 1
2	1	5.279 1	90.307 1
2	1	5.1078 1	90.22 1
2	1	5.1000 1	90.1702 1
4	3	5.555 1	90.2146 1 90.223 1 90.40 1
2	1	5.761 1	90.365 1
2	1	5.1285 1	90.1425 1
2	1	5.1170 1	90.1939 1
8	7	5.233 1 5.312 0.842 5.576 0.842 5.830 0.860 5.994 0.905 5.1115 0.860 5.1222 0.852	90.1615 1
2	1	5.304 1	90.2062 1
2	1	5.588 1	90.1215 1
2	1	5.1089 1	90.1635 1
4	3	5.1040 1 5.185 0.051 5.186 0.100	90.629 1
3	2	5.1336 1	90.215 1 90.469 0.069
2	1	5.394 1	90.601 1
3	2	5.1112 1	90.139 0.111 90.1965 1
2	1	5.9 1	90.2107 1
2	1	5.1297 1	90.1230 1
9	14	5.676 1 5.677 0.918	90.1478 0.917 90.1494 0.212 90.1505 0.212 90.1523 1 90.1537 0.897 90.1551 0.974 90.1568 0.138
2	1	5.419 1	90.558 1
2	1	5.1122 1	90.82 1
2	1	5.438 1	90.1998 1
2	1	5.693 1	90.253 1
3	2	5.1065 1 5.246 0.097	90.1850 1
2	1	5.632 1	90.656 1
2	1	5.735 1	90.1669 1
2	1	5.28 1	90.1948 1
2	1	5.911 1	90.1693 1
2	1	5.488 1	90.278 1
2	1	5.1099 1	90.1912 1
2	1	5.1291 1	90.391 1
2	1	5.1057 1	90.506 1
2	1	5.896 1	90.58 1
2	1	5.1206 1	90.1871 1
18	17	5.2 1	90.1085 0.203 90.1132 0.119 90.115 0.144 90.1358 0.087 90.1451 0.084 90.1837 0.082 90.1915 0.179 90.1969 1 90.1972 0.193 90.205 0.090 90.2051 0.203 90.2197 0.054 90.2241 0.084 90.298 0.200 90.898 0.086 90.942 0.232 90.958 0.072
2	1	5.1205 1	90.127 1
