Size	Relations	OrthoA	OrthoB
2	1	5.302 1	91.883 1
2	1	5.303 1	91.884 1
2	1	5.604 1	91.480 1
2	1	5.1229 1	91.731 1
2	1	5.743 1	91.820 1
2	1	5.1298 1	91.164 1
2	1	5.1338 1	91.451 1
2	1	5.1332 1	91.1155 1
2	1	5.1103 1	91.426 1
2	1	5.1186 1	91.745 1
2	1	5.1160 1	91.176 1
2	1	5.52 1	91.1396 1
2	1	5.376 1	91.1128 1
2	1	5.162 1	91.24 1
3	2	5.1146 1	91.1098 0.085 91.1102 1
2	1	5.1063 1	91.754 1
2	1	5.14 1	91.942 1
2	1	5.253 1	91.961 1
2	1	5.927 1	91.553 1
2	1	5.792 1	91.214 1
2	1	5.13 1	91.943 1
2	1	5.1250 1	91.789 1
4	3	5.53 1	91.718 1 91.450 0.725 91.716 0.786
2	1	5.1360 1	91.1240 1
2	1	5.793 1	91.216 1
2	1	5.978 1	91.1134 1
2	1	5.379 1	91.1131 1
2	1	5.536 1	91.174 1
2	1	5.1252 1	91.787 1
2	1	5.24 1	91.933 1
2	1	5.987 1	91.207 1
2	1	5.224 1	91.679 1
2	1	5.1171 1	91.1068 1
2	1	5.1284 1	91.1205 1
2	1	5.827 1	91.166 1
2	1	5.972 1	91.591 1
2	1	5.1238 1	91.586 1
2	1	5.489 1	91.699 1
2	1	5.871 1	91.890 1
2	1	5.920 1	91.41 1
2	1	5.1050 1	91.1104 1
2	1	5.1155 1	91.782 1
2	1	5.1023 1	91.735 1
2	1	5.1324 1	91.1064 1
2	1	5.914 1	91.556 1
2	1	5.1161 1	91.627 1
2	1	5.742 1	91.819 1
2	1	5.734 1	91.971 1
2	1	5.1302 1	91.927 1
2	1	5.106 1	91.719 1
2	1	5.102 1	91.698 1
2	1	5.979 1	91.674 1
2	1	5.917 1	91.1252 1
3	2	5.56 1	91.185 1 91.187 0.871
2	1	5.499 1	91.407 1
2	1	5.1056 1	91.477 1
2	1	5.764 1	91.639 1
2	1	5.1321 1	91.103 1
2	1	5.484 1	91.702 1
2	1	5.1069 1	91.560 1
2	1	5.169 1	91.619 1
2	1	5.794 1	91.449 1
2	1	5.258 1	91.750 1
2	1	5.403 1	91.1351 1
2	1	5.493 1	91.1026 1
2	1	5.35 1	91.771 1
2	1	5.37 1	91.769 1
2	1	5.1351 1	91.96 1
2	1	5.1054 1	91.475 1
2	1	5.1150 1	91.363 1
2	1	5.1343 1	91.492 1
2	1	5.1169 1	91.1070 1
2	1	5.1095 1	91.1076 1
2	1	5.712 1	91.566 1
2	1	5.320 1	91.378 1
2	1	5.1309 1	91.1229 1
2	1	5.888 1	91.125 1
2	1	5.1166 1	91.1306 1
2	1	5.1167 1	91.688 1
2	1	5.135 1	91.677 1
2	1	5.965 1	91.441 1
2	1	5.1014 1	91.774 1
2	1	5.103 1	91.697 1
6	8	5.316 1 5.359 0.079 5.447 0.135 5.454 0.313	91.525 0.088 91.994 1
2	1	5.991 1	91.919 1
2	1	5.1084 1	91.513 1
2	1	5.943 1	91.583 1
3	2	5.29 1	91.1061 1 91.454 0.129
2	1	5.1213 1	91.153 1
2	1	5.1272 1	91.20 1
2	1	5.1168 1	91.1071 1
2	1	5.1344 1	91.493 1
2	1	5.1126 1	91.578 1
2	1	5.10 1	91.945 1
2	1	5.1058 1	91.1300 1
2	1	5.77 1	91.1197 1
2	1	5.941 1	91.1243 1
2	1	5.893 1	91.899 1
2	1	5.487 1	91.548 1
2	1	5.587 1	91.438 1
2	1	5.15 1	91.941 1
2	1	5.1073 1	91.663 1
2	1	5.841 1	91.1348 1
2	1	5.1049 1	91.1103 1
2	1	5.780 1	91.655 1
2	1	5.1002 1	91.589 1
2	1	5.1071 1	91.323 1
2	1	5.5 1	91.951 1
2	1	5.1124 1	91.580 1
2	1	5.257 1	91.725 1
2	1	5.1092 1	91.1074 1
2	1	5.1029 1	91.204 1
2	1	5.910 1	91.1231 1
2	1	5.568 1	91.12 1
2	1	5.1051 1	91.391 1
2	1	5.480 1	91.704 1
2	1	5.711 1	91.565 1
2	1	5.1003 1	91.147 1
3	2	5.490 1 5.606 0.906	91.967 1
2	1	5.752 1	91.672 1
2	1	5.795 1	91.408 1
2	1	5.99 1	91.759 1
2	1	5.1088 1	91.623 1
2	1	5.436 1	91.1045 1
2	1	5.229 1	91.498 1
2	1	5.814 1	91.1392 1
2	1	5.751 1	91.671 1
3	2	5.1317 1	91.257 1 91.909 0.718
2	1	5.1316 1	91.469 1
2	1	5.209 1	91.405 1
2	1	5.377 1	91.1129 1
2	1	5.1123 1	91.581 1
2	1	5.1279 1	91.1251 1
2	1	5.663 1	91.1090 1
2	1	5.1199 1	91.1238 1
3	2	5.659 1	91.751 1 91.1386 0.715
2	1	5.7 1	91.949 1
2	1	5.148 1	91.582 1
2	1	5.949 1	91.1190 1
2	1	5.569 1	91.13 1
2	1	5.811 1	91.237 1
2	1	5.849 1	91.1253 1
2	1	5.919 1	91.40 1
2	1	5.691 1	91.717 1
2	1	5.947 1	91.322 1
2	1	5.1055 1	91.476 1
2	1	5.1125 1	91.579 1
2	1	5.1282 1	91.1202 1
2	1	5.1270 1	91.18 1
2	1	5.268 1	91.931 1
2	1	5.1016 1	91.776 1
2	1	5.1018 1	91.778 1
2	1	5.1212 1	91.673 1
2	1	5.537 1	91.301 1
2	1	5.343 1	91.811 1
2	1	5.750 1	91.670 1
2	1	5.506 1	91.1060 1
2	1	5.17 1	91.939 1
2	1	5.254 1	91.966 1
2	1	5.1278 1	91.1127 1
2	1	5.904 1	91.706 1
2	1	5.1275 1	91.101 1
2	1	5.1345 1	91.319 1
2	1	5.199 1	91.1383 1
2	1	5.1007 1	91.549 1
2	1	5.341 1	91.467 1
2	1	5.762 1	91.632 1
2	1	5.1318 1	91.211 1
2	1	5.174 1	91.479 1
2	1	5.940 1	91.1242 1
2	1	5.1079 1	91.1135 1
2	1	5.1104 1	91.428 1
2	1	5.538 1	91.302 1
2	1	5.757 1	91.634 1
2	1	5.4 1	91.952 1
2	1	5.912 1	91.741 1
2	1	5.1251 1	91.788 1
2	1	5.232 1	91.533 1
3	2	5.815 1	91.1393 1 91.310 0.690
2	1	5.963 1	91.439 1
2	1	5.777 1	91.652 1
2	1	5.783 1	91.658 1
2	1	5.669 1	91.1236 1
2	1	5.1237 1	91.584 1
2	1	5.1292 1	91.603 1
2	1	5.380 1	91.1132 1
2	1	5.84 1	91.233 1
4	3	5.1020 1	91.1008 1 91.1280 0.093 91.198 0.117
2	1	5.905 1	91.705 1
2	1	5.911 1	91.1232 1
2	1	5.918 1	91.39 1
2	1	5.1176 1	91.1385 1
2	1	5.321 1	91.114 1
2	1	5.1215 1	91.154 1
2	1	5.1214 1	91.1247 1
2	1	5.873 1	91.888 1
4	3	5.1087 1	91.371 0.207 91.620 1 91.212 0.802
2	1	5.142 1	91.1115 1
2	1	5.192 1	91.119 1
2	1	5.36 1	91.770 1
2	1	5.605 1	91.614 1
2	1	5.164 1	91.26 1
3	2	5.860 1	91.1162 0.234 91.456 1
2	1	5.936 1	91.33 1
2	1	5.881 1	91.136 1
2	1	5.872 1	91.889 1
2	1	5.1246 1	91.793 1
3	2	5.939 1	91.486 1 91.687 0.765
2	1	5.420 1	91.433 1
2	1	5.895 1	91.902 1
3	2	5.364 1	91.434 1 91.370 0.701
2	1	5.111 1	91.335 1
2	1	5.992 1	91.918 1
2	1	5.1244 1	91.795 1
2	1	5.607 1	91.481 1
2	1	5.948 1	91.321 1
2	1	5.485 1	91.701 1
2	1	5.782 1	91.657 1
2	1	5.31 1	91.1062 1
4	3	5.234 1	91.444 0.060 91.446 0.146 91.466 1
2	1	5.223 1	91.121 1
2	1	5.1010 1	91.1222 1
2	1	5.583 1	91.435 1
2	1	5.1294 1	91.600 1
2	1	5.771 1	91.646 1
2	1	5.928 1	91.552 1
2	1	5.660 1	91.744 1
2	1	5.1009 1	91.1221 1
3	2	5.237 1	91.1246 1 91.1399 0.082
2	1	5.768 1	91.643 1
2	1	5.846 1	91.1254 1
2	1	5.416 1	91.808 1
2	1	5.657 1	91.753 1
2	1	5.19 1	91.937 1
2	1	5.695 1	91.1025 1
2	1	5.1175 1	91.1384 1
2	1	5.1358 1	91.250 1
2	1	5.323 1	91.818 1
2	1	5.744 1	91.821 1
2	1	5.882 1	91.360 1
2	1	5.149 1	91.685 1
2	1	5.1328 1	91.209 1
2	1	5.504 1	91.711 1
2	1	5.930 1	91.550 1
2	1	5.98 1	91.959 1
2	1	5.894 1	91.901 1
2	1	5.1008 1	91.1220 1
2	1	5.386 1	91.1073 1
2	1	5.891 1	91.898 1
2	1	5.34 1	91.772 1
2	1	5.367 1	91.427 1
2	1	5.1011 1	91.1223 1
2	1	5.1030 1	91.247 1
3	2	5.1101 1 5.137 1	91.1083 1
2	1	5.745 1	91.822 1
2	1	5.847 1	91.1255 1
2	1	5.954 1	91.506 1
2	1	5.167 1	91.1149 1
2	1	5.219 1	91.1105 1
2	1	5.696 1	91.1024 1
2	1	5.776 1	91.651 1
10	25	5.97 1 5.96 1 5.372 0.809 5.829 0.807 5.113 0.053	91.953 1 91.954 1 91.957 0.553 91.409 0.386 91.956 0.281
2	1	5.763 1	91.638 1
3	2	5.25 1	91.1257 1 91.597 0.738
2	1	5.608 1	91.483 1
2	1	5.248 1	91.1027 1
2	1	5.903 1	91.707 1
2	1	5.975 1	91.1157 1
2	1	5.1013 1	91.1241 1
2	1	5.1093 1	91.1075 1
2	1	5.108 1	91.497 1
2	1	5.937 1	91.34 1
2	1	5.1080 1	91.1136 1
2	1	5.23 1	91.934 1
3	2	5.690 1	91.714 1 91.386 0.641
2	1	5.1295 1	91.599 1
2	1	5.222 1	91.122 1
2	1	5.773 1	91.648 1
2	1	5.146 1	91.766 1
2	1	5.100 1	91.696 1
2	1	5.1271 1	91.19 1
2	1	5.758 1	91.635 1
2	1	5.272 1	91.630 1
2	1	5.534 1	91.172 1
2	1	5.585 1	91.437 1
2	1	5.584 1	91.436 1
2	1	5.3 1	91.159 1
2	1	5.1068 1	91.561 1
2	1	5.26 1	91.1002 1
2	1	5.563 1	91.95 1
2	1	5.220 1	91.388 1
2	1	5.227 1	91.515 1
2	1	5.779 1	91.654 1
2	1	5.256 1	91.727 1
2	1	5.1105 1	91.429 1
3	2	5.1221 1	91.1141 1 91.238 0.885
2	1	5.21 1	91.935 1
2	1	5.218 1	91.387 1
5	6	5.869 0.069 5.870 1	91.260 0.597 91.517 0.117 91.891 1
2	1	5.565 1	91.564 1
2	1	5.492 1	91.762 1
3	2	5.736 1	91.1249 1 91.575 0.137
4	4	5.291 0.074 5.88 1	91.1000 0.112 91.518 1
2	1	5.1004 1	91.587 1
2	1	5.11 1	91.944 1
2	1	5.982 1	91.213 1
4	3	5.843 1	91.773 1 91.282 0.711 91.785 0.882
2	1	5.1158 1	91.781 1
2	1	5.778 1	91.653 1
2	1	5.766 1	91.641 1
2	1	5.505 1	91.1059 1
2	1	5.767 1	91.642 1
2	1	5.1198 1	91.1237 1
2	1	5.535 1	91.173 1
2	1	5.694 1	91.730 1
4	4	5.612 1 5.652 0.232	91.519 1 91.998 0.956
2	1	5.589 1	91.30 1
2	1	5.1100 1	91.1080 1
2	1	5.193 1	91.458 1
2	1	5.877 1	91.1309 1
2	1	5.1325 1	91.1066 1
2	1	5.609 1	91.485 1
2	1	5.759 1	91.636 1
2	1	5.1249 1	91.790 1
6	9	5.12 0.052 5.1233 1 5.393 0.056	91.1120 0.671 91.275 0.450 91.277 1
2	1	5.566 1	91.9 1
2	1	5.765 1	91.640 1
2	1	5.964 1	91.440 1
3	2	5.285 1	91.1037 1 91.326 0.169
2	1	5.769 1	91.644 1
2	1	5.1062 1	91.308 1
5	6	5.388 1 5.417 0.265 5.433 0.104	91.1200 1 91.92 0.073
2	1	5.145 1	91.765 1
2	1	5.951 1	91.839 1
2	1	5.173 1	91.109 1
2	1	5.1085 1	91.514 1
2	1	5.1354 1	91.1388 1
2	1	5.435 1	91.1046 1
2	1	5.195 1	91.460 1
2	1	5.247 1	91.1028 1
2	1	5.440 1	91.1051 1
2	1	5.932 1	91.457 1
2	1	5.1293 1	91.602 1
2	1	5.1216 1	91.1390 1
2	1	5.1162 1	91.628 1
2	1	5.772 1	91.647 1
2	1	5.929 1	91.551 1
2	1	5.998 1	91.251 1
2	1	5.172 1	91.107 1
5	4	5.286 1	91.756 0.119 91.757 0.113 91.920 0.222 91.921 1
2	1	5.163 1	91.25 1
2	1	5.305 1	91.1004 1
2	1	5.567 1	91.507 1
2	1	5.713 1	91.567 1
2	1	5.781 1	91.656 1
3	2	5.147 1	91.1299 1 91.1314 0.124
2	1	5.1163 1	91.629 1
5	4	5.310 1	91.1150 1 91.557 0.797 91.784 0.919 91.1298 0.953
2	1	5.1174 1	91.555 1
4	4	5.1015 1 5.1326 0.151	91.775 1 91.1277 0.676
2	1	5.756 1	91.633 1
2	1	5.1357 1	91.177 1
2	1	5.153 1	91.255 1
3	2	5.1077 1 5.457 0.137	91.923 1
2	1	5.561 1	91.93 1
2	1	5.1225 1	91.320 1
2	1	5.1269 1	91.17 1
2	1	5.897 1	91.907 1
2	1	5.1283 1	91.1203 1
3	2	5.977 1	91.1133 1 91.742 0.739
3	2	5.962 1	91.1015 1 91.239 0.249
2	1	5.1074 1	91.664 1
2	1	5.697 1	91.661 1
2	1	5.255 1	91.728 1
2	1	5.1289 1	91.606 1
2	1	5.1197 1	91.120 1
2	1	5.1001 1	91.590 1
2	1	5.1223 1	91.1273 1
2	1	5.770 1	91.645 1
2	1	5.785 1	91.1022 1
2	1	5.57 1	91.817 1
2	1	5.784 1	91.659 1
2	1	5.1248 1	91.791 1
2	1	5.45 1	91.1049 1
2	1	5.1060 1	91.1160 1
2	1	5.812 1	91.764 1
2	1	5.813 1	91.1391 1
2	1	5.986 1	91.304 1
5	6	5.315 0.841 5.541 1 5.810 0.559	91.527 1 91.993 0.521
2	1	5.16 1	91.940 1
2	1	5.1091 1	91.1295 1
2	1	5.434 1	91.1048 1
2	1	5.774 1	91.649 1
2	1	5.1205 1	91.797 1
2	1	5.1247 1	91.792 1
2	1	5.439 1	91.1038 1
2	1	5.1266 1	91.1126 1
2	1	5.564 1	91.1156 1
2	1	5.971 1	91.111 1
2	1	5.842 1	91.1151 1
2	1	5.138 1	91.385 1
2	1	5.332 1	91.896 1
3	2	5.1038 1	91.68 1 91.867 0.385
2	1	5.143 1	91.962 1
2	1	5.796 1	91.505 1
2	1	5.20 1	91.936 1
2	1	5.816 1	91.1394 1
2	1	5.83 1	91.234 1
2	1	5.165 1	91.27 1
2	1	5.1224 1	91.1274 1
2	1	5.1076 1	91.922 1
2	1	5.1012 1	91.1224 1
3	2	5.1028 1 5.502 1	91.235 1
2	1	5.1032 1	91.184 1
5	4	5.119 1	91.1054 1 91.1139 0.089 91.1207 0.103 91.814 0.137
2	1	5.415 1	91.1337 1
2	1	5.632 1	91.461 1
3	2	5.1040 0.088 5.134 1	91.678 1
2	1	5.983 1	91.123 1
2	1	5.1204 1	91.1275 1
4	3	5.1206 1	91.803 1 91.42 0.728 91.912 0.774
2	1	5.1154 1	91.783 1
2	1	5.194 1	91.459 1
2	1	5.378 1	91.1130 1
3	2	5.115 1	91.1056 0.053 91.1324 1
2	1	5.469 1	91.723 1
2	1	5.562 1	91.94 1
2	1	5.1253 1	91.786 1
3	2	5.1336 1	91.547 0.111 91.761 1
2	1	5.226 1	91.1192 1
2	1	5.1319 1	91.543 1
2	1	5.8 1	91.948 1
2	1	5.1000 1	91.1225 1
6	9	5.550 1 5.555 1 5.554 0.659	91.537 1 91.536 1 91.983 0.305
8	7	5.233 1 5.312 0.842 5.576 0.842 5.830 0.860 5.994 0.905 5.1115 0.860 5.1222 0.852	91.1271 1
2	1	5.741 1	91.1154 1
2	1	5.394 1	91.389 1
2	1	5.1053 1	91.473 1
2	1	5.1078 1	91.924 1
2	1	5.1285 1	91.113 1
2	1	5.737 1	91.317 1
2	1	5.588 1	91.31 1
2	1	5.496 1	91.713 1
2	1	5.1170 1	91.1069 1
2	1	5.761 1	91.637 1
2	1	5.1017 1	91.777 1
2	1	5.1110 1	91.1315 1
2	1	5.1089 1	91.1261 1
2	1	5.304 1	91.1005 1
2	1	5.9 1	91.947 1
2	1	5.419 1	91.430 1
2	1	5.1232 1	91.274 1
2	1	5.1297 1	91.16 1
2	1	5.856 1	91.708 1
2	1	5.896 1	91.904 1
3	2	5.38 1	91.1346 0.478 91.1349 1
2	1	5.1099 1	91.1079 1
2	1	5.1057 1	91.478 1
2	1	5.259 1	91.1146 1
2	1	5.421 1	91.1296 1
2	1	5.488 1	91.700 1
3	2	5.886 1	91.131 1 91.132 0.105
2	1	5.693 1	91.729 1
2	1	5.1217 1	91.169 1
2	1	5.6 1	91.950 1
2	1	5.921 1	91.115 1
2	1	5.349 1	91.156 1
