Size	Relations	OrthoA	OrthoB
2	1	5.1020 1	92.2234 1
2	1	5.604 1	92.1849 1
2	1	5.1150 1	92.1212 1
2	1	5.479 1	92.2579 1
2	1	5.303 1	92.1257 1
2	1	5.302 1	92.1258 1
2	1	5.1081 1	92.764 1
2	1	5.1360 1	92.815 1
2	1	5.1298 1	92.2043 1
2	1	5.1229 1	92.2500 1
2	1	5.162 1	92.1244 1
2	1	5.1160 1	92.1345 1
2	1	5.972 1	92.726 1
2	1	5.534 1	92.678 1
2	1	5.1338 1	92.1044 1
2	1	5.77 1	92.1992 1
2	1	5.1091 1	92.477 1
2	1	5.253 1	92.2220 1
2	1	5.1146 1	92.1673 1
2	1	5.1332 1	92.1925 1
2	1	5.734 1	92.123 1
2	1	5.793 1	92.2412 1
2	1	5.14 1	92.8 1
2	1	5.569 1	92.1086 1
2	1	5.37 1	92.1358 1
2	1	5.1103 1	92.1863 1
2	1	5.1186 1	92.354 1
2	1	5.536 1	92.680 1
2	1	5.1161 1	92.1713 1
2	1	5.1155 1	92.513 1
2	1	5.743 1	92.111 1
2	1	5.209 1	92.1735 1
2	1	5.376 1	92.696 1
2	1	5.26 1	92.19 1
2	1	5.978 1	92.2352 1
3	2	5.1255 1	92.2944 0.795 92.302 1
2	1	5.1171 1	92.1530 1
2	1	5.872 1	92.459 1
2	1	5.1021 1	92.2233 1
2	1	5.987 1	92.904 1
2	1	5.920 1	92.1111 1
2	1	5.437 1	92.945 1
2	1	5.1063 1	92.2509 1
2	1	5.24 1	92.17 1
2	1	5.1075 1	92.232 1
2	1	5.13 1	92.7 1
2	1	5.792 1	92.2413 1
2	1	5.151 1	92.1558 1
2	1	5.1002 1	92.1217 1
2	1	5.896 1	92.240 1
2	1	5.224 1	92.2323 1
2	1	5.949 1	92.1988 1
2	1	5.53 1	92.154 1
2	1	5.1176 1	92.1563 1
2	1	5.1050 1	92.376 1
2	1	5.814 1	92.2259 1
2	1	5.1202 1	92.1019 1
2	1	5.1284 1	92.1772 1
2	1	5.52 1	92.2306 1
2	1	5.266 1	92.1633 1
2	1	5.1351 1	92.2358 1
2	1	5.1071 1	92.1205 1
2	1	5.39 1	92.1356 1
2	1	5.958 1	92.1752 1
2	1	5.343 1	92.2122 1
2	1	5.1094 1	92.486 1
2	1	5.979 1	92.2353 1
2	1	5.1321 1	92.1587 1
2	1	5.1055 1	92.602 1
2	1	5.379 1	92.699 1
2	1	5.1238 1	92.734 1
2	1	5.1166 1	92.1463 1
2	1	5.900 1	92.2600 1
2	1	5.927 1	92.837 1
2	1	5.1309 1	92.2198 1
2	1	5.1324 1	92.1576 1
2	1	5.438 1	92.944 1
2	1	5.1302 1	92.23 1
2	1	5.663 1	92.2092 1
2	1	5.106 1	92.2640 1
2	1	5.487 1	92.2572 1
2	1	5.716 1	92.589 1
2	1	5.489 1	92.2570 1
2	1	5.17 1	92.11 1
2	1	5.882 1	92.2424 1
2	1	5.1250 1	92.280 1
2	1	5.871 1	92.458 1
2	1	5.914 1	92.1117 1
2	1	5.234 1	92.104 1
2	1	5.1023 1	92.2226 1
2	1	5.943 1	92.1169 1
2	1	5.232 1	92.797 1
2	1	5.711 1	92.1151 1
2	1	5.860 1	92.987 1
2	1	5.102 1	92.2645 1
2	1	5.484 1	92.2575 1
2	1	5.991 1	92.128 1
2	1	5.1198 1	92.821 1
2	1	5.1252 1	92.282 1
2	1	5.1095 1	92.487 1
2	1	5.1169 1	92.1532 1
2	1	5.1056 1	92.603 1
2	1	5.712 1	92.1150 1
2	1	5.1167 1	92.1462 1
2	1	5.1126 1	92.1186 1
2	1	5.992 1	92.129 1
2	1	5.1092 1	92.484 1
2	1	5.150 1	92.1559 1
2	1	5.794 1	92.2411 1
2	1	5.169 1	92.1234 1
2	1	5.1084 1	92.1375 1
2	1	5.1168 1	92.1533 1
2	1	5.919 1	92.1112 1
2	1	5.165 1	92.1241 1
2	1	5.841 1	92.1545 1
2	1	5.570 1	92.1085 1
2	1	5.10 1	92.1 1
2	1	5.691 1	92.66 1
2	1	5.869 1	92.456 1
2	1	5.493 1	92.2563 1
2	1	5.870 1	92.457 1
2	1	5.1049 1	92.377 1
2	1	5.135 1	92.974 1
2	1	5.764 1	92.404 1
2	1	5.1069 1	92.1521 1
2	1	5.1316 1	92.1594 1
2	1	5.436 1	92.946 1
2	1	5.5 1	92.2673 1
2	1	5.23 1	92.16 1
7	10	5.454 1 5.316 1	92.2011 1 92.1412 1 92.326 0.644 92.1784 0.187 92.802 0.181
2	1	5.917 1	92.1114 1
2	1	5.1073 1	92.234 1
2	1	5.295 1	92.368 1
2	1	5.913 1	92.1118 1
2	1	5.1343 1	92.1994 1
2	1	5.742 1	92.112 1
2	1	5.1054 1	92.601 1
2	1	5.1271 1	92.1023 1
2	1	5.103 1	92.2644 1
2	1	5.1213 1	92.668 1
2	1	5.801 1	92.2503 1
2	1	5.1007 1	92.637 1
2	1	5.342 1	92.2121 1
2	1	5.587 1	92.2474 1
2	1	5.537 1	92.682 1
2	1	5.145 1	92.1038 1
2	1	5.15 1	92.9 1
2	1	5.951 1	92.1990 1
2	1	5.941 1	92.1166 1
2	1	5.658 1	92.2086 1
2	1	5.888 1	92.2427 1
2	1	5.1104 1	92.1862 1
2	1	5.802 1	92.2876 1
5	6	5.829 1 5.372 0.895	92.2723 1 92.2724 0.867 92.2725 0.533
2	1	5.286 1	92.1719 1
2	1	5.1086 1	92.1373 1
2	1	5.1125 1	92.1185 1
3	2	5.96 1	92.2657 1 92.1668 0.833
2	1	5.910 1	92.1121 1
2	1	5.1014 1	92.2240 1
2	1	5.485 1	92.2574 1
2	1	5.1275 1	92.2334 1
2	1	5.229 1	92.2319 1
2	1	5.258 1	92.2215 1
2	1	5.811 1	92.2255 1
2	1	5.1123 1	92.1183 1
2	1	5.11 1	92.2 1
2	1	5.7 1	92.2675 1
3	2	5.1136 1	92.2704 1 92.2865 0.211
2	1	5.153 1	92.1556 1
2	1	5.1282 1	92.1774 1
2	1	5.320 1	92.1380 1
2	1	5.192 1	92.661 1
2	1	5.380 1	92.700 1
2	1	5.901 1	92.2599 1
2	1	5.97 1	92.2656 1
2	1	5.1318 1	92.1592 1
2	1	5.1083 1	92.1376 1
2	1	5.291 1	92.2524 1
2	1	5.899 1	92.2601 1
2	1	5.509 1	92.98 1
2	1	5.586 1	92.2475 1
2	1	5.510 1	92.99 1
2	1	5.607 1	92.1842 1
2	1	5.1029 1	92.2399 1
2	1	5.255 1	92.2218 1
2	1	5.480 1	92.2578 1
2	1	5.1272 1	92.1024 1
2	1	5.568 1	92.1087 1
2	1	5.694 1	92.58 1
2	1	5.35 1	92.1360 1
2	1	5.1124 1	92.1184 1
2	1	5.486 1	92.2573 1
2	1	5.893 1	92.243 1
2	1	5.1266 1	92.2841 1
2	1	5.341 1	92.2120 1
2	1	5.993 1	92.130 1
2	1	5.538 1	92.683 1
2	1	5.918 1	92.1113 1
2	1	5.1090 1	92.476 1
3	2	5.447 1	92.1472 1 92.964 0.100
2	1	5.1214 1	92.669 1
2	1	5.497 1	92.79 1
2	1	5.36 1	92.1359 1
2	1	5.1174 1	92.1565 1
2	1	5.154 1	92.1555 1
2	1	5.348 1	92.2150 1
2	1	5.895 1	92.241 1
3	2	5.1079 1	92.750 1 92.766 0.807
2	1	5.1279 1	92.2338 1
2	1	5.377 1	92.697 1
2	1	5.1051 1	92.375 1
2	1	5.147 1	92.1170 1
2	1	5.1001 1	92.1218 1
2	1	5.608 1	92.1841 1
2	1	5.99 1	92.2648 1
2	1	5.1163 1	92.1715 1
2	1	5.257 1	92.2216 1
2	1	5.148 1	92.1171 1
2	1	5.1015 1	92.2239 1
2	1	5.940 1	92.1165 1
2	1	5.803 1	92.2879 1
2	1	5.1085 1	92.1374 1
2	1	5.1326 1	92.1584 1
2	1	5.142 1	92.134 1
2	1	5.659 1	92.2087 1
2	1	5.1352 1	92.2039 1
2	1	5.1237 1	92.733 1
2	1	5.155 1	92.1554 1
2	1	5.227 1	92.2321 1
2	1	5.235 1	92.1190 1
2	1	5.1018 1	92.2236 1
2	1	5.1328 1	92.1932 1
2	1	5.1270 1	92.1022 1
2	1	5.1350 1	92.2357 1
2	1	5.657 1	92.2085 1
2	1	5.916 1	92.1115 1
2	1	5.1233 1	92.2080 1
2	1	5.795 1	92.2410 1
2	1	5.660 1	92.2088 1
2	1	5.222 1	92.2325 1
2	1	5.965 1	92.1759 1
7	6	5.388 1	92.1859 0.515 92.2250 0.556 92.2430 1 92.712 0.509 92.736 0.586 92.968 0.574
2	1	5.1317 1	92.1593 1
2	1	5.757 1	92.411 1
2	1	5.815 1	92.2260 1
2	1	5.20 1	92.14 1
2	1	5.256 1	92.2217 1
2	1	5.1009 1	92.635 1
2	1	5.223 1	92.2324 1
2	1	5.1362 1	92.809 1
2	1	5.1175 1	92.1564 1
2	1	5.1278 1	92.2337 1
3	2	5.200 1	92.1748 0.314 92.2497 1
2	1	5.167 1	92.1239 1
2	1	5.881 1	92.2423 1
2	1	5.873 1	92.460 1
2	1	5.152 1	92.1557 1
2	1	5.695 1	92.57 1
2	1	5.1088 1	92.473 1
2	1	5.174 1	92.605 1
2	1	5.902 1	92.2598 1
2	1	5.164 1	92.1242 1
2	1	5.1294 1	92.1386 1
2	1	5.1319 1	92.1589 1
2	1	5.1010 1	92.634 1
2	1	5.887 1	92.2426 1
2	1	5.1101 1	92.496 1
3	2	5.283 1	92.1500 1 92.1722 0.910
2	1	5.1212 1	92.2562 1
2	1	5.137 1	92.650 1
2	1	5.780 1	92.388 1
2	1	5.751 1	92.420 1
2	1	5.146 1	92.1039 1
2	1	5.263 1	92.2747 1
2	1	5.4 1	92.2672 1
2	1	5.915 1	92.1116 1
2	1	5.490 1	92.2569 1
2	1	5.1016 1	92.2238 1
2	1	5.589 1	92.2472 1
2	1	5.564 1	92.1091 1
2	1	5.1280 1	92.2345 1
2	1	5.310 1	92.1731 1
2	1	5.752 1	92.419 1
2	1	5.98 1	92.2655 1
2	1	5.156 1	92.1553 1
2	1	5.254 1	92.2219 1
2	1	5.859 1	92.984 1
2	1	5.88 1	92.1074 1
2	1	5.843 1	92.1540 1
2	1	5.301 1	92.1260 1
2	1	5.905 1	92.2583 1
2	1	5.891 1	92.245 1
2	1	5.321 1	92.1728 1
2	1	5.1251 1	92.281 1
2	1	5.1087 1	92.472 1
3	2	5.1044 1 5.1133 0.887	92.2906 1
2	1	5.698 1	92.54 1
2	1	5.740 1	92.114 1
2	1	5.947 1	92.1980 1
2	1	5.140 1	92.2041 1
2	1	5.750 1	92.421 1
2	1	5.975 1	92.2349 1
2	1	5.1353 1	92.2038 1
2	1	5.423 1	92.2494 1
2	1	5.1149 1	92.1211 1
2	1	5.1164 1	92.1716 1
2	1	5.937 1	92.1162 1
2	1	5.1117 1	92.2773 1
2	1	5.1310 1	92.2199 1
2	1	5.1105 1	92.1861 1
2	1	5.386 1	92.1727 1
2	1	5.500 1	92.83 1
2	1	5.206 1	92.2367 1
2	1	5.762 1	92.406 1
2	1	5.605 1	92.1848 1
2	1	5.806 1	92.2882 1
2	1	5.1292 1	92.1388 1
2	1	5.84 1	92.1887 1
2	1	5.963 1	92.1757 1
2	1	5.567 1	92.1088 1
2	1	5.1215 1	92.670 1
2	1	5.45 1	92.1075 1
2	1	5.912 1	92.1119 1
2	1	5.422 1	92.248 1
2	1	5.1246 1	92.276 1
2	1	5.904 1	92.2584 1
2	1	5.1008 1	92.636 1
2	1	5.1341 1	92.2873 1
2	1	5.1041 1	92.2903 1
2	1	5.936 1	92.1161 1
2	1	5.911 1	92.1120 1
2	1	5.199 1	92.843 1
2	1	5.1177 1	92.1562 1
2	1	5.1197 1	92.822 1
2	1	5.207 1	92.2368 1
2	1	5.690 1	92.67 1
2	1	5.566 1	92.1089 1
3	2	5.278 1	92.1916 0.797 92.2536 1
2	1	5.583 1	92.2478 1
2	1	5.501 1	92.86 1
2	1	5.46 1	92.1076 1
2	1	5.939 1	92.1164 1
2	1	5.1173 1	92.1566 1
2	1	5.163 1	92.1243 1
2	1	5.1333 1	92.1924 1
2	1	5.220 1	92.2327 1
2	1	5.483 1	92.2576 1
2	1	5.585 1	92.2476 1
2	1	5.1080 1	92.765 1
2	1	5.290 1	92.1453 1
2	1	5.982 1	92.848 1
2	1	5.123 1	92.2900 1
2	1	5.1011 1	92.633 1
2	1	5.289 1	92.1452 1
2	1	5.783 1	92.385 1
2	1	5.1216 1	92.671 1
2	1	5.696 1	92.56 1
2	1	5.903 1	92.2585 1
2	1	5.1162 1	92.1714 1
2	1	5.48 1	92.1079 1
2	1	5.766 1	92.402 1
2	1	5.1111 1	92.2896 1
6	5	5.1178 1	92.1134 0.169 92.164 0.558 92.1820 0.281 92.32 0.303 92.923 1
2	1	5.693 1	92.59 1
2	1	5.1019 1	92.2235 1
2	1	5.1012 1	92.632 1
3	2	5.294 1	92.1946 0.568 92.2527 1
2	1	5.763 1	92.405 1
2	1	5.111 1	92.1637 1
2	1	5.741 1	92.113 1
3	2	5.268 1	92.1213 0.795 92.21 1
2	1	5.506 1	92.95 1
2	1	5.1013 1	92.2241 1
2	1	5.1068 1	92.1522 1
2	1	5.1093 1	92.485 1
2	1	5.19 1	92.13 1
2	1	5.1004 1	92.1215 1
2	1	5.426 1	92.255 1
2	1	5.277 1	92.2535 1
4	4	5.1195 1 5.1340 0.295	92.2890 1 92.2934 0.445
2	1	5.1244 1	92.274 1
2	1	5.856 1	92.977 1
2	1	5.1274 1	92.2333 1
2	1	5.309 1	92.2531 1
2	1	5.204 1	92.359 1
2	1	5.1185 1	92.355 1
2	1	5.777 1	92.391 1
2	1	5.1196 1	92.823 1
2	1	5.504 1	92.91 1
2	1	5.1204 1	92.1008 1
2	1	5.928 1	92.836 1
2	1	5.83 1	92.1888 1
2	1	5.230 1	92.2318 1
2	1	5.954 1	92.1750 1
2	1	5.1358 1	92.777 1
2	1	5.782 1	92.386 1
2	1	5.1003 1	92.1216 1
2	1	5.419 1	92.1005 1
2	1	5.948 1	92.1981 1
2	1	5.1199 1	92.818 1
2	1	5.364 1	92.228 1
2	1	5.669 1	92.2100 1
2	1	5.1156 1	92.514 1
2	1	5.1295 1	92.1385 1
2	1	5.1276 1	92.2335 1
2	1	5.434 1	92.947 1
8	7	5.350 1	92.159 0.638 92.1629 0.276 92.1826 0.659 92.2637 0.393 92.807 0.544 92.918 1 92.953 0.074
2	1	5.378 1	92.698 1
2	1	5.1320 1	92.1588 1
2	1	5.894 1	92.242 1
2	1	5.218 1	92.2329 1
2	1	5.143 1	92.135 1
2	1	5.416 1	92.428 1
2	1	5.584 1	92.2477 1
2	1	5.713 1	92.1149 1
2	1	5.288 1	92.1717 1
10	9	5.541 1	92.1055 0.145 92.1411 0.859 92.1476 0.846 92.1704 0.804 92.1785 0.816 92.2436 0.786 92.562 0.864 92.801 1 92.935 0.153
2	1	5.366 1	92.1180 1
2	1	5.25 1	92.18 1
2	1	5.100 1	92.2647 1
2	1	5.332 1	92.252 1
2	1	5.1089 1	92.474 1
2	1	5.420 1	92.1004 1
2	1	5.1030 1	92.2398 1
2	1	5.929 1	92.832 1
2	1	5.930 1	92.831 1
2	1	5.12 1	92.3 1
12	11	5.612 1	92.1068 0.060 92.1222 0.307 92.1415 0.974 92.1781 0.814 92.2293 0.384 92.324 1 92.557 0.985 92.721 0.963 92.783 0.133 92.804 0.806 92.859 0.817
2	1	5.1354 1	92.2037 1
2	1	5.195 1	92.658 1
2	1	5.168 1	92.1237 1
2	1	5.771 1	92.397 1
2	1	5.561 1	92.1095 1
2	1	5.444 1	92.2911 1
2	1	5.1033 1	92.2370 1
2	1	5.1262 1	92.2914 1
2	1	5.1236 1	92.732 1
2	1	5.717 1	92.588 1
2	1	5.1256 1	92.305 1
3	2	5.182 1 5.635 0.254	92.2935 1
2	1	5.21 1	92.15 1
2	1	5.323 1	92.594 1
2	1	5.1249 1	92.279 1
2	1	5.413 1	92.2924 1
2	1	5.414 1	92.2925 1
2	1	5.3 1	92.2671 1
2	1	5.1291 1	92.1389 1
2	1	5.219 1	92.2328 1
2	1	5.768 1	92.400 1
2	1	5.938 1	92.1163 1
2	1	5.108 1	92.191 1
2	1	5.34 1	92.1361 1
2	1	5.753 1	92.418 1
3	2	5.308 1	92.1952 1 92.2532 0.750
9	8	5.464 1	92.1330 1 92.1616 0.101 92.172 0.113 92.1813 0.113 92.1880 0.113 92.2166 0.101 92.2623 0.113 92.791 0.574
3	2	5.393 1	92.192 1 92.2926 0.700
2	1	5.149 1	92.1172 1
2	1	5.1239 1	92.256 1
2	1	5.535 1	92.679 1
2	1	5.333 1	92.253 1
2	1	5.609 1	92.1840 1
2	1	5.664 1	92.2093 1
2	1	5.1165 1	92.1481 1
2	1	5.816 1	92.2261 1
2	1	5.499 1	92.80 1
2	1	5.964 1	92.1758 1
2	1	5.1077 1	92.230 1
2	1	5.1078 1	92.229 1
2	1	5.391 1	92.2854 1
2	1	5.565 1	92.1090 1
3	2	5.285 1	92.1502 0.333 92.1720 1
2	1	5.1344 1	92.1996 1
2	1	5.1325 1	92.1577 1
2	1	5.630 1	92.2932 1
2	1	5.813 1	92.2258 1
2	1	5.776 1	92.392 1
2	1	5.202 1	92.361 1
2	1	5.998 1	92.1232 1
2	1	5.172 1	92.607 1
2	1	5.49 1	92.2317 1
2	1	5.1232 1	92.2068 1
2	1	5.1337 1	92.1043 1
2	1	5.710 1	92.1152 1
2	1	5.962 1	92.1756 1
2	1	5.697 1	92.55 1
2	1	5.557 1	92.436 1
2	1	5.1223 1	92.2003 1
2	1	5.1100 1	92.495 1
2	1	5.16 1	92.10 1
2	1	5.305 1	92.1255 1
2	1	5.1211 1	92.2560 1
2	1	5.1264 1	92.2839 1
2	1	5.300 1	92.1261 1
2	1	5.554 1	92.897 1
2	1	5.744 1	92.110 1
2	1	5.442 1	92.940 1
2	1	5.353 1	92.1824 1
2	1	5.248 1	92.2108 1
2	1	5.1225 1	92.2001 1
2	1	5.492 1	92.2564 1
2	1	5.367 1	92.1181 1
2	1	5.1060 1	92.2514 1
2	1	5.363 1	92.2359 1
2	1	5.505 1	92.94 1
2	1	5.481 1	92.2577 1
15	14	5.551 1	92.1343 0.324 92.1396 0.352 92.1802 0.408 92.2178 0.408 92.2270 0.296 92.2457 0.408 92.258 1 92.310 0.352 92.345 0.324 92.455 0.338 92.578 0.394 92.784 0.225 92.863 0.324 92.899 0.479
2	1	5.732 1	92.124 1
2	1	5.907 1	92.2581 1
2	1	5.736 1	92.122 1
2	1	5.173 1	92.606 1
3	2	5.1257 1	92.2947 1 92.306 0.977
2	1	5.1334 1	92.1923 1
2	1	5.389 1	92.1484 1
2	1	5.1269 1	92.1021 1
2	1	5.259 1	92.2211 1
2	1	5.765 1	92.403 1
2	1	5.1357 1	92.776 1
2	1	5.139 1	92.2042 1
2	1	5.1313 1	92.1597 1
2	1	5.1074 1	92.233 1
2	1	5.909 1	92.1123 1
2	1	5.925 1	92.841 1
2	1	5.527 1	92.1647 1
2	1	5.706 1	92.1955 1
2	1	5.503 1	92.90 1
8	12	5.990 1 5.989 1	92.2419 1 92.1323 1 92.2309 0.757 92.1736 0.392 92.709 0.348 92.1972 0.222
2	1	5.550 1	92.2184 1
2	1	5.745 1	92.109 1
2	1	5.1067 1	92.1523 1
2	1	5.1158 1	92.516 1
2	1	5.1032 1	92.2396 1
2	1	5.974 1	92.2348 1
2	1	5.394 1	92.687 1
2	1	5.439 1	92.943 1
2	1	5.862 1	92.989 1
2	1	5.769 1	92.399 1
2	1	5.877 1	92.465 1
2	1	5.1240 1	92.257 1
2	1	5.349 1	92.2151 1
2	1	5.739 1	92.119 1
2	1	5.758 1	92.410 1
2	1	5.247 1	92.2109 1
2	1	5.134 1	92.973 1
2	1	5.1248 1	92.278 1
2	1	5.354 1	92.1823 1
2	1	5.55 1	92.152 1
2	1	5.457 1	92.2804 1
2	1	5.1345 1	92.2000 1
2	1	5.737 1	92.121 1
2	1	5.976 1	92.2350 1
2	1	5.1157 1	92.515 1
2	1	5.508 1	92.97 1
2	1	5.1221 1	92.2026 1
2	1	5.507 1	92.96 1
2	1	5.784 1	92.384 1
2	1	5.1203 1	92.1018 1
2	1	5.773 1	92.395 1
3	2	5.1142 1 5.190 0.394	92.2883 1
2	1	5.756 1	92.412 1
2	1	5.1234 1	92.2083 1
2	1	5.996 1	92.133 1
2	1	5.606 1	92.1847 1
2	1	5.892 1	92.244 1
2	1	5.759 1	92.409 1
2	1	5.592 1	92.2461 1
2	1	5.563 1	92.1093 1
2	1	5.1097 1	92.492 1
2	1	5.1355 1	92.774 1
2	1	5.1289 1	92.1391 1
2	1	5.440 1	92.942 1
2	1	5.1293 1	92.1387 1
2	1	5.1303 1	92.25 1
2	1	5.1245 1	92.275 1
2	1	5.6 1	92.2674 1
2	1	5.158 1	92.1251 1
2	1	5.842 1	92.1541 1
2	1	5.390 1	92.1483 1
2	1	5.772 1	92.396 1
2	1	5.828 1	92.2692 1
2	1	5.304 1	92.1256 1
2	1	5.767 1	92.401 1
2	1	5.977 1	92.2351 1
2	1	5.1031 1	92.2397 1
2	1	5.761 1	92.407 1
2	1	5.201 1	92.364 1
17	30	5.654 1 5.543 1	92.1816 1 92.2534 1 92.2626 0.869 92.169 0.865 92.1954 0.483 92.1281 0.456 92.2169 0.448 92.2285 0.266 92.563 0.266 92.329 0.265 92.1409 0.259 92.937 0.155 92.1786 0.111 92.1883 0.084 92.1126 0.053
2	1	5.8 1	92.2676 1
2	1	5.1253 1	92.283 1
2	1	5.262 1	92.2204 1
6	8	5.312 1 5.576 1	92.140 1 92.146 1 92.1470 0.600 92.71 1
2	1	5.1361 1	92.811 1
2	1	5.897 1	92.239 1
2	1	5.999 1	92.1231 1
2	1	5.373 1	92.2789 1
2	1	5.668 1	92.2099 1
2	1	5.778 1	92.390 1
2	1	5.38 1	92.1357 1
2	1	5.818 1	92.2266 1
2	1	5.1285 1	92.1771 1
2	1	5.1366 1	92.2690 1
2	1	5.194 1	92.659 1
2	1	5.874 1	92.464 1
2	1	5.775 1	92.393 1
2	1	5.588 1	92.2473 1
2	1	5.1170 1	92.1531 1
2	1	5.857 1	92.978 1
2	1	5.1224 1	92.2002 1
2	1	5.233 1	92.105 1
2	1	5.994 1	92.131 1
2	1	5.1308 1	92.2197 1
6	5	5.555 1	92.1643 0.077 92.2453 0.077 92.574 0.462 92.786 1 92.896 0.692
2	1	5.1006 1	92.638 1
2	1	5.1222 1	92.2004 1
2	1	5.104 1	92.2643 1
2	1	5.1096 1	92.488 1
2	1	5.193 1	92.660 1
2	1	5.488 1	92.2571 1
2	1	5.86 1	92.1885 1
2	1	5.1283 1	92.1773 1
2	1	5.1053 1	92.600 1
2	1	5.779 1	92.389 1
2	1	5.1273 1	92.1025 1
2	1	5.237 1	92.2296 1
2	1	5.661 1	92.2089 1
5	6	5.1115 1 5.830 1	92.2730 1 92.2776 0.308 92.2695 1
2	1	5.95 1	92.2661 1
2	1	5.50 1	92.2316 1
2	1	5.781 1	92.387 1
2	1	5.221 1	92.2326 1
2	1	5.421 1	92.1003 1
2	1	5.980 1	92.846 1
2	1	5.1153 1	92.510 1
2	1	5.228 1	92.2320 1
2	1	5.577 1	92.2850 1
2	1	5.1217 1	92.672 1
2	1	5.921 1	92.842 1
2	1	5.952 1	92.1991 1
2	1	5.1042 1	92.2904 1
2	1	5.170 1	92.608 1
2	1	5.1277 1	92.2336 1
2	1	5.804 1	92.2880 1
2	1	5.774 1	92.394 1
2	1	5.558 1	92.437 1
3	2	5.279 1	92.1915 1 92.2537 0.304
2	1	5.1005 1	92.639 1
2	1	5.932 1	92.827 1
2	1	5.1017 1	92.2237 1
2	1	5.122 1	92.2913 1
2	1	5.1342 1	92.2894 1
2	1	5.249 1	92.2105 1
2	1	5.1182 1	92.357 1
2	1	5.1247 1	92.277 1
2	1	5.411 1	92.2936 1
2	1	5.443 1	92.939 1
2	1	5.785 1	92.381 1
43	120	5.985 1 5.1057 1 5.650 1	92.902 1 92.604 1 92.1326 1 92.1072 0.585 92.1511 0.582 92.2267 0.581 92.272 0.580 92.334 0.577 92.1943 0.570 92.2407 0.555 92.1065 0.549 92.2311 0.516 92.1517 0.491 92.2072 0.487 92.76 0.474 92.2094 0.468 92.1519 0.467 92.1929 0.412 92.1365 0.397 92.145 0.397 92.1053 0.390 92.2016 0.369 92.1641 0.283 92.795 0.215 92.271 0.205 92.566 0.204 92.1049 0.202 92.319 0.186 92.1655 0.181 92.1792 0.180 92.695 0.150 92.1653 0.149 92.1777 0.149 92.2950 0.149 92.1406 0.122 92.2442 0.122 92.873 0.122 92.885 0.122 92.2282 0.121 92.2771 0.071
2	1	5.133 1	92.970 1
2	1	5.981 1	92.847 1
2	1	5.18 1	92.12 1
2	1	5.988 1	92.905 1
2	1	5.1243 1	92.193 1
2	1	5.714 1	92.1147 1
2	1	5.205 1	92.2366 1
2	1	5.1116 1	92.2774 1
5	4	5.463 1	92.1460 0.103 92.2189 0.483 92.444 1 92.790 0.621
2	1	5.338 1	92.2931 1
3	2	5.242 1	92.2783 0.500 92.2803 1
2	1	5.339 1	92.2114 1
2	1	5.76 1	92.1993 1
2	1	5.983 1	92.850 1
2	1	5.225 1	92.2322 1
2	1	5.1286 1	92.1769 1
2	1	5.1022 1	92.2227 1
2	1	5.166 1	92.1240 1
2	1	5.864 1	92.991 1
2	1	5.136 1	92.642 1
2	1	5.1154 1	92.512 1
2	1	5.1172 1	92.1567 1
2	1	5.261 1	92.2209 1
6	5	5.387 1	92.1220 0.948 92.1779 0.922 92.1860 0.164 92.2251 0.190 92.857 1
2	1	5.427 1	92.254 1
2	1	5.573 1	92.423 1
2	1	5.812 1	92.2256 1
3	2	5.87 1	92.1944 0.966 92.2525 1
2	1	5.540 1	92.685 1
2	1	5.1336 1	92.549 1
3	2	5.307 1	92.1953 1 92.2533 1
2	1	5.1076 1	92.231 1
2	1	5.101 1	92.2646 1
2	1	5.986 1	92.903 1
2	1	5.138 1	92.651 1
2	1	5.1241 1	92.39 1
2	1	5.1254 1	92.284 1
2	1	5.1290 1	92.1390 1
2	1	5.344 1	92.1664 1
9	8	5.355 1	92.1139 0.850 92.1271 0.688 92.162 0.958 92.1822 0.969 92.2633 1 92.30 0.059 92.921 0.973 92.956 0.083
2	1	5.1061 1	92.2513 1
2	1	5.1314 1	92.1596 1
3	2	5.293 1	92.1945 1 92.2526 0.969
2	1	5.667 1	92.2098 1
2	1	5.662 1	92.2091 1
2	1	5.1288 1	92.1393 1
2	1	5.1201 1	92.1020 1
2	1	5.973 1	92.2347 1
2	1	5.1145 1	92.1678 1
2	1	5.313 1	92.1699 1
4	3	5.699 1	92.1746 1 92.2385 0.385 92.2495 0.615
2	1	5.933 1	92.595 1
2	1	5.418 1	92.1006 1
2	1	5.178 1	92.2940 1
2	1	5.656 1	92.2084 1
2	1	5.858 1	92.981 1
2	1	5.855 1	92.975 1
2	1	5.1040 1	92.2805 1
2	1	5.1062 1	92.2510 1
2	1	5.770 1	92.398 1
2	1	5.863 1	92.990 1
2	1	5.280 1	92.1914 1
2	1	5.1099 1	92.494 1
5	4	5.934 1	92.1964 0.071 92.237 0.074 92.597 1 92.782 0.076
4	3	5.1363 1	92.2919 1 92.2802 0.845 92.2901 0.931
2	1	5.879 1	92.2422 1
2	1	5.1000 1	92.1219 1
2	1	5.119 1	92.2035 1
2	1	5.335 1	92.2742 1
2	1	5.264 1	92.2794 1
15	26	5.530 1 5.680 1	92.1101 1 92.2764 1 92.296 0.657 92.1737 0.466 92.2486 0.464 92.2956 0.462 92.708 0.462 92.1100 0.381 92.1317 0.356 92.1973 0.236 92.2131 0.225 92.2310 0.180 92.2064 0.078
2	1	5.1098 1	92.493 1
2	1	5.203 1	92.360 1
4	3	5.701 1	92.1913 0.479 92.2538 0.243 92.525 1
2	1	5.184 1	92.2866 1
2	1	5.562 1	92.1094 1
2	1	5.966 1	92.1028 1
2	1	5.385 1	92.1726 1
2	1	5.287 1	92.1718 1
2	1	5.1043 1	92.2905 1
2	1	5.645 1	92.2465 1
2	1	5.1059 1	92.2515 1
2	1	5.1152 1	92.508 1
2	1	5.575 1	92.2071 1
2	1	5.1297 1	92.2044 1
2	1	5.1231 1	92.2498 1
2	1	5.306 1	92.1254 1
11	18	5.474 1 5.475 1	92.2279 1 92.569 1 92.793 1 92.887 0.286 92.317 0.167 92.336 0.167 92.871 0.167 92.1328 0.166 92.1404 0.083
2	1	5.1261 1	92.2712 1
6	5	5.678 1	92.1413 0.272 92.2291 0.198 92.325 1 92.41 0.150 92.803 0.293
2	1	5.346 1	92.2147 1
2	1	5.1263 1	92.2837 1
2	1	5.613 1	92.2432 1
2	1	5.491 1	92.2568 1
2	1	5.1230 1	92.2499 1
2	1	5.1183 1	92.356 1
2	1	5.340 1	92.2115 1
4	3	5.703 1	92.1906 1 92.2545 0.220 92.534 0.053
2	1	5.502 1	92.89 1
2	1	5.331 1	92.251 1
2	1	5.1072 1	92.1206 1
2	1	5.1028 1	92.2400 1
2	1	5.1220 1	92.2031 1
2	1	5.831 1	92.2696 1
2	1	5.42 1	92.1353 1
2	1	5.1364 1	92.2801 1
2	1	5.528 1	92.2449 1
2	1	5.1102 1	92.1884 1
11	10	5.525 1	92.1402 0.848 92.1645 1 92.1797 0.879 92.2276 0.848 92.2447 0.955 92.315 0.848 92.339 0.848 92.572 0.894 92.869 0.848 92.893 0.879
2	1	5.360 1	92.1224 1
5	4	5.681 1	92.1507 0.812 92.1896 1 92.2552 1 92.542 0.812
2	1	5.392 1	92.2853 1
2	1	5.942 1	92.1168 1
2	1	5.643 1	92.40 1
8	7	5.671 1	92.1742 1 92.2125 0.942 92.2381 1 92.2490 0.942 92.2759 1 92.292 0.885 92.2952 0.885
2	1	5.1327 1	92.1585 1
2	1	5.9 1	92.2677 1
2	1	5.1329 1	92.1931 1
2	1	5.1296 1	92.2045 1
2	1	5.441 1	92.941 1
15	14	5.615 1	92.1327 0.705 92.1405 0.582 92.1654 1 92.1793 0.740 92.2193 0.235 92.2281 0.692 92.2443 0.753 92.267 0.836 92.318 0.671 92.335 0.582 92.567 0.671 92.794 0.740 92.872 0.671 92.886 0.658
2	1	5.950 1	92.1989 1
2	1	5.54 1	92.153 1
2	1	5.1312 1	92.1598 1
2	1	5.361 1	92.559 1
2	1	5.591 1	92.2462 1
2	1	5.956 1	92.1751 1
3	2	5.1045 1 5.471 0.145	92.2778 1
11	10	5.682 1	92.1037 0.984 92.1305 0.967 92.1368 0.721 92.1571 1 92.1604 0.180 92.1803 0.738 92.186 0.738 92.1866 0.463 92.2154 0.754 92.2610 0.738
2	1	5.93 1	92.2664 1
2	1	5.524 1	92.2448 1
2	1	5.805 1	92.2881 1
2	1	5.946 1	92.1978 1
2	1	5.511 1	92.100 1
2	1	5.345 1	92.2146 1
2	1	5.1335 1	92.551 1
26	25	5.469 1	92.1014 0.927 92.1015 0.954 92.1054 0.898 92.1466 0.925 92.1547 0.958 92.1552 0.922 92.1600 0.924 92.1656 0.922 92.1676 0.922 92.1835 0.917 92.1836 0.928 92.1999 0.915 92.2112 0.925 92.2249 0.925 92.2294 0.924 92.2300 0.863 92.2686 0.922 92.371 0.925 92.425 0.924 92.48 0.922 92.520 1 92.591 0.911 92.623 0.922 92.75 0.906 92.772 0.922
2	1	5.760 1	92.408 1
2	1	5.638 1	92.528 1
2	1	5.574 1	92.422 1
2	1	5.861 1	92.988 1
2	1	5.311 1	92.1732 1
2	1	5.1259 1	92.2777 1
2	1	5.243 1	92.825 1
8	12	5.837 1 5.722 1	92.2954 1 92.706 1 92.2488 0.624 92.2127 0.346 92.1740 0.333 92.2763 0.175
4	3	5.683 1	92.1898 1 92.2550 1 92.540 1
6	5	5.653 1	92.1410 1 92.1477 1 92.2286 1 92.2437 1 92.936 1
9	18	5.729 1 5.618 1 5.726 0.171	92.894 1 92.2187 1 92.576 0.155 92.756 0.131 92.1333 0.084 92.1334 0.055
2	1	5.865 1	92.992 1
2	1	5.673 1	92.2493 1
3	2	5.282 1	92.1141 0.206 92.160 1
2	1	5.271 1	92.22 1
3	2	5.523 0.191 5.724 1	92.446 1
8	7	5.542 1	92.1284 1 92.1618 1 92.170 1 92.1815 1 92.1882 1 92.2168 1 92.2625 1
2	1	5.648 1	92.2636 1
2	1	5.817 1	92.2262 1
2	1	5.1348 1	92.2356 1
2	1	5.236 1	92.1187 1
2	1	5.252 1	92.2221 1
2	1	5.67 1	92.2769 1
2	1	5.107 1	92.187 1
2	1	5.672 1	92.1313 1
2	1	5.408 1	92.2927 1
2	1	5.1315 1	92.1595 1
26	25	5.1307 1	92.1209 0.326 92.1324 0.381 92.1451 0.329 92.1469 0.324 92.1535 0.326 92.1548 0.768 92.1551 0.324 92.1675 0.768 92.1852 0.721 92.1975 0.326 92.2030 0.324 92.2340 0.525 92.2482 0.814 92.2588 1 92.2608 0.324 92.2895 0.534 92.641 0.750 92.649 0.327 92.65 0.330 92.657 0.323 92.684 0.324 92.879 0.324 92.93 0.323 92.952 0.326 92.976 0.530
2	1	5.1356 1	92.775 1
3	2	5.284 1	92.1501 0.279 92.1721 1
2	1	5.82 1	92.2391 1
8	12	5.677 1 5.676 1	92.1747 1 92.655 1 92.2386 0.979 92.2496 0.979 92.752 0.925 92.1310 0.911
2	1	5.1218 1	92.673 1
