Size	Relations	OrthoA	OrthoB
2	1	41.39 1	54.44 1
2	1	41.40 1	54.45 1
2	1	41.280 1	54.561 1
2	1	41.56 1	54.62 1
2	1	41.54 1	54.60 1
2	1	41.950 1	54.141 1
2	1	41.320 1	54.305 1
2	1	41.390 1	54.380 1
2	1	41.261 1	54.586 1
2	1	41.951 1	54.140 1
2	1	41.1032 1	54.761 1
2	1	41.952 1	54.139 1
2	1	41.458 1	54.451 1
2	1	41.1004 1	54.754 1
2	1	41.416 1	54.464 1
2	1	41.92 1	54.98 1
2	1	41.367 1	54.354 1
2	1	41.201 1	54.647 1
2	1	41.774 1	54.286 1
2	1	41.388 1	54.378 1
2	1	41.162 1	54.681 1
2	1	41.911 1	54.175 1
2	1	41.874 1	54.206 1
2	1	41.918 1	54.166 1
2	1	41.137 1	54.707 1
2	1	41.4 1	54.4 1
2	1	41.174 1	54.668 1
2	1	41.161 1	54.682 1
2	1	41.55 1	54.61 1
2	1	41.12 1	54.13 1
2	1	41.3 1	54.3 1
2	1	41.771 1	54.289 1
2	1	41.335 1	54.322 1
2	1	41.67 1	54.75 1
2	1	41.373 1	54.358 1
2	1	41.364 1	54.349 1
2	1	41.947 1	54.144 1
2	1	41.841 1	54.233 1
2	1	41.1086 1	54.793 1
2	1	41.674 1	54.480 1
2	1	41.494 1	54.411 1
2	1	41.875 1	54.205 1
2	1	41.121 1	54.137 1
2	1	41.357 1	54.343 1
2	1	41.359 1	54.345 1
2	1	41.48 1	54.53 1
2	1	41.97 1	54.105 1
2	1	41.226 1	54.622 1
2	1	41.935 1	54.154 1
2	1	41.203 1	54.645 1
2	1	41.378 1	54.362 1
2	1	41.801 1	54.259 1
2	1	41.111 1	54.120 1
2	1	41.321 1	54.306 1
2	1	41.670 1	54.485 1
2	1	41.88 1	54.94 1
2	1	41.105 1	54.112 1
2	1	41.242 1	54.608 1
2	1	41.254 1	54.594 1
2	1	41.50 1	54.55 1
2	1	41.1068 1	54.781 1
2	1	41.897 1	54.182 1
2	1	41.909 1	54.176 1
2	1	41.17 1	54.18 1
2	1	41.903 1	54.181 1
2	1	41.873 1	54.207 1
2	1	41.356 1	54.342 1
2	1	41.189 1	54.652 1
2	1	41.982 1	54.730 1
2	1	41.943 1	54.148 1
2	1	41.893 1	54.194 1
2	1	41.806 1	54.252 1
2	1	41.187 1	54.654 1
3	2	41.654 1 41.739 0.179	54.405 1
2	1	41.1031 1	54.760 1
2	1	41.1093 1	54.800 1
2	1	41.168 1	54.266 1
2	1	41.110 1	54.117 1
2	1	41.103 1	54.110 1
2	1	41.253 1	54.595 1
2	1	41.425 1	54.478 1
2	1	41.295 1	54.546 1
2	1	41.426 1	54.477 1
3	2	41.712 1	54.473 1 54.465 0.994
2	1	41.1102 1	54.807 1
2	1	41.234 1	54.613 1
2	1	41.293 1	54.548 1
2	1	41.923 1	54.163 1
2	1	41.438 1	54.126 1
2	1	41.1087 1	54.794 1
2	1	41.831 1	54.243 1
2	1	41.167 1	54.675 1
2	1	41.80 1	54.161 1
2	1	41.230 1	54.617 1
2	1	41.325 1	54.84 1
2	1	41.81 1	54.91 1
4	3	41.1104 1 41.510 0.901 41.514 0.892	54.808 1
2	1	41.895 1	54.186 1
2	1	41.813 1	54.215 1
2	1	41.1071 1	54.784 1
2	1	41.108 1	54.115 1
2	1	41.294 1	54.547 1
2	1	41.1100 1	54.805 1
2	1	41.24 1	54.25 1
2	1	41.90 1	54.96 1
2	1	41.114 1	54.130 1
2	1	41.1089 1	54.796 1
2	1	41.155 1	54.685 1
2	1	41.788 1	54.278 1
2	1	41.1090 1	54.797 1
2	1	41.119 1	54.135 1
2	1	41.797 1	54.267 1
2	1	41.319 1	54.304 1
2	1	41.1111 1	54.811 1
2	1	41.213 1	54.635 1
2	1	41.796 1	54.268 1
3	2	41.394 1 41.751 0.786	54.384 1
2	1	41.315 1	54.298 1
2	1	41.173 1	54.669 1
2	1	41.355 1	54.341 1
2	1	41.823 1	54.121 1
2	1	41.496 1	54.404 1
2	1	41.255 1	54.593 1
2	1	41.250 1	54.601 1
2	1	41.847 1	54.226 1
2	1	41.889 1	54.183 1
2	1	41.1105 1	54.809 1
2	1	41.337 1	54.261 1
2	1	41.763 1	54.294 1
2	1	41.1025 1	54.758 1
2	1	41.1 1	54.1 1
2	1	41.392 1	54.382 1
2	1	41.973 1	54.720 1
2	1	41.107 1	54.114 1
2	1	41.713 1	54.474 1
2	1	41.1065 1	54.775 1
2	1	41.332 1	54.319 1
2	1	41.1006 1	54.757 1
2	1	41.282 1	54.559 1
2	1	41.151 1	54.692 1
2	1	41.1081 1	54.786 1
2	1	41.29 1	54.30 1
2	1	41.808 1	54.250 1
2	1	41.166 1	54.677 1
2	1	41.275 1	54.566 1
2	1	41.377 1	54.361 1
2	1	41.69 1	54.79 1
2	1	41.766 1	54.292 1
2	1	41.179 1	54.662 1
2	1	41.224 1	54.624 1
2	1	41.2 1	54.2 1
2	1	41.251 1	54.597 1
2	1	41.404 1	54.390 1
2	1	41.1062 1	54.772 1
2	1	41.435 1	54.123 1
2	1	41.807 1	54.251 1
2	1	41.156 1	54.684 1
2	1	41.128 1	54.777 1
2	1	41.840 1	54.234 1
2	1	41.998 1	54.746 1
2	1	41.383 1	54.375 1
4	3	41.1067 1 41.633 0.906 41.692 0.906	54.780 1
2	1	41.1085 1	54.791 1
2	1	41.70 1	54.80 1
2	1	41.1092 1	54.799 1
2	1	41.477 1	54.432 1
2	1	41.208 1	54.641 1
2	1	41.221 1	54.627 1
2	1	41.272 1	54.572 1
2	1	41.480 1	54.429 1
2	1	41.241 1	54.609 1
2	1	41.322 1	54.307 1
2	1	41.6 1	54.7 1
2	1	41.904 1	54.180 1
2	1	41.879 1	54.201 1
2	1	41.104 1	54.111 1
2	1	41.436 1	54.124 1
2	1	41.191 1	54.649 1
2	1	41.252 1	54.596 1
2	1	41.303 1	54.533 1
2	1	41.975 1	54.723 1
2	1	41.52 1	54.57 1
2	1	41.279 1	54.562 1
2	1	41.972 1	54.719 1
2	1	41.1116 1	54.813 1
2	1	41.1019 1	54.40 1
2	1	41.16 1	54.17 1
2	1	41.181 1	54.660 1
2	1	41.773 1	54.287 1
2	1	41.269 1	54.575 1
2	1	41.14 1	54.15 1
2	1	41.257 1	54.591 1
2	1	41.473 1	54.442 1
2	1	41.60 1	54.66 1
2	1	41.370 1	54.355 1
2	1	41.830 1	54.244 1
2	1	41.499 1	54.402 1
2	1	41.382 1	54.372 1
2	1	41.949 1	54.142 1
2	1	41.290 1	54.551 1
2	1	41.777 1	54.283 1
2	1	41.278 1	54.563 1
2	1	41.1083 1	54.789 1
2	1	41.971 1	54.718 1
2	1	41.120 1	54.136 1
2	1	41.133 1	54.712 1
2	1	41.859 1	54.217 1
2	1	41.405 1	54.391 1
2	1	41.890 1	54.5 1
2	1	41.1113 1	54.128 1
2	1	41.338 1	54.260 1
2	1	41.204 1	54.644 1
2	1	41.62 1	54.68 1
2	1	41.858 1	54.218 1
2	1	41.267 1	54.580 1
2	1	41.482 1	54.424 1
2	1	41.802 1	54.257 1
2	1	41.1070 1	54.783 1
2	1	41.216 1	54.630 1
2	1	41.343 1	54.327 1
2	1	41.123 1	54.103 1
2	1	41.222 1	54.626 1
2	1	41.18 1	54.19 1
2	1	41.804 1	54.255 1
2	1	41.146 1	54.697 1
2	1	41.178 1	54.664 1
2	1	41.59 1	54.65 1
2	1	41.468 1	54.449 1
2	1	41.770 1	54.290 1
2	1	41.291 1	54.550 1
2	1	41.271 1	54.573 1
2	1	41.57 1	54.63 1
2	1	41.980 1	54.728 1
2	1	41.77 1	54.89 1
2	1	41.349 1	54.335 1
2	1	41.863 1	54.715 1
2	1	41.298 1	54.542 1
2	1	41.76 1	54.88 1
2	1	41.855 1	54.221 1
2	1	41.914 1	54.171 1
2	1	41.28 1	54.29 1
2	1	41.372 1	54.357 1
2	1	41.345 1	54.329 1
2	1	41.409 1	54.508 1
2	1	41.1118 1	54.815 1
2	1	41.263 1	54.584 1
4	3	41.427 1 41.590 0.887 41.630 0.816	54.476 1
2	1	41.995 1	54.743 1
2	1	41.504 1	54.395 1
2	1	41.937 1	54.152 1
2	1	41.136 1	54.708 1
2	1	41.177 1	54.665 1
2	1	41.437 1	54.125 1
2	1	41.61 1	54.67 1
2	1	41.220 1	54.628 1
2	1	41.249 1	54.602 1
2	1	41.300 1	54.540 1
2	1	41.36 1	54.37 1
2	1	41.843 1	54.230 1
2	1	41.852 1	54.224 1
2	1	41.180 1	54.661 1
2	1	41.447 1	54.365 1
2	1	41.778 1	54.282 1
2	1	41.248 1	54.603 1
2	1	41.342 1	54.326 1
2	1	41.381 1	54.371 1
2	1	41.396 1	54.386 1
2	1	41.1115 1	54.812 1
4	4	41.1101 1 41.835 0.878	54.806 1 54.239 0.861
2	1	41.49 1	54.54 1
2	1	41.478 1	54.431 1
2	1	41.523 1	54.504 1
2	1	41.93 1	54.99 1
2	1	41.1001 1	54.749 1
2	1	41.42 1	54.47 1
2	1	41.944 1	54.147 1
4	4	41.144 1 41.143 0.916	54.699 1 54.700 0.502
2	1	41.362 1	54.347 1
2	1	41.13 1	54.14 1
2	1	41.326 1	54.85 1
2	1	41.73 1	54.87 1
2	1	41.389 1	54.379 1
2	1	41.109 1	54.116 1
2	1	41.1082 1	54.788 1
2	1	41.1000 1	54.748 1
2	1	41.647 1	54.466 1
2	1	41.1112 1	54.127 1
2	1	41.182 1	54.659 1
2	1	41.264 1	54.583 1
2	1	41.474 1	54.441 1
2	1	41.154 1	54.686 1
2	1	41.44 1	54.49 1
2	1	41.667 1	54.119 1
2	1	41.78 1	54.486 1
2	1	41.792 1	54.274 1
2	1	41.842 1	54.232 1
2	1	41.922 1	54.164 1
2	1	41.95 1	54.101 1
3	2	41.762 1 41.963 0.710	54.295 1
2	1	41.8 1	54.9 1
2	1	41.210 1	54.639 1
2	1	41.948 1	54.143 1
2	1	41.259 1	54.589 1
2	1	41.115 1	54.131 1
2	1	41.277 1	54.564 1
2	1	41.102 1	54.109 1
2	1	41.323 1	54.308 1
2	1	41.33 1	54.34 1
2	1	41.432 1	54.688 1
2	1	41.787 1	54.279 1
2	1	41.846 1	54.227 1
2	1	41.896 1	54.184 1
2	1	41.1064 1	54.774 1
2	1	41.537 1	54.461 1
2	1	41.163 1	54.680 1
2	1	41.761 1	54.296 1
2	1	41.845 1	54.228 1
2	1	41.297 1	54.544 1
2	1	41.536 1	54.460 1
2	1	41.934 1	54.156 1
2	1	41.302 1	54.534 1
2	1	41.314 1	54.526 1
3	2	41.535 1	54.458 0.610 54.459 1
2	1	41.1098 1	54.803 1
2	1	41.497 1	54.403 1
2	1	41.397 1	54.387 1
2	1	41.424 1	54.479 1
3	2	41.371 1 41.632 0.838	54.356 1
2	1	41.941 1	54.150 1
2	1	41.202 1	54.646 1
2	1	41.385 1	54.377 1
2	1	41.165 1	54.678 1
2	1	41.350 1	54.336 1
2	1	41.434 1	54.122 1
2	1	41.175 1	54.667 1
2	1	41.946 1	54.145 1
2	1	41.327 1	54.86 1
2	1	41.384 1	54.376 1
2	1	41.63 1	54.69 1
2	1	41.86 1	54.92 1
2	1	41.989 1	54.737 1
2	1	41.653 1	54.406 1
2	1	41.878 1	54.202 1
2	1	41.1063 1	54.773 1
2	1	41.205 1	54.643 1
2	1	41.512 1	54.489 1
2	1	41.1033 1	54.762 1
2	1	41.838 1	54.236 1
2	1	41.986 1	54.734 1
2	1	41.142 1	54.702 1
2	1	41.984 1	54.732 1
2	1	41.471 1	54.446 1
2	1	41.871 1	54.209 1
2	1	41.232 1	54.615 1
2	1	41.470 1	54.447 1
2	1	41.769 1	54.484 1
2	1	41.924 1	54.162 1
2	1	41.183 1	54.658 1
2	1	41.258 1	54.590 1
2	1	41.883 1	54.197 1
2	1	41.299 1	54.541 1
2	1	41.344 1	54.328 1
2	1	41.192 1	54.648 1
2	1	41.511 1	54.487 1
2	1	41.10 1	54.11 1
2	1	41.942 1	54.149 1
2	1	41.970 1	54.717 1
2	1	41.994 1	54.742 1
2	1	41.256 1	54.592 1
2	1	41.331 1	54.318 1
2	1	41.1034 1	54.763 1
2	1	41.223 1	54.625 1
2	1	41.652 1	54.407 1
2	1	41.328 1	54.83 1
2	1	41.775 1	54.146 1
2	1	41.1016 1	54.43 1
2	1	41.131 1	54.714 1
2	1	41.164 1	54.679 1
2	1	41.296 1	54.545 1
2	1	41.354 1	54.340 1
2	1	41.936 1	54.153 1
2	1	41.839 1	54.235 1
2	1	41.30 1	54.31 1
2	1	41.1054 1	54.764 1
2	1	41.348 1	54.334 1
2	1	41.981 1	54.729 1
2	1	41.340 1	54.324 1
2	1	41.854 1	54.222 1
2	1	41.214 1	54.634 1
2	1	41.11 1	54.12 1
2	1	41.516 1	54.192 1
2	1	41.526 1	54.270 1
2	1	41.1099 1	54.804 1
2	1	41.265 1	54.582 1
2	1	41.35 1	54.36 1
2	1	41.431 1	54.689 1
2	1	41.500 1	54.401 1
2	1	41.87 1	54.331 1
2	1	41.276 1	54.565 1
2	1	41.324 1	54.315 1
2	1	41.915 1	54.170 1
2	1	41.919 1	54.165 1
2	1	41.98 1	54.107 1
2	1	41.1084 1	54.790 1
2	1	41.27 1	54.28 1
2	1	41.292 1	54.549 1
2	1	41.491 1	54.414 1
2	1	41.525 1	54.363 1
2	1	41.851 1	54.225 1
2	1	41.832 1	54.242 1
2	1	41.37 1	54.41 1
2	1	41.171 1	54.672 1
2	1	41.442 1	54.453 1
2	1	41.836 1	54.238 1
2	1	41.872 1	54.208 1
2	1	41.844 1	54.229 1
2	1	41.912 1	54.173 1
2	1	41.976 1	54.724 1
2	1	41.993 1	54.741 1
2	1	41.289 1	54.552 1
2	1	41.786 1	54.280 1
3	2	41.905 1 41.312 0.786	54.179 1
2	1	41.983 1	54.731 1
2	1	41.1061 1	54.771 1
2	1	41.1091 1	54.798 1
2	1	41.101 1	54.108 1
2	1	41.132 1	54.713 1
2	1	41.987 1	54.735 1
2	1	41.150 1	54.693 1
2	1	41.68 1	54.76 1
2	1	41.768 1	54.483 1
2	1	41.91 1	54.97 1
2	1	41.341 1	54.325 1
2	1	41.488 1	54.418 1
2	1	41.891 1	54.196 1
2	1	41.991 1	54.739 1
2	1	41.211 1	54.637 1
2	1	41.393 1	54.383 1
2	1	41.1056 1	54.765 1
2	1	41.176 1	54.666 1
2	1	41.772 1	54.288 1
2	1	41.503 1	54.398 1
2	1	41.71 1	54.81 1
2	1	41.486 1	54.419 1
2	1	41.365 1	54.350 1
2	1	41.58 1	54.64 1
2	1	41.34 1	54.35 1
2	1	41.117 1	54.133 1
2	1	41.881 1	54.199 1
2	1	41.247 1	54.604 1
2	1	41.7 1	54.8 1
2	1	41.790 1	54.276 1
2	1	41.465 1	54.72 1
2	1	41.1088 1	54.795 1
2	1	41.977 1	54.725 1
2	1	41.1060 1	54.770 1
2	1	41.932 1	54.158 1
2	1	41.828 1	54.246 1
2	1	41.974 1	54.722 1
2	1	41.479 1	54.430 1
2	1	41.791 1	54.275 1
2	1	41.853 1	54.223 1
2	1	41.273 1	54.569 1
2	1	41.134 1	54.710 1
2	1	41.184 1	54.657 1
2	1	41.1097 1	54.802 1
2	1	41.21 1	54.22 1
2	1	41.266 1	54.581 1
2	1	41.711 1	54.426 1
2	1	41.996 1	54.744 1
2	1	41.1002 1	54.750 1
2	1	41.94 1	54.100 1
2	1	41.147 1	54.696 1
2	1	41.270 1	54.574 1
2	1	41.490 1	54.415 1
2	1	41.833 1	54.241 1
2	1	41.262 1	54.585 1
3	2	41.41 1 41.689 0.864	54.46 1
2	1	41.352 1	54.338 1
2	1	41.985 1	54.733 1
2	1	41.225 1	54.623 1
2	1	41.433 1	54.106 1
2	1	41.680 1	54.525 1
2	1	41.827 1	54.247 1
2	1	41.1058 1	54.768 1
2	1	41.145 1	54.698 1
2	1	41.38 1	54.42 1
2	1	41.9 1	54.10 1
2	1	41.20 1	54.21 1
2	1	41.304 1	54.532 1
2	1	41.856 1	54.220 1
2	1	41.141 1	54.703 1
2	1	41.1069 1	54.782 1
2	1	41.19 1	54.20 1
2	1	41.285 1	54.556 1
2	1	41.492 1	54.413 1
2	1	41.149 1	54.694 1
2	1	41.1072 1	54.785 1
2	1	41.353 1	54.339 1
2	1	41.803 1	54.256 1
2	1	41.233 1	54.614 1
2	1	41.379 1	54.368 1
2	1	41.336 1	54.323 1
2	1	41.867 1	54.213 1
2	1	41.217 1	54.629 1
2	1	41.730 1	54.513 1
2	1	41.997 1	54.745 1
2	1	41.284 1	54.557 1
2	1	41.351 1	54.337 1
2	1	41.346 1	54.330 1
2	1	41.765 1	54.293 1
2	1	41.990 1	54.738 1
2	1	41.135 1	54.709 1
2	1	41.809 1	54.249 1
2	1	41.65 1	54.71 1
2	1	41.1066 1	54.776 1
2	1	41.869 1	54.211 1
2	1	41.96 1	54.102 1
2	1	41.999 1	54.747 1
2	1	41.231 1	54.616 1
2	1	41.152 1	54.691 1
2	1	41.906 1	54.178 1
2	1	41.916 1	54.169 1
2	1	41.23 1	54.24 1
2	1	41.403 1	54.388 1
2	1	41.992 1	54.740 1
2	1	41.799 1	54.263 1
2	1	41.313 1	54.527 1
2	1	41.46 1	54.51 1
2	1	41.945 1	54.488 1
2	1	41.138 1	54.706 1
2	1	41.795 1	54.271 1
2	1	41.25 1	54.26 1
2	1	41.72 1	54.82 1
2	1	41.933 1	54.157 1
2	1	41.281 1	54.560 1
2	1	41.522 1	54.502 1
2	1	41.583 1	54.482 1
2	1	41.913 1	54.172 1
2	1	41.979 1	54.727 1
2	1	41.207 1	54.642 1
2	1	41.5 1	54.6 1
2	1	41.229 1	54.618 1
2	1	41.688 1	54.190 1
2	1	41.866 1	54.214 1
2	1	41.89 1	54.95 1
2	1	41.129 1	54.530 1
2	1	41.212 1	54.636 1
2	1	41.829 1	54.245 1
2	1	41.501 1	54.400 1
2	1	41.227 1	54.620 1
2	1	41.243 1	54.607 1
2	1	41.358 1	54.344 1
2	1	41.47 1	54.52 1
2	1	41.484 1	54.422 1
2	1	41.22 1	54.23 1
2	1	41.316 1	54.300 1
2	1	41.53 1	54.58 1
2	1	41.876 1	54.204 1
2	1	41.148 1	54.695 1
2	1	41.31 1	54.32 1
2	1	41.330 1	54.317 1
2	1	41.45 1	54.50 1
2	1	41.286 1	54.555 1
2	1	41.347 1	54.333 1
2	1	41.66 1	54.74 1
2	1	41.1005 1	54.755 1
2	1	41.32 1	54.33 1
2	1	41.228 1	54.619 1
2	1	41.418 1	54.598 1
2	1	41.789 1	54.277 1
2	1	41.800 1	54.262 1
2	1	41.1018 1	54.39 1
2	1	41.1059 1	54.769 1
2	1	41.235 1	54.611 1
2	1	41.493 1	54.412 1
2	1	41.15 1	54.16 1
2	1	41.317 1	54.301 1
2	1	41.472 1	54.443 1
2	1	41.51 1	54.56 1
2	1	41.469 1	54.448 1
2	1	41.505 1	54.394 1
2	1	41.988 1	54.736 1
2	1	41.116 1	54.132 1
2	1	41.287 1	54.554 1
2	1	41.524 1	54.505 1
2	1	41.888 1	54.687 1
2	1	41.1026 1	54.759 1
2	1	41.244 1	54.606 1
2	1	41.880 1	54.200 1
2	1	41.907 1	54.177 1
2	1	41.702 1	54.437 1
2	1	41.106 1	54.113 1
2	1	41.767 1	54.291 1
2	1	41.882 1	54.198 1
2	1	41.812 1	54.248 1
2	1	41.185 1	54.656 1
2	1	41.209 1	54.640 1
2	1	41.546 1	54.167 1
2	1	41.610 1	54.612 1
2	1	41.834 1	54.240 1
2	1	41.380 1	54.369 1
2	1	41.1119 1	54.816 1
2	1	41.158 1	54.683 1
2	1	41.268 1	54.579 1
2	1	41.301 1	54.535 1
2	1	41.363 1	54.348 1
2	1	41.475 1	54.440 1
2	1	41.868 1	54.212 1
2	1	41.186 1	54.655 1
4	3	41.592 1 41.311 0.939 41.686 0.836	54.187 1
2	1	41.288 1	54.553 1
2	1	41.140 1	54.704 1
2	1	41.735 1	54.314 1
2	1	41.169 1	54.674 1
2	1	41.190 1	54.651 1
2	1	41.1035 1	54.753 1
2	1	41.334 1	54.321 1
2	1	41.64 1	54.70 1
2	1	41.406 1	54.392 1
2	1	41.476 1	54.434 1
2	1	41.811 1	54.500 1
2	1	41.274 1	54.567 1
2	1	41.318 1	54.303 1
2	1	41.1117 1	54.814 1
2	1	41.260 1	54.588 1
2	1	41.407 1	54.393 1
2	1	41.779 1	54.281 1
2	1	41.892 1	54.195 1
2	1	41.894 1	54.193 1
2	1	41.1120 1	54.817 1
2	1	41.489 1	54.416 1
2	1	41.466 1	54.73 1
2	1	41.793 1	54.273 1
2	1	41.1003 1	54.751 1
2	1	41.139 1	54.705 1
2	1	41.1014 1	54.428 1
2	1	41.26 1	54.27 1
2	1	41.457 1	54.452 1
2	1	41.518 1	54.492 1
3	2	41.805 1	54.438 1 54.481 0.492
2	1	41.917 1	54.168 1
2	1	41.481 1	54.425 1
3	2	41.308 1 41.597 0.830	54.191 1
2	1	41.898 1	54.78 1
2	1	41.483 1	54.423 1
2	1	41.870 1	54.210 1
2	1	41.395 1	54.385 1
2	1	41.513 1	54.490 1
2	1	41.978 1	54.726 1
2	1	41.502 1	54.399 1
2	1	41.741 1	54.721 1
2	1	41.794 1	54.272 1
2	1	41.118 1	54.134 1
2	1	41.333 1	54.320 1
2	1	41.467 1	54.450 1
2	1	41.391 1	54.381 1
2	1	41.495 1	54.409 1
2	1	41.485 1	54.421 1
2	1	41.760 1	54.297 1
2	1	41.837 1	54.237 1
2	1	41.857 1	54.219 1
2	1	41.877 1	54.203 1
2	1	41.910 1	54.410 1
2	1	41.360 1	54.346 1
2	1	41.776 1	54.285 1
2	1	41.1013 1	54.427 1
2	1	41.245 1	54.605 1
2	1	41.113 1	54.129 1
2	1	41.172 1	54.650 1
2	1	41.283 1	54.558 1
2	1	41.441 1	54.455 1
2	1	41.687 0.874	54.468 0.874
6	5	41.306 0.789 41.566 0.926 41.580 0.926 41.635 0.956 41.648 0.838	54.469 0.887
