Size	Relations	OrthoA	OrthoB
2	1	41.39 1	53.47 1
2	1	41.40 1	53.48 1
2	1	41.280 1	53.793 1
2	1	41.56 1	53.65 1
2	1	41.54 1	53.63 1
2	1	41.320 1	53.384 1
2	1	41.950 1	53.139 1
2	1	41.261 1	53.814 1
2	1	41.390 1	53.466 1
2	1	41.951 1	53.135 1
2	1	41.1032 1	53.1074 1
2	1	41.375 1	53.1009 1
2	1	41.458 1	53.618 1
2	1	41.952 1	53.134 1
2	1	41.1004 1	53.1057 1
2	1	41.416 1	53.635 1
2	1	41.92 1	53.100 1
2	1	41.201 1	53.890 1
3	2	41.735 1	53.1054 0.304 53.122 1
2	1	41.367 1	53.433 1
2	1	41.874 1	53.277 1
2	1	41.388 1	53.464 1
2	1	41.774 1	53.364 1
2	1	41.911 1	53.232 1
2	1	41.162 1	53.922 1
2	1	41.918 1	53.168 1
2	1	41.174 1	53.911 1
2	1	41.161 1	53.923 1
2	1	41.4 1	53.4 1
2	1	41.137 1	53.998 1
2	1	41.55 1	53.64 1
2	1	41.373 1	53.437 1
2	1	41.3 1	53.3 1
2	1	41.335 1	53.400 1
2	1	41.74 1	53.535 1
2	1	41.12 1	53.13 1
2	1	41.771 1	53.367 1
2	1	41.67 1	53.78 1
2	1	41.674 1	53.529 1
2	1	41.681 1	53.750 1
3	2	41.1086 1	53.1116 1 53.871 0.817
2	1	41.841 1	53.311 1
2	1	41.494 1	53.570 1
2	1	41.863 1	53.664 1
2	1	41.947 1	53.142 1
2	1	41.875 1	53.276 1
2	1	41.438 1	53.1061 1
2	1	41.357 1	53.422 1
2	1	41.364 1	53.431 1
2	1	41.359 1	53.427 1
2	1	41.97 1	53.105 1
2	1	41.226 1	53.854 1
2	1	41.48 1	53.57 1
2	1	41.121 1	53.132 1
2	1	41.542 1	53.300 1
2	1	41.203 1	53.888 1
2	1	41.935 1	53.156 1
2	1	41.647 1	53.660 1
2	1	41.88 1	53.96 1
2	1	41.798 1	53.343 1
2	1	41.254 1	53.823 1
2	1	41.111 1	53.119 1
2	1	41.631 1	53.677 1
2	1	41.670 1	53.509 1
2	1	41.1068 1	53.1104 1
2	1	41.801 1	53.337 1
2	1	41.105 1	53.112 1
2	1	41.463 1	53.183 1
2	1	41.50 1	53.59 1
2	1	41.897 1	53.239 1
5	6	41.648 1 41.687 0.810	53.661 1 53.258 0.824 53.682 0.824
2	1	41.903 1	53.238 1
2	1	41.242 1	53.836 1
2	1	41.378 1	53.444 1
2	1	41.909 1	53.233 1
2	1	41.982 1	53.1031 1
2	1	41.873 1	53.278 1
2	1	41.17 1	53.18 1
2	1	41.695 1	53.668 1
2	1	41.401 1	53.881 1
2	1	41.356 1	53.421 1
2	1	41.100 1	53.1059 1
2	1	41.893 1	53.263 1
2	1	41.1031 1	53.1073 1
2	1	41.806 1	53.331 1
2	1	41.943 1	53.146 1
2	1	41.189 1	53.894 1
2	1	41.99 1	53.1060 1
2	1	41.713 1	53.641 1
2	1	41.1093 1	53.1123 1
2	1	41.425 1	53.531 1
2	1	41.187 1	53.896 1
2	1	41.168 1	53.344 1
2	1	41.103 1	53.110 1
2	1	41.110 1	53.117 1
2	1	41.321 1	53.386 1
2	1	41.295 1	53.777 1
2	1	41.426 1	53.532 1
2	1	41.253 1	53.824 1
2	1	41.293 1	53.779 1
2	1	41.923 1	53.166 1
3	2	41.654 1 41.739 0.212	53.499 1
6	9	41.712 1 41.306 0.845 41.635 1	53.637 1 53.640 0.110 53.260 1
2	1	41.234 1	53.846 1
2	1	41.80 1	53.164 1
2	1	41.1087 1	53.1117 1
2	1	41.123 1	53.549 1
2	1	41.325 1	53.375 1
2	1	41.1102 1	53.1130 1
2	1	41.566 1	53.447 1
2	1	41.831 1	53.321 1
2	1	41.167 1	53.916 1
4	4	41.731 0.680 41.734 1	53.1055 1 53.121 0.344
2	1	41.230 1	53.850 1
2	1	41.81 1	53.92 1
2	1	41.1071 1	53.1107 1
2	1	41.294 1	53.778 1
2	1	41.1100 1	53.1128 1
5	4	41.1104 1 41.510 0.901 41.514 0.892 41.1105 0.736	53.1131 1
2	1	41.24 1	53.25 1
2	1	41.813 1	53.287 1
2	1	41.886 1	53.451 1
2	1	41.90 1	53.98 1
2	1	41.108 1	53.115 1
2	1	41.429 1	53.716 1
2	1	41.119 1	53.130 1
2	1	41.636 1	53.638 1
2	1	41.114 1	53.125 1
2	1	41.895 1	53.246 1
2	1	41.1089 1	53.1119 1
2	1	41.173 1	53.912 1
2	1	41.1090 1	53.1120 1
2	1	41.155 1	53.929 1
2	1	41.788 1	53.356 1
2	1	41.797 1	53.345 1
2	1	41.1111 1	53.1133 1
2	1	41.355 1	53.417 1
2	1	41.319 1	53.383 1
2	1	41.533 1	53.149 1
2	1	41.213 1	53.873 1
2	1	41.436 1	53.1063 1
2	1	41.392 1	53.468 1
2	1	41.889 1	53.240 1
2	1	41.337 1	53.339 1
2	1	41.1025 1	53.1069 1
2	1	41.1006 1	53.1067 1
2	1	41.847 1	53.304 1
3	2	41.394 1 41.751 0.786	53.470 1
2	1	41.435 1	53.1064 1
2	1	41.255 1	53.822 1
2	1	41.823 1	53.150 1
2	1	41.250 1	53.829 1
2	1	41.796 1	53.346 1
2	1	41.763 1	53.372 1
2	1	41.496 1	53.496 1
2	1	41.607 1	53.683 1
2	1	41.1 1	53.1 1
2	1	41.166 1	53.918 1
2	1	41.973 1	53.1018 1
2	1	41.282 1	53.791 1
2	1	41.107 1	53.114 1
2	1	41.151 1	53.935 1
2	1	41.884 1	53.453 1
2	1	41.1081 1	53.1109 1
2	1	41.332 1	53.397 1
2	1	41.808 1	53.328 1
2	1	41.1065 1	53.1097 1
2	1	41.69 1	53.84 1
2	1	41.128 1	53.1099 1
2	1	41.437 1	53.1062 1
2	1	41.766 1	53.370 1
2	1	41.404 1	53.480 1
2	1	41.275 1	53.798 1
2	1	41.315 1	53.380 1
2	1	41.29 1	53.30 1
2	1	41.224 1	53.856 1
2	1	41.221 1	53.859 1
2	1	41.251 1	53.826 1
2	1	41.807 1	53.330 1
2	1	41.322 1	53.387 1
2	1	41.377 1	53.443 1
2	1	41.1062 1	53.1094 1
2	1	41.1085 1	53.1114 1
2	1	41.179 1	53.905 1
2	1	41.840 1	53.312 1
2	1	41.1067 1	53.1102 1
2	1	41.2 1	53.2 1
2	1	41.383 1	53.461 1
2	1	41.272 1	53.803 1
2	1	41.480 1	53.597 1
2	1	41.998 1	53.1047 1
2	1	41.303 1	53.765 1
2	1	41.680 1	53.749 1
2	1	41.879 1	53.272 1
2	1	41.104 1	53.111 1
2	1	41.208 1	53.878 1
2	1	41.156 1	53.928 1
2	1	41.1092 1	53.1122 1
2	1	41.241 1	53.837 1
2	1	41.252 1	53.825 1
2	1	41.191 1	53.892 1
2	1	41.975 1	53.1024 1
2	1	41.904 1	53.237 1
2	1	41.477 1	53.600 1
2	1	41.70 1	53.85 1
2	1	41.52 1	53.61 1
2	1	41.16 1	53.17 1
2	1	41.972 1	53.1017 1
2	1	41.14 1	53.15 1
2	1	41.6 1	53.7 1
2	1	41.773 1	53.365 1
2	1	41.279 1	53.794 1
2	1	41.534 1	53.148 1
2	1	41.269 1	53.806 1
2	1	41.382 1	53.459 1
2	1	41.181 1	53.902 1
2	1	41.777 1	53.361 1
3	2	41.633 0.842 41.692 1	53.678 1
2	1	41.830 1	53.322 1
2	1	41.220 1	53.860 1
2	1	41.1118 1	53.1137 1
2	1	41.434 1	53.1065 1
2	1	41.60 1	53.69 1
2	1	41.971 1	53.1016 1
2	1	41.499 1	53.494 1
2	1	41.278 1	53.795 1
2	1	41.473 1	53.610 1
2	1	41.1083 1	53.1112 1
2	1	41.257 1	53.820 1
2	1	41.267 1	53.808 1
2	1	41.290 1	53.782 1
2	1	41.178 1	53.907 1
2	1	41.858 1	53.293 1
2	1	41.204 1	53.887 1
2	1	41.120 1	53.131 1
2	1	41.1116 1	53.1135 1
2	1	41.859 1	53.292 1
2	1	41.405 1	53.482 1
2	1	41.216 1	53.862 1
2	1	41.133 1	53.1005 1
2	1	41.1113 1	53.1000 1
2	1	41.1070 1	53.1106 1
2	1	41.62 1	53.71 1
2	1	41.770 1	53.368 1
2	1	41.890 1	53.5 1
2	1	41.949 1	53.140 1
2	1	41.370 1	53.434 1
2	1	41.59 1	53.68 1
2	1	41.146 1	53.940 1
2	1	41.271 1	53.804 1
2	1	41.523 1	53.653 1
2	1	41.980 1	53.1029 1
2	1	41.18 1	53.19 1
2	1	41.338 1	53.338 1
2	1	41.482 1	53.592 1
2	1	41.802 1	53.335 1
2	1	41.343 1	53.405 1
2	1	41.222 1	53.858 1
2	1	41.291 1	53.781 1
2	1	41.77 1	53.90 1
2	1	41.298 1	53.773 1
2	1	41.468 1	53.616 1
3	2	41.855 1	53.296 1 53.477 0.777
2	1	41.249 1	53.830 1
2	1	41.28 1	53.29 1
2	1	41.372 1	53.436 1
2	1	41.852 1	53.302 1
2	1	41.345 1	53.407 1
2	1	41.57 1	53.66 1
2	1	41.409 1	53.681 1
2	1	41.447 1	53.454 1
2	1	41.349 1	53.411 1
2	1	41.136 1	53.999 1
2	1	41.804 1	53.333 1
2	1	41.937 1	53.154 1
2	1	41.995 1	53.1044 1
2	1	41.263 1	53.812 1
3	2	41.427 1 41.590 0.814	53.533 1
2	1	41.76 1	53.89 1
2	1	41.61 1	53.70 1
2	1	41.248 1	53.831 1
2	1	41.1115 1	53.1134 1
2	1	41.177 1	53.908 1
2	1	41.402 1	53.880 1
2	1	41.300 1	53.771 1
2	1	41.843 1	53.308 1
2	1	41.180 1	53.904 1
2	1	41.36 1	53.38 1
2	1	41.504 1	53.486 1
2	1	41.396 1	53.472 1
2	1	41.914 1	53.173 1
2	1	41.93 1	53.101 1
2	1	41.42 1	53.51 1
4	4	41.144 1 41.143 1	53.942 0.449 53.943 1
2	1	41.362 1	53.429 1
3	2	41.368 1	53.734 0.736 53.739 1
2	1	41.944 1	53.145 1
2	1	41.478 1	53.599 1
2	1	41.1101 1	53.1129 1
2	1	41.1082 1	53.1111 1
2	1	41.49 1	53.58 1
2	1	41.630 1	53.676 1
2	1	41.264 1	53.811 1
2	1	41.73 1	53.88 1
2	1	41.87 1	53.95 1
2	1	41.1001 1	53.1050 1
2	1	41.649 1	53.662 1
2	1	41.326 1	53.376 1
2	1	41.381 1	53.458 1
2	1	41.1000 1	53.1049 1
2	1	41.109 1	53.116 1
2	1	41.342 1	53.404 1
2	1	41.13 1	53.14 1
2	1	41.778 1	53.360 1
2	1	41.537 1	53.632 1
2	1	41.95 1	53.103 1
2	1	41.535 1	53.630 1
3	2	41.762 1 41.963 0.781	53.373 1
2	1	41.846 1	53.305 1
2	1	41.154 1	53.930 1
2	1	41.896 1	53.241 1
2	1	41.182 1	53.901 1
2	1	41.1064 1	53.1096 1
2	1	41.432 1	53.932 1
2	1	41.536 1	53.631 1
3	2	41.400 1 41.755 0.171	53.882 1
2	1	41.44 1	53.53 1
2	1	41.842 1	53.310 1
2	1	41.8 1	53.9 1
2	1	41.210 1	53.876 1
2	1	41.33 1	53.35 1
2	1	41.259 1	53.818 1
2	1	41.389 1	53.465 1
2	1	41.78 1	53.508 1
2	1	41.302 1	53.766 1
2	1	41.314 1	53.752 1
2	1	41.934 1	53.159 1
2	1	41.115 1	53.126 1
2	1	41.202 1	53.889 1
2	1	41.297 1	53.775 1
2	1	41.323 1	53.388 1
2	1	41.787 1	53.357 1
2	1	41.845 1	53.306 1
2	1	41.102 1	53.109 1
2	1	41.163 1	53.921 1
2	1	41.424 1	53.530 1
2	1	41.948 1	53.141 1
2	1	41.761 1	53.378 1
2	1	41.165 1	53.919 1
2	1	41.371 1	53.435 1
2	1	41.277 1	53.796 1
2	1	41.497 1	53.495 1
2	1	41.941 1	53.152 1
2	1	41.1112 1	53.1001 1
2	1	41.632 1	53.670 1
2	1	41.397 1	53.473 1
2	1	41.1098 1	53.1126 1
2	1	41.276 1	53.797 1
2	1	41.327 1	53.377 1
2	1	41.205 1	53.886 1
3	2	41.1108 1 41.1110 0.294	53.1010 1
2	1	41.175 1	53.910 1
2	1	41.384 1	53.462 1
2	1	41.878 1	53.273 1
2	1	41.989 1	53.1038 1
2	1	41.63 1	53.72 1
2	1	41.350 1	53.412 1
2	1	41.946 1	53.143 1
2	1	41.986 1	53.1035 1
2	1	41.142 1	53.944 1
2	1	41.258 1	53.819 1
2	1	41.86 1	53.93 1
2	1	41.838 1	53.314 1
3	2	41.805 1 41.672 0.860	53.332 1
2	1	41.1033 1	53.1075 1
2	1	41.512 1	53.546 1
2	1	41.810 1	53.181 1
2	1	41.1063 1	53.1095 1
2	1	41.385 1	53.463 1
2	1	41.775 1	53.144 1
2	1	41.871 1	53.280 1
2	1	41.924 1	53.165 1
2	1	41.232 1	53.848 1
2	1	41.299 1	53.772 1
2	1	41.984 1	53.1033 1
2	1	41.912 1	53.175 1
2	1	41.470 1	53.614 1
2	1	41.11 1	53.12 1
2	1	41.256 1	53.821 1
2	1	41.769 1	53.523 1
2	1	41.526 1	53.348 1
2	1	41.653 1	53.500 1
2	1	41.970 1	53.1015 1
2	1	41.10 1	53.11 1
2	1	41.183 1	53.900 1
2	1	41.192 1	53.891 1
2	1	41.328 1	53.374 1
2	1	41.471 1	53.613 1
2	1	41.511 1	53.504 1
2	1	41.792 1	53.352 1
2	1	41.331 1	53.395 1
2	1	41.376 1	53.1008 1
2	1	41.525 1	53.448 1
2	1	41.994 1	53.1043 1
2	1	41.1034 1	53.1076 1
2	1	41.399 1	53.883 1
2	1	41.883 1	53.267 1
2	1	41.942 1	53.151 1
2	1	41.698 1	53.669 1
2	1	41.936 1	53.155 1
2	1	41.354 1	53.416 1
2	1	41.1016 1	53.46 1
2	1	41.344 1	53.406 1
2	1	41.131 1	53.1007 1
2	1	41.340 1	53.402 1
2	1	41.491 1	53.577 1
2	1	41.862 1	53.663 1
2	1	41.1019 1	53.42 1
2	1	41.1099 1	53.1127 1
2	1	41.296 1	53.776 1
4	3	41.547 1	53.419 1 53.656 0.107 53.769 0.127
2	1	41.223 1	53.857 1
2	1	41.30 1	53.31 1
2	1	41.348 1	53.410 1
2	1	41.164 1	53.920 1
2	1	41.839 1	53.313 1
2	1	41.854 1	53.297 1
2	1	41.35 1	53.37 1
2	1	41.516 1	53.261 1
2	1	41.75 1	53.536 1
2	1	41.915 1	53.172 1
2	1	41.171 1	53.914 1
2	1	41.981 1	53.1030 1
2	1	41.1084 1	53.1113 1
2	1	41.265 1	53.810 1
2	1	41.474 1	53.609 1
2	1	41.919 1	53.167 1
2	1	41.1074 1	53.189 1
2	1	41.431 1	53.933 1
2	1	41.836 1	53.316 1
3	2	41.442 1	53.621 1 53.625 0.808
2	1	41.832 1	53.320 1
2	1	41.98 1	53.107 1
2	1	41.37 1	53.44 1
2	1	41.117 1	53.128 1
2	1	41.214 1	53.872 1
2	1	41.1061 1	53.1093 1
2	1	41.1054 1	53.1077 1
2	1	41.983 1	53.1032 1
2	1	41.27 1	53.28 1
2	1	41.488 1	53.582 1
2	1	41.976 1	53.1025 1
2	1	41.872 1	53.279 1
2	1	41.150 1	53.936 1
2	1	41.341 1	53.403 1
2	1	41.993 1	53.1042 1
2	1	41.289 1	53.783 1
2	1	41.292 1	53.780 1
2	1	41.500 1	53.493 1
2	1	41.844 1	53.307 1
2	1	41.851 1	53.303 1
2	1	41.1091 1	53.1121 1
2	1	41.132 1	53.1006 1
2	1	41.176 1	53.909 1
2	1	41.486 1	53.583 1
2	1	41.91 1	53.99 1
2	1	41.932 1	53.161 1
2	1	41.991 1	53.1040 1
2	1	41.987 1	53.1036 1
2	1	41.905 1	53.236 1
2	1	41.34 1	53.36 1
2	1	41.58 1	53.67 1
2	1	41.68 1	53.79 1
2	1	41.324 1	53.393 1
2	1	41.365 1	53.432 1
2	1	41.101 1	53.108 1
2	1	41.772 1	53.366 1
2	1	41.786 1	53.358 1
2	1	41.891 1	53.265 1
2	1	41.768 1	53.524 1
2	1	41.881 1	53.269 1
2	1	41.266 1	53.809 1
2	1	41.71 1	53.86 1
2	1	41.262 1	53.813 1
2	1	41.7 1	53.8 1
2	1	41.791 1	53.353 1
2	1	41.977 1	53.1026 1
2	1	41.1088 1	53.1118 1
2	1	41.974 1	53.1023 1
2	1	41.233 1	53.847 1
2	1	41.856 1	53.295 1
2	1	41.134 1	53.1003 1
2	1	41.184 1	53.899 1
2	1	41.273 1	53.801 1
2	1	41.1056 1	53.1078 1
2	1	41.393 1	53.469 1
2	1	41.428 1	53.450 1
2	1	41.828 1	53.324 1
2	1	41.94 1	53.102 1
2	1	41.1060 1	53.1092 1
2	1	41.247 1	53.832 1
2	1	41.21 1	53.22 1
2	1	41.985 1	53.1034 1
2	1	41.996 1	53.1045 1
2	1	41.1002 1	53.1051 1
2	1	41.270 1	53.805 1
2	1	41.96 1	53.104 1
2	1	41.285 1	53.787 1
2	1	41.490 1	53.578 1
2	1	41.1097 1	53.1125 1
2	1	41.352 1	53.414 1
2	1	41.833 1	53.319 1
2	1	41.803 1	53.334 1
2	1	41.865 1	53.136 1
2	1	41.790 1	53.354 1
2	1	41.503 1	53.490 1
2	1	41.211 1	53.875 1
2	1	41.711 1	53.594 1
2	1	41.147 1	53.939 1
2	1	41.20 1	53.21 1
2	1	41.225 1	53.855 1
2	1	41.465 1	53.839 1
2	1	41.492 1	53.572 1
2	1	41.9 1	53.10 1
3	2	41.41 1 41.689 0.864	53.50 1
2	1	41.887 1	53.512 1
2	1	41.864 1	53.665 1
2	1	41.19 1	53.20 1
2	1	41.304 1	53.764 1
2	1	41.38 1	53.45 1
2	1	41.145 1	53.941 1
2	1	41.351 1	53.413 1
2	1	41.379 1	53.456 1
2	1	41.141 1	53.945 1
2	1	41.149 1	53.937 1
3	2	41.885 1	53.452 1 53.513 0.885
2	1	41.479 1	53.598 1
2	1	41.217 1	53.861 1
2	1	41.1072 1	53.1108 1
2	1	41.152 1	53.934 1
2	1	41.284 1	53.789 1
2	1	41.730 1	53.724 1
2	1	41.867 1	53.285 1
2	1	41.827 1	53.325 1
2	1	41.853 1	53.301 1
2	1	41.138 1	53.997 1
2	1	41.336 1	53.401 1
2	1	41.346 1	53.408 1
2	1	41.997 1	53.1046 1
2	1	41.1069 1	53.1105 1
2	1	41.25 1	53.26 1
2	1	41.652 1	53.501 1
2	1	41.522 1	53.651 1
2	1	41.72 1	53.87 1
2	1	41.765 1	53.371 1
2	1	41.999 1	53.1048 1
2	1	41.23 1	53.24 1
2	1	41.65 1	53.75 1
2	1	41.869 1	53.283 1
2	1	41.945 1	53.503 1
2	1	41.1066 1	53.1098 1
2	1	41.906 1	53.235 1
2	1	41.933 1	53.160 1
2	1	41.243 1	53.835 1
2	1	41.767 1	53.369 1
2	1	41.990 1	53.1039 1
2	1	41.231 1	53.849 1
2	1	41.229 1	53.851 1
2	1	41.403 1	53.478 1
2	1	41.913 1	53.174 1
2	1	41.992 1	53.1041 1
2	1	41.795 1	53.349 1
2	1	41.135 1	53.1002 1
2	1	41.212 1	53.874 1
2	1	41.501 1	53.492 1
2	1	41.671 1	53.510 1
2	1	41.799 1	53.342 1
2	1	41.313 1	53.754 1
2	1	41.809 1	53.327 1
2	1	41.46 1	53.55 1
5	4	41.746 0.125 41.814 1 41.928 0.185 41.960 0.056	53.788 1
2	1	41.5 1	53.6 1
3	2	41.309 0.072 41.594 1	53.249 1
2	1	41.129 1	53.758 1
2	1	41.281 1	53.792 1
2	1	41.31 1	53.32 1
2	1	41.89 1	53.97 1
2	1	41.979 1	53.1028 1
2	1	41.1058 1	53.1090 1
2	1	41.227 1	53.853 1
2	1	41.462 1	53.182 1
2	1	41.66 1	53.77 1
2	1	41.330 1	53.394 1
2	1	41.53 1	53.62 1
2	1	41.679 1	53.748 1
2	1	41.866 1	53.286 1
3	2	41.714 1	53.639 0.117 53.642 1
2	1	41.148 1	53.938 1
2	1	41.22 1	53.23 1
2	1	41.286 1	53.786 1
2	1	41.339 1	53.1103 1
2	1	41.829 1	53.323 1
2	1	41.45 1	53.54 1
2	1	41.484 1	53.590 1
2	1	41.916 1	53.171 1
2	1	41.347 1	53.409 1
2	1	41.47 1	53.56 1
2	1	41.1005 1	53.1058 1
2	1	41.32 1	53.34 1
2	1	41.418 1	53.827 1
2	1	41.800 1	53.341 1
2	1	41.876 1	53.275 1
2	1	41.461 1	53.180 1
2	1	41.464 1	53.184 1
2	1	41.317 1	53.382 1
2	1	41.358 1	53.423 1
2	1	41.789 1	53.355 1
2	1	41.228 1	53.852 1
2	1	41.505 1	53.485 1
2	1	41.888 1	53.931 1
2	1	41.702 1	53.604 1
2	1	41.610 1	53.845 1
2	1	41.1026 1	53.1070 1
2	1	41.493 1	53.571 1
2	1	41.1018 1	53.40 1
2	1	41.51 1	53.60 1
2	1	41.988 1	53.1037 1
2	1	41.207 1	53.879 1
2	1	41.287 1	53.785 1
2	1	41.469 1	53.615 1
2	1	41.880 1	53.270 1
2	1	41.472 1	53.611 1
2	1	41.244 1	53.834 1
2	1	41.353 1	53.415 1
2	1	41.1119 1	53.1138 1
2	1	41.116 1	53.127 1
2	1	41.524 1	53.659 1
6	8	41.638 0.422 41.693 0.548 41.817 0.480 41.826 1	53.418 1 53.657 0.054
2	1	41.868 1	53.284 1
2	1	41.268 1	53.807 1
2	1	41.209 1	53.877 1
2	1	41.1059 1	53.1091 1
3	2	41.466 1	53.74 1 53.76 0.123
2	1	41.582 1	53.684 1
2	1	41.834 1	53.318 1
2	1	41.882 1	53.268 1
2	1	41.15 1	53.16 1
2	1	41.186 1	53.897 1
2	1	41.158 1	53.926 1
2	1	41.288 1	53.784 1
2	1	41.546 1	53.169 1
2	1	41.812 1	53.326 1
2	1	41.169 1	53.915 1
2	1	41.380 1	53.457 1
2	1	41.185 1	53.898 1
4	3	41.592 1 41.311 0.939 41.686 0.836	53.247 1
2	1	41.621 1	53.741 1
2	1	41.894 1	53.262 1
2	1	41.140 1	53.946 1
2	1	41.779 1	53.359 1
2	1	41.235 1	53.844 1
2	1	41.106 1	53.113 1
3	2	41.274 1	53.799 1 53.33 0.904
2	1	41.334 1	53.399 1
2	1	41.406 1	53.483 1
2	1	41.363 1	53.430 1
2	1	41.64 1	53.73 1
2	1	41.892 1	53.264 1
2	1	41.793 1	53.351 1
2	1	41.929 1	53.186 1
2	1	41.1117 1	53.1136 1
2	1	41.316 1	53.381 1
2	1	41.907 1	53.234 1
2	1	41.475 1	53.608 1
2	1	41.190 1	53.893 1
2	1	41.1120 1	53.1139 1
2	1	41.476 1	53.602 1
2	1	41.732 1	53.963 1
2	1	41.391 1	53.467 1
2	1	41.407 1	53.484 1
2	1	41.917 1	53.170 1
2	1	41.481 1	53.593 1
2	1	41.518 1	53.543 1
2	1	41.502 1	53.491 1
2	1	41.660 1	53.863 1
3	2	41.308 1 41.597 1	53.250 1
2	1	41.139 1	53.996 1
2	1	41.260 1	53.816 1
2	1	41.811 1	53.650 1
2	1	41.898 1	53.83 1
2	1	41.457 1	53.619 1
2	1	41.395 1	53.471 1
2	1	41.642 1	53.643 1
2	1	41.870 1	53.281 1
2	1	41.467 1	53.617 1
2	1	41.489 1	53.579 1
2	1	41.978 1	53.1027 1
2	1	41.1014 1	53.596 1
2	1	41.1024 1	53.759 1
2	1	41.172 1	53.913 1
2	1	41.752 1	53.475 1
2	1	41.513 1	53.545 1
2	1	41.741 1	53.1022 1
2	1	41.333 1	53.398 1
2	1	41.495 1	53.498 1
2	1	41.1013 1	53.595 1
2	1	41.118 1	53.129 1
2	1	41.433 1	53.106 1
2	1	41.794 1	53.350 1
2	1	41.485 1	53.589 1
36	275	41.1042 0.584 41.1096 0.594 41.1106 0.594 41.153 0.532 41.170 0.616 41.193 0.594 41.198 0.133 41.199 0.102 41.218 1 41.237 0.890 41.329 0.692 41.366 0.588 41.508 0.087 41.539 0.453 41.553 0.873 41.578 0.135 41.600 0.592 41.624 0.327 41.675 0.594 41.700 0.594 41.781 0.520 41.815 0.912 41.825 0.672 41.849 0.594 41.938 0.594	53.252 0.468 53.288 1 53.537 0.996 53.558 1 53.569 1 53.586 1 53.645 1 53.695 1 53.702 1 53.706 1 53.713 1
2	1	41.877 1	53.274 1
2	1	41.360 1	53.428 1
2	1	41.760 1	53.379 1
2	1	41.837 1	53.315 1
2	1	41.857 1	53.294 1
2	1	41.776 1	53.363 1
2	1	41.483 1	53.591 1
2	1	41.519 1	53.80 1
6	5	41.1028 0.083 41.587 0.086 41.699 0.580 41.701 1 41.725 0.113	53.620 1
2	1	41.245 1	53.833 1
3	2	41.441 1	53.623 0.595 53.627 1
3	2	41.450 1	53.962 0.701 53.964 1
2	1	41.157 1	53.927 1
2	1	41.453 1	53.954 1
2	1	41.835 0.908	53.317 0.908
