Size	Relations	OrthoA	OrthoB
2	1	41.40 1	55.82 1
2	1	41.39 1	55.81 1
2	1	41.280 1	55.494 1
2	1	41.56 1	55.876 1
2	1	41.1032 1	55.85 1
2	1	41.951 1	55.1072 1
2	1	41.416 1	55.330 1
2	1	41.320 1	55.441 1
2	1	41.54 1	55.866 1
2	1	41.458 1	55.469 1
2	1	41.918 1	55.1139 1
2	1	41.1004 1	55.48 1
2	1	41.774 1	55.1097 1
2	1	41.261 1	55.1159 1
2	1	41.390 1	55.324 1
2	1	41.388 1	55.322 1
2	1	41.55 1	55.861 1
2	1	41.174 1	55.638 1
2	1	41.3 1	55.904 1
2	1	41.771 1	55.1094 1
3	2	41.952 1	55.1122 1 55.133 0.170
2	1	41.201 1	55.675 1
2	1	41.1086 1	55.715 1
2	1	41.359 1	55.354 1
2	1	41.226 1	55.160 1
2	1	41.909 1	55.552 1
2	1	41.375 1	55.382 1
2	1	41.48 1	55.826 1
2	1	41.50 1	55.828 1
2	1	41.367 1	55.46 1
2	1	41.12 1	55.894 1
3	2	41.494 1	55.314 1 55.388 0.752
2	1	41.4 1	55.903 1
2	1	41.874 1	55.752 1
2	1	41.162 1	55.923 1
2	1	41.97 1	55.99 1
2	1	41.1068 1	55.733 1
2	1	41.161 1	55.999 1
2	1	41.335 1	55.970 1
2	1	41.935 1	55.642 1
3	2	41.897 1 41.903 0.082	55.1173 1
2	1	41.17 1	55.890 1
2	1	41.947 1	55.151 1
2	1	41.982 1	55.784 1
2	1	41.80 1	55.978 1
2	1	41.1031 1	55.86 1
2	1	41.105 1	55.103 1
2	1	41.378 1	55.239 1
2	1	41.293 1	55.491 1
2	1	41.99 1	55.678 1
2	1	41.1093 1	55.872 1
2	1	41.168 1	55.300 1
2	1	41.950 1	55.148 1
2	1	41.100 1	55.907 1
2	1	41.373 1	55.972 1
6	8	41.1104 1 41.510 0.085 41.514 0.747 41.835 0.877	55.916 1 55.429 0.855
2	1	41.295 1	55.489 1
6	5	41.306 1 41.580 0.860 41.635 0.857 41.687 0.736 41.712 0.717	55.815 1
2	1	41.234 1	55.467 1
2	1	41.831 1	55.647 1
2	1	41.923 1	55.111 1
2	1	41.81 1	55.802 1
2	1	41.875 1	55.751 1
2	1	41.806 1	55.611 1
2	1	41.325 1	55.76 1
2	1	41.1102 1	55.633 1
2	1	41.187 1	55.990 1
2	1	41.823 1	55.666 1
2	1	41.309 1	55.813 1
2	1	41.438 1	55.661 1
2	1	41.873 1	55.263 1
2	1	41.253 1	55.367 1
2	1	41.230 1	55.749 1
4	3	41.1105 1 41.1101 0.876 41.1111 0.772	55.915 1
2	1	41.167 1	55.865 1
4	3	41.111 0.062 41.440 0.072 41.798 1	55.1030 1
2	1	41.847 1	55.349 1
2	1	41.1089 1	55.735 1
2	1	41.108 1	55.106 1
2	1	41.1071 1	55.730 1
2	1	41.213 1	55.842 1
2	1	41.1087 1	55.714 1
2	1	41.88 1	55.796 1
2	1	41.889 1	55.1174 1
2	1	41.203 1	55.673 1
3	2	41.254 1 41.422 0.154	55.366 1
2	1	41.670 1	55.91 1
2	1	41.1006 1	55.1120 1
2	1	41.114 1	55.676 1
2	1	41.608 1	55.964 1
2	1	41.766 1	55.395 1
2	1	41.436 1	55.663 1
3	2	41.1100 1	55.919 1 55.918 0.710
2	1	41.383 1	55.415 1
3	2	41.797 1	55.468 1 55.717 0.952
2	1	41.801 1	55.669 1
2	1	41.435 1	55.664 1
2	1	41.788 1	55.23 1
2	1	41.943 1	55.6 1
2	1	41.250 1	55.1155 1
2	1	41.67 1	55.834 1
2	1	41.813 1	55.627 1
2	1	41.119 1	55.845 1
2	1	41.621 1	55.336 1
2	1	41.179 1	55.979 1
2	1	41.1025 1	55.1121 1
2	1	41.1081 1	55.728 1
2	1	41.1062 1	55.68 1
2	1	41.1090 1	55.734 1
2	1	41.998 1	55.768 1
2	1	41.14 1	55.892 1
2	1	41.151 1	55.125 1
2	1	41.322 1	55.428 1
2	1	41.879 1	55.551 1
2	1	41.166 1	55.882 1
2	1	41.890 1	55.902 1
2	1	41.356 1	55.653 1
2	1	41.242 1	55.1148 1
2	1	41.355 1	55.482 1
4	3	41.1067 1 41.633 0.906 41.692 0.906	55.925 1
2	1	41.110 1	55.108 1
2	1	41.121 1	55.847 1
2	1	41.107 1	55.105 1
2	1	41.904 1	55.1172 1
2	1	41.973 1	55.753 1
2	1	41.272 1	55.453 1
2	1	41.377 1	55.238 1
2	1	41.16 1	55.891 1
2	1	41.269 1	55.456 1
2	1	41.251 1	55.369 1
2	1	41.1092 1	55.857 1
2	1	41.975 1	55.789 1
2	1	41.394 1	55.992 1
3	2	41.695 0.199 41.893 1	55.195 1
2	1	41.241 1	55.1147 1
2	1	41.156 1	55.997 1
2	1	41.29 1	55.716 1
2	1	41.24 1	55.760 1
2	1	41.133 1	55.1059 1
2	1	41.332 1	55.967 1
2	1	41.807 1	55.612 1
2	1	41.432 1	55.202 1
2	1	41.681 1	55.36 1
2	1	41.972 1	55.754 1
2	1	41.1113 1	55.1002 1
2	1	41.319 1	55.442 1
2	1	41.76 1	55.798 1
2	1	41.128 1	55.1081 1
2	1	41.6 1	55.900 1
2	1	41.523 1	55.1058 1
2	1	41.191 1	55.1090 1
2	1	41.204 1	55.672 1
2	1	41.208 1	55.838 1
2	1	41.1118 1	55.910 1
2	1	41.859 1	55.1168 1
2	1	41.773 1	55.1096 1
2	1	41.294 1	55.490 1
3	2	41.830 1	55.645 0.116 55.646 1
2	1	41.224 1	55.158 1
2	1	41.291 1	55.493 1
2	1	41.36 1	55.167 1
2	1	41.255 1	55.365 1
2	1	41.1 1	55.906 1
2	1	41.1116 1	55.913 1
2	1	41.275 1	55.285 1
3	2	41.252 1 41.420 0.229	55.368 1
2	1	41.777 1	55.628 1
2	1	41.337 1	55.60 1
2	1	41.62 1	55.615 1
2	1	41.210 1	55.840 1
2	1	41.303 1	55.317 1
2	1	41.437 1	55.662 1
2	1	41.57 1	55.877 1
2	1	41.298 1	55.485 1
2	1	41.345 1	55.11 1
2	1	41.995 1	55.771 1
2	1	41.392 1	55.394 1
2	1	41.1070 1	55.731 1
2	1	41.1083 1	55.726 1
2	1	41.146 1	55.120 1
2	1	41.222 1	55.156 1
2	1	41.1001 1	55.765 1
2	1	41.178 1	55.634 1
2	1	41.338 1	55.61 1
2	1	41.971 1	55.755 1
2	1	41.278 1	55.496 1
2	1	41.357 1	55.652 1
2	1	41.884 1	55.744 1
4	4	41.1003 0.225 41.735 1	55.1034 0.067 55.936 1
2	1	41.103 1	55.1128 1
2	1	41.248 1	55.1153 1
2	1	41.61 1	55.864 1
3	2	41.73 1	55.801 1 55.391 1
2	1	41.154 1	55.995 1
3	2	41.566 1 41.648 0.136	55.809 1
2	1	41.409 1	55.549 1
2	1	41.937 1	55.870 1
2	1	41.349 1	55.22 1
2	1	41.434 1	55.665 1
2	1	41.59 1	55.862 1
2	1	41.182 1	55.982 1
2	1	41.279 1	55.495 1
2	1	41.42 1	55.820 1
2	1	41.173 1	55.361 1
2	1	41.137 1	55.94 1
2	1	41.263 1	55.1161 1
2	1	41.405 1	55.9 1
2	1	41.1000 1	55.766 1
2	1	41.1033 1	55.84 1
2	1	41.477 1	55.215 1
2	1	41.787 1	55.24 1
3	2	41.941 1 41.711 0.659	55.993 1
2	1	41.482 1	55.289 1
2	1	41.886 1	55.373 1
2	1	41.944 1	55.281 1
2	1	41.431 1	55.203 1
2	1	41.1082 1	55.727 1
2	1	41.984 1	55.782 1
2	1	41.384 1	55.183 1
2	1	41.49 1	55.827 1
2	1	41.792 1	55.685 1
2	1	41.840 1	55.1104 1
2	1	41.858 1	55.1169 1
2	1	41.216 1	55.667 1
3	2	41.855 1	55.500 1 55.743 0.784
2	1	41.1112 1	55.1001 1
2	1	41.8 1	55.898 1
2	1	41.980 1	55.791 1
2	1	41.838 1	55.447 1
2	1	41.647 1	55.618 1
2	1	41.763 1	55.1135 1
2	1	41.163 1	55.924 1
2	1	41.989 1	55.777 1
2	1	41.478 1	55.190 1
2	1	41.69 1	55.140 1
2	1	41.504 1	55.42 1
2	1	41.761 1	55.363 1
3	2	41.762 1 41.963 0.752	55.1136 1
2	1	41.994 1	55.772 1
2	1	41.1085 1	55.868 1
2	1	41.28 1	55.144 1
2	1	41.770 1	55.1093 1
2	1	41.78 1	55.90 1
2	1	41.842 1	55.1133 1
2	1	41.1034 1	55.83 1
2	1	41.986 1	55.780 1
2	1	41.2 1	55.905 1
2	1	41.327 1	55.78 1
2	1	41.180 1	55.980 1
2	1	41.1115 1	55.914 1
2	1	41.397 1	55.1021 1
2	1	41.480 1	55.286 1
2	1	41.63 1	55.867 1
3	2	41.746 1 41.814 0.050	55.953 1
2	1	41.120 1	55.846 1
2	1	41.385 1	55.360 1
2	1	41.512 1	55.621 1
2	1	41.751 1	55.252 1
2	1	41.808 1	55.206 1
3	2	41.143 0.361 41.144 1	55.117 1
2	1	41.271 1	55.454 1
2	1	41.843 1	55.450 1
2	1	41.181 1	55.981 1
2	1	41.537 1	55.228 1
2	1	41.13 1	55.893 1
2	1	41.802 1	55.682 1
2	1	41.102 1	55.1127 1
2	1	41.177 1	55.635 1
2	1	41.18 1	55.889 1
2	1	41.497 1	55.231 1
2	1	41.782 1	55.254 1
2	1	41.919 1	55.807 1
5	4	41.372 1 41.427 0.714 41.590 0.750 41.630 0.733	55.973 1
2	1	41.991 1	55.775 1
2	1	41.402 1	55.65 1
2	1	41.655 1	55.837 1
2	1	41.132 1	55.147 1
2	1	41.35 1	55.166 1
2	1	41.946 1	55.152 1
2	1	41.865 1	55.614 1
2	1	41.1063 1	55.66 1
2	1	41.175 1	55.637 1
2	1	41.778 1	55.629 1
2	1	41.976 1	55.788 1
2	1	41.142 1	55.116 1
2	1	41.33 1	55.721 1
2	1	41.10 1	55.896 1
2	1	41.326 1	55.77 1
2	1	41.496 1	55.232 1
2	1	41.883 1	55.260 1
2	1	41.98 1	55.101 1
2	1	41.905 1	55.1011 1
3	2	41.1103 1	55.459 0.189 55.479 1
2	1	41.276 1	55.498 1
2	1	41.343 1	55.7 1
2	1	41.491 1	55.321 1
2	1	41.192 1	55.1089 1
2	1	41.296 1	55.488 1
2	1	41.370 1	55.237 1
2	1	41.845 1	55.452 1
2	1	41.1098 1	55.921 1
2	1	41.176 1	55.636 1
2	1	41.983 1	55.783 1
3	2	41.183 1	55.983 1 55.244 0.772
2	1	41.354 1	55.410 1
2	1	41.525 1	55.1024 1
2	1	41.27 1	55.143 1
2	1	41.486 1	55.351 1
2	1	41.854 1	55.499 1
2	1	41.265 1	55.1163 1
2	1	41.282 1	55.273 1
2	1	41.872 1	55.359 1
2	1	41.977 1	55.787 1
2	1	41.987 1	55.779 1
2	1	41.109 1	55.107 1
2	1	41.915 1	55.1143 1
2	1	41.981 1	55.785 1
2	1	41.277 1	55.497 1
3	2	41.41 1 41.689 0.864	55.854 1
2	1	41.887 1	55.1085 1
2	1	41.974 1	55.790 1
2	1	41.844 1	55.451 1
2	1	41.223 1	55.157 1
2	1	41.365 1	55.45 1
2	1	41.878 1	55.948 1
2	1	41.331 1	55.31 1
2	1	41.44 1	55.822 1
2	1	41.155 1	55.996 1
3	2	41.115 1 41.511 0.791	55.1077 1
2	1	41.131 1	55.146 1
2	1	41.871 1	55.737 1
2	1	41.610 1	55.1003 1
3	2	41.885 1	55.372 1 55.1084 0.827
2	1	41.934 1	55.1129 1
2	1	41.996 1	55.770 1
2	1	41.536 1	55.229 1
2	1	41.104 1	55.102 1
2	1	41.1091 1	55.736 1
2	1	41.266 1	55.1165 1
2	1	41.312 1	55.679 1
4	3	41.328 1	55.347 1 55.631 0.378 55.75 0.532
2	1	41.970 1	55.756 1
2	1	41.165 1	55.880 1
2	1	41.68 1	55.835 1
2	1	41.832 1	55.648 1
2	1	41.37 1	55.932 1
2	1	41.522 1	55.350 1
2	1	41.881 1	55.262 1
2	1	41.671 1	55.1087 1
2	1	41.1065 1	55.64 1
2	1	41.11 1	55.895 1
2	1	41.189 1	55.1146 1
2	1	41.341 1	55.1016 1
2	1	41.447 1	55.507 1
2	1	41.470 1	55.850 1
2	1	41.1061 1	55.69 1
2	1	41.867 1	55.473 1
2	1	41.353 1	55.411 1
2	1	41.997 1	55.769 1
2	1	41.1002 1	55.764 1
2	1	41.38 1	55.933 1
2	1	41.748 1	55.255 1
2	1	41.851 1	55.1022 1
2	1	41.71 1	55.141 1
2	1	41.285 1	55.276 1
2	1	41.368 1	55.375 1
3	2	41.371 1 41.632 0.843	55.971 1
2	1	41.7 1	55.899 1
2	1	41.791 1	55.684 1
2	1	41.1084 1	55.725 1
2	1	41.932 1	55.1131 1
2	1	41.249 1	55.1154 1
2	1	41.468 1	55.849 1
2	1	41.924 1	55.110 1
2	1	41.747 1	55.256 1
2	1	41.985 1	55.781 1
2	1	41.1072 1	55.729 1
2	1	41.205 1	55.671 1
2	1	41.77 1	55.799 1
4	3	41.1021 1 41.1074 0.242 41.95 0.052	55.480 1
2	1	41.516 1	55.819 1
2	1	41.869 1	55.475 1
2	1	41.1099 1	55.920 1
2	1	41.992 1	55.774 1
26	25	41.1042 0.763 41.1096 0.783 41.1106 0.783 41.153 0.711 41.170 0.646 41.193 0.783 41.198 0.074 41.199 0.076 41.218 0.750 41.237 0.974 41.329 0.740 41.366 0.780 41.539 0.349 41.553 1 41.578 0.077 41.579 0.145 41.600 0.778 41.624 0.208 41.675 0.794 41.700 0.783 41.781 0.534 41.815 0.927 41.825 0.760 41.849 0.783 41.938 0.771	55.514 1
2	1	41.149 1	55.123 1
2	1	41.217 1	55.153 1
2	1	41.396 1	55.1020 1
2	1	41.795 1	55.688 1
4	3	41.136 1	55.1055 0.175 55.1164 1 55.689 0.056
2	1	41.150 1	55.124 1
2	1	41.117 1	55.843 1
2	1	41.702 1	55.930 1
2	1	41.233 1	55.622 1
2	1	41.896 1	55.290 1
2	1	41.364 1	55.44 1
2	1	41.765 1	55.1134 1
2	1	41.231 1	55.651 1
2	1	41.270 1	55.455 1
2	1	41.465 1	55.87 1
2	1	41.471 1	55.851 1
2	1	41.698 1	55.264 1
2	1	41.292 1	55.492 1
2	1	41.30 1	55.718 1
2	1	41.362 1	55.353 1
2	1	41.790 1	55.443 1
2	1	41.86 1	55.794 1
2	1	41.20 1	55.887 1
2	1	41.214 1	55.1000 1
2	1	41.232 1	55.623 1
2	1	41.772 1	55.1095 1
2	1	41.948 1	55.150 1
2	1	41.23 1	55.759 1
2	1	41.990 1	55.776 1
2	1	41.135 1	55.750 1
2	1	41.942 1	55.991 1
2	1	41.936 1	55.643 1
2	1	41.264 1	55.1162 1
2	1	41.347 1	55.13 1
2	1	41.799 1	55.680 1
2	1	41.1066 1	55.63 1
2	1	41.141 1	55.115 1
2	1	41.225 1	55.159 1
2	1	41.1069 1	55.732 1
2	1	41.134 1	55.10 1
2	1	41.284 1	55.275 1
2	1	41.906 1	55.49 1
2	1	41.221 1	55.155 1
2	1	41.302 1	55.233 1
2	1	41.493 1	55.242 1
2	1	41.999 1	55.767 1
2	1	41.382 1	55.209 1
2	1	41.827 1	55.1027 1
2	1	41.184 1	55.984 1
2	1	41.21 1	55.886 1
2	1	41.92 1	55.1044 1
2	1	41.988 1	55.778 1
2	1	41.58 1	55.878 1
2	1	41.101 1	55.641 1
2	1	41.336 1	55.280 1
2	1	41.47 1	55.825 1
2	1	41.66 1	55.833 1
2	1	41.694 1	55.548 1
2	1	41.164 1	55.879 1
3	2	41.308 1 41.597 1	55.812 1
2	1	41.19 1	55.888 1
2	1	41.202 1	55.674 1
2	1	41.22 1	55.885 1
3	2	41.852 1	55.632 0.077 55.855 1
2	1	41.933 1	55.1130 1
2	1	41.979 1	55.786 1
2	1	41.116 1	55.1076 1
2	1	41.352 1	55.412 1
4	3	41.592 1 41.311 0.865 41.686 0.772	55.818 1
2	1	41.286 1	55.277 1
2	1	41.229 1	55.344 1
2	1	41.262 1	55.1160 1
2	1	41.346 1	55.12 1
2	1	41.89 1	55.797 1
2	1	41.775 1	55.313 1
2	1	41.256 1	55.278 1
4	3	41.520 0.104 41.521 0.101 41.535 1	55.230 1
2	1	41.281 1	55.966 1
2	1	41.469 1	55.852 1
2	1	41.244 1	55.1151 1
2	1	41.809 1	55.204 1
2	1	41.9 1	55.897 1
2	1	41.212 1	55.841 1
2	1	41.304 1	55.318 1
2	1	41.348 1	55.20 1
2	1	41.220 1	55.154 1
2	1	41.228 1	55.856 1
2	1	41.1097 1	55.922 1
2	1	41.53 1	55.142 1
2	1	41.803 1	55.762 1
2	1	41.829 1	55.1025 1
2	1	41.5 1	55.901 1
2	1	41.828 1	55.1026 1
2	1	41.888 1	55.71 1
2	1	41.307 1	55.810 1
2	1	41.145 1	55.119 1
2	1	41.247 1	55.1152 1
2	1	41.65 1	55.869 1
2	1	41.882 1	55.261 1
2	1	41.492 1	55.1053 1
2	1	41.515 1	55.1036 1
2	1	41.800 1	55.409 1
2	1	41.914 1	55.338 1
2	1	41.330 1	55.30 1
2	1	41.472 1	55.853 1
2	1	41.106 1	55.104 1
2	1	41.314 1	55.817 1
2	1	41.680 1	55.340 1
2	1	41.834 1	55.650 1
2	1	41.274 1	55.327 1
3	2	41.538 1 41.547 0.172	55.376 1
7	6	41.1008 0.712 41.1010 0.702 41.1012 1 41.387 0.518 41.731 0.312 41.734 0.299	55.1033 1
2	1	41.140 1	55.114 1
2	1	41.484 1	55.301 1
2	1	41.993 1	55.773 1
2	1	41.112 1	55.385 1
2	1	41.273 1	55.267 1
2	1	41.1119 1	55.909 1
2	1	41.1120 1	55.908 1
2	1	41.268 1	55.1166 1
2	1	41.339 1	55.1137 1
2	1	41.609 1	55.961 1
2	1	41.418 1	55.370 1
2	1	41.185 1	55.985 1
2	1	41.46 1	55.824 1
2	1	41.243 1	55.1150 1
2	1	41.376 1	55.381 1
2	1	41.406 1	55.416 1
2	1	41.45 1	55.823 1
2	1	41.475 1	55.1015 1
2	1	41.868 1	55.474 1
2	1	41.171 1	55.414 1
2	1	41.209 1	55.839 1
2	1	41.833 1	55.649 1
2	1	41.334 1	55.969 1
4	3	41.649 1	55.1149 0.095 55.959 0.201 55.976 1
2	1	41.837 1	55.444 1
2	1	41.186 1	55.988 1
2	1	41.812 1	55.1028 1
2	1	41.836 1	55.1029 1
2	1	41.876 1	55.1092 1
2	1	41.1059 1	55.73 1
3	2	41.862 1	55.32 1 55.398 0.131
2	1	41.363 1	55.43 1
2	1	41.793 1	55.686 1
3	2	41.945 1	55.1073 0.245 55.62 1
2	1	41.297 1	55.486 1
2	1	41.32 1	55.720 1
2	1	41.351 1	55.413 1
2	1	41.752 1	55.741 1
2	1	41.333 1	55.968 1
2	1	41.51 1	55.829 1
2	1	41.235 1	55.1142 1
3	2	41.258 0.080 41.259 1	55.162 1
2	1	41.393 1	55.47 1
2	1	41.589 1	55.1079 1
2	1	41.1019 0.776	55.1103 0.776
2	1	41.556 0.924	55.958 0.924
