Size	Relations	OrthoA	OrthoB
2	1	41.40 1	56.2 1
2	1	41.39 1	56.1 1
2	1	41.280 1	56.126 1
2	1	41.56 1	56.720 1
2	1	41.1032 1	56.5 1
2	1	41.951 1	56.831 1
2	1	41.416 1	56.1023 1
2	1	41.320 1	56.1152 1
2	1	41.54 1	56.710 1
2	1	41.458 1	56.154 1
2	1	41.918 1	56.1724 1
2	1	41.774 1	56.1847 1
2	1	41.1004 1	56.583 1
2	1	41.261 1	56.1746 1
2	1	41.390 1	56.1258 1
2	1	41.388 1	56.1260 1
2	1	41.55 1	56.705 1
2	1	41.3 1	56.1091 1
2	1	41.771 1	56.1850 1
2	1	41.952 1	56.1827 1
2	1	41.201 1	56.1520 1
2	1	41.1086 1	56.729 1
2	1	41.359 1	56.1172 1
2	1	41.226 1	56.180 1
2	1	41.909 1	56.1407 1
2	1	41.48 1	56.51 1
2	1	41.367 1	56.585 1
2	1	41.50 1	56.53 1
3	2	41.494 1	56.1621 1 56.1571 0.752
2	1	41.12 1	56.1101 1
2	1	41.4 1	56.1092 1
2	1	41.874 1	56.371 1
2	1	41.162 1	56.801 1
2	1	41.97 1	56.1933 1
2	1	41.375 1	56.1679 1
2	1	41.335 1	56.1380 1
2	1	41.1068 1	56.749 1
2	1	41.161 1	56.1394 1
2	1	41.935 1	56.1339 1
3	2	41.897 1 41.903 0.070	56.1760 1
2	1	41.947 1	56.189 1
2	1	41.80 1	56.1372 1
2	1	41.17 1	56.1106 1
2	1	41.105 1	56.1937 1
2	1	41.982 1	56.256 1
2	1	41.1031 1	56.6 1
2	1	41.293 1	56.129 1
2	1	41.378 1	56.1586 1
2	1	41.99 1	56.1528 1
2	1	41.1093 1	56.716 1
2	1	41.100 1	56.1088 1
2	1	41.295 1	56.131 1
2	1	41.373 1	56.1378 1
4	3	41.1104 1 41.510 0.107 41.835 0.768	56.794 1
2	1	41.950 1	56.192 1
2	1	41.234 1	56.157 1
2	1	41.831 1	56.1344 1
2	1	41.81 1	56.278 1
2	1	41.923 1	56.1945 1
2	1	41.875 1	56.372 1
2	1	41.806 1	56.116 1
2	1	41.325 1	56.1137 1
2	1	41.187 1	56.1360 1
2	1	41.1102 1	56.439 1
2	1	41.823 1	56.1511 1
2	1	41.873 1	56.622 1
2	1	41.253 1	56.1059 1
2	1	41.438 1	56.1506 1
4	3	41.1105 1 41.1101 0.876 41.1111 0.772	56.793 1
4	3	41.111 0.062 41.440 0.072 41.798 1	56.1643 1
2	1	41.167 1	56.709 1
2	1	41.230 1	56.374 1
2	1	41.847 1	56.1177 1
2	1	41.108 1	56.1940 1
2	1	41.1089 1	56.751 1
2	1	41.1071 1	56.746 1
2	1	41.1087 1	56.728 1
2	1	41.213 1	56.67 1
2	1	41.889 1	56.1761 1
2	1	41.88 1	56.269 1
2	1	41.203 1	56.1518 1
3	2	41.254 1 41.422 0.156	56.1060 1
2	1	41.1006 1	56.1829 1
2	1	41.766 1	56.1479 1
2	1	41.436 1	56.1508 1
2	1	41.383 1	56.301 1
2	1	41.801 1	56.1514 1
2	1	41.1100 1	56.797 1
2	1	41.788 1	56.1980 1
2	1	41.943 1	56.879 1
2	1	41.250 1	56.1742 1
2	1	41.119 1	56.70 1
2	1	41.1025 1	56.1828 1
2	1	41.621 1	56.1326 1
2	1	41.179 1	56.1371 1
2	1	41.1081 1	56.744 1
2	1	41.435 1	56.1509 1
2	1	41.998 1	56.240 1
2	1	41.1062 1	56.1129 1
2	1	41.1090 1	56.750 1
2	1	41.67 1	56.58 1
2	1	41.151 1	56.1961 1
2	1	41.14 1	56.1103 1
2	1	41.356 1	56.1195 1
2	1	41.879 1	56.1406 1
2	1	41.890 1	56.1093 1
2	1	41.166 1	56.726 1
2	1	41.355 1	56.138 1
2	1	41.242 1	56.1735 1
2	1	41.110 1	56.1942 1
2	1	41.121 1	56.72 1
4	3	41.1067 1 41.633 0.906 41.692 0.906	56.1300 1
2	1	41.107 1	56.1939 1
2	1	41.973 1	56.370 1
2	1	41.904 1	56.1759 1
2	1	41.272 1	56.168 1
2	1	41.269 1	56.165 1
2	1	41.377 1	56.1587 1
2	1	41.1092 1	56.84 1
2	1	41.975 1	56.261 1
2	1	41.251 1	56.1057 1
2	1	41.797 1	56.155 1
2	1	41.241 1	56.1734 1
20	19	41.1042 0.964 41.1096 1 41.1106 1 41.153 0.935 41.170 0.370 41.193 1 41.218 0.255 41.237 0.495 41.329 0.375 41.366 0.976 41.553 0.475 41.600 0.993 41.675 0.824 41.700 1 41.781 0.310 41.815 0.426 41.825 0.548 41.849 1 41.938 0.986	56.173 1
2	1	41.156 1	56.1392 1
2	1	41.24 1	56.363 1
2	1	41.681 1	56.951 1
2	1	41.29 1	56.730 1
2	1	41.133 1	56.1773 1
2	1	41.332 1	56.1383 1
2	1	41.807 1	56.115 1
2	1	41.972 1	56.369 1
2	1	41.432 1	56.1904 1
2	1	41.319 1	56.1151 1
2	1	41.76 1	56.271 1
2	1	41.6 1	56.1095 1
2	1	41.208 1	56.63 1
2	1	41.1113 1	56.1399 1
2	1	41.191 1	56.1854 1
2	1	41.859 1	56.1755 1
2	1	41.204 1	56.1517 1
2	1	41.773 1	56.1848 1
2	1	41.73 1	56.1574 1
2	1	41.1118 1	56.1085 1
2	1	41.224 1	56.182 1
2	1	41.294 1	56.130 1
2	1	41.830 1	56.1343 1
2	1	41.1116 1	56.791 1
2	1	41.291 1	56.127 1
2	1	41.1 1	56.1089 1
2	1	41.36 1	56.1925 1
2	1	41.777 1	56.434 1
2	1	41.275 1	56.1617 1
3	2	41.252 1 41.420 0.240	56.1058 1
2	1	41.337 1	56.1119 1
2	1	41.62 1	56.112 1
2	1	41.255 1	56.1061 1
2	1	41.210 1	56.65 1
2	1	41.345 1	56.872 1
2	1	41.303 1	56.1769 1
2	1	41.298 1	56.134 1
2	1	41.437 1	56.1507 1
2	1	41.57 1	56.721 1
2	1	41.146 1	56.1955 1
2	1	41.392 1	56.1480 1
2	1	41.1083 1	56.742 1
2	1	41.995 1	56.243 1
2	1	41.971 1	56.368 1
2	1	41.1001 1	56.237 1
2	1	41.1070 1	56.747 1
2	1	41.222 1	56.184 1
2	1	41.357 1	56.1196 1
2	1	41.16 1	56.1105 1
2	1	41.178 1	56.440 1
2	1	41.278 1	56.124 1
2	1	41.103 1	56.922 1
2	1	41.248 1	56.1740 1
2	1	41.154 1	56.1390 1
2	1	41.61 1	56.708 1
2	1	41.409 1	56.1404 1
2	1	41.434 1	56.1510 1
2	1	41.59 1	56.706 1
2	1	41.813 1	56.432 1
2	1	41.937 1	56.714 1
2	1	41.279 1	56.125 1
2	1	41.182 1	56.1368 1
2	1	41.137 1	56.12 1
2	1	41.42 1	56.45 1
2	1	41.1000 1	56.238 1
3	2	41.1003 1 41.735 0.214	56.1647 1
2	1	41.1033 1	56.4 1
2	1	41.263 1	56.1748 1
2	1	41.405 1	56.876 1
2	1	41.884 1	56.381 1
2	1	41.787 1	56.1981 1
3	2	41.695 0.285 41.893 1	56.1602 1
2	1	41.944 1	56.880 1
2	1	41.482 1	56.1613 1
2	1	41.1082 1	56.743 1
2	1	41.984 1	56.254 1
2	1	41.431 1	56.1905 1
2	1	41.384 1	56.1462 1
2	1	41.792 1	56.1538 1
2	1	41.49 1	56.52 1
2	1	41.858 1	56.1756 1
3	2	41.980 1	56.263 1 56.615 0.654
2	1	41.216 1	56.1512 1
2	1	41.838 1	56.174 1
2	1	41.163 1	56.1299 1
3	2	41.855 1	56.120 1 56.759 0.784
2	1	41.1112 1	56.1398 1
2	1	41.763 1	56.914 1
2	1	41.647 1	56.421 1
2	1	41.8 1	56.1097 1
2	1	41.69 1	56.200 1
2	1	41.309 1	56.25 1
2	1	41.1085 1	56.712 1
2	1	41.478 1	56.1608 1
2	1	41.989 1	56.249 1
2	1	41.994 1	56.244 1
2	1	41.1034 1	56.3 1
2	1	41.28 1	56.196 1
2	1	41.761 1	56.1064 1
3	2	41.762 1 41.963 0.747	56.913 1
2	1	41.770 1	56.1851 1
2	1	41.886 1	56.1559 1
2	1	41.180 1	56.1370 1
2	1	41.1115 1	56.792 1
2	1	41.327 1	56.1139 1
2	1	41.986 1	56.252 1
2	1	41.2 1	56.1090 1
6	8	41.246 0.202 41.639 1	56.1066 0.416 56.1923 0.266 56.410 0.198 56.874 1
2	1	41.442 1	56.535 1
2	1	41.63 1	56.711 1
2	1	41.512 1	56.424 1
2	1	41.120 1	56.71 1
2	1	41.181 1	56.1369 1
2	1	41.480 1	56.1616 1
2	1	41.168 1	56.572 1
2	1	41.397 1	56.1634 1
2	1	41.271 1	56.167 1
2	1	41.13 1	56.1102 1
3	2	41.143 0.369 41.144 1	56.1952 1
2	1	41.18 1	56.1107 1
2	1	41.802 1	56.1534 1
2	1	41.843 1	56.171 1
2	1	41.177 1	56.441 1
2	1	41.497 1	56.1233 1
2	1	41.919 1	56.17 1
2	1	41.102 1	56.923 1
2	1	41.35 1	56.1924 1
2	1	41.402 1	56.1125 1
2	1	41.991 1	56.247 1
2	1	41.946 1	56.188 1
2	1	41.132 1	56.193 1
5	4	41.372 1 41.427 0.714 41.590 0.750 41.630 0.733	56.1377 1
2	1	41.778 1	56.435 1
2	1	41.142 1	56.1951 1
2	1	41.10 1	56.1099 1
2	1	41.33 1	56.737 1
2	1	41.1063 1	56.1126 1
2	1	41.175 1	56.443 1
3	2	41.865 1	56.113 1 56.1249 0.723
2	1	41.326 1	56.1138 1
2	1	41.883 1	56.625 1
2	1	41.98 1	56.1935 1
2	1	41.976 1	56.260 1
4	3	41.746 0.074 41.814 1 41.928 0.138	56.822 1
2	1	41.496 1	56.1234 1
2	1	41.343 1	56.878 1
2	1	41.491 1	56.1261 1
3	2	41.1103 1	56.144 1 56.162 0.170
2	1	41.370 1	56.1588 1
2	1	41.176 1	56.442 1
2	1	41.192 1	56.1855 1
2	1	41.276 1	56.122 1
2	1	41.114 1	56.1523 1
2	1	41.296 1	56.132 1
2	1	41.845 1	56.169 1
2	1	41.183 1	56.1367 1
3	2	41.354 1	56.1277 1 56.1721 1
2	1	41.1098 1	56.799 1
2	1	41.983 1	56.255 1
2	1	41.27 1	56.197 1
2	1	41.854 1	56.121 1
3	2	41.566 1 41.648 0.254	56.20 1
2	1	41.842 1	56.917 1
2	1	41.265 1	56.1750 1
2	1	41.486 1	56.1175 1
2	1	41.872 1	56.1896 1
2	1	41.987 1	56.251 1
2	1	41.109 1	56.1941 1
2	1	41.977 1	56.259 1
2	1	41.915 1	56.1729 1
2	1	41.974 1	56.262 1
2	1	41.981 1	56.257 1
2	1	41.277 1	56.123 1
3	2	41.41 1 41.689 0.864	56.81 1
2	1	41.844 1	56.170 1
2	1	41.104 1	56.1936 1
2	1	41.223 1	56.183 1
2	1	41.887 1	56.1864 1
2	1	41.525 1	56.1637 1
2	1	41.331 1	56.944 1
2	1	41.365 1	56.586 1
2	1	41.878 1	56.829 1
2	1	41.131 1	56.194 1
2	1	41.44 1	56.47 1
3	2	41.115 1 41.511 0.791	56.835 1
2	1	41.155 1	56.1391 1
2	1	41.536 1	56.1231 1
2	1	41.934 1	56.921 1
2	1	41.996 1	56.242 1
2	1	41.312 1	56.1529 1
4	3	41.328 1	56.1136 0.518 56.1498 1 56.437 0.373
2	1	41.871 1	56.753 1
2	1	41.266 1	56.1752 1
2	1	41.306 1	56.30 1
2	1	41.165 1	56.724 1
2	1	41.68 1	56.59 1
2	1	41.1065 1	56.1124 1
2	1	41.189 1	56.1733 1
2	1	41.37 1	56.1218 1
2	1	41.470 1	56.77 1
2	1	41.1091 1	56.752 1
2	1	41.885 1	56.1557 1
2	1	41.11 1	56.1100 1
2	1	41.881 1	56.623 1
2	1	41.970 1	56.367 1
3	2	41.353 1	56.1278 1 56.1720 1
2	1	41.905 1	56.1623 1
2	1	41.1002 1	56.236 1
2	1	41.1061 1	56.1130 1
2	1	41.832 1	56.1345 1
2	1	41.341 1	56.1629 1
2	1	41.522 1	56.1176 1
2	1	41.867 1	56.150 1
2	1	41.516 1	56.630 1
2	1	41.71 1	56.199 1
2	1	41.997 1	56.241 1
2	1	41.688 1	56.641 1
2	1	41.368 1	56.1562 1
2	1	41.38 1	56.1217 1
2	1	41.791 1	56.1537 1
2	1	41.924 1	56.1944 1
3	2	41.160 1 41.239 0.108	56.907 1
2	1	41.1084 1	56.741 1
2	1	41.149 1	56.1959 1
2	1	41.285 1	56.207 1
2	1	41.385 1	56.1895 1
2	1	41.249 1	56.1741 1
2	1	41.932 1	56.919 1
2	1	41.985 1	56.253 1
2	1	41.205 1	56.1516 1
2	1	41.349 1	56.1492 1
2	1	41.77 1	56.272 1
4	4	41.117 1 41.936 0.870	56.68 1 56.55 0.877
2	1	41.869 1	56.148 1
2	1	41.1072 1	56.745 1
2	1	41.1099 1	56.798 1
2	1	41.992 1	56.246 1
2	1	41.840 1	56.1838 1
4	3	41.1021 1 41.1074 0.249 41.95 0.061	56.143 1
3	2	41.371 1 41.632 0.686	56.1379 1
2	1	41.150 1	56.1960 1
2	1	41.217 1	56.187 1
2	1	41.396 1	56.1633 1
2	1	41.136 1	56.1751 1
2	1	41.364 1	56.587 1
2	1	41.233 1	56.425 1
2	1	41.795 1	56.1541 1
2	1	41.765 1	56.915 1
2	1	41.270 1	56.166 1
2	1	41.698 1	56.621 1
2	1	41.790 1	56.1150 1
2	1	41.23 1	56.364 1
2	1	41.30 1	56.734 1
2	1	41.86 1	56.267 1
2	1	41.942 1	56.1359 1
2	1	41.504 1	56.590 1
2	1	41.948 1	56.190 1
2	1	41.20 1	56.1109 1
2	1	41.232 1	56.426 1
2	1	41.362 1	56.1173 1
2	1	41.471 1	56.78 1
2	1	41.896 1	56.1612 1
2	1	41.655 1	56.61 1
2	1	41.465 1	56.7 1
5	4	41.680 1	56.103 0.847 56.1696 0.183 56.318 0.907 56.448 1
2	1	41.772 1	56.1849 1
2	1	41.135 1	56.373 1
2	1	41.128 1	56.1966 1
2	1	41.141 1	56.1950 1
2	1	41.134 1	56.875 1
2	1	41.225 1	56.181 1
2	1	41.264 1	56.1749 1
2	1	41.297 1	56.133 1
2	1	41.990 1	56.248 1
2	1	41.1066 1	56.1123 1
2	1	41.1069 1	56.748 1
2	1	41.347 1	56.870 1
2	1	41.284 1	56.206 1
2	1	41.382 1	56.1687 1
2	1	41.394 1	56.1358 1
2	1	41.906 1	56.582 1
2	1	41.999 1	56.239 1
2	1	41.221 1	56.185 1
2	1	41.229 1	56.375 1
2	1	41.493 1	56.217 1
2	1	41.184 1	56.1366 1
2	1	41.21 1	56.1111 1
2	1	41.302 1	56.1235 1
2	1	41.988 1	56.250 1
2	1	41.101 1	56.1338 1
2	1	41.173 1	56.1892 1
2	1	41.47 1	56.50 1
2	1	41.58 1	56.722 1
2	1	41.66 1	56.57 1
2	1	41.694 1	56.1403 1
2	1	41.164 1	56.723 1
2	1	41.202 1	56.1519 1
2	1	41.22 1	56.1112 1
3	2	41.308 1 41.597 1	56.23 1
3	2	41.352 1	56.1279 1 56.1719 1
2	1	41.799 1	56.1531 1
2	1	41.933 1	56.920 1
2	1	41.116 1	56.834 1
2	1	41.336 1	56.814 1
2	1	41.592 1	56.34 1
3	2	41.852 1	56.438 0.075 56.82 1
2	1	41.89 1	56.270 1
2	1	41.19 1	56.1108 1
2	1	41.346 1	56.871 1
2	1	41.979 1	56.258 1
2	1	41.803 1	56.361 1
2	1	41.262 1	56.1747 1
2	1	41.286 1	56.208 1
2	1	41.610 1	56.1400 1
2	1	41.231 1	56.1197 1
2	1	41.537 1	56.1230 1
2	1	41.775 1	56.1620 1
2	1	41.809 1	56.1906 1
2	1	41.244 1	56.1738 1
2	1	41.212 1	56.66 1
2	1	41.256 1	56.209 1
2	1	41.468 1	56.75 1
4	3	41.520 0.106 41.521 0.103 41.535 1	56.1232 1
2	1	41.9 1	56.1098 1
2	1	41.281 1	56.1384 1
2	1	41.220 1	56.186 1
2	1	41.469 1	56.79 1
2	1	41.7 1	56.1096 1
2	1	41.228 1	56.83 1
2	1	41.53 1	56.198 1
2	1	41.78 1	56.10 1
2	1	41.829 1	56.1638 1
2	1	41.1097 1	56.800 1
2	1	41.828 1	56.1639 1
2	1	41.888 1	56.1132 1
2	1	41.5 1	56.1094 1
2	1	41.247 1	56.1739 1
2	1	41.145 1	56.1954 1
2	1	41.65 1	56.713 1
2	1	41.882 1	56.624 1
3	2	41.800 1	56.1276 1 56.1722 1
2	1	41.330 1	56.943 1
2	1	41.472 1	56.80 1
2	1	41.834 1	56.1198 1
2	1	41.106 1	56.1938 1
2	1	41.274 1	56.1026 1
2	1	41.314 1	56.33 1
2	1	41.484 1	56.574 1
3	2	41.686 1 41.311 0.872	56.640 1
7	6	41.1008 0.712 41.1010 0.702 41.1012 1 41.387 0.518 41.731 0.312 41.734 0.300	56.1646 1
2	1	41.268 1	56.1753 1
2	1	41.993 1	56.245 1
2	1	41.1120 1	56.1087 1
2	1	41.140 1	56.1949 1
2	1	41.339 1	56.912 1
2	1	41.418 1	56.1553 1
3	2	41.538 1 41.547 0.174	56.1563 1
2	1	41.613 1	56.286 1
2	1	41.273 1	56.618 1
2	1	41.1119 1	56.1086 1
2	1	41.185 1	56.1365 1
2	1	41.376 1	56.1678 1
2	1	41.46 1	56.49 1
2	1	41.475 1	56.1628 1
2	1	41.406 1	56.300 1
2	1	41.45 1	56.48 1
2	1	41.868 1	56.149 1
2	1	41.243 1	56.1737 1
2	1	41.334 1	56.1381 1
2	1	41.837 1	56.1149 1
2	1	41.851 1	56.1635 1
2	1	41.209 1	56.64 1
3	2	41.649 1	56.1374 1 56.1736 0.087
2	1	41.833 1	56.1346 1
2	1	41.171 1	56.411 1
2	1	41.1059 1	56.1134 1
2	1	41.307 1	56.21 1
2	1	41.812 1	56.1641 1
2	1	41.186 1	56.1362 1
2	1	41.112 1	56.1568 1
2	1	41.752 1	56.757 1
2	1	41.214 1	56.1396 1
2	1	41.793 1	56.1539 1
3	2	41.945 1	56.1122 1 56.832 0.206
2	1	41.363 1	56.588 1
2	1	41.836 1	56.1642 1
2	1	41.32 1	56.736 1
2	1	41.876 1	56.1852 1
3	2	41.711 0.164 41.941 1	56.1357 1
2	1	41.235 1	56.1728 1
2	1	41.333 1	56.1382 1
3	2	41.351 1	56.1280 1 56.1718 1
2	1	41.51 1	56.54 1
3	2	41.683 1 41.556 0.882	56.819 1
2	1	41.393 1	56.584 1
2	1	41.1017 1	56.830 1
2	1	41.292 1	56.128 1
2	1	41.669 1	56.1303 1
3	2	41.759 1	56.1544 1 56.1790 0.060
2	1	41.1019 0.776	56.1840 0.776
2	1	41.514 0.767	56.796 0.767
