Size	Relations	OrthoA	OrthoB
2	1	12.2263 1	83.614 1
2	1	12.2264 1	83.613 1
2	1	12.1988 1	83.73 1
2	1	12.2381 1	83.452 1
2	1	12.2260 1	83.284 1
2	1	12.2368 1	83.412 1
2	1	12.1938 1	83.545 1
2	1	12.99 1	83.734 1
2	1	12.2056 1	83.591 1
2	1	12.37 1	83.624 1
2	1	12.1749 1	83.155 1
2	1	12.1095 1	83.557 1
2	1	12.1267 1	83.658 1
2	1	12.1844 1	83.631 1
2	1	12.2363 1	83.439 1
2	1	12.2094 1	83.762 1
2	1	12.2357 1	83.370 1
2	1	12.181 1	83.713 1
2	1	12.125 1	83.448 1
2	1	12.476 1	83.172 1
2	1	12.2358 1	83.369 1
2	1	12.2468 1	83.236 1
2	1	12.2541 1	83.405 1
2	1	12.1746 1	83.152 1
2	1	12.1743 1	83.110 1
2	1	12.2946 1	83.701 1
2	1	12.1392 1	83.536 1
2	1	12.2400 1	83.413 1
2	1	12.478 1	83.171 1
2	1	12.2543 1	83.407 1
2	1	12.121 1	83.753 1
2	1	12.2347 1	83.379 1
2	1	12.450 1	83.182 1
2	1	12.35 1	83.185 1
2	1	12.2759 1	83.91 1
2	1	12.2768 1	83.226 1
2	1	12.2489 1	83.430 1
2	1	12.714 1	83.648 1
2	1	12.2630 1	83.127 1
2	1	12.2942 1	83.24 1
2	1	12.1884 1	83.266 1
2	1	12.2297 1	83.506 1
2	1	12.2108 1	83.529 1
2	1	12.1793 1	83.445 1
3	2	12.709 1	83.311 0.623 83.643 1
2	1	12.2550 1	83.522 1
2	1	12.199 1	83.280 1
2	1	12.1391 1	83.533 1
2	1	12.2708 1	83.721 1
2	1	12.2259 1	83.283 1
2	1	12.526 1	83.530 1
2	1	12.2694 1	83.480 1
2	1	12.2490 1	83.352 1
2	1	12.2338 1	83.388 1
2	1	12.2399 1	83.350 1
2	1	12.1934 1	83.566 1
2	1	12.2486 1	83.425 1
2	1	12.2948 1	83.703 1
2	1	12.1596 1	83.93 1
2	1	12.2645 1	83.109 1
2	1	12.1962 1	83.29 1
2	1	12.2715 1	83.668 1
2	1	12.1562 1	83.80 1
2	1	12.2573 1	83.730 1
2	1	12.620 1	83.106 1
2	1	12.2115 1	83.86 1
2	1	12.2971 1	83.515 1
2	1	12.2367 1	83.241 1
2	1	12.2491 1	83.351 1
2	1	12.2021 1	83.433 1
2	1	12.1271 1	83.97 1
2	1	12.1547 1	83.166 1
2	1	12.2575 1	83.732 1
2	1	12.655 1	83.183 1
2	1	12.165 1	83.247 1
2	1	12.2765 1	83.692 1
2	1	12.2356 1	83.371 1
2	1	12.2307 1	83.394 1
2	1	12.1960 1	83.27 1
2	1	12.3015 1	83.428 1
2	1	12.2360 1	83.365 1
2	1	12.1150 1	83.190 1
2	1	12.1467 1	83.20 1
2	1	12.1566 1	83.81 1
2	1	12.2397 1	83.240 1
2	1	12.2085 1	83.9 1
2	1	12.2666 1	83.335 1
2	1	12.1794 1	83.444 1
2	1	12.2949 1	83.704 1
2	1	12.2678 1	83.464 1
2	1	12.2570 1	83.227 1
2	1	12.2484 1	83.421 1
2	1	12.2082 1	83.61 1
2	1	12.2523 1	83.359 1
2	1	12.1504 1	83.163 1
2	1	12.1072 1	83.543 1
2	1	12.2345 1	83.94 1
2	1	12.434 1	83.5 1
2	1	12.2647 1	83.492 1
2	1	12.2648 1	83.493 1
2	1	12.2878 1	83.259 1
2	1	12.2710 1	83.510 1
2	1	12.1297 1	83.554 1
2	1	12.1748 1	83.154 1
2	1	12.2010 1	83.218 1
2	1	12.2167 1	83.431 1
2	1	12.2969 1	83.512 1
2	1	12.2401 1	83.327 1
2	1	12.525 1	83.116 1
2	1	12.2508 1	83.354 1
2	1	12.2968 1	83.743 1
2	1	12.1441 1	83.18 1
2	1	12.1273 1	83.99 1
2	1	12.1329 1	83.254 1
2	1	12.118 1	83.755 1
2	1	12.2414 1	83.231 1
2	1	12.1073 1	83.544 1
2	1	12.2354 1	83.373 1
2	1	12.1961 1	83.28 1
2	1	12.2649 1	83.494 1
2	1	12.1897 1	83.17 1
2	1	12.2416 1	83.229 1
2	1	12.2455 1	83.361 1
2	1	12.2482 1	83.415 1
2	1	12.1750 1	83.117 1
2	1	12.2057 1	83.590 1
3	2	12.2366 1	83.263 1 83.141 0.689
2	1	12.2988 1	83.295 1
2	1	12.126 1	83.449 1
2	1	12.2166 1	83.237 1
3	2	12.418 1 12.2644 0.813	83.19 1
2	1	12.2766 1	83.691 1
2	1	12.1574 1	83.562 1
2	1	12.890 1	83.77 1
2	1	12.2522 1	83.358 1
2	1	12.109 1	83.741 1
2	1	12.2374 1	83.527 1
2	1	12.2702 1	83.482 1
3	2	12.723 1	83.322 1 83.637 0.435
2	1	12.1296 1	83.555 1
3	2	12.1970 1 12.577 1	83.30 1
2	1	12.2681 1	83.467 1
3	2	12.1994 1	83.572 1 83.63 0.776
2	1	12.654 1	83.184 1
2	1	12.2542 1	83.406 1
2	1	12.2483 1	83.416 1
2	1	12.1742 1	83.632 1
2	1	12.1512 1	83.699 1
2	1	12.2714 1	83.509 1
2	1	12.2083 1	83.11 1
2	1	12.2295 1	83.508 1
2	1	12.2773 1	83.225 1
2	1	12.794 1	83.742 1
2	1	12.1265 1	83.660 1
2	1	12.429 1	83.101 1
3	2	12.703 1	83.308 1 83.652 0.315
2	1	12.2149 1	83.232 1
2	1	12.175 1	83.257 1
2	1	12.1393 1	83.531 1
2	1	12.2296 1	83.507 1
2	1	12.2675 1	83.461 1
2	1	12.1400 1	83.569 1
2	1	12.2537 1	83.401 1
2	1	12.2700 1	83.487 1
2	1	12.2487 1	83.426 1
2	1	12.1745 1	83.151 1
2	1	12.2737 1	83.136 1
2	1	12.156 1	83.44 1
2	1	12.2535 1	83.399 1
2	1	12.2079 1	83.57 1
3	2	12.2078 1 12.229 0.807	83.343 1
2	1	12.2364 1	83.265 1
2	1	12.2311 1	83.392 1
2	1	12.946 1	83.367 1
2	1	12.1151 1	83.189 1
4	3	12.727 1	83.301 0.132 83.323 1 83.634 0.460
2	1	12.2348 1	83.378 1
2	1	12.2690 1	83.476 1
2	1	12.961 1	83.161 1
2	1	12.2262 1	83.286 1
2	1	12.2818 1	83.761 1
2	1	12.2687 1	83.473 1
2	1	12.1529 1	83.55 1
2	1	12.2352 1	83.375 1
2	1	12.564 1	83.126 1
2	1	12.2076 1	83.581 1
2	1	12.2261 1	83.285 1
2	1	12.2574 1	83.731 1
2	1	12.2572 1	83.729 1
2	1	12.2746 1	83.134 1
2	1	12.2369 1	83.262 1
2	1	12.2676 1	83.462 1
2	1	12.2310 1	83.393 1
2	1	12.155 1	83.43 1
2	1	12.154 1	83.42 1
2	1	12.2477 1	83.302 1
3	2	12.157 1 12.159 0.090	83.46 1
2	1	12.2908 1	83.519 1
2	1	12.2816 1	83.759 1
2	1	12.1456 1	83.72 1
2	1	12.2050 1	83.324 1
2	1	12.79 1	83.594 1
2	1	12.2023 1	83.331 1
2	1	12.451 1	83.736 1
2	1	12.2682 1	83.468 1
3	2	12.2977 1	83.620 0.260 83.622 1
2	1	12.2695 1	83.481 1
2	1	12.2022 1	83.330 1
2	1	12.1612 1	83.6 1
2	1	12.2466 1	83.355 1
6	8	12.2519 1 12.2518 1 12.2464 0.505 12.2053 0.373	83.48 1 83.47 1
2	1	12.1741 1	83.633 1
2	1	12.1991 1	83.74 1
2	1	12.2481 1	83.414 1
2	1	12.1399 1	83.570 1
2	1	12.2020 1	83.252 1
2	1	12.475 1	83.177 1
2	1	12.2799 1	83.124 1
2	1	12.1262 1	83.67 1
2	1	12.2747 1	83.128 1
2	1	12.343 1	83.380 1
2	1	12.1659 1	83.250 1
2	1	12.97 1	83.114 1
2	1	12.2382 1	83.329 1
2	1	12.2306 1	83.396 1
2	1	12.34 1	83.186 1
2	1	12.2116 1	83.87 1
3	2	12.2403 1 12.2801 0.727	83.326 1
2	1	12.2679 1	83.465 1
2	1	12.11 1	83.357 1
2	1	12.2767 1	83.690 1
2	1	12.2685 1	83.471 1
2	1	12.2492 1	83.353 1
2	1	12.2692 1	83.478 1
2	1	12.2699 1	83.486 1
2	1	12.2080 1	83.58 1
2	1	12.1272 1	83.98 1
2	1	12.1534 1	83.56 1
2	1	12.612 1	83.539 1
2	1	12.3 1	83.564 1
2	1	12.2693 1	83.479 1
2	1	12.565 1	83.125 1
2	1	12.2970 1	83.513 1
2	1	12.71 1	83.746 1
2	1	12.1951 1	83.191 1
2	1	12.2081 1	83.59 1
2	1	12.2478 1	83.565 1
2	1	12.1317 1	83.684 1
2	1	12.2501 1	83.432 1
2	1	12.2613 1	83.64 1
2	1	12.1958 1	83.26 1
2	1	12.1953 1	83.193 1
2	1	12.2226 1	83.142 1
2	1	12.190 1	83.281 1
2	1	12.2019 1	83.251 1
2	1	12.2989 1	83.296 1
2	1	12.2385 1	83.239 1
2	1	12.108 1	83.12 1
2	1	12.2909 1	83.687 1
2	1	12.33 1	83.187 1
2	1	12.2680 1	83.466 1
2	1	12.176 1	83.714 1
2	1	12.2711 1	83.725 1
2	1	12.787 1	83.31 1
2	1	12.2375 1	83.368 1
2	1	12.1071 1	83.381 1
2	1	12.2650 1	83.495 1
2	1	12.2571 1	83.739 1
2	1	12.2705 1	83.719 1
2	1	12.2058 1	83.588 1
2	1	12.1993 1	83.75 1
2	1	12.2153 1	83.611 1
2	1	12.2084 1	83.10 1
2	1	12.785 1	83.32 1
2	1	12.2912 1	83.518 1
2	1	12.2013 1	83.216 1
2	1	12.2689 1	83.475 1
2	1	12.2698 1	83.485 1
2	1	12.2817 1	83.760 1
2	1	12.2551 1	83.524 1
2	1	12.2800 1	83.122 1
2	1	12.2677 1	83.463 1
2	1	12.2691 1	83.477 1
2	1	12.78 1	83.542 1
2	1	12.1027 1	83.541 1
2	1	12.610 1	83.537 1
2	1	12.2686 1	83.472 1
2	1	12.2540 1	83.404 1
2	1	12.38 1	83.711 1
2	1	12.1509 1	83.724 1
2	1	12.1266 1	83.659 1
2	1	12.2011 1	83.217 1
2	1	12.1298 1	83.553 1
3	2	12.1829 1 12.2587 0.998	83.547 1
2	1	12.2359 1	83.366 1
2	1	12.777 1	83.120 1
2	1	12.1449 1	83.3 1
2	1	12.2967 1	83.621 1
2	1	12.2384 1	83.238 1
2	1	12.2538 1	83.402 1
3	2	12.1 1	83.504 1 83.505 0.094
3	2	12.1827 0.914 12.2589 1	83.65 1
2	1	12.2784 1	83.446 1
2	1	12.2313 1	83.390 1
2	1	12.788 1	83.576 1
2	1	12.119 1	83.754 1
2	1	12.2734 1	83.139 1
2	1	12.2634 1	83.214 1
2	1	12.2355 1	83.372 1
2	1	12.2738 1	83.135 1
2	1	12.603 1	83.181 1
2	1	12.2707 1	83.722 1
2	1	12.721 1	83.609 1
2	1	12.2334 1	83.340 1
2	1	12.1264 1	83.661 1
2	1	12.2701 1	83.488 1
2	1	12.153 1	83.41 1
2	1	12.2096 1	83.696 1
2	1	12.2688 1	83.474 1
2	1	12.1744 1	83.111 1
2	1	12.1274 1	83.100 1
2	1	12.2684 1	83.470 1
2	1	12.2333 1	83.339 1
2	1	12.1510 1	83.666 1
2	1	12.1694 1	83.740 1
4	3	12.1687 1	83.206 0.348 83.437 1 83.438 0.793
2	1	12.2674 1	83.460 1
2	1	12.1685 1	83.440 1
2	1	12.2304 1	83.398 1
2	1	12.2944 1	83.23 1
3	2	12.694 1	83.639 1 83.640 0.203
2	1	12.558 1	83.715 1
2	1	12.2499 1	83.548 1
2	1	12.2665 1	83.336 1
2	1	12.1295 1	83.556 1
2	1	12.1997 1	83.221 1
2	1	12.2623 1	83.170 1
2	1	12.2764 1	83.693 1
2	1	12.2947 1	83.702 1
2	1	12.60 1	83.7 1
2	1	12.2802 1	83.69 1
3	2	12.1319 1 12.2061 0.057	83.417 1
2	1	12.2312 1	83.391 1
2	1	12.2456 1	83.362 1
4	3	12.1830 1 12.2583 0.066 12.2586 0.138	83.546 1
2	1	12.492 1	83.676 1
2	1	12.611 1	83.538 1
2	1	12.1455 1	83.561 1
2	1	12.1952 1	83.192 1
2	1	12.2351 1	83.376 1
2	1	12.2539 1	83.403 1
2	1	12.2790 1	83.204 1
2	1	12.2696 1	83.483 1
3	2	12.1471 1	83.289 1 83.85 1
2	1	12.1747 1	83.153 1
2	1	12.2152 1	83.612 1
2	1	12.2549 1	83.520 1
2	1	12.2415 1	83.230 1
2	1	12.1768 1	83.123 1
3	2	12.2475 1	83.304 1 83.4 0.928
2	1	12.566 1	83.105 1
2	1	12.2544 1	83.408 1
2	1	12.1468 1	83.586 1
2	1	12.2314 1	83.727 1
2	1	12.1333 1	83.686 1
2	1	12.2488 1	83.429 1
2	1	12.2697 1	83.484 1
2	1	12.2059 1	83.582 1
2	1	12.1469 1	83.84 1
2	1	12.1535 1	83.511 1
2	1	12.2457 1	83.363 1
2	1	12.1316 1	83.712 1
2	1	12.2349 1	83.377 1
2	1	12.1275 1	83.602 1
2	1	12.2500 1	83.552 1
2	1	12.2006 1	83.220 1
2	1	12.1261 1	83.68 1
2	1	12.793 1	83.752 1
2	1	12.2454 1	83.360 1
2	1	12.2735 1	83.138 1
4	3	12.1837 1 12.1840 0.998 12.997 0.981	83.597 1
2	1	12.2476 1	83.303 1
2	1	12.2709 1	83.685 1
2	1	12.6 1	83.248 1
3	2	12.1464 0.814 12.2548 0.808	83.728 0.811
