Size	Relations	OrthoA	OrthoB
2	1	12.2263 1	85.163 1
2	1	12.2264 1	85.164 1
2	1	12.1988 1	85.410 1
2	1	12.2381 1	85.327 1
2	1	12.2260 1	85.655 1
2	1	12.1938 1	85.231 1
2	1	12.2368 1	85.680 1
2	1	12.99 1	85.28 1
2	1	12.2056 1	85.187 1
2	1	12.37 1	85.152 1
2	1	12.1749 1	85.499 1
2	1	12.1095 1	85.219 1
2	1	12.1267 1	85.110 1
2	1	12.1844 1	85.140 1
2	1	12.2363 1	85.791 1
2	1	12.2094 1	85.2 1
2	1	12.2357 1	85.720 1
2	1	12.181 1	85.50 1
2	1	12.476 1	85.518 1
2	1	12.125 1	85.331 1
2	1	12.2358 1	85.721 1
2	1	12.2468 1	85.599 1
2	1	12.2541 1	85.686 1
2	1	12.1746 1	85.496 1
2	1	12.1743 1	85.455 1
2	1	12.2946 1	85.62 1
2	1	12.2400 1	85.679 1
2	1	12.1392 1	85.240 1
2	1	12.478 1	85.517 1
2	1	12.2543 1	85.684 1
2	1	12.121 1	85.9 1
2	1	12.2347 1	85.711 1
2	1	12.450 1	85.528 1
2	1	12.35 1	85.531 1
2	1	12.2759 1	85.428 1
2	1	12.2768 1	85.587 1
2	1	12.2489 1	85.800 1
2	1	12.2630 1	85.472 1
2	1	12.2942 1	85.364 1
2	1	12.1884 1	85.641 1
2	1	12.2297 1	85.270 1
2	1	12.2108 1	85.247 1
2	1	12.1793 1	85.334 1
3	2	12.709 1	85.123 1 85.777 0.625
2	1	12.2550 1	85.254 1
2	1	12.199 1	85.651 1
2	1	12.1391 1	85.243 1
2	1	12.2708 1	85.42 1
2	1	12.714 1	85.119 1
2	1	12.2259 1	85.654 1
2	1	12.526 1	85.246 1
2	1	12.2694 1	85.295 1
2	1	12.2338 1	85.703 1
2	1	12.2490 1	85.738 1
2	1	12.2399 1	85.740 1
2	1	12.1934 1	85.210 1
2	1	12.1596 1	85.430 1
2	1	12.2486 1	85.805 1
2	1	12.2948 1	85.60 1
2	1	12.1962 1	85.372 1
2	1	12.2645 1	85.454 1
2	1	12.2715 1	85.100 1
2	1	12.1562 1	85.417 1
2	1	12.2573 1	85.32 1
2	1	12.620 1	85.451 1
2	1	12.2115 1	85.423 1
2	1	12.2971 1	85.261 1
2	1	12.2367 1	85.604 1
2	1	12.2491 1	85.739 1
2	1	12.2021 1	85.797 1
2	1	12.1547 1	85.511 1
2	1	12.1271 1	85.434 1
2	1	12.2575 1	85.30 1
2	1	12.655 1	85.529 1
2	1	12.2765 1	85.71 1
2	1	12.165 1	85.610 1
2	1	12.2356 1	85.719 1
2	1	12.2307 1	85.697 1
2	1	12.1960 1	85.370 1
2	1	12.3015 1	85.802 1
2	1	12.1150 1	85.536 1
2	1	12.1467 1	85.360 1
2	1	12.2360 1	85.725 1
2	1	12.1566 1	85.418 1
2	1	12.2397 1	85.603 1
2	1	12.2085 1	85.349 1
2	1	12.1794 1	85.335 1
2	1	12.2666 1	85.753 1
2	1	12.2949 1	85.59 1
2	1	12.2678 1	85.311 1
2	1	12.2484 1	85.809 1
2	1	12.2570 1	85.590 1
2	1	12.2523 1	85.731 1
2	1	12.1504 1	85.508 1
2	1	12.2082 1	85.399 1
2	1	12.1072 1	85.233 1
2	1	12.2345 1	85.431 1
2	1	12.434 1	85.345 1
2	1	12.2647 1	85.283 1
2	1	12.2648 1	85.282 1
2	1	12.2878 1	85.634 1
2	1	12.1297 1	85.222 1
2	1	12.2710 1	85.266 1
2	1	12.1748 1	85.498 1
2	1	12.2010 1	85.573 1
2	1	12.2167 1	85.799 1
2	1	12.2401 1	85.761 1
2	1	12.2969 1	85.264 1
2	1	12.525 1	85.461 1
2	1	12.2508 1	85.736 1
2	1	12.2968 1	85.19 1
2	1	12.1441 1	85.358 1
2	1	12.1329 1	85.618 1
2	1	12.1273 1	85.436 1
2	1	12.118 1	85.7 1
2	1	12.2414 1	85.594 1
2	1	12.1073 1	85.232 1
2	1	12.2354 1	85.717 1
2	1	12.1961 1	85.371 1
2	1	12.2649 1	85.281 1
2	1	12.1897 1	85.357 1
2	1	12.2416 1	85.592 1
2	1	12.2455 1	85.729 1
2	1	12.2482 1	85.674 1
2	1	12.1750 1	85.462 1
3	2	12.2366 1	85.638 1 85.485 0.689
2	1	12.2988 1	85.666 1
2	1	12.126 1	85.330 1
2	1	12.2057 1	85.188 1
2	1	12.2166 1	85.600 1
3	2	12.418 1 12.2644 0.813	85.359 1
2	1	12.2766 1	85.72 1
2	1	12.1574 1	85.214 1
2	1	12.890 1	85.414 1
2	1	12.109 1	85.21 1
2	1	12.2522 1	85.732 1
2	1	12.2374 1	85.249 1
2	1	12.2702 1	85.293 1
3	2	12.723 1	85.132 0.432 85.766 1
3	2	12.1970 1 12.577 1	85.373 1
2	1	12.2681 1	85.308 1
3	2	12.1994 1	85.204 1 85.401 0.776
2	1	12.1296 1	85.221 1
2	1	12.654 1	85.530 1
2	1	12.2542 1	85.685 1
2	1	12.2483 1	85.673 1
2	1	12.1742 1	85.139 1
2	1	12.2714 1	85.267 1
2	1	12.1512 1	85.64 1
2	1	12.2083 1	85.351 1
2	1	12.2295 1	85.268 1
2	1	12.2773 1	85.586 1
2	1	12.794 1	85.20 1
3	2	12.703 1	85.116 0.256 85.780 1
2	1	12.1265 1	85.108 1
2	1	12.1393 1	85.245 1
2	1	12.175 1	85.627 1
2	1	12.2675 1	85.314 1
2	1	12.429 1	85.438 1
2	1	12.2296 1	85.269 1
2	1	12.2149 1	85.595 1
2	1	12.1400 1	85.207 1
2	1	12.2537 1	85.690 1
2	1	12.2700 1	85.288 1
2	1	12.2487 1	85.804 1
2	1	12.1745 1	85.495 1
2	1	12.2737 1	85.480 1
2	1	12.156 1	85.382 1
2	1	12.2535 1	85.692 1
2	1	12.2364 1	85.640 1
3	2	12.2078 1 12.229 0.807	85.745 1
2	1	12.2079 1	85.395 1
2	1	12.2311 1	85.699 1
2	1	12.946 1	85.723 1
2	1	12.1151 1	85.535 1
5	4	12.727 1	85.137 0.467 85.540 0.521 85.765 1 85.787 0.128
2	1	12.2348 1	85.712 1
2	1	12.2690 1	85.299 1
2	1	12.1529 1	85.393 1
2	1	12.2262 1	85.657 1
2	1	12.2818 1	85.3 1
2	1	12.961 1	85.506 1
2	1	12.2687 1	85.302 1
2	1	12.2352 1	85.715 1
2	1	12.564 1	85.471 1
2	1	12.2076 1	85.195 1
2	1	12.2261 1	85.656 1
2	1	12.2572 1	85.33 1
2	1	12.2574 1	85.31 1
2	1	12.2746 1	85.478 1
2	1	12.2369 1	85.637 1
2	1	12.2676 1	85.313 1
2	1	12.2310 1	85.698 1
2	1	12.155 1	85.381 1
2	1	12.2477 1	85.786 1
2	1	12.154 1	85.380 1
3	2	12.157 1 12.159 0.090	85.384 1
2	1	12.2908 1	85.257 1
2	1	12.2695 1	85.294 1
2	1	12.2816 1	85.5 1
2	1	12.451 1	85.26 1
2	1	12.79 1	85.184 1
2	1	12.1456 1	85.409 1
2	1	12.2050 1	85.764 1
2	1	12.2023 1	85.757 1
3	2	12.2977 1	85.154 1 85.156 0.260
2	1	12.2682 1	85.307 1
2	1	12.2022 1	85.758 1
2	1	12.1612 1	85.346 1
2	1	12.2466 1	85.735 1
6	8	12.2519 1 12.2518 1 12.2464 0.505 12.2053 0.373	85.386 1 85.385 1
2	1	12.1741 1	85.138 1
2	1	12.1991 1	85.411 1
2	1	12.2481 1	85.675 1
2	1	12.1399 1	85.206 1
2	1	12.343 1	85.710 1
2	1	12.2020 1	85.616 1
2	1	12.2799 1	85.469 1
2	1	12.475 1	85.523 1
2	1	12.1262 1	85.405 1
2	1	12.2747 1	85.473 1
2	1	12.97 1	85.459 1
2	1	12.2382 1	85.759 1
2	1	12.2306 1	85.695 1
3	2	12.2403 1 12.2801 0.727	85.762 1
2	1	12.34 1	85.532 1
2	1	12.2116 1	85.424 1
2	1	12.2679 1	85.310 1
2	1	12.11 1	85.733 1
2	1	12.2767 1	85.73 1
12	11	12.1348 0.058 12.1414 0.448 12.1732 0.520 12.1776 0.521 12.2437 0.211 12.2724 0.207 12.3003 1 12.324 0.448 12.405 0.150 12.41 0.211 12.640 0.214	85.630 1
2	1	12.2685 1	85.304 1
2	1	12.2492 1	85.737 1
2	1	12.2699 1	85.289 1
2	1	12.2692 1	85.297 1
2	1	12.1272 1	85.435 1
2	1	12.2080 1	85.396 1
2	1	12.612 1	85.237 1
2	1	12.2693 1	85.296 1
2	1	12.565 1	85.470 1
2	1	12.71 1	85.16 1
2	1	12.1534 1	85.394 1
2	1	12.2970 1	85.263 1
2	1	12.1951 1	85.537 1
2	1	12.2081 1	85.397 1
2	1	12.2478 1	85.211 1
2	1	12.3 1	85.212 1
2	1	12.1317 1	85.79 1
2	1	12.2501 1	85.798 1
2	1	12.1953 1	85.539 1
2	1	12.2613 1	85.402 1
2	1	12.1958 1	85.369 1
2	1	12.2226 1	85.486 1
2	1	12.2019 1	85.615 1
2	1	12.190 1	85.652 1
2	1	12.1659 1	85.613 1
2	1	12.33 1	85.533 1
2	1	12.2385 1	85.602 1
2	1	12.108 1	85.352 1
2	1	12.2909 1	85.76 1
2	1	12.2680 1	85.309 1
2	1	12.2989 1	85.667 1
2	1	12.2711 1	85.38 1
2	1	12.787 1	85.374 1
2	1	12.176 1	85.49 1
2	1	12.2375 1	85.722 1
2	1	12.2705 1	85.44 1
2	1	12.1071 1	85.709 1
2	1	12.1993 1	85.412 1
2	1	12.2571 1	85.23 1
2	1	12.2650 1	85.280 1
2	1	12.2153 1	85.166 1
2	1	12.2084 1	85.350 1
2	1	12.2058 1	85.190 1
2	1	12.785 1	85.375 1
2	1	12.2912 1	85.258 1
2	1	12.2013 1	85.571 1
2	1	12.2689 1	85.300 1
2	1	12.2698 1	85.290 1
2	1	12.2817 1	85.4 1
2	1	12.2551 1	85.252 1
2	1	12.2800 1	85.467 1
2	1	12.2691 1	85.298 1
2	1	12.2677 1	85.312 1
2	1	12.78 1	85.234 1
2	1	12.1027 1	85.235 1
2	1	12.610 1	85.239 1
2	1	12.2686 1	85.303 1
2	1	12.2540 1	85.687 1
2	1	12.38 1	85.52 1
2	1	12.1509 1	85.39 1
2	1	12.2011 1	85.572 1
2	1	12.1266 1	85.109 1
2	1	12.1298 1	85.223 1
2	1	12.2359 1	85.724 1
2	1	12.777 1	85.465 1
3	2	12.1829 1 12.2587 0.998	85.229 1
3	2	12.1 1	85.271 1 85.272 0.095
2	1	12.1449 1	85.343 1
2	1	12.2384 1	85.601 1
2	1	12.2967 1	85.155 1
2	1	12.119 1	85.8 1
3	2	12.1827 0.914 12.2589 1	85.403 1
2	1	12.2334 1	85.748 1
2	1	12.2538 1	85.689 1
2	1	12.2313 1	85.701 1
2	1	12.2634 1	85.569 1
2	1	12.2734 1	85.483 1
2	1	12.2784 1	85.333 1
2	1	12.2355 1	85.718 1
2	1	12.2738 1	85.479 1
2	1	12.603 1	85.527 1
2	1	12.2707 1	85.41 1
2	1	12.788 1	85.200 1
2	1	12.2701 1	85.287 1
2	1	12.153 1	85.379 1
2	1	12.2096 1	85.67 1
2	1	12.2688 1	85.301 1
2	1	12.1744 1	85.456 1
2	1	12.1274 1	85.437 1
2	1	12.1264 1	85.107 1
2	1	12.1510 1	85.102 1
2	1	12.2684 1	85.305 1
2	1	12.2333 1	85.749 1
2	1	12.1694 1	85.22 1
4	3	12.1687 1	85.562 0.348 85.792 0.791 85.793 1
2	1	12.2674 1	85.315 1
2	1	12.721 1	85.816 1
2	1	12.1685 1	85.790 1
2	1	12.2944 1	85.363 1
2	1	12.2304 1	85.693 1
2	1	12.558 1	85.48 1
2	1	12.2499 1	85.228 1
2	1	12.189 1	85.552 1
2	1	12.1997 1	85.576 1
2	1	12.2665 1	85.752 1
2	1	12.2764 1	85.70 1
2	1	12.2623 1	85.516 1
2	1	12.1295 1	85.220 1
2	1	12.2947 1	85.61 1
2	1	12.60 1	85.347 1
2	1	12.2802 1	85.407 1
2	1	12.2456 1	85.728 1
2	1	12.2312 1	85.700 1
4	3	12.1830 1 12.2583 0.065 12.2586 0.137	85.230 1
2	1	12.1952 1	85.538 1
2	1	12.492 1	85.87 1
2	1	12.2790 1	85.560 1
2	1	12.611 1	85.238 1
2	1	12.1455 1	85.215 1
2	1	12.2351 1	85.714 1
2	1	12.2539 1	85.688 1
2	1	12.2415 1	85.593 1
2	1	12.2696 1	85.292 1
3	2	12.1471 1	85.660 1 85.422 1
2	1	12.1747 1	85.497 1
2	1	12.2152 1	85.165 1
2	1	12.2549 1	85.256 1
2	1	12.1768 1	85.468 1
3	2	12.2475 1	85.784 1 85.344 0.928
2	1	12.566 1	85.450 1
2	1	12.2544 1	85.683 1
2	1	12.1468 1	85.192 1
2	1	12.2314 1	85.36 1
2	1	12.1333 1	85.77 1
3	2	12.694 1	85.130 0.262 85.131 1
2	1	12.1469 1	85.421 1
2	1	12.2697 1	85.291 1
2	1	12.2488 1	85.801 1
2	1	12.2457 1	85.727 1
2	1	12.2059 1	85.194 1
2	1	12.1535 1	85.265 1
2	1	12.2500 1	85.224 1
2	1	12.2349 1	85.713 1
2	1	12.1316 1	85.51 1
2	1	12.1275 1	85.174 1
2	1	12.2006 1	85.575 1
2	1	12.1261 1	85.406 1
2	1	12.793 1	85.10 1
2	1	12.2454 1	85.730 1
2	1	12.2735 1	85.482 1
4	3	12.1837 1 12.1840 0.998 12.997 0.981	85.179 1
2	1	12.2476 1	85.785 1
2	1	12.2709 1	85.78 1
2	1	12.6 1	85.611 1
3	2	12.1464 0.814 12.2548 0.808	85.34 0.811
