Size	Relations	OrthoA	OrthoB
2	1	12.2263 1	84.161 1
2	1	12.2264 1	84.162 1
2	1	12.1988 1	84.555 1
2	1	12.2381 1	84.324 1
2	1	12.2260 1	84.799 1
2	1	12.2368 1	84.371 1
2	1	12.1938 1	84.229 1
2	1	12.99 1	84.30 1
2	1	12.2056 1	84.186 1
2	1	12.37 1	84.145 1
2	1	12.1749 1	84.636 1
2	1	12.1095 1	84.217 1
2	1	12.1267 1	84.104 1
2	1	12.1844 1	84.136 1
2	1	12.2363 1	84.336 1
2	1	12.2094 1	84.2 1
2	1	12.2357 1	84.410 1
2	1	12.181 1	84.51 1
2	1	12.2468 1	84.747 1
2	1	12.476 1	84.654 1
2	1	12.125 1	84.328 1
2	1	12.2541 1	84.377 1
2	1	12.2358 1	84.411 1
2	1	12.1746 1	84.633 1
2	1	12.1743 1	84.592 1
2	1	12.2946 1	84.63 1
2	1	12.2400 1	84.370 1
2	1	12.1392 1	84.238 1
2	1	12.478 1	84.653 1
2	1	12.2543 1	84.375 1
2	1	12.121 1	84.11 1
2	1	12.2347 1	84.401 1
2	1	12.450 1	84.664 1
2	1	12.35 1	84.667 1
2	1	12.2759 1	84.573 1
2	1	12.2768 1	84.737 1
2	1	12.2489 1	84.345 1
2	1	12.2630 1	84.608 1
2	1	12.714 1	84.114 1
2	1	12.2942 1	84.505 1
2	1	12.2297 1	84.267 1
2	1	12.1884 1	84.784 1
2	1	12.2108 1	84.244 1
2	1	12.1793 1	84.331 1
3	2	12.709 1	84.119 1 84.469 0.627
2	1	12.2550 1	84.251 1
2	1	12.1391 1	84.241 1
2	1	12.2708 1	84.43 1
2	1	12.199 1	84.795 1
2	1	12.2259 1	84.798 1
2	1	12.526 1	84.243 1
2	1	12.2694 1	84.294 1
2	1	12.2338 1	84.394 1
2	1	12.2490 1	84.428 1
2	1	12.2399 1	84.430 1
2	1	12.1934 1	84.208 1
2	1	12.1596 1	84.575 1
2	1	12.2486 1	84.350 1
2	1	12.2948 1	84.61 1
2	1	12.1962 1	84.510 1
2	1	12.2645 1	84.591 1
2	1	12.2715 1	84.95 1
2	1	12.1562 1	84.562 1
2	1	12.2573 1	84.34 1
2	1	12.620 1	84.588 1
2	1	12.2115 1	84.568 1
2	1	12.2971 1	84.258 1
2	1	12.2491 1	84.429 1
2	1	12.2367 1	84.752 1
2	1	12.2021 1	84.342 1
2	1	12.1271 1	84.579 1
2	1	12.1547 1	84.647 1
12	20	12.1414 0.314 12.1732 0.391 12.1776 0.392 12.2437 0.125 12.2724 0.125 12.3003 1 12.324 0.307 12.405 0.088 12.41 0.126 12.640 0.160	84.732 0.655 84.771 1
2	1	12.2575 1	84.32 1
2	1	12.655 1	84.665 1
2	1	12.2765 1	84.73 1
2	1	12.165 1	84.758 1
2	1	12.2356 1	84.409 1
15	14	12.1158 0.326 12.1343 0.912 12.1736 0.946 12.1772 0.946 12.2446 0.904 12.248 0.083 12.2566 0.106 12.3007 0.944 12.327 0.953 12.368 0.780 12.409 0.945 12.646 1 12.817 0.121 12.875 0.775	84.734 1
2	1	12.1960 1	84.508 1
2	1	12.2307 1	84.388 1
2	1	12.3015 1	84.347 1
2	1	12.2360 1	84.415 1
2	1	12.1467 1	84.501 1
2	1	12.1566 1	84.563 1
2	1	12.1150 1	84.672 1
2	1	12.2397 1	84.751 1
2	1	12.2085 1	84.490 1
2	1	12.2666 1	84.445 1
2	1	12.1794 1	84.332 1
2	1	12.2949 1	84.60 1
2	1	12.2678 1	84.310 1
2	1	12.2484 1	84.354 1
2	1	12.2570 1	84.738 1
2	1	12.2082 1	84.543 1
2	1	12.1504 1	84.644 1
2	1	12.2523 1	84.421 1
2	1	12.1072 1	84.231 1
2	1	12.2345 1	84.576 1
2	1	12.434 1	84.486 1
2	1	12.2647 1	84.282 1
2	1	12.2648 1	84.281 1
2	1	12.2878 1	84.777 1
2	1	12.1297 1	84.220 1
2	1	12.1748 1	84.635 1
2	1	12.2710 1	84.263 1
2	1	12.2010 1	84.708 1
2	1	12.2167 1	84.344 1
2	1	12.2969 1	84.261 1
2	1	12.2401 1	84.453 1
2	1	12.525 1	84.598 1
2	1	12.2508 1	84.426 1
2	1	12.2968 1	84.21 1
2	1	12.1441 1	84.499 1
2	1	12.1273 1	84.581 1
2	1	12.1329 1	84.765 1
2	1	12.118 1	84.9 1
2	1	12.2414 1	84.742 1
2	1	12.1073 1	84.230 1
2	1	12.1961 1	84.509 1
2	1	12.2649 1	84.280 1
2	1	12.1897 1	84.498 1
2	1	12.2416 1	84.740 1
2	1	12.2455 1	84.419 1
2	1	12.2482 1	84.367 1
2	1	12.126 1	84.327 1
2	1	12.1750 1	84.599 1
2	1	12.2057 1	84.187 1
3	2	12.2366 1	84.781 1 84.622 0.689
2	1	12.2988 1	84.810 1
2	1	12.2354 1	84.407 1
3	2	12.418 1 12.2644 0.813	84.500 1
2	1	12.2166 1	84.748 1
2	1	12.2766 1	84.74 1
2	1	12.1574 1	84.212 1
2	1	12.2522 1	84.422 1
2	1	12.890 1	84.559 1
2	1	12.109 1	84.23 1
2	1	12.2702 1	84.292 1
2	1	12.2374 1	84.246 1
3	2	12.723 1	84.128 0.431 84.458 1
2	1	12.1296 1	84.219 1
3	2	12.1970 1 12.577 1	84.513 1
2	1	12.2681 1	84.307 1
3	2	12.1994 1	84.202 1 84.545 0.776
2	1	12.654 1	84.666 1
2	1	12.1742 1	84.135 1
2	1	12.2483 1	84.366 1
2	1	12.2542 1	84.376 1
2	1	12.1512 1	84.65 1
2	1	12.2714 1	84.264 1
2	1	12.2083 1	84.492 1
2	1	12.2295 1	84.265 1
2	1	12.794 1	84.22 1
2	1	12.2773 1	84.736 1
3	2	12.703 1	84.110 0.317 84.472 1
2	1	12.1265 1	84.102 1
2	1	12.429 1	84.583 1
2	1	12.175 1	84.768 1
2	1	12.1393 1	84.242 1
2	1	12.2675 1	84.313 1
2	1	12.1400 1	84.205 1
2	1	12.2296 1	84.266 1
2	1	12.2149 1	84.743 1
2	1	12.2487 1	84.349 1
2	1	12.2537 1	84.381 1
2	1	12.1745 1	84.632 1
2	1	12.2700 1	84.287 1
2	1	12.2737 1	84.617 1
2	1	12.156 1	84.526 1
2	1	12.2535 1	84.383 1
3	2	12.2078 1 12.229 0.807	84.435 1
2	1	12.2364 1	84.783 1
2	1	12.2079 1	84.539 1
2	1	12.2311 1	84.390 1
2	1	12.946 1	84.413 1
2	1	12.1151 1	84.671 1
4	3	12.727 1	84.133 0.460 84.457 1 84.479 0.132
2	1	12.2348 1	84.402 1
2	1	12.2690 1	84.298 1
2	1	12.2818 1	84.3 1
2	1	12.1529 1	84.537 1
2	1	12.2262 1	84.801 1
2	1	12.961 1	84.642 1
2	1	12.2352 1	84.405 1
2	1	12.2687 1	84.301 1
2	1	12.564 1	84.607 1
2	1	12.2076 1	84.194 1
2	1	12.2369 1	84.780 1
2	1	12.2261 1	84.800 1
2	1	12.2572 1	84.35 1
2	1	12.2574 1	84.33 1
2	1	12.2746 1	84.615 1
2	1	12.2676 1	84.312 1
2	1	12.2477 1	84.478 1
2	1	12.2310 1	84.389 1
2	1	12.155 1	84.525 1
16	28	12.1780 1 12.2999 1 12.319 1 12.636 0.996 12.1728 0.995 12.400 0.969 12.1252 0.566 12.220 0.379 12.1354 0.365 12.1421 0.156 12.2928 0.109 12.2927 0.100 12.2145 0.079 12.1188 0.065	84.775 1 84.727 1
2	1	12.2908 1	84.254 1
3	2	12.157 1 12.159 0.090	84.528 1
2	1	12.154 1	84.524 1
2	1	12.2816 1	84.5 1
2	1	12.79 1	84.183 1
2	1	12.1456 1	84.554 1
2	1	12.2050 1	84.456 1
2	1	12.2695 1	84.293 1
2	1	12.2023 1	84.449 1
3	2	12.2977 1	84.147 1 84.149 0.265
2	1	12.451 1	84.28 1
2	1	12.2682 1	84.306 1
2	1	12.1612 1	84.487 1
2	1	12.2022 1	84.450 1
6	8	12.2518 1 12.2519 1 12.2053 0.802 12.2464 0.382	84.529 1 84.530 1
2	1	12.2466 1	84.425 1
2	1	12.1741 1	84.134 1
2	1	12.1991 1	84.556 1
2	1	12.2481 1	84.368 1
2	1	12.1399 1	84.204 1
2	1	12.2020 1	84.763 1
2	1	12.475 1	84.659 1
2	1	12.1262 1	84.549 1
2	1	12.2747 1	84.609 1
2	1	12.2799 1	84.605 1
2	1	12.343 1	84.400 1
2	1	12.97 1	84.596 1
2	1	12.1659 1	84.761 1
2	1	12.2382 1	84.451 1
2	1	12.2306 1	84.386 1
3	2	12.2403 1 12.2801 0.727	84.454 1
2	1	12.34 1	84.668 1
2	1	12.11 1	84.423 1
15	26	12.1197 0.523 12.1257 0.176 12.1350 0.933 12.1415 0.921 12.1731 0.985 12.1777 0.982 12.2725 0.903 12.3002 0.996 12.322 0.958 12.350 0.645 12.403 0.957 12.42 0.921 12.639 1	84.731 1 84.772 0.877
2	1	12.2679 1	84.309 1
2	1	12.2767 1	84.75 1
2	1	12.2116 1	84.569 1
2	1	12.2685 1	84.303 1
2	1	12.2492 1	84.427 1
2	1	12.2692 1	84.296 1
2	1	12.2699 1	84.288 1
2	1	12.2080 1	84.540 1
2	1	12.1272 1	84.580 1
2	1	12.2693 1	84.295 1
2	1	12.612 1	84.235 1
2	1	12.3 1	84.210 1
2	1	12.1534 1	84.538 1
2	1	12.2970 1	84.260 1
2	1	12.565 1	84.606 1
2	1	12.71 1	84.18 1
2	1	12.2478 1	84.209 1
2	1	12.1951 1	84.673 1
2	1	12.2081 1	84.541 1
2	1	12.2501 1	84.343 1
2	1	12.1958 1	84.507 1
2	1	12.1317 1	84.81 1
2	1	12.2226 1	84.623 1
2	1	12.2613 1	84.546 1
2	1	12.1953 1	84.675 1
2	1	12.190 1	84.796 1
2	1	12.2019 1	84.762 1
2	1	12.2385 1	84.750 1
2	1	12.2989 1	84.811 1
2	1	12.33 1	84.669 1
2	1	12.2909 1	84.78 1
2	1	12.2680 1	84.308 1
2	1	12.108 1	84.493 1
2	1	12.176 1	84.50 1
2	1	12.2711 1	84.39 1
2	1	12.787 1	84.514 1
2	1	12.2375 1	84.412 1
2	1	12.2705 1	84.45 1
2	1	12.2650 1	84.279 1
2	1	12.2571 1	84.25 1
2	1	12.2153 1	84.164 1
2	1	12.1993 1	84.557 1
2	1	12.1071 1	84.399 1
2	1	12.2058 1	84.189 1
2	1	12.785 1	84.515 1
2	1	12.2084 1	84.491 1
2	1	12.2912 1	84.255 1
2	1	12.2689 1	84.299 1
2	1	12.2698 1	84.289 1
2	1	12.2817 1	84.4 1
2	1	12.2013 1	84.706 1
2	1	12.78 1	84.232 1
2	1	12.2800 1	84.603 1
2	1	12.2551 1	84.249 1
2	1	12.2677 1	84.311 1
2	1	12.2691 1	84.297 1
2	1	12.1027 1	84.233 1
2	1	12.2018 1	84.154 1
2	1	12.610 1	84.237 1
2	1	12.2686 1	84.302 1
2	1	12.2540 1	84.378 1
2	1	12.1509 1	84.40 1
2	1	12.38 1	84.53 1
2	1	12.1266 1	84.103 1
2	1	12.2011 1	84.707 1
2	1	12.1298 1	84.221 1
2	1	12.777 1	84.601 1
2	1	12.2359 1	84.414 1
3	2	12.1 1	84.268 1 84.269 0.095
3	2	12.1829 1 12.2587 0.998	84.227 1
2	1	12.1449 1	84.483 1
2	1	12.2967 1	84.148 1
2	1	12.2384 1	84.749 1
2	1	12.119 1	84.10 1
2	1	12.2334 1	84.438 1
2	1	12.2538 1	84.380 1
3	2	12.1827 0.914 12.2589 1	84.547 1
2	1	12.2355 1	84.408 1
2	1	12.2634 1	84.704 1
2	1	12.2734 1	84.620 1
2	1	12.2784 1	84.330 1
4	3	12.721 1	84.365 1 84.166 0.751 84.360 0.689
2	1	12.788 1	84.198 1
2	1	12.2313 1	84.392 1
27	92	12.2132 1 12.1419 1 12.1352 0.856 12.740 0.792 12.2924 0.733 12.320 0.644 12.401 0.640 12.1779 0.631 12.3000 0.631 12.637 0.631 12.1729 0.626 12.348 0.610 12.502 0.446 12.860 0.405 12.2845 0.380 12.1808 0.368 12.1184 0.360 12.981 0.238 12.1135 0.197 12.234 0.190 12.1253 0.172 12.2728 0.080 12.44 0.079	84.480 1 84.774 1 84.776 0.224 84.728 0.073
2	1	12.2738 1	84.616 1
2	1	12.603 1	84.663 1
2	1	12.2707 1	84.42 1
2	1	12.2701 1	84.286 1
2	1	12.1264 1	84.101 1
2	1	12.153 1	84.523 1
2	1	12.2688 1	84.300 1
2	1	12.1744 1	84.593 1
2	1	12.1274 1	84.582 1
2	1	12.2684 1	84.304 1
2	1	12.2096 1	84.70 1
2	1	12.1510 1	84.97 1
19	18	12.1033 1 12.1205 0.852 12.1359 0.820 12.1426 0.221 12.1651 0.832 12.1724 0.840 12.1785 0.840 12.2140 0.799 12.2372 0.391 12.2716 0.119 12.2990 0.412 12.2995 0.840 12.314 0.832 12.397 0.225 12.539 0.816 12.554 0.852 12.592 0.787 12.629 0.828	84.723 1
2	1	12.2333 1	84.439 1
2	1	12.1694 1	84.24 1
4	3	12.1687 1	84.337 0.795 84.338 1 84.696 0.349
2	1	12.2674 1	84.314 1
2	1	12.1685 1	84.335 1
2	1	12.558 1	84.49 1
2	1	12.2944 1	84.504 1
2	1	12.2304 1	84.384 1
2	1	12.2499 1	84.226 1
2	1	12.189 1	84.686 1
2	1	12.2665 1	84.444 1
2	1	12.1295 1	84.218 1
2	1	12.1997 1	84.711 1
2	1	12.2764 1	84.72 1
2	1	12.2623 1	84.652 1
2	1	12.60 1	84.488 1
2	1	12.2947 1	84.62 1
2	1	12.2802 1	84.551 1
2	1	12.2456 1	84.418 1
2	1	12.2312 1	84.391 1
4	3	12.1830 1 12.2583 0.066 12.2586 0.138	84.228 1
2	1	12.1952 1	84.674 1
2	1	12.611 1	84.236 1
2	1	12.492 1	84.89 1
2	1	12.2539 1	84.379 1
2	1	12.2415 1	84.741 1
2	1	12.1455 1	84.213 1
2	1	12.2351 1	84.404 1
2	1	12.2790 1	84.694 1
2	1	12.2696 1	84.291 1
3	2	12.1471 1	84.804 1 84.567 1
2	1	12.1747 1	84.634 1
2	1	12.2152 1	84.163 1
2	1	12.2549 1	84.253 1
2	1	12.1768 1	84.604 1
3	2	12.2475 1	84.476 1 84.485 0.928
2	1	12.566 1	84.587 1
2	1	12.2544 1	84.374 1
2	1	12.1468 1	84.191 1
2	1	12.2314 1	84.37 1
2	1	12.1333 1	84.79 1
3	2	12.694 1	84.126 0.268 84.127 1
2	1	12.2488 1	84.346 1
2	1	12.1469 1	84.566 1
2	1	12.2697 1	84.290 1
2	1	12.2059 1	84.193 1
2	1	12.2457 1	84.417 1
2	1	12.1535 1	84.262 1
2	1	12.2500 1	84.222 1
2	1	12.2349 1	84.403 1
2	1	12.1316 1	84.52 1
2	1	12.1275 1	84.172 1
2	1	12.2006 1	84.710 1
2	1	12.1261 1	84.550 1
2	1	12.793 1	84.12 1
2	1	12.2735 1	84.619 1
4	3	12.1837 1 12.1840 0.998 12.997 0.981	84.177 1
2	1	12.2454 1	84.420 1
2	1	12.2476 1	84.477 1
2	1	12.2709 1	84.80 1
2	1	12.6 1	84.759 1
3	2	12.1464 0.814 12.2548 0.808	84.36 0.811
