Size	Relations	OrthoA	OrthoB
2	1	40.41 1	55.82 1
2	1	40.40 1	55.81 1
2	1	40.266 1	55.494 1
2	1	40.61 1	55.876 1
2	1	40.1032 1	55.85 1
2	1	40.975 1	55.1072 1
2	1	40.309 1	55.441 1
2	1	40.435 1	55.330 1
2	1	40.55 1	55.866 1
2	1	40.463 1	55.469 1
2	1	40.946 1	55.1139 1
2	1	40.246 1	55.1159 1
2	1	40.1024 1	55.48 1
2	1	40.386 1	55.324 1
2	1	40.384 1	55.322 1
2	1	40.796 1	55.1097 1
2	1	40.60 1	55.861 1
2	1	40.172 1	55.638 1
2	1	40.3 1	55.904 1
2	1	40.191 1	55.675 1
2	1	40.793 1	55.1094 1
3	2	40.978 1	55.1122 1 55.133 0.178
2	1	40.100 1	55.99 1
2	1	40.351 1	55.354 1
2	1	40.936 1	55.552 1
3	2	40.493 1	55.314 1 55.388 0.809
2	1	40.888 1	55.752 1
2	1	40.323 1	55.970 1
2	1	40.51 1	55.828 1
2	1	40.1060 1	55.715 1
2	1	40.357 1	55.46 1
2	1	40.12 1	55.894 1
2	1	40.49 1	55.826 1
2	1	40.162 1	55.923 1
2	1	40.542 1	55.557 1
2	1	40.217 1	55.160 1
2	1	40.1047 1	55.733 1
2	1	40.58 1	55.742 1
2	1	40.4 1	55.903 1
2	1	40.962 1	55.642 1
2	1	40.368 1	55.382 1
2	1	40.161 1	55.999 1
2	1	40.531 1	55.294 1
3	2	40.913 1 40.914 0.110	55.1173 1
2	1	40.17 1	55.890 1
2	1	40.783 1	55.978 1
2	1	40.1001 1	55.784 1
2	1	40.1031 1	55.86 1
2	1	40.108 1	55.103 1
2	1	40.971 1	55.151 1
2	1	40.279 1	55.491 1
2	1	40.102 1	55.678 1
2	1	40.1067 1	55.872 1
2	1	40.372 1	55.239 1
2	1	40.103 1	55.907 1
2	1	40.365 1	55.972 1
2	1	40.56 1	55.740 1
2	1	40.1075 1	55.916 1
2	1	40.84 1	55.802 1
2	1	40.281 1	55.489 1
2	1	40.225 1	55.467 1
3	2	40.57 1 40.770 0.957	55.741 1
2	1	40.1074 1	55.633 1
3	2	40.314 1 40.398 0.080	55.76 1
2	1	40.889 1	55.751 1
2	1	40.185 1	55.990 1
5	4	40.292 1 40.588 0.805 40.618 0.805 40.638 0.805	55.815 1
2	1	40.950 1	55.111 1
2	1	40.856 1	55.647 1
2	1	40.826 1	55.611 1
2	1	40.221 1	55.749 1
2	1	40.846 1	55.666 1
2	1	40.887 1	55.263 1
2	1	40.974 1	55.148 1
4	3	40.1076 1 40.1073 0.876 40.1077 0.772	55.915 1
2	1	40.459 1	55.661 1
2	1	40.872 1	55.349 1
2	1	40.295 1	55.813 1
2	1	40.238 1	55.367 1
2	1	40.167 1	55.865 1
2	1	40.1061 1	55.714 1
4	3	40.114 0.052 40.206 0.092 40.818 1	55.1030 1
2	1	40.1050 1	55.730 1
2	1	40.111 1	55.106 1
2	1	40.91 1	55.796 1
2	1	40.202 1	55.842 1
2	1	40.905 1	55.1174 1
2	1	40.821 1	55.669 1
2	1	40.1026 1	55.1120 1
2	1	40.456 1	55.664 1
2	1	40.1063 1	55.735 1
2	1	40.193 1	55.673 1
2	1	40.646 1	55.618 1
2	1	40.788 1	55.395 1
2	1	40.806 1	55.23 1
4	4	40.1072 1 40.1054 0.991	55.919 1 55.918 0.851
3	2	40.817 1	55.468 1 55.717 0.952
2	1	40.117 1	55.676 1
2	1	40.457 1	55.663 1
2	1	40.898 1	55.1042 1
2	1	40.967 1	55.6 1
4	3	40.239 0.090 40.442 1 40.550 0.283	55.366 1
2	1	40.378 1	55.415 1
2	1	40.235 1	55.1155 1
2	1	40.122 1	55.845 1
2	1	40.72 1	55.834 1
2	1	40.899 1	55.1041 1
2	1	40.1028 1	55.1121 1
2	1	40.177 1	55.979 1
2	1	40.645 1	55.617 1
2	1	40.1055 1	55.728 1
2	1	40.1064 1	55.734 1
2	1	40.1041 1	55.68 1
2	1	40.1017 1	55.768 1
2	1	40.151 1	55.125 1
2	1	40.561 1	55.336 1
2	1	40.14 1	55.892 1
2	1	40.348 1	55.653 1
2	1	40.716 1	55.627 1
2	1	40.850 1	55.91 1
2	1	40.59 1	55.743 1
2	1	40.311 1	55.428 1
2	1	40.166 1	55.882 1
2	1	40.1046 1	55.925 1
2	1	40.347 1	55.482 1
2	1	40.893 1	55.551 1
2	1	40.543 1	55.558 1
2	1	40.113 1	55.108 1
2	1	40.906 1	55.902 1
2	1	40.124 1	55.847 1
2	1	40.110 1	55.105 1
2	1	40.915 1	55.1172 1
2	1	40.992 1	55.753 1
2	1	40.255 1	55.456 1
2	1	40.236 1	55.369 1
2	1	40.371 1	55.238 1
2	1	40.258 1	55.453 1
2	1	40.16 1	55.891 1
2	1	40.994 1	55.789 1
2	1	40.1066 1	55.857 1
2	1	40.642 1	55.169 1
2	1	40.25 1	55.760 1
2	1	40.325 1	55.60 1
2	1	40.515 1	55.1058 1
2	1	40.909 1	55.195 1
2	1	40.392 1	55.992 1
2	1	40.227 1	55.1147 1
2	1	40.30 1	55.716 1
2	1	40.127 1	55.1081 1
2	1	40.320 1	55.967 1
2	1	40.1079 1	55.1002 1
2	1	40.1081 1	55.913 1
2	1	40.132 1	55.1059 1
2	1	40.228 1	55.1148 1
2	1	40.156 1	55.997 1
2	1	40.308 1	55.442 1
2	1	40.827 1	55.612 1
2	1	40.641 1	55.170 1
2	1	40.991 1	55.754 1
2	1	40.1083 1	55.910 1
2	1	40.240 1	55.365 1
2	1	40.194 1	55.672 1
2	1	40.277 1	55.493 1
2	1	40.738 1	55.36 1
2	1	40.280 1	55.490 1
2	1	40.197 1	55.838 1
2	1	40.799 1	55.628 1
2	1	40.81 1	55.798 1
2	1	40.215 1	55.158 1
2	1	40.261 1	55.285 1
2	1	40.795 1	55.1096 1
2	1	40.879 1	55.1168 1
2	1	40.458 1	55.662 1
2	1	40.6 1	55.900 1
4	3	40.237 1 40.440 0.087 40.552 0.051	55.368 1
2	1	40.37 1	55.167 1
3	2	40.855 1	55.645 0.118 55.646 1
2	1	40.1 1	55.906 1
2	1	40.388 1	55.394 1
2	1	40.199 1	55.840 1
2	1	40.106 1	55.1128 1
2	1	40.326 1	55.61 1
2	1	40.337 1	55.11 1
2	1	40.1014 1	55.771 1
2	1	40.289 1	55.317 1
2	1	40.189 1	55.1090 1
2	1	40.1057 1	55.726 1
2	1	40.349 1	55.652 1
2	1	40.284 1	55.485 1
4	4	40.1022 1 40.715 0.233	55.1034 0.065 55.936 1
2	1	40.67 1	55.615 1
2	1	40.1049 1	55.731 1
2	1	40.213 1	55.156 1
2	1	40.62 1	55.877 1
2	1	40.990 1	55.755 1
2	1	40.154 1	55.995 1
5	6	40.78 1 40.401 0.741 40.849 0.759	55.801 1 55.391 0.781
2	1	40.480 1	55.286 1
2	1	40.233 1	55.1153 1
2	1	40.1020 1	55.765 1
2	1	40.486 1	55.351 1
2	1	40.66 1	55.864 1
2	1	40.965 1	55.993 1
3	2	40.429 1 40.665 0.716	55.549 1
2	1	40.64 1	55.862 1
2	1	40.666 1	55.426 1
3	2	40.688 0.106 40.691 1	55.809 1
2	1	40.136 1	55.94 1
2	1	40.477 1	55.215 1
2	1	40.264 1	55.496 1
2	1	40.455 1	55.665 1
2	1	40.964 1	55.870 1
2	1	40.1033 1	55.84 1
2	1	40.482 1	55.289 1
2	1	40.544 1	55.559 1
2	1	40.43 1	55.820 1
2	1	40.968 1	55.281 1
2	1	40.341 1	55.22 1
2	1	40.265 1	55.495 1
2	1	40.1056 1	55.727 1
2	1	40.379 1	55.183 1
2	1	40.863 1	55.447 1
2	1	40.903 1	55.373 1
2	1	40.1019 1	55.766 1
2	1	40.83 1	55.90 1
2	1	40.180 1	55.982 1
2	1	40.865 1	55.1104 1
2	1	40.171 1	55.361 1
2	1	40.248 1	55.1161 1
2	1	40.50 1	55.827 1
2	1	40.810 1	55.685 1
2	1	40.176 1	55.634 1
2	1	40.878 1	55.1169 1
2	1	40.1003 1	55.782 1
2	1	40.876 1	55.500 1
2	1	40.146 1	55.120 1
2	1	40.8 1	55.898 1
2	1	40.29 1	55.144 1
2	1	40.867 1	55.1133 1
2	1	40.805 1	55.24 1
3	2	40.780 1 40.982 0.768	55.1136 1
2	1	40.404 1	55.9 1
2	1	40.209 1	55.667 1
2	1	40.1078 1	55.1001 1
2	1	40.792 1	55.1093 1
2	1	40.2 1	55.905 1
2	1	40.1008 1	55.777 1
2	1	40.163 1	55.924 1
2	1	40.478 1	55.190 1
2	1	40.999 1	55.791 1
2	1	40.735 1	55.1031 1
2	1	40.1013 1	55.772 1
2	1	40.178 1	55.980 1
3	2	40.316 0.124 40.400 1	55.78 1
2	1	40.1034 1	55.83 1
2	1	40.179 1	55.981 1
2	1	40.1005 1	55.780 1
2	1	40.353 1	55.353 1
2	1	40.779 1	55.363 1
2	1	40.1080 1	55.914 1
2	1	40.1059 1	55.868 1
2	1	40.123 1	55.846 1
3	2	40.364 1 40.449 0.769	55.973 1
2	1	40.380 1	55.360 1
2	1	40.395 1	55.1021 1
2	1	40.845 1	55.953 1
2	1	40.18 1	55.889 1
2	1	40.68 1	55.867 1
2	1	40.949 1	55.202 1
2	1	40.503 1	55.42 1
3	2	40.143 0.365 40.144 1	55.117 1
2	1	40.781 1	55.1135 1
2	1	40.257 1	55.454 1
2	1	40.508 1	55.621 1
2	1	40.832 1	55.206 1
2	1	40.529 1	55.228 1
2	1	40.769 1	55.252 1
2	1	40.65 1	55.863 1
2	1	40.1042 1	55.66 1
2	1	40.496 1	55.231 1
2	1	40.803 1	55.254 1
2	1	40.868 1	55.450 1
2	1	40.947 1	55.807 1
2	1	40.13 1	55.893 1
2	1	40.153 1	55.203 1
2	1	40.690 1	55.837 1
2	1	40.1010 1	55.775 1
2	1	40.175 1	55.635 1
2	1	40.74 1	55.140 1
2	1	40.822 1	55.682 1
3	2	40.315 1 40.399 0.081	55.77 1
2	1	40.995 1	55.788 1
2	1	40.131 1	55.147 1
2	1	40.101 1	55.101 1
2	1	40.282 1	55.488 1
2	1	40.897 1	55.260 1
2	1	40.105 1	55.1127 1
2	1	40.36 1	55.166 1
2	1	40.173 1	55.637 1
2	1	40.34 1	55.721 1
2	1	40.495 1	55.232 1
2	1	40.800 1	55.629 1
2	1	40.490 1	55.321 1
2	1	40.262 1	55.498 1
2	1	40.870 1	55.452 1
2	1	40.174 1	55.636 1
2	1	40.335 1	55.7 1
2	1	40.362 1	55.237 1
2	1	40.250 1	55.1163 1
2	1	40.263 1	55.497 1
2	1	40.970 1	55.152 1
2	1	40.10 1	55.896 1
2	1	40.1070 1	55.921 1
2	1	40.880 1	55.614 1
2	1	40.517 1	55.1024 1
2	1	40.142 1	55.116 1
2	1	40.548 1	55.744 1
2	1	40.1000 1	55.785 1
3	2	40.919 1 40.771 0.779	55.1011 1
2	1	40.1002 1	55.783 1
2	1	40.528 1	55.229 1
2	1	40.1043 1	55.65 1
2	1	40.268 1	55.273 1
2	1	40.190 1	55.1089 1
2	1	40.346 1	55.410 1
2	1	40.875 1	55.499 1
2	1	40.886 1	55.359 1
2	1	40.943 1	55.1143 1
2	1	40.996 1	55.787 1
2	1	40.1006 1	55.779 1
2	1	40.112 1	55.107 1
2	1	40.319 1	55.31 1
2	1	40.869 1	55.451 1
2	1	40.1023 1	55.930 1
3	2	40.181 1	55.983 1 55.244 0.763
2	1	40.42 1	55.854 1
2	1	40.45 1	55.822 1
2	1	40.892 1	55.948 1
2	1	40.993 1	55.790 1
2	1	40.1065 1	55.736 1
2	1	40.155 1	55.996 1
2	1	40.885 1	55.737 1
2	1	40.1015 1	55.770 1
2	1	40.514 1	55.350 1
2	1	40.753 1	55.279 1
2	1	40.130 1	55.146 1
2	1	40.298 1	55.679 1
6	9	40.791 1 40.681 1 40.525 0.243	55.300 1 55.975 1 55.325 0.133
2	1	40.73 1	55.835 1
2	1	40.468 1	55.849 1
2	1	40.954 1	55.1129 1
2	1	40.11 1	55.895 1
3	2	40.902 1	55.372 1 55.1084 0.938
2	1	40.76 1	55.141 1
2	1	40.38 1	55.932 1
2	1	40.470 1	55.850 1
5	6	40.317 1 40.397 0.065	55.347 1 55.631 0.381 55.75 0.534
2	1	40.356 1	55.45 1
2	1	40.39 1	55.933 1
2	1	40.660 1	55.432 1
2	1	40.895 1	55.262 1
2	1	40.187 1	55.1146 1
2	1	40.214 1	55.157 1
2	1	40.28 1	55.143 1
2	1	40.989 1	55.756 1
2	1	40.857 1	55.648 1
2	1	40.363 1	55.971 1
2	1	40.360 1	55.375 1
2	1	40.1016 1	55.769 1
2	1	40.107 1	55.102 1
2	1	40.809 1	55.684 1
2	1	40.882 1	55.473 1
2	1	40.1021 1	55.764 1
2	1	40.234 1	55.1154 1
2	1	40.1058 1	55.725 1
2	1	40.7 1	55.899 1
2	1	40.118 1	55.1077 1
2	1	40.165 1	55.880 1
2	1	40.223 1	55.623 1
2	1	40.195 1	55.671 1
2	1	40.731 1	55.507 1
2	1	40.1004 1	55.781 1
2	1	40.708 1	55.959 1
2	1	40.31 1	55.718 1
2	1	40.271 1	55.276 1
2	1	40.766 1	55.255 1
2	1	40.210 1	55.153 1
2	1	40.333 1	55.1016 1
2	1	40.345 1	55.411 1
2	1	40.511 1	55.819 1
4	3	40.135 1	55.1055 0.148 55.1164 0.088 55.689 1
2	1	40.256 1	55.455 1
2	1	40.1051 1	55.729 1
2	1	40.813 1	55.688 1
2	1	40.224 1	55.622 1
2	1	40.797 1	55.313 1
2	1	40.82 1	55.799 1
2	1	40.884 1	55.475 1
2	1	40.952 1	55.1131 1
2	1	40.1011 1	55.774 1
2	1	40.1071 1	55.920 1
2	1	40.216 1	55.159 1
2	1	40.278 1	55.492 1
2	1	40.951 1	55.110 1
2	1	40.1044 1	55.64 1
2	1	40.1040 1	55.69 1
6	5	40.328 0.298 40.839 0.082 40.933 0.165 40.96 0.457 40.98 1	55.480 1
2	1	40.203 1	55.1000 1
2	1	40.207 1	55.1022 1
2	1	40.765 1	55.256 1
3	2	40.120 1	55.843 1 55.830 0.948
2	1	40.794 1	55.1095 1
2	1	40.394 1	55.1020 1
2	1	40.972 1	55.150 1
2	1	40.149 1	55.123 1
2	1	40.150 1	55.124 1
2	1	40.21 1	55.887 1
2	1	40.24 1	55.759 1
2	1	40.222 1	55.651 1
2	1	40.63 1	55.878 1
2	1	40.466 1	55.87 1
2	1	40.808 1	55.443 1
2	1	40.1009 1	55.776 1
2	1	40.182 1	55.984 1
2	1	40.355 1	55.44 1
2	1	40.787 1	55.1134 1
2	1	40.249 1	55.1162 1
2	1	40.212 1	55.155 1
2	1	40.1045 1	55.63 1
2	1	40.1048 1	55.732 1
2	1	40.134 1	55.750 1
2	1	40.89 1	55.794 1
2	1	40.912 1	55.290 1
2	1	40.471 1	55.851 1
2	1	40.133 1	55.10 1
2	1	40.1018 1	55.767 1
2	1	40.95 1	55.1044 1
2	1	40.339 1	55.13 1
2	1	40.492 1	55.242 1
2	1	40.164 1	55.879 1
3	2	40.873 1	55.632 0.071 55.855 1
2	1	40.920 1	55.49 1
2	1	40.966 1	55.991 1
2	1	40.819 1	55.680 1
2	1	40.192 1	55.674 1
2	1	40.54 1	55.142 1
2	1	40.201 1	55.841 1
2	1	40.1007 1	55.778 1
2	1	40.294 1	55.812 1
4	4	40.288 1 40.507 0.813	55.233 1 55.1098 0.871
2	1	40.71 1	55.833 1
2	1	40.141 1	55.115 1
2	1	40.22 1	55.886 1
2	1	40.104 1	55.641 1
2	1	40.293 1	55.810 1
2	1	40.23 1	55.885 1
2	1	40.247 1	55.1160 1
2	1	40.998 1	55.786 1
2	1	40.344 1	55.412 1
2	1	40.647 1	55.619 1
2	1	40.92 1	55.797 1
2	1	40.19 1	55.888 1
2	1	40.290 1	55.318 1
2	1	40.324 1	55.280 1
2	1	40.338 1	55.12 1
2	1	40.852 1	55.1027 1
2	1	40.119 1	55.1076 1
2	1	40.48 1	55.825 1
2	1	40.272 1	55.277 1
2	1	40.270 1	55.275 1
2	1	40.230 1	55.1151 1
2	1	40.220 1	55.344 1
3	2	40.419 0.088 40.527 1	55.230 1
2	1	40.211 1	55.154 1
2	1	40.297 1	55.818 1
2	1	40.1069 1	55.922 1
2	1	40.219 1	55.856 1
2	1	40.854 1	55.1025 1
2	1	40.9 1	55.897 1
2	1	40.241 1	55.278 1
2	1	40.469 1	55.852 1
2	1	40.953 1	55.1130 1
2	1	40.823 1	55.762 1
2	1	40.70 1	55.869 1
2	1	40.475 1	55.1015 1
2	1	40.853 1	55.1026 1
2	1	40.340 1	55.20 1
2	1	40.369 1	55.381 1
2	1	40.267 1	55.966 1
2	1	40.5 1	55.901 1
2	1	40.859 1	55.650 1
2	1	40.232 1	55.1152 1
2	1	40.703 1	55.817 1
8	7	40.137 0.182 40.302 0.189 40.414 0.183 40.554 0.250 40.557 0.249 40.721 0.284 40.847 1	55.376 1
2	1	40.942 1	55.338 1
2	1	40.169 1	55.414 1
2	1	40.145 1	55.119 1
2	1	40.47 1	55.824 1
2	1	40.491 1	55.1053 1
2	1	40.904 1	55.71 1
2	1	40.1084 1	55.909 1
2	1	40.896 1	55.261 1
2	1	40.484 1	55.301 1
2	1	40.1012 1	55.773 1
2	1	40.259 1	55.267 1
2	1	40.254 1	55.1166 1
2	1	40.260 1	55.327 1
2	1	40.140 1	55.114 1
2	1	40.229 1	55.1150 1
2	1	40.472 1	55.853 1
2	1	40.820 1	55.409 1
2	1	40.1085 1	55.908 1
2	1	40.109 1	55.104 1
2	1	40.46 1	55.823 1
2	1	40.890 1	55.1092 1
2	1	40.883 1	55.474 1
2	1	40.322 1	55.969 1
2	1	40.183 1	55.985 1
2	1	40.115 1	55.385 1
2	1	40.318 1	55.30 1
2	1	40.438 1	55.370 1
2	1	40.862 1	55.444 1
2	1	40.973 1	55.149 1
3	2	40.969 1	55.1073 0.229 55.62 1
2	1	40.504 1	55.41 1
2	1	40.90 1	55.795 1
2	1	40.405 1	55.416 1
2	1	40.321 1	55.968 1
2	1	40.198 1	55.839 1
2	1	40.327 1	55.1137 1
2	1	40.389 1	55.47 1
2	1	40.283 1	55.486 1
7	6	40.381 0.259 40.383 0.295 40.714 1 40.744 0.311 40.746 0.323 40.747 0.314	55.935 1
2	1	40.835 1	55.1028 1
2	1	40.354 1	55.43 1
2	1	40.742 1	55.207 1
2	1	40.861 1	55.1029 1
2	1	40.184 1	55.988 1
2	1	40.530 1	55.295 1
2	1	40.858 1	55.649 1
2	1	40.667 1	55.427 1
2	1	40.476 1	55.214 1
2	1	40.245 1	55.1158 1
2	1	40.33 1	55.720 1
2	1	40.343 1	55.413 1
3	2	40.446 1 40.537 0.246	55.961 1
2	1	40.52 1	55.829 1
2	1	40.717 1	55.315 1
3	2	40.243 0.102 40.244 1	55.162 1
2	1	40.291 1	55.814 1
2	1	40.833 0.746	55.204 0.746
2	1	40.693 0.862	55.958 0.862
2	1	40.963 0.854	55.643 0.854
3	2	40.506 0.833 40.860 1	55.429 0.916
2	1	40.359 0.768	55.1103 0.768
