Size	Relations	OrthoA	OrthoB
2	1	40.40 1	54.44 1
2	1	40.41 1	54.45 1
2	1	40.266 1	54.561 1
2	1	40.61 1	54.62 1
2	1	40.55 1	54.60 1
2	1	40.309 1	54.305 1
2	1	40.246 1	54.586 1
2	1	40.1032 1	54.761 1
2	1	40.975 1	54.140 1
2	1	40.386 1	54.380 1
2	1	40.974 1	54.141 1
2	1	40.978 1	54.139 1
2	1	40.95 1	54.98 1
2	1	40.463 1	54.451 1
2	1	40.435 1	54.464 1
2	1	40.1024 1	54.754 1
2	1	40.162 1	54.681 1
2	1	40.191 1	54.647 1
2	1	40.384 1	54.378 1
2	1	40.796 1	54.286 1
2	1	40.357 1	54.354 1
2	1	40.939 1	54.175 1
2	1	40.946 1	54.166 1
2	1	40.888 1	54.206 1
2	1	40.161 1	54.682 1
2	1	40.136 1	54.707 1
2	1	40.172 1	54.668 1
2	1	40.4 1	54.4 1
2	1	40.365 1	54.358 1
2	1	40.60 1	54.61 1
2	1	40.323 1	54.322 1
2	1	40.12 1	54.13 1
2	1	40.3 1	54.3 1
2	1	40.72 1	54.75 1
2	1	40.793 1	54.289 1
2	1	40.349 1	54.343 1
2	1	40.355 1	54.349 1
2	1	40.493 1	54.411 1
2	1	40.971 1	54.144 1
2	1	40.100 1	54.105 1
2	1	40.124 1	54.137 1
2	1	40.889 1	54.205 1
2	1	40.866 1	54.233 1
2	1	40.1060 1	54.793 1
2	1	40.351 1	54.345 1
2	1	40.962 1	54.154 1
2	1	40.49 1	54.53 1
2	1	40.821 1	54.259 1
2	1	40.217 1	54.622 1
2	1	40.91 1	54.94 1
2	1	40.372 1	54.362 1
2	1	40.114 1	54.120 1
2	1	40.310 1	54.306 1
2	1	40.51 1	54.55 1
2	1	40.936 1	54.176 1
2	1	40.1047 1	54.781 1
2	1	40.108 1	54.112 1
2	1	40.913 1	54.182 1
2	1	40.193 1	54.645 1
2	1	40.914 1	54.181 1
2	1	40.17 1	54.18 1
2	1	40.228 1	54.608 1
2	1	40.348 1	54.342 1
2	1	40.1001 1	54.730 1
2	1	40.187 1	54.652 1
2	1	40.239 1	54.594 1
2	1	40.909 1	54.194 1
2	1	40.185 1	54.654 1
2	1	40.887 1	54.207 1
2	1	40.1031 1	54.760 1
2	1	40.826 1	54.252 1
2	1	40.113 1	54.117 1
2	1	40.967 1	54.148 1
2	1	40.281 1	54.546 1
3	2	40.522 0.099 40.526 1	54.405 1
2	1	40.279 1	54.548 1
2	1	40.1067 1	54.800 1
2	1	40.238 1	54.595 1
2	1	40.106 1	54.110 1
2	1	40.225 1	54.613 1
2	1	40.1074 1	54.807 1
2	1	40.1061 1	54.794 1
2	1	40.783 1	54.161 1
2	1	40.447 1	54.478 1
2	1	40.448 1	54.477 1
2	1	40.716 1	54.215 1
2	1	40.950 1	54.163 1
2	1	40.459 1	54.126 1
2	1	40.167 1	54.675 1
2	1	40.856 1	54.243 1
2	1	40.221 1	54.617 1
2	1	40.314 1	54.84 1
2	1	40.1075 1	54.808 1
2	1	40.84 1	54.91 1
2	1	40.111 1	54.115 1
2	1	40.117 1	54.130 1
3	2	40.1072 1 40.506 0.879	54.805 1
2	1	40.1050 1	54.784 1
2	1	40.781 1	54.294 1
2	1	40.93 1	54.96 1
2	1	40.25 1	54.25 1
2	1	40.817 1	54.267 1
2	1	40.911 1	54.186 1
2	1	40.850 1	54.485 1
2	1	40.240 1	54.593 1
2	1	40.846 1	54.121 1
2	1	40.235 1	54.601 1
2	1	40.122 1	54.135 1
2	1	40.1064 1	54.797 1
2	1	40.325 1	54.261 1
2	1	40.308 1	54.304 1
2	1	40.816 1	54.268 1
2	1	40.495 1	54.404 1
2	1	40.1063 1	54.796 1
2	1	40.347 1	54.341 1
2	1	40.1077 1	54.811 1
2	1	40.280 1	54.547 1
2	1	40.806 1	54.278 1
2	1	40.872 1	54.226 1
2	1	40.905 1	54.183 1
2	1	40.1028 1	54.758 1
3	2	40.392 1 40.769 0.841	54.384 1
2	1	40.1026 1	54.757 1
2	1	40.1076 1	54.809 1
2	1	40.202 1	54.635 1
2	1	40.1 1	54.1 1
2	1	40.388 1	54.382 1
2	1	40.1044 1	54.775 1
2	1	40.304 1	54.298 1
2	1	40.110 1	54.114 1
2	1	40.832 1	54.250 1
2	1	40.992 1	54.720 1
2	1	40.320 1	54.319 1
2	1	40.171 1	54.669 1
2	1	40.1055 1	54.786 1
2	1	40.788 1	54.292 1
2	1	40.166 1	54.677 1
2	1	40.30 1	54.30 1
2	1	40.151 1	54.692 1
2	1	40.177 1	54.662 1
2	1	40.268 1	54.559 1
2	1	40.480 1	54.429 1
2	1	40.155 1	54.685 1
2	1	40.371 1	54.361 1
2	1	40.1066 1	54.799 1
2	1	40.236 1	54.597 1
2	1	40.215 1	54.624 1
2	1	40.2 1	54.2 1
2	1	40.403 1	54.390 1
2	1	40.261 1	54.566 1
2	1	40.456 1	54.123 1
2	1	40.1041 1	54.772 1
2	1	40.477 1	54.432 1
2	1	40.74 1	54.79 1
2	1	40.75 1	54.80 1
2	1	40.827 1	54.251 1
2	1	40.915 1	54.180 1
2	1	40.1046 1	54.780 1
2	1	40.1017 1	54.746 1
2	1	40.353 1	54.347 1
2	1	40.258 1	54.572 1
2	1	40.865 1	54.234 1
2	1	40.127 1	54.777 1
2	1	40.378 1	54.375 1
2	1	40.893 1	54.201 1
6	5	40.588 1 40.292 0.806 40.618 1 40.688 0.926 40.691 0.799	54.469 1
2	1	40.311 1	54.307 1
2	1	40.156 1	54.684 1
2	1	40.457 1	54.124 1
2	1	40.619 1	54.474 1
2	1	40.237 1	54.596 1
2	1	40.994 1	54.723 1
2	1	40.212 1	54.627 1
2	1	40.227 1	54.609 1
2	1	40.242 1	54.591 1
3	2	40.638 1	54.468 0.172 54.473 1
2	1	40.1059 1	54.791 1
2	1	40.289 1	54.533 1
2	1	40.1081 1	54.813 1
2	1	40.197 1	54.641 1
2	1	40.107 1	54.111 1
2	1	40.265 1	54.562 1
2	1	40.16 1	54.17 1
2	1	40.991 1	54.719 1
2	1	40.799 1	54.283 1
2	1	40.795 1	54.287 1
2	1	40.53 1	54.57 1
2	1	40.14 1	54.15 1
2	1	40.255 1	54.575 1
2	1	40.65 1	54.66 1
2	1	40.179 1	54.660 1
2	1	40.404 1	54.391 1
2	1	40.855 1	54.244 1
2	1	40.473 1	54.442 1
2	1	40.6 1	54.7 1
2	1	40.67 1	54.68 1
2	1	40.362 1	54.355 1
2	1	40.1057 1	54.789 1
2	1	40.276 1	54.551 1
2	1	40.326 1	54.260 1
2	1	40.1079 1	54.128 1
2	1	40.973 1	54.142 1
2	1	40.253 1	54.580 1
2	1	40.498 1	54.402 1
2	1	40.878 1	54.218 1
2	1	40.132 1	54.712 1
2	1	40.335 1	54.327 1
2	1	40.792 1	54.290 1
2	1	40.906 1	54.5 1
2	1	40.194 1	54.644 1
2	1	40.407 1	54.715 1
2	1	40.126 1	54.103 1
2	1	40.822 1	54.257 1
2	1	40.999 1	54.728 1
2	1	40.990 1	54.718 1
2	1	40.189 1	54.649 1
2	1	40.468 1	54.449 1
2	1	40.359 1	54.40 1
2	1	40.123 1	54.136 1
2	1	40.209 1	54.630 1
2	1	40.879 1	54.217 1
2	1	40.29 1	54.29 1
2	1	40.284 1	54.542 1
2	1	40.82 1	54.89 1
2	1	40.824 1	54.255 1
2	1	40.64 1	54.65 1
3	2	40.429 1 40.665 0.723	54.508 1
2	1	40.18 1	54.19 1
2	1	40.364 1	54.357 1
2	1	40.213 1	54.626 1
2	1	40.257 1	54.573 1
2	1	40.449 1	54.476 1
2	1	40.81 1	54.88 1
2	1	40.211 1	54.628 1
3	2	40.876 1 40.59 0.796	54.221 1
2	1	40.1049 1	54.783 1
2	1	40.942 1	54.171 1
2	1	40.277 1	54.550 1
2	1	40.341 1	54.335 1
2	1	40.264 1	54.563 1
2	1	40.175 1	54.665 1
2	1	40.66 1	54.67 1
2	1	40.503 1	54.395 1
2	1	40.1083 1	54.815 1
2	1	40.337 1	54.329 1
2	1	40.176 1	54.664 1
5	6	40.1073 1 40.860 0.888 40.1054 0.743	54.806 1 54.239 0.825
2	1	40.233 1	54.603 1
2	1	40.482 1	54.424 1
2	1	40.248 1	54.584 1
2	1	40.1014 1	54.743 1
2	1	40.486 1	54.419 1
2	1	40.964 1	54.152 1
2	1	40.375 1	54.371 1
2	1	40.394 1	54.386 1
2	1	40.178 1	54.661 1
2	1	40.968 1	54.147 1
2	1	40.234 1	54.602 1
2	1	40.315 1	54.85 1
2	1	40.731 1	54.365 1
2	1	40.800 1	54.282 1
2	1	40.37 1	54.37 1
2	1	40.515 1	54.504 1
2	1	40.868 1	54.230 1
2	1	40.1020 1	54.749 1
2	1	40.458 1	54.125 1
2	1	40.62 1	54.63 1
2	1	40.1080 1	54.812 1
2	1	40.43 1	54.47 1
2	1	40.1056 1	54.788 1
2	1	40.50 1	54.54 1
2	1	40.83 1	54.486 1
2	1	40.96 1	54.99 1
4	4	40.144 1 40.143 0.801	54.699 1 54.700 0.497
2	1	40.478 1	54.431 1
4	3	40.78 1 40.401 0.737 40.849 0.741	54.87 1
2	1	40.286 1	54.540 1
2	1	40.385 1	54.379 1
2	1	40.13 1	54.14 1
2	1	40.135 1	54.708 1
2	1	40.180 1	54.659 1
2	1	40.199 1	54.639 1
3	2	40.780 1 40.982 0.718	54.295 1
2	1	40.154 1	54.686 1
2	1	40.1019 1	54.748 1
2	1	40.249 1	54.583 1
2	1	40.112 1	54.116 1
2	1	40.873 1	54.224 1
2	1	40.45 1	54.49 1
2	1	40.805 1	54.279 1
2	1	40.810 1	54.274 1
2	1	40.146 1	54.697 1
2	1	40.871 1	54.227 1
2	1	40.98 1	54.101 1
2	1	40.8 1	54.9 1
2	1	40.687 1	54.466 1
2	1	40.1078 1	54.127 1
2	1	40.867 1	54.232 1
2	1	40.529 1	54.461 1
2	1	40.948 1	54.164 1
2	1	40.244 1	54.589 1
2	1	40.380 1	54.377 1
2	1	40.288 1	54.534 1
2	1	40.446 1	54.479 1
2	1	40.34 1	54.34 1
2	1	40.163 1	54.680 1
2	1	40.334 1	54.326 1
2	1	40.58 1	54.185 1
2	1	40.342 1	54.336 1
2	1	40.779 1	54.296 1
2	1	40.283 1	54.544 1
2	1	40.972 1	54.143 1
2	1	40.312 1	54.308 1
2	1	40.912 1	54.184 1
3	2	40.965 1	54.150 1 54.426 0.728
2	1	40.496 1	54.403 1
2	1	40.528 1	54.460 1
2	1	40.870 1	54.228 1
2	1	40.300 1	54.526 1
2	1	40.105 1	54.109 1
2	1	40.223 1	54.615 1
2	1	40.263 1	54.564 1
2	1	40.455 1	54.122 1
2	1	40.1043 1	54.774 1
2	1	40.363 1	54.356 1
2	1	40.118 1	54.131 1
2	1	40.954 1	54.156 1
2	1	40.379 1	54.376 1
2	1	40.474 1	54.441 1
2	1	40.525 1	54.406 1
2	1	40.1070 1	54.803 1
2	1	40.662 1	54.482 1
2	1	40.195 1	54.643 1
2	1	40.68 1	54.69 1
2	1	40.243 1	54.590 1
2	1	40.1005 1	54.734 1
2	1	40.863 1	54.236 1
2	1	40.970 1	54.145 1
2	1	40.1008 1	54.737 1
2	1	40.1042 1	54.773 1
2	1	40.316 1	54.86 1
3	2	40.527 1	54.458 0.618 54.459 1
2	1	40.89 1	54.92 1
2	1	40.508 1	54.489 1
2	1	40.192 1	54.646 1
2	1	40.892 1	54.202 1
2	1	40.1033 1	54.762 1
2	1	40.173 1	54.667 1
2	1	40.11 1	54.12 1
2	1	40.317 1	54.83 1
2	1	40.395 1	54.387 1
2	1	40.142 1	54.702 1
2	1	40.797 1	54.146 1
2	1	40.285 1	54.541 1
2	1	40.471 1	54.446 1
2	1	40.735 1	54.711 1
2	1	40.165 1	54.678 1
2	1	40.470 1	54.447 1
2	1	40.1003 1	54.732 1
2	1	40.336 1	54.328 1
2	1	40.885 1	54.209 1
2	1	40.897 1	54.197 1
2	1	40.989 1	54.717 1
2	1	40.507 1	54.487 1
2	1	40.282 1	54.545 1
2	1	40.951 1	54.162 1
2	1	40.190 1	54.648 1
2	1	40.791 1	54.484 1
2	1	40.861 1	54.238 1
2	1	40.875 1	54.222 1
2	1	40.966 1	54.149 1
2	1	40.1013 1	54.742 1
2	1	40.963 1	54.153 1
2	1	40.130 1	54.714 1
2	1	40.1034 1	54.763 1
2	1	40.214 1	54.625 1
2	1	40.346 1	54.340 1
2	1	40.262 1	54.565 1
2	1	40.241 1	54.592 1
2	1	40.943 1	54.170 1
2	1	40.340 1	54.334 1
2	1	40.1071 1	54.804 1
2	1	40.517 1	54.363 1
2	1	40.518 1	54.270 1
2	1	40.642 1	54.316 1
2	1	40.319 1	54.318 1
2	1	40.164 1	54.679 1
2	1	40.332 1	54.324 1
2	1	40.38 1	54.41 1
2	1	40.10 1	54.11 1
2	1	40.1040 1	54.771 1
2	1	40.275 1	54.552 1
2	1	40.31 1	54.31 1
2	1	40.864 1	54.235 1
2	1	40.169 1	54.672 1
2	1	40.101 1	54.107 1
2	1	40.869 1	54.229 1
2	1	40.949 1	54.688 1
2	1	40.499 1	54.401 1
2	1	40.181 1	54.658 1
2	1	40.511 1	54.192 1
2	1	40.333 1	54.325 1
2	1	40.490 1	54.414 1
2	1	40.940 1	54.173 1
2	1	40.1035 1	54.764 1
2	1	40.90 1	54.331 1
2	1	40.313 1	54.315 1
2	1	40.370 1	54.43 1
2	1	40.947 1	54.165 1
2	1	40.1000 1	54.729 1
2	1	40.886 1	54.208 1
2	1	40.1065 1	54.798 1
2	1	40.63 1	54.64 1
2	1	40.36 1	54.36 1
2	1	40.995 1	54.724 1
2	1	40.1002 1	54.731 1
2	1	40.1012 1	54.741 1
2	1	40.1058 1	54.790 1
2	1	40.203 1	54.634 1
2	1	40.250 1	54.582 1
2	1	40.1006 1	54.735 1
2	1	40.174 1	54.666 1
2	1	40.232 1	54.604 1
2	1	40.278 1	54.549 1
2	1	40.28 1	54.28 1
2	1	40.461 1	54.453 1
2	1	40.1010 1	54.739 1
2	1	40.150 1	54.693 1
2	1	40.200 1	54.637 1
2	1	40.377 1	54.372 1
2	1	40.487 1	54.418 1
2	1	40.524 1	54.407 1
4	3	40.919 1 40.298 0.793 40.771 0.859	54.179 1
2	1	40.131 1	54.713 1
2	1	40.466 1	54.72 1
2	1	40.502 1	54.398 1
2	1	40.76 1	54.81 1
2	1	40.794 1	54.288 1
2	1	40.804 1	54.280 1
2	1	40.94 1	54.97 1
2	1	40.907 1	54.196 1
2	1	40.857 1	54.242 1
2	1	40.1039 1	54.770 1
2	1	40.895 1	54.199 1
2	1	40.104 1	54.108 1
2	1	40.256 1	54.574 1
2	1	40.479 1	54.430 1
2	1	40.7 1	54.8 1
2	1	40.1036 1	54.765 1
2	1	40.853 1	54.246 1
2	1	40.1062 1	54.795 1
2	1	40.389 1	54.383 1
2	1	40.120 1	54.133 1
2	1	40.952 1	54.158 1
2	1	40.133 1	54.710 1
2	1	40.790 1	54.483 1
2	1	40.809 1	54.275 1
2	1	40.35 1	54.35 1
2	1	40.73 1	54.76 1
2	1	40.993 1	54.722 1
2	1	40.19 1	54.20 1
2	1	40.808 1	54.276 1
2	1	40.996 1	54.725 1
2	1	40.290 1	54.532 1
2	1	40.356 1	54.350 1
2	1	40.259 1	54.569 1
2	1	40.42 1	54.46 1
2	1	40.1021 1	54.750 1
2	1	40.147 1	54.696 1
2	1	40.182 1	54.657 1
2	1	40.1015 1	54.744 1
2	1	40.1004 1	54.733 1
2	1	40.47 1	54.51 1
2	1	40.1069 1	54.802 1
2	1	40.153 1	54.689 1
2	1	40.21 1	54.21 1
2	1	40.373 1	54.368 1
2	1	40.489 1	54.415 1
2	1	40.247 1	54.585 1
2	1	40.344 1	54.338 1
2	1	40.207 1	54.225 1
2	1	40.39 1	54.42 1
2	1	40.1048 1	54.782 1
2	1	40.224 1	54.614 1
2	1	40.145 1	54.698 1
2	1	40.149 1	54.694 1
2	1	40.216 1	54.623 1
2	1	40.343 1	54.337 1
2	1	40.22 1	54.22 1
2	1	40.491 1	54.413 1
2	1	40.345 1	54.339 1
2	1	40.753 1	54.397 1
2	1	40.1038 1	54.768 1
2	1	40.823 1	54.256 1
2	1	40.210 1	54.629 1
2	1	40.299 1	54.527 1
2	1	40.402 1	54.388 1
2	1	40.99 1	54.102 1
2	1	40.882 1	54.213 1
2	1	40.338 1	54.330 1
2	1	40.514 1	54.502 1
2	1	40.874 1	54.223 1
2	1	40.1016 1	54.745 1
2	1	40.1051 1	54.785 1
2	1	40.141 1	54.703 1
2	1	40.271 1	54.556 1
2	1	40.54 1	54.58 1
2	1	40.739 1	54.106 1
2	1	40.97 1	54.100 1
2	1	40.77 1	54.82 1
2	1	40.787 1	54.293 1
2	1	40.1009 1	54.738 1
2	1	40.26 1	54.26 1
2	1	40.852 1	54.247 1
2	1	40.819 1	54.263 1
2	1	40.9 1	54.10 1
2	1	40.920 1	54.178 1
2	1	40.32 1	54.32 1
2	1	40.324 1	54.323 1
2	1	40.70 1	54.71 1
2	1	40.884 1	54.211 1
2	1	40.1045 1	54.776 1
2	1	40.717 1	54.220 1
2	1	40.222 1	54.616 1
2	1	40.270 1	54.557 1
2	1	40.833 1	54.249 1
2	1	40.969 1	54.488 1
2	1	40.1011 1	54.740 1
2	1	40.1018 1	54.747 1
2	1	40.1023 1	54.437 1
2	1	40.134 1	54.709 1
2	1	40.741 1	54.513 1
2	1	40.813 1	54.271 1
2	1	40.941 1	54.172 1
2	1	40.201 1	54.636 1
2	1	40.24 1	54.24 1
2	1	40.953 1	54.157 1
2	1	40.858 1	54.241 1
2	1	40.92 1	54.95 1
2	1	40.944 1	54.169 1
2	1	40.998 1	54.727 1
2	1	40.218 1	54.620 1
2	1	40.229 1	54.607 1
2	1	40.267 1	54.560 1
2	1	40.48 1	54.52 1
2	1	40.5 1	54.6 1
2	1	40.484 1	54.422 1
2	1	40.220 1	54.618 1
2	1	40.295 1	54.190 1
2	1	40.350 1	54.344 1
2	1	40.854 1	54.245 1
2	1	40.23 1	54.23 1
2	1	40.820 1	54.262 1
2	1	40.881 1	54.214 1
2	1	40.152 1	54.691 1
2	1	40.196 1	54.642 1
2	1	40.46 1	54.50 1
2	1	40.339 1	54.333 1
2	1	40.71 1	54.74 1
2	1	40.758 1	54.721 1
2	1	40.890 1	54.204 1
2	1	40.904 1	54.687 1
2	1	40.272 1	54.555 1
2	1	40.438 1	54.598 1
2	1	40.500 1	54.400 1
2	1	40.52 1	54.56 1
2	1	40.1025 1	54.755 1
2	1	40.148 1	54.695 1
2	1	40.219 1	54.619 1
2	1	40.533 1	54.167 1
2	1	40.33 1	54.33 1
2	1	40.492 1	54.412 1
2	1	40.15 1	54.16 1
2	1	40.318 1	54.317 1
2	1	40.358 1	54.39 1
2	1	40.483 1	54.423 1
2	1	40.1007 1	54.736 1
2	1	40.119 1	54.132 1
2	1	40.273 1	54.554 1
2	1	40.504 1	54.394 1
2	1	40.469 1	54.448 1
2	1	40.230 1	54.606 1
2	1	40.138 1	54.706 1
2	1	40.305 1	54.300 1
2	1	40.516 1	54.505 1
2	1	40.921 1	54.177 1
2	1	40.322 1	54.321 1
2	1	40.894 1	54.200 1
2	1	40.1029 1	54.759 1
2	1	40.109 1	54.113 1
2	1	40.307 1	54.303 1
2	1	40.472 1	54.443 1
2	1	40.807 1	54.277 1
2	1	40.859 1	54.240 1
2	1	40.896 1	54.198 1
2	1	40.692 1	54.471 1
2	1	40.158 1	54.683 1
2	1	40.198 1	54.640 1
2	1	40.1082 1	54.814 1
2	1	40.183 1	54.656 1
2	1	40.374 1	54.369 1
2	1	40.908 1	54.195 1
2	1	40.168 1	54.674 1
2	1	40.254 1	54.579 1
2	1	40.811 1	54.273 1
2	1	40.835 1	54.248 1
2	1	40.883 1	54.212 1
2	1	40.1084 1	54.816 1
2	1	40.877 1	54.219 1
2	1	40.1022 1	54.751 1
2	1	40.274 1	54.553 1
2	1	40.475 1	54.440 1
3	2	40.712 0.083 40.713 1	54.753 1
2	1	40.834 1	54.500 1
2	1	40.393 1	54.385 1
2	1	40.140 1	54.704 1
2	1	40.184 1	54.655 1
2	1	40.226 1	54.611 1
2	1	40.715 1	54.314 1
2	1	40.742 1	54.522 1
2	1	40.297 1	54.187 1
2	1	40.69 1	54.70 1
2	1	40.801 1	54.281 1
2	1	40.260 1	54.567 1
2	1	40.405 1	54.392 1
2	1	40.139 1	54.705 1
2	1	40.476 1	54.434 1
2	1	40.789 1	54.291 1
2	1	40.354 1	54.348 1
2	1	40.410 1	54.393 1
2	1	40.488 1	54.416 1
2	1	40.1085 1	54.817 1
3	2	40.825 1	54.438 1 54.481 0.491
2	1	40.188 1	54.651 1
2	1	40.306 1	54.301 1
2	1	40.129 1	54.78 1
2	1	40.245 1	54.588 1
2	1	40.910 1	54.193 1
2	1	40.287 1	54.535 1
2	1	40.294 1	54.191 1
2	1	40.485 1	54.421 1
2	1	40.945 1	54.168 1
2	1	40.509 1	54.490 1
3	2	40.718 1 40.749 0.050	54.73 1
2	1	40.321 1	54.320 1
2	1	40.812 1	54.272 1
2	1	40.997 1	54.726 1
2	1	40.387 1	54.381 1
2	1	40.862 1	54.237 1
2	1	40.462 1	54.452 1
2	1	40.513 1	54.492 1
2	1	40.121 1	54.134 1
2	1	40.778 1	54.297 1
2	1	40.501 1	54.399 1
2	1	40.961 1	54.410 1
2	1	40.891 1	54.203 1
2	1	40.467 1	54.450 1
2	1	40.44 1	54.48 1
2	1	40.564 1	54.493 1
2	1	40.116 1	54.129 1
2	1	40.352 1	54.346 1
2	1	40.798 1	54.285 1
2	1	40.494 1	54.409 1
2	1	40.231 1	54.605 1
2	1	40.460 1	54.455 1
2	1	40.512 1	54.491 1
2	1	40.269 1	54.558 1
2	1	40.481 0.863	54.425 0.863
