Size	Relations	OrthoA	OrthoB
2	1	40.41 1	57.463 1
2	1	40.40 1	57.464 1
2	1	40.266 1	57.189 1
2	1	40.61 1	57.1011 1
2	1	40.1032 1	57.460 1
2	1	40.975 1	57.955 1
2	1	40.309 1	57.1375 1
2	1	40.463 1	57.1339 1
2	1	40.435 1	57.2086 1
2	1	40.55 1	57.995 1
2	1	40.946 1	57.2143 1
2	1	40.246 1	57.1526 1
2	1	40.1024 1	57.1449 1
2	1	40.384 1	57.2094 1
2	1	40.386 1	57.2092 1
2	1	40.60 1	57.298 1
2	1	40.172 1	57.1274 1
2	1	40.3 1	57.622 1
2	1	40.793 1	57.929 1
2	1	40.191 1	57.1221 1
2	1	40.351 1	57.1830 1
2	1	40.888 1	57.1094 1
2	1	40.51 1	57.365 1
2	1	40.12 1	57.633 1
3	2	40.493 1	57.1961 1 57.1643 0.778
2	1	40.100 1	57.1994 1
2	1	40.323 1	57.100 1
2	1	40.1060 1	57.1022 1
2	1	40.936 1	57.18 1
2	1	40.162 1	57.496 1
2	1	40.217 1	57.833 1
2	1	40.542 1	57.15 1
2	1	40.4 1	57.623 1
3	2	40.978 1	57.894 0.092 57.899 1
2	1	40.58 1	57.1078 1
2	1	40.49 1	57.367 1
2	1	40.161 1	57.35 1
2	1	40.962 1	57.1271 1
2	1	40.1047 1	57.1063 1
2	1	40.531 1	57.1933 1
3	2	40.913 1 40.914 0.085	57.1583 1
2	1	40.357 1	57.1447 1
2	1	40.783 1	57.89 1
2	1	40.17 1	57.651 1
2	1	40.368 1	57.1650 1
2	1	40.1001 1	57.1158 1
2	1	40.108 1	57.712 1
2	1	40.1031 1	57.459 1
2	1	40.971 1	57.821 1
2	1	40.279 1	57.215 1
2	1	40.102 1	57.1196 1
2	1	40.1075 1	57.611 1
2	1	40.281 1	57.217 1
2	1	40.103 1	57.619 1
3	2	40.314 1 40.398 0.075	57.471 1
3	2	40.57 1 40.770 0.957	57.1077 1
2	1	40.225 1	57.1341 1
2	1	40.1074 1	57.1280 1
2	1	40.950 1	57.720 1
2	1	40.889 1	57.1093 1
2	1	40.185 1	57.75 1
2	1	40.221 1	57.1084 1
2	1	40.856 1	57.1267 1
3	2	40.826 1	57.125 0.080 57.250 1
2	1	40.846 1	57.1229 1
2	1	40.887 1	57.1607 1
2	1	40.459 1	57.1235 1
2	1	40.238 1	57.1842 1
2	1	40.1061 1	57.1021 1
3	2	40.1076 1 40.1077 0.760	57.612 1
2	1	40.821 1	57.1226 1
4	3	40.114 0.056 40.206 0.096 40.818 1	57.2378 1
2	1	40.872 1	57.1825 1
2	1	40.905 1	57.1584 1
2	1	40.1050 1	57.1060 1
2	1	40.111 1	57.715 1
2	1	40.167 1	57.303 1
2	1	40.456 1	57.1231 1
2	1	40.817 1	57.1340 1
2	1	40.1067 1	57.1006 1
2	1	40.372 1	57.1785 1
2	1	40.202 1	57.350 1
2	1	40.806 1	57.1676 1
2	1	40.1063 1	57.1065 1
2	1	40.1026 1	57.904 1
2	1	40.193 1	57.1223 1
2	1	40.56 1	57.1076 1
3	2	40.1072 1 40.1054 0.857	57.537 1
2	1	40.457 1	57.1232 1
4	3	40.239 0.082 40.442 1 40.550 0.277	57.1841 1
2	1	40.967 1	57.2041 1
2	1	40.91 1	57.1170 1
2	1	40.122 1	57.347 1
2	1	40.788 1	57.1634 1
2	1	40.235 1	57.1522 1
2	1	40.378 1	57.1702 1
2	1	40.127 1	57.945 1
2	1	40.1064 1	57.1064 1
2	1	40.72 1	57.359 1
2	1	40.1028 1	57.903 1
2	1	40.151 1	57.845 1
2	1	40.1017 1	57.1142 1
2	1	40.1055 1	57.1058 1
2	1	40.347 1	57.116 1
2	1	40.893 1	57.19 1
2	1	40.561 1	57.2203 1
2	1	40.348 1	57.1260 1
3	2	40.1022 0.201 40.715 1	57.1929 1
2	1	40.1046 1	57.505 1
2	1	40.543 1	57.14 1
2	1	40.113 1	57.717 1
2	1	40.124 1	57.345 1
2	1	40.311 1	57.1396 1
2	1	40.110 1	57.714 1
2	1	40.371 1	57.1784 1
2	1	40.915 1	57.1582 1
2	1	40.166 1	57.1019 1
2	1	40.992 1	57.1095 1
2	1	40.16 1	57.650 1
2	1	40.255 1	57.1348 1
2	1	40.25 1	57.1128 1
2	1	40.906 1	57.624 1
2	1	40.258 1	57.1351 1
2	1	40.1066 1	57.329 1
4	3	40.642 1	57.1338 0.227 57.2002 1 57.579 0.990
2	1	40.994 1	57.1163 1
2	1	40.156 1	57.37 1
2	1	40.236 1	57.1844 1
2	1	40.325 1	57.758 1
2	1	40.227 1	57.1514 1
2	1	40.515 1	57.2206 1
2	1	40.320 1	57.103 1
2	1	40.991 1	57.1096 1
2	1	40.228 1	57.1515 1
3	2	40.827 1	57.150 1 57.251 0.719
2	1	40.237 1	57.1843 1
2	1	40.1079 1	57.32 1
2	1	40.308 1	57.1373 1
2	1	40.1081 1	57.614 1
2	1	40.194 1	57.1224 1
2	1	40.30 1	57.1023 1
2	1	40.738 1	57.1429 1
2	1	40.277 1	57.190 1
2	1	40.388 1	57.1635 1
3	2	40.641 1	57.2001 0.051 57.578 1
2	1	40.197 1	57.355 1
2	1	40.974 1	57.747 1
2	1	40.81 1	57.1173 1
2	1	40.1083 1	57.616 1
2	1	40.117 1	57.1216 1
2	1	40.855 1	57.1268 1
2	1	40.799 1	57.1287 1
2	1	40.879 1	57.1537 1
2	1	40.37 1	57.582 1
2	1	40.280 1	57.216 1
2	1	40.261 1	57.1923 1
2	1	40.795 1	57.927 1
2	1	40.240 1	57.1840 1
2	1	40.326 1	57.759 1
2	1	40.1 1	57.620 1
2	1	40.199 1	57.353 1
2	1	40.289 1	57.1497 1
2	1	40.14 1	57.636 1
2	1	40.284 1	57.119 1
2	1	40.6 1	57.626 1
2	1	40.189 1	57.933 1
2	1	40.78 1	57.1641 1
2	1	40.1014 1	57.1145 1
2	1	40.66 1	57.302 1
2	1	40.898 1	57.2014 1
2	1	40.177 1	57.87 1
2	1	40.365 1	57.97 1
2	1	40.1057 1	57.1056 1
2	1	40.1049 1	57.1061 1
2	1	40.106 1	57.2162 1
2	1	40.337 1	57.1988 1
2	1	40.213 1	57.828 1
2	1	40.84 1	57.1177 1
2	1	40.990 1	57.1097 1
2	1	40.480 1	57.1924 1
3	2	40.67 1	57.166 1 57.266 0.063
2	1	40.486 1	57.1827 1
2	1	40.796 1	57.925 1
2	1	40.233 1	57.1520 1
2	1	40.666 1	57.1397 1
2	1	40.964 1	57.999 1
2	1	40.544 1	57.13 1
2	1	40.455 1	57.1230 1
2	1	40.136 1	57.410 1
2	1	40.965 1	57.69 1
2	1	40.1033 1	57.461 1
2	1	40.43 1	57.373 1
2	1	40.379 1	57.1820 1
2	1	40.1041 1	57.770 1
2	1	40.863 1	57.1356 1
2	1	40.180 1	57.84 1
2	1	40.248 1	57.1528 1
2	1	40.341 1	57.1666 1
2	1	40.83 1	57.455 1
2	1	40.265 1	57.188 1
2	1	40.62 1	57.1012 1
2	1	40.867 1	57.2155 1
3	2	40.850 1	57.447 0.996 57.451 1
2	1	40.59 1	57.1079 1
2	1	40.482 1	57.1927 1
2	1	40.1019 1	57.1140 1
2	1	40.349 1	57.1262 1
2	1	40.810 1	57.1189 1
2	1	40.478 1	57.1815 1
2	1	40.50 1	57.366 1
2	1	40.999 1	57.1165 1
2	1	40.146 1	57.849 1
4	3	40.522 0.078 40.526 0.058 40.683 1	57.2222 1
2	1	40.1056 1	57.1057 1
2	1	40.8 1	57.628 1
2	1	40.209 1	57.1228 1
2	1	40.903 1	57.1889 1
2	1	40.394 1	57.2401 1
2	1	40.878 1	57.1539 1
2	1	40.876 1	57.182 1
2	1	40.2 1	57.621 1
2	1	40.1003 1	57.1156 1
2	1	40.805 1	57.1677 1
2	1	40.1008 1	57.1151 1
2	1	40.832 1	57.1765 1
2	1	40.1078 1	57.33 1
3	2	40.316 1 40.400 0.133	57.469 1
2	1	40.178 1	57.86 1
2	1	40.176 1	57.1278 1
2	1	40.163 1	57.504 1
2	1	40.380 1	57.1834 1
2	1	40.792 1	57.930 1
2	1	40.1013 1	57.1146 1
2	1	40.1034 1	57.462 1
3	2	40.780 1 40.982 0.742	57.2146 1
2	1	40.179 1	57.85 1
2	1	40.1005 1	57.1154 1
2	1	40.257 1	57.1350 1
2	1	40.1080 1	57.613 1
2	1	40.899 1	57.2012 1
2	1	40.264 1	57.186 1
2	1	40.353 1	57.1829 1
2	1	40.781 1	57.2147 1
2	1	40.1059 1	57.997 1
2	1	40.779 1	57.1838 1
2	1	40.123 1	57.346 1
2	1	40.968 1	57.2043 1
2	1	40.1020 1	57.1138 1
3	2	40.143 0.375 40.144 1	57.852 1
2	1	40.395 1	57.2400 1
2	1	40.68 1	57.996 1
4	4	40.764 1 40.845 0.059	57.2015 1 57.234 0.964
3	2	40.949 1 40.825 0.740	57.1761 1
2	1	40.508 1	57.1299 1
2	1	40.74 1	57.734 1
2	1	40.947 1	57.404 1
2	1	40.18 1	57.652 1
2	1	40.458 1	57.1233 1
2	1	40.392 1	57.73 1
2	1	40.1042 1	57.768 1
2	1	40.64 1	57.300 1
2	1	40.868 1	57.1354 1
2	1	40.496 1	57.1738 1
2	1	40.13 1	57.634 1
2	1	40.153 1	57.1762 1
2	1	40.29 1	57.740 1
2	1	40.175 1	57.1277 1
2	1	40.215 1	57.831 1
2	1	40.995 1	57.1162 1
2	1	40.503 1	57.1442 1
2	1	40.65 1	57.301 1
2	1	40.495 1	57.1739 1
2	1	40.131 1	57.744 1
2	1	40.36 1	57.583 1
2	1	40.101 1	57.710 1
2	1	40.262 1	57.184 1
2	1	40.34 1	57.1051 1
4	3	40.450 1	57.2437 0.199 57.2442 0.199 57.2462 1
2	1	40.490 1	57.2095 1
2	1	40.1010 1	57.1149 1
2	1	40.282 1	57.218 1
2	1	40.477 1	57.1795 1
2	1	40.822 1	57.1192 1
2	1	40.174 1	57.1276 1
2	1	40.528 1	57.1732 1
2	1	40.690 1	57.356 1
3	2	40.315 1 40.399 0.089	57.470 1
2	1	40.716 1	57.1288 1
2	1	40.105 1	57.2163 1
2	1	40.870 1	57.1352 1
2	1	40.173 1	57.1275 1
2	1	40.190 1	57.934 1
2	1	40.10 1	57.630 1
2	1	40.1000 1	57.1159 1
2	1	40.800 1	57.1286 1
2	1	40.250 1	57.1530 1
2	1	40.897 1	57.1604 1
2	1	40.970 1	57.822 1
4	3	40.880 1	57.165 1 57.2186 0.198 57.265 0.179
2	1	40.875 1	57.183 1
2	1	40.1070 1	57.535 1
2	1	40.335 1	57.2040 1
2	1	40.919 1	57.2 1
2	1	40.112 1	57.716 1
3	2	40.171 1	57.1836 1 57.2217 0.091
2	1	40.362 1	57.1771 1
2	1	40.996 1	57.1161 1
2	1	40.263 1	57.185 1
2	1	40.869 1	57.1353 1
2	1	40.1002 1	57.1157 1
2	1	40.142 1	57.853 1
2	1	40.132 1	57.1394 1
2	1	40.42 1	57.333 1
2	1	40.731 1	57.1459 1
2	1	40.1006 1	57.1153 1
2	1	40.943 1	57.2105 1
2	1	40.154 1	57.40 1
2	1	40.1043 1	57.767 1
2	1	40.886 1	57.1833 1
2	1	40.319 1	57.1415 1
2	1	40.45 1	57.371 1
2	1	40.892 1	57.960 1
3	2	40.181 1	57.83 1 57.1782 0.800
2	1	40.735 1	57.2377 1
2	1	40.993 1	57.1164 1
2	1	40.954 1	57.2161 1
2	1	40.1065 1	57.1066 1
3	2	40.364 1 40.449 0.735	57.94 1
2	1	40.356 1	57.1445 1
2	1	40.989 1	57.1098 1
2	1	40.1015 1	57.1144 1
2	1	40.155 1	57.38 1
2	1	40.548 1	57.1850 1
2	1	40.107 1	57.711 1
2	1	40.214 1	57.829 1
2	1	40.73 1	57.358 1
2	1	40.429 1	57.22 1
2	1	40.130 1	57.743 1
5	6	40.317 0.059 40.397 1	57.1282 0.380 57.1824 0.537 57.472 1
2	1	40.895 1	57.1606 1
2	1	40.363 1	57.99 1
2	1	40.38 1	57.664 1
2	1	40.39 1	57.663 1
2	1	40.76 1	57.735 1
2	1	40.857 1	57.1266 1
5	6	40.791 1 40.681 1 40.525 0.256	57.1458 1 57.2090 1
2	1	40.912 1	57.1300 1
2	1	40.517 1	57.2384 1
3	2	40.404 1	57.2037 1 57.2038 0.842
2	1	40.1021 1	57.1137 1
2	1	40.470 1	57.338 1
2	1	40.1016 1	57.1143 1
2	1	40.882 1	57.1330 1
3	2	40.298 1 40.771 0.780	57.1195 1
2	1	40.514 1	57.1826 1
2	1	40.660 1	57.1567 1
2	1	40.187 1	57.645 1
2	1	40.529 1	57.1728 1
2	1	40.809 1	57.1190 1
2	1	40.1051 1	57.1059 1
2	1	40.468 1	57.339 1
2	1	40.31 1	57.1025 1
2	1	40.708 1	57.91 1
2	1	40.360 1	57.1890 1
2	1	40.28 1	57.739 1
2	1	40.195 1	57.1225 1
2	1	40.11 1	57.631 1
2	1	40.234 1	57.1521 1
2	1	40.1058 1	57.1055 1
2	1	40.149 1	57.847 1
2	1	40.207 1	57.2399 1
3	2	40.135 1	57.1181 1 57.2218 0.136
2	1	40.118 1	57.950 1
2	1	40.271 1	57.2051 1
2	1	40.256 1	57.1349 1
7	6	40.292 0.056 40.588 0.084 40.618 0.064 40.638 0.086 40.688 1 40.691 0.281	57.403 1
2	1	40.1004 1	57.1155 1
2	1	40.753 1	57.2045 1
2	1	40.951 1	57.719 1
2	1	40.884 1	57.1328 1
2	1	40.7 1	57.627 1
2	1	40.210 1	57.824 1
2	1	40.952 1	57.2159 1
2	1	40.1040 1	57.772 1
2	1	40.223 1	57.1296 1
2	1	40.1044 1	57.766 1
2	1	40.885 1	57.1067 1
2	1	40.813 1	57.1186 1
2	1	40.182 1	57.82 1
2	1	40.203 1	57.34 1
7	6	40.381 0.390 40.383 0.424 40.714 0.270 40.744 1 40.746 0.642 40.747 0.517	57.1932 1
2	1	40.1011 1	57.1148 1
2	1	40.165 1	57.1016 1
2	1	40.216 1	57.832 1
2	1	40.794 1	57.928 1
2	1	40.1071 1	57.536 1
2	1	40.150 1	57.846 1
2	1	40.24 1	57.1127 1
2	1	40.278 1	57.191 1
2	1	40.471 1	57.337 1
2	1	40.466 1	57.458 1
2	1	40.89 1	57.1168 1
2	1	40.134 1	57.1092 1
2	1	40.797 1	57.1963 1
2	1	40.808 1	57.1365 1
2	1	40.249 1	57.1529 1
4	4	40.963 1 40.120 0.992	57.349 1 57.363 0.917
2	1	40.972 1	57.749 1
2	1	40.47 1	57.369 1
2	1	40.787 1	57.2148 1
4	4	40.288 1 40.507 0.828	57.1740 1 57.920 0.871
2	1	40.1009 1	57.1150 1
2	1	40.902 1	57.940 1
2	1	40.21 1	57.654 1
2	1	40.222 1	57.1263 1
2	1	40.63 1	57.1013 1
2	1	40.966 1	57.74 1
2	1	40.19 1	57.653 1
2	1	40.1018 1	57.1141 1
2	1	40.1007 1	57.1152 1
2	1	40.1045 1	57.761 1
2	1	40.492 1	57.1788 1
2	1	40.339 1	57.1986 1
2	1	40.133 1	57.2036 1
2	1	40.141 1	57.724 1
14	13	40.220 1	57.1083 1 57.1199 0.237 57.1561 0.281 57.1967 0.237 57.2109 0.237 57.2126 0.237 57.2167 0.220 57.223 0.237 57.230 0.170 57.319 0.170 57.545 0.170 57.780 0.237 57.979 0.170
2	1	40.119 1	57.951 1
2	1	40.22 1	57.655 1
2	1	40.333 1	57.2404 1
2	1	40.23 1	57.656 1
2	1	40.272 1	57.2050 1
2	1	40.104 1	57.1272 1
2	1	40.54 1	57.736 1
2	1	40.682 1	57.2220 1
2	1	40.211 1	57.826 1
2	1	40.71 1	57.360 1
2	1	40.920 1	57.1450 1
2	1	40.998 1	57.1160 1
2	1	40.355 1	57.1444 1
2	1	40.82 1	57.1174 1
2	1	40.212 1	57.827 1
2	1	40.247 1	57.1527 1
2	1	40.533 1	57.2042 1
2	1	40.48 1	57.368 1
2	1	40.95 1	57.2365 1
2	1	40.685 1	57.2254 1
2	1	40.290 1	57.1498 1
2	1	40.192 1	57.1222 1
2	1	40.92 1	57.1172 1
2	1	40.338 1	57.1987 1
2	1	40.345 1	57.1617 1
2	1	40.230 1	57.1518 1
2	1	40.819 1	57.1194 1
2	1	40.164 1	57.1014 1
4	4	40.849 1 40.401 0.711	57.946 1 57.1175 0.697
2	1	40.852 1	57.2381 1
2	1	40.9 1	57.629 1
2	1	40.270 1	57.2052 1
2	1	40.324 1	57.2044 1
2	1	40.854 1	57.2383 1
2	1	40.873 1	57.1281 1
2	1	40.1048 1	57.1062 1
2	1	40.833 1	57.1763 1
2	1	40.953 1	57.2160 1
2	1	40.344 1	57.1616 1
2	1	40.370 1	57.1797 1
8	7	40.137 0.176 40.302 0.183 40.414 0.177 40.554 0.244 40.557 0.243 40.721 0.278 40.847 1	57.1891 1
2	1	40.219 1	57.330 1
2	1	40.469 1	57.336 1
2	1	40.232 1	57.1519 1
2	1	40.491 1	57.2256 1
5	4	40.589 1 40.613 0.162 40.619 0.227 40.639 0.243	57.2368 1
2	1	40.802 1	57.1374 1
2	1	40.5 1	57.625 1
2	1	40.1069 1	57.534 1
2	1	40.169 1	57.1703 1
2	1	40.475 1	57.2408 1
2	1	40.684 1	57.2228 1
2	1	40.224 1	57.1297 1
2	1	40.438 1	57.1846 1
2	1	40.369 1	57.1651 1
2	1	40.1084 1	57.617 1
2	1	40.484 1	57.1457 1
3	2	40.612 0.149 40.645 1	57.168 1
2	1	40.859 1	57.1264 1
2	1	40.896 1	57.1605 1
2	1	40.1012 1	57.1147 1
2	1	40.145 1	57.850 1
2	1	40.20 1	57.1646 1
2	1	40.259 1	57.1612 1
2	1	40.183 1	57.81 1
2	1	40.260 1	57.2088 1
2	1	40.283 1	57.219 1
3	2	40.419 0.104 40.527 1	57.1736 1
2	1	40.862 1	57.1364 1
2	1	40.140 1	57.723 1
2	1	40.229 1	57.1517 1
2	1	40.318 1	57.1414 1
2	1	40.109 1	57.713 1
2	1	40.504 1	57.1441 1
2	1	40.883 1	57.1329 1
2	1	40.1085 1	57.618 1
2	1	40.158 1	57.962 1
2	1	40.267 1	57.104 1
2	1	40.268 1	57.2057 1
2	1	40.46 1	57.370 1
2	1	40.511 1	57.2366 1
2	1	40.647 1	57.1171 1
2	1	40.90 1	57.1169 1
2	1	40.254 1	57.1535 1
2	1	40.890 1	57.931 1
2	1	40.389 1	57.1448 1
2	1	40.322 1	57.101 1
2	1	40.659 1	57.1692 1
2	1	40.1039 1	57.773 1
2	1	40.198 1	57.354 1
2	1	40.327 1	57.2145 1
2	1	40.405 1	57.1701 1
2	1	40.973 1	57.748 1
2	1	40.835 1	57.2380 1
2	1	40.853 1	57.2382 1
2	1	40.343 1	57.1615 1
2	1	40.497 1	57.305 1
2	1	40.204 1	57.1806 1
2	1	40.530 1	57.1934 1
2	1	40.408 1	57.1416 1
2	1	40.321 1	57.102 1
2	1	40.70 1	57.998 1
2	1	40.354 1	57.1443 1
2	1	40.245 1	57.1525 1
2	1	40.128 1	57.604 1
2	1	40.294 1	57.892 1
2	1	40.33 1	57.1050 1
2	1	40.861 1	57.2379 1
3	2	40.772 1	57.499 1 57.1960 0.847
2	1	40.184 1	57.76 1
2	1	40.717 1	57.1495 1
2	1	40.201 1	57.352 1
2	1	40.476 1	57.1798 1
2	1	40.823 1	57.1132 1
2	1	40.904 1	57.774 1
5	6	40.446 0.244 40.537 1	57.164 1 57.261 0.156 57.264 0.132
30	125	40.572 1 40.600 0.341 40.626 0.085 40.636 0.574 40.699 0.756	57.1205 0.991 57.123 0.991 57.1335 0.991 57.1391 0.991 57.1477 0.991 57.1483 0.991 57.1486 0.998 57.1548 0.989 57.1600 0.991 57.1753 0.991 57.1790 0.991 57.1874 0.991 57.1900 0.991 57.1965 0.991 57.1969 0.991 57.1971 0.991 57.2112 0.998 57.2130 1 57.2285 0.991 57.2303 0.991 57.2387 0.998 57.263 0.998 57.285 0.991 57.637 0.989 57.972 0.991
2	1	40.969 0.764	57.760 0.764
2	1	40.516 0.798	57.1407 0.798
4	3	40.506 0.833 40.860 1 40.1073 0.722	57.1393 0.851
2	1	40.52 0.808	57.364 0.808
