Size	Relations	OrthoA	OrthoB
2	1	30.48 1	67.126 1
2	1	30.837 1	67.757 1
2	1	30.49 1	67.127 1
2	1	30.64 1	67.147 1
2	1	30.62 1	67.144 1
2	1	30.175 1	67.234 1
2	1	30.1035 1	67.1032 1
2	1	30.856 1	67.782 1
2	1	30.477 1	67.543 1
2	1	30.354 1	67.438 1
2	1	30.174 1	67.230 1
2	1	30.1048 1	67.1052 1
2	1	30.173 1	67.226 1
2	1	30.574 1	67.631 1
2	1	30.548 1	67.637 1
2	1	30.960 1	67.903 1
2	1	30.120 1	67.1064 1
2	1	30.4 1	67.4 1
2	1	30.408 1	67.522 1
2	1	30.959 1	67.902 1
3	2	30.359 1	67.442 0.341 67.723 1
2	1	30.336 1	67.417 1
2	1	30.200 1	67.267 1
2	1	30.475 1	67.541 1
2	1	30.927 1	67.861 1
2	1	30.209 1	67.277 1
2	1	30.252 1	67.315 1
2	1	30.3 1	67.3 1
2	1	30.377 1	67.457 1
2	1	30.947 1	67.890 1
2	1	30.63 1	67.146 1
2	1	30.81 1	67.163 1
2	1	30.660 1	67.568 1
2	1	30.339 1	67.422 1
2	1	30.1082 1	67.1096 1
2	1	30.148 1	67.202 1
2	1	30.311 1	67.387 1
2	1	30.1037 1	67.660 1
2	1	30.396 1	67.509 1
2	1	30.125 1	67.190 1
2	1	30.251 1	67.313 1
2	1	30.170 1	67.222 1
2	1	30.13 1	67.13 1
2	1	30.401 1	67.514 1
2	1	30.178 1	67.237 1
2	1	30.221 1	67.290 1
2	1	30.986 1	67.970 1
2	1	30.892 1	67.809 1
2	1	30.56 1	67.137 1
2	1	30.430 1	67.531 1
2	1	30.103 1	67.184 1
2	1	30.903 1	67.833 1
2	1	30.191 1	67.252 1
2	1	30.395 1	67.508 1
2	1	30.406 1	67.518 1
2	1	30.58 1	67.139 1
2	1	30.1068 1	67.1086 1
2	1	30.931 1	67.876 1
2	1	30.1089 1	67.1103 1
2	1	30.925 1	67.859 1
2	1	30.18 1	67.18 1
2	1	30.220 1	67.284 1
2	1	30.210 1	67.278 1
2	1	30.426 1	67.529 1
2	1	30.684 1	67.969 1
2	1	30.316 1	67.390 1
2	1	30.284 1	67.971 1
2	1	30.219 1	67.283 1
2	1	30.871 1	67.790 1
2	1	30.1083 1	67.1097 1
2	1	30.355 1	67.766 1
2	1	30.683 1	67.968 1
2	1	30.186 1	67.244 1
2	1	30.1047 1	67.1051 1
2	1	30.821 1	67.744 1
2	1	30.296 1	67.356 1
2	1	30.1008 1	67.1006 1
2	1	30.896 1	67.814 1
2	1	30.819 1	67.742 1
2	1	30.327 1	67.407 1
2	1	30.305 1	67.381 1
2	1	30.1071 1	67.1089 1
2	1	30.153 1	67.207 1
2	1	30.930 1	67.871 1
2	1	30.197 1	67.263 1
2	1	30.1096 1	67.298 1
2	1	30.99 1	67.181 1
2	1	30.151 1	67.205 1
2	1	30.657 1	67.166 1
2	1	30.394 1	67.506 1
2	1	30.900 1	67.826 1
2	1	30.25 1	67.26 1
3	2	30.652 1	67.473 1 67.501 0.329
2	1	30.171 1	67.225 1
2	1	30.185 1	67.242 1
2	1	30.481 1	67.544 1
2	1	30.953 1	67.896 1
2	1	30.253 1	67.317 1
2	1	30.1063 1	67.1076 1
2	1	30.872 1	67.791 1
2	1	30.1094 1	67.1107 1
2	1	30.262 1	67.328 1
2	1	30.742 1	67.701 1
2	1	30.1097 1	67.1113 1
2	1	30.317 1	67.391 1
2	1	30.1038 1	67.661 1
2	1	30.159 1	67.218 1
2	1	30.1044 1	67.1037 1
2	1	30.565 1	67.1082 1
2	1	30.427 1	67.561 1
2	1	30.353 1	67.437 1
2	1	30.1086 1	67.1100 1
2	1	30.129 1	67.200 1
2	1	30.1085 1	67.1099 1
2	1	30.168 1	67.220 1
2	1	30.225 1	67.291 1
2	1	30.150 1	67.204 1
2	1	30.1039 1	67.662 1
2	1	30.1098 1	67.1117 1
2	1	30.687 1	67.563 1
2	1	30.118 1	67.1066 1
2	1	30.348 1	67.431 1
2	1	30.161 1	67.1115 1
2	1	30.83 1	67.172 1
2	1	30.374 1	67.454 1
2	1	30.1040 1	67.663 1
2	1	30.88 1	67.444 1
2	1	30.277 1	67.339 1
2	1	30.845 1	67.768 1
2	1	30.820 1	67.743 1
2	1	30.429 1	67.530 1
2	1	30.30 1	67.31 1
2	1	30.318 1	67.392 1
2	1	30.999 1	67.995 1
2	1	30.1073 1	67.1091 1
2	1	30.313 1	67.1044 1
2	1	30.939 1	67.883 1
3	2	30.483 1	67.546 1 67.691 0.762
2	1	30.963 1	67.940 1
2	1	30.7 1	67.7 1
2	1	30.5 1	67.5 1
2	1	30.597 1	67.587 1
2	1	30.342 1	67.425 1
2	1	30.1 1	67.1 1
2	1	30.914 1	67.849 1
2	1	30.176 1	67.235 1
2	1	30.842 1	67.762 1
2	1	30.885 1	67.802 1
2	1	30.404 1	67.516 1
2	1	30.469 1	67.652 1
2	1	30.757 1	67.684 1
2	1	30.916 1	67.850 1
2	1	30.303 1	67.366 1
2	1	30.344 1	67.427 1
2	1	30.17 1	67.17 1
2	1	30.290 1	67.350 1
2	1	30.356 1	67.439 1
2	1	30.84 1	67.173 1
2	1	30.955 1	67.898 1
2	1	30.1060 1	67.1073 1
2	1	30.600 1	67.584 1
2	1	30.1100 1	67.1119 1
2	1	30.972 1	67.955 1
3	2	30.1045 1	67.1040 0.109 67.1046 1
2	1	30.1001 1	67.999 1
2	1	30.800 1	67.734 1
2	1	30.988 1	67.973 1
2	1	30.964 1	67.941 1
2	1	30.172 1	67.697 1
4	3	30.1067 1 30.773 0.906 30.777 0.906	67.1085 1
2	1	30.743 1	67.702 1
2	1	30.1024 1	67.1022 1
2	1	30.948 1	67.891 1
2	1	30.1088 1	67.1102 1
2	1	30.332 1	67.415 1
2	1	30.218 1	67.282 1
2	1	30.787 1	67.602 1
2	1	30.489 1	67.551 1
2	1	30.247 1	67.309 1
2	1	30.992 1	67.167 1
2	1	30.839 1	67.759 1
2	1	30.848 1	67.771 1
2	1	30.297 1	67.357 1
2	1	30.60 1	67.142 1
2	1	30.921 1	67.855 1
2	1	30.977 1	67.960 1
2	1	30.337 1	67.418 1
2	1	30.309 1	67.385 1
2	1	30.2 1	67.2 1
2	1	30.304 1	67.368 1
2	1	30.606 1	67.578 1
2	1	30.998 1	67.994 1
2	1	30.929 1	67.863 1
2	1	30.908 1	67.838 1
2	1	30.905 1	67.835 1
2	1	30.93 1	67.177 1
2	1	30.1041 1	67.664 1
2	1	30.924 1	67.858 1
2	1	30.893 1	67.810 1
2	1	30.147 1	67.201 1
2	1	30.15 1	67.15 1
2	1	30.823 1	67.746 1
2	1	30.862 1	67.787 1
2	1	30.1042 1	67.1034 1
2	1	30.1102 1	67.1121 1
2	1	30.824 1	67.747 1
2	1	30.1070 1	67.1088 1
2	1	30.264 1	67.330 1
2	1	30.169 1	67.221 1
2	1	30.1075 1	67.1093 1
2	1	30.512 1	67.560 1
2	1	30.591 1	67.592 1
2	1	30.409 1	67.525 1
2	1	30.1095 1	67.1111 1
2	1	30.854 1	67.780 1
2	1	30.944 1	67.886 1
2	1	30.466 1	67.655 1
2	1	30.875 1	67.793 1
2	1	30.94 1	67.178 1
2	1	30.425 1	67.528 1
2	1	30.816 1	67.739 1
2	1	30.1006 1	67.1004 1
2	1	30.102 1	67.183 1
2	1	30.265 1	67.331 1
2	1	30.943 1	67.885 1
2	1	30.938 1	67.882 1
2	1	30.340 1	67.423 1
2	1	30.485 1	67.548 1
2	1	30.838 1	67.758 1
2	1	30.384 1	67.478 1
2	1	30.911 1	67.847 1
2	1	30.307 1	67.383 1
2	1	30.75 1	67.153 1
2	1	30.388 1	67.496 1
2	1	30.909 1	67.839 1
2	1	30.205 1	67.271 1
2	1	30.936 1	67.880 1
2	1	30.74 1	67.152 1
2	1	30.997 1	67.993 1
2	1	30.907 1	67.837 1
2	1	30.887 1	67.804 1
2	1	30.312 1	67.1043 1
2	1	30.285 1	67.345 1
2	1	30.1077 1	67.243 1
3	2	30.345 1	67.428 1 67.907 0.741
3	2	30.805 0.105 30.995 1	67.194 1
2	1	30.14 1	67.14 1
2	1	30.268 1	67.335 1
2	1	30.73 1	67.151 1
2	1	30.65 1	67.148 1
2	1	30.123 1	67.188 1
2	1	30.37 1	67.39 1
2	1	30.19 1	67.19 1
2	1	30.1074 1	67.1092 1
3	2	30.541 1	67.639 1 67.844 0.712
2	1	30.989 1	67.974 1
2	1	30.937 1	67.881 1
2	1	30.958 1	67.901 1
2	1	30.1021 1	67.1019 1
2	1	30.323 1	67.399 1
2	1	30.121 1	67.186 1
2	1	30.598 1	67.586 1
2	1	30.328 1	67.408 1
2	1	30.281 1	67.343 1
2	1	30.521 1	67.375 1
2	1	30.602 1	67.582 1
2	1	30.870 1	67.789 1
2	1	30.460 1	67.922 1
2	1	30.95 1	67.179 1
2	1	30.1027 1	67.1025 1
2	1	30.357 1	67.440 1
2	1	30.1026 1	67.1024 1
2	1	30.275 1	67.338 1
2	1	30.51 1	67.130 1
2	1	30.96 1	67.180 1
2	1	30.1099 1	67.1118 1
2	1	30.76 1	67.154 1
2	1	30.859 1	67.784 1
2	1	30.778 1	67.868 1
3	2	30.979 0.119 30.980 1	67.962 1
2	1	30.57 1	67.138 1
2	1	30.867 1	67.792 1
2	1	30.381 1	67.471 1
2	1	30.189 1	67.250 1
2	1	30.198 1	67.725 1
2	1	30.39 1	67.98 1
2	1	30.283 1	67.344 1
2	1	30.1052 1	67.1059 1
2	1	30.919 1	67.853 1
2	1	30.965 1	67.945 1
2	1	30.967 1	67.952 1
2	1	30.162 1	67.777 1
2	1	30.588 1	67.595 1
2	1	30.846 1	67.769 1
2	1	30.9 1	67.9 1
3	2	30.235 1 30.236 0.770	67.293 1
2	1	30.278 1	67.340 1
3	2	30.306 1	67.382 1 67.680 0.799
2	1	30.817 1	67.740 1
2	1	30.100 1	67.182 1
2	1	30.886 1	67.803 1
3	2	30.217 1	67.698 1 67.800 0.673
3	2	30.424 1 30.776 0.901	67.527 1
2	1	30.688 1	67.562 1
2	1	30.164 1	67.212 1
2	1	30.693 1	67.256 1
2	1	30.29 1	67.30 1
2	1	30.996 1	67.992 1
2	1	30.1062 1	67.1075 1
2	1	30.184 1	67.241 1
2	1	30.77 1	67.155 1
2	1	30.1092 1	67.1105 1
2	1	30.128 1	67.199 1
2	1	30.179 1	67.238 1
2	1	30.946 1	67.888 1
2	1	30.188 1	67.246 1
2	1	30.476 1	67.542 1
3	2	30.92 1 30.91 0.760	67.176 1
2	1	30.382 1	67.472 1
2	1	30.628 1	67.318 1
2	1	30.331 1	67.414 1
2	1	30.152 1	67.206 1
2	1	30.287 1	67.347 1
2	1	30.465 1	67.656 1
2	1	30.686 1	67.564 1
2	1	30.593 1	67.591 1
6	5	30.621 1	67.101 0.294 67.44 0.117 67.626 1 67.287 0.839 67.608 1
2	1	30.861 1	67.786 1
2	1	30.923 1	67.857 1
2	1	30.898 1	67.816 1
2	1	30.987 1	67.972 1
2	1	30.1015 1	67.1013 1
2	1	30.486 1	67.549 1
2	1	30.41 1	67.102 1
2	1	30.346 1	67.429 1
2	1	30.853 1	67.779 1
2	1	30.818 1	67.741 1
2	1	30.289 1	67.349 1
2	1	30.12 1	67.12 1
2	1	30.957 1	67.900 1
2	1	30.840 1	67.760 1
2	1	30.34 1	67.36 1
2	1	30.801 1	67.736 1
2	1	30.248 1	67.310 1
2	1	30.52 1	67.133 1
3	2	30.522 1 30.731 0.156	67.658 1
2	1	30.464 1	67.799 1
2	1	30.11 1	67.11 1
2	1	30.383 1	67.476 1
2	1	30.956 1	67.899 1
2	1	30.1049 1	67.1053 1
3	2	30.935 1 30.691 0.876	67.879 1
2	1	30.393 1	67.505 1
2	1	30.1012 1	67.1010 1
2	1	30.166 1	67.214 1
2	1	30.1010 1	67.1008 1
2	1	30.196 1	67.262 1
2	1	30.539 1	67.643 1
2	1	30.702 1	67.259 1
3	2	30.470 1	67.651 1 67.447 0.837
2	1	30.850 1	67.773 1
2	1	30.204 1	67.270 1
2	1	30.279 1	67.341 1
2	1	30.387 1	67.495 1
2	1	30.841 1	67.761 1
2	1	30.215 1	67.699 1
2	1	30.310 1	67.386 1
2	1	30.193 1	67.253 1
2	1	30.906 1	67.836 1
2	1	30.1076 1	67.1094 1
2	1	30.745 1	67.710 1
2	1	30.177 1	67.236 1
2	1	30.187 1	67.245 1
2	1	30.994 1	67.985 1
2	1	30.851 1	67.774 1
2	1	30.1061 1	67.1074 1
2	1	30.362 1	67.450 1
2	1	30.122 1	67.187 1
2	1	30.822 1	67.745 1
2	1	30.1050 1	67.1054 1
2	1	30.1020 1	67.1018 1
2	1	30.1007 1	67.1005 1
2	1	30.860 1	67.785 1
2	1	30.981 1	67.963 1
2	1	30.825 1	67.748 1
2	1	30.89 1	67.445 1
2	1	30.199 1	67.265 1
2	1	30.243 1	67.299 1
2	1	30.44 1	67.108 1
2	1	30.85 1	67.174 1
2	1	30.968 1	67.953 1
2	1	30.1059 1	67.1072 1
2	1	30.360 1	67.659 1
2	1	30.90 1	67.446 1
2	1	30.928 1	67.862 1
2	1	30.926 1	67.860 1
2	1	30.213 1	67.281 1
2	1	30.28 1	67.29 1
2	1	30.208 1	67.273 1
2	1	30.31 1	67.32 1
2	1	30.407 1	67.519 1
2	1	30.506 1	67.233 1
2	1	30.589 1	67.594 1
2	1	30.391 1	67.499 1
2	1	30.389 1	67.497 1
2	1	30.295 1	67.355 1
2	1	30.36 1	67.38 1
2	1	30.126 1	67.197 1
2	1	30.380 1	67.470 1
2	1	30.66 1	67.149 1
2	1	30.1087 1	67.1101 1
2	1	30.1009 1	67.1007 1
2	1	30.814 1	67.737 1
7	10	30.642 1 30.623 1	67.43 1 67.100 1 67.930 0.194 67.627 0.112 67.115 0.086
2	1	30.559 1	67.728 1
2	1	30.794 1	67.266 1
2	1	30.632 1	67.570 1
2	1	30.525 1	67.673 1
2	1	30.707 1	67.709 1
2	1	30.682 1	67.636 1
2	1	30.1093 1	67.1106 1
2	1	30.379 1	67.469 1
2	1	30.546 1	67.574 1
2	1	30.991 1	67.977 1
2	1	30.263 1	67.329 1
2	1	30.190 1	67.251 1
2	1	30.256 1	67.323 1
2	1	30.46 1	67.118 1
2	1	30.993 1	67.984 1
2	1	30.1002 1	67.1000 1
2	1	30.607 1	67.577 1
2	1	30.631 1	67.571 1
2	1	30.690 1	67.988 1
2	1	30.269 1	67.336 1
2	1	30.338 1	67.419 1
2	1	30.815 1	67.738 1
2	1	30.897 1	67.815 1
2	1	30.119 1	67.1065 1
2	1	30.1000 1	67.998 1
2	1	30.324 1	67.400 1
2	1	30.43 1	67.667 1
2	1	30.1091 1	67.1104 1
3	2	30.47 1	67.321 1 67.322 0.911
2	1	30.82 1	67.164 1
2	1	30.8 1	67.8 1
2	1	30.1017 1	67.1015 1
2	1	30.35 1	67.37 1
2	1	30.834 1	67.754 1
2	1	30.329 1	67.412 1
2	1	30.915 1	67.917 1
2	1	30.280 1	67.342 1
3	2	30.358 1	67.441 0.332 67.724 1
2	1	30.917 1	67.851 1
2	1	30.1013 1	67.1011 1
2	1	30.127 1	67.198 1
2	1	30.945 1	67.887 1
2	1	30.540 1	67.641 1
2	1	30.245 1	67.301 1
2	1	30.421 1	67.866 1
2	1	30.1003 1	67.1001 1
2	1	30.1051 1	67.1058 1
2	1	30.676 1	67.830 1
2	1	30.852 1	67.778 1
2	1	30.863 1	67.788 1
2	1	30.10 1	67.10 1
2	1	30.1058 1	67.1071 1
3	2	30.180 1	67.239 1 67.240 1
2	1	30.21 1	67.22 1
2	1	30.473 1	67.1031 1
2	1	30.973 1	67.956 1
2	1	30.428 1	67.951 1
2	1	30.255 1	67.319 1
2	1	30.799 1	67.733 1
2	1	30.482 1	67.545 1
2	1	30.918 1	67.852 1
2	1	30.61 1	67.143 1
2	1	30.54 1	67.135 1
2	1	30.1022 1	67.1020 1
2	1	30.891 1	67.808 1
2	1	30.286 1	67.346 1
2	1	30.45 1	67.109 1
2	1	30.447 1	67.23 1
2	1	30.508 1	67.556 1
2	1	30.195 1	67.255 1
2	1	30.978 1	67.961 1
2	1	30.630 1	67.572 1
2	1	30.325 1	67.405 1
2	1	30.299 1	67.359 1
2	1	30.20 1	67.20 1
2	1	30.373 1	67.700 1
2	1	30.1084 1	67.1098 1
2	1	30.24 1	67.25 1
2	1	30.87 1	67.443 1
3	2	30.582 1	67.67 1 67.82 0.529
2	1	30.829 1	67.751 1
2	1	30.934 1	67.878 1
2	1	30.1011 1	67.1009 1
2	1	30.97 1	67.926 1
2	1	30.912 1	67.848 1
2	1	30.294 1	67.354 1
2	1	30.904 1	67.834 1
2	1	30.513 1	67.157 1
2	1	30.596 1	67.588 1
2	1	30.511 1	67.559 1
2	1	30.392 1	67.500 1
2	1	30.274 1	67.337 1
2	1	30.720 1	67.297 1
2	1	30.828 1	67.750 1
4	3	30.50 1 30.701 1 30.770 1	67.129 1
2	1	30.124 1	67.189 1
2	1	30.385 1	67.479 1
2	1	30.524 1	67.678 1
2	1	30.603 1	67.581 1
2	1	30.830 1	67.752 1
2	1	30.260 1	67.327 1
2	1	30.847 1	67.770 1
2	1	30.1028 1	67.1026 1
2	1	30.1023 1	67.1021 1
2	1	30.333 1	67.451 1
2	1	30.971 1	67.954 1
2	1	30.433 1	67.538 1
2	1	30.855 1	67.781 1
2	1	30.974 1	67.957 1
5	6	30.562 1 30.402 1 30.560 0.109	67.512 1 67.727 1
2	1	30.910 1	67.845 1
2	1	30.212 1	67.280 1
2	1	30.741 1	67.721 1
2	1	30.1046 1	67.1048 1
2	1	30.1019 1	67.1017 1
2	1	30.488 1	67.550 1
2	1	30.844 1	67.764 1
2	1	30.276 1	67.929 1
2	1	30.547 1	67.575 1
2	1	30.561 1	67.513 1
2	1	30.378 1	67.458 1
2	1	30.976 1	67.959 1
2	1	30.308 1	67.384 1
2	1	30.836 1	67.756 1
2	1	30.1069 1	67.1087 1
2	1	30.326 1	67.406 1
2	1	30.343 1	67.426 1
2	1	30.467 1	67.654 1
2	1	30.599 1	67.585 1
2	1	30.288 1	67.348 1
2	1	30.320 1	67.396 1
2	1	30.990 1	67.975 1
2	1	30.1016 1	67.1014 1
2	1	30.951 1	67.895 1
2	1	30.1025 1	67.1023 1
2	1	30.194 1	67.254 1
2	1	30.302 1	67.365 1
2	1	30.888 1	67.805 1
2	1	30.258 1	67.325 1
2	1	30.267 1	67.333 1
2	1	30.322 1	67.398 1
2	1	30.86 1	67.175 1
2	1	30.950 1	67.893 1
2	1	30.1005 1	67.1003 1
2	1	30.40 1	67.97 1
2	1	30.1064 1	67.1081 1
2	1	30.104 1	67.185 1
2	1	30.1072 1	67.1090 1
2	1	30.901 1	67.827 1
2	1	30.314 1	67.389 1
2	1	30.899 1	67.817 1
2	1	30.1018 1	67.1016 1
2	1	30.604 1	67.580 1
2	1	30.1043 1	67.1035 1
2	1	30.1055 1	67.1067 1
2	1	30.523 1	67.672 1
2	1	30.595 1	67.589 1
2	1	30.79 1	67.158 1
2	1	30.700 1	67.159 1
2	1	30.982 1	67.964 1
2	1	30.704 1	67.258 1
2	1	30.1056 1	67.1068 1
2	1	30.203 1	67.269 1
2	1	30.1014 1	67.1012 1
2	1	30.390 1	67.498 1
2	1	30.496 1	67.555 1
2	1	30.361 1	67.449 1
2	1	30.966 1	67.1070 1
2	1	30.680 1	67.823 1
2	1	30.80 1	67.162 1
2	1	30.737 1	67.607 1
2	1	30.651 1	67.474 1
2	1	30.6 1	67.6 1
2	1	30.298 1	67.358 1
2	1	30.23 1	67.24 1
2	1	30.349 1	67.433 1
2	1	30.594 1	67.590 1
2	1	30.201 1	67.936 1
2	1	30.510 1	67.558 1
2	1	30.659 1	67.569 1
2	1	30.533 1	67.647 1
2	1	30.165 1	67.213 1
2	1	30.895 1	67.813 1
2	1	30.869 1	67.794 1
2	1	30.849 1	67.772 1
2	1	30.55 1	67.136 1
2	1	30.538 1	67.644 1
2	1	30.518 1	67.674 1
2	1	30.386 1	67.486 1
2	1	30.375 1	67.455 1
2	1	30.902 1	67.828 1
2	1	30.341 1	67.424 1
2	1	30.376 1	67.456 1
2	1	30.397 1	67.510 1
2	1	30.587 1	67.596 1
2	1	30.463 1	67.923 1
2	1	30.244 1	67.300 1
2	1	30.301 1	67.364 1
2	1	30.543 1	67.1042 1
2	1	30.932 1	67.877 1
2	1	30.933 1	67.873 1
2	1	30.53 1	67.134 1
2	1	30.696 1	67.679 1
2	1	30.954 1	67.897 1
3	2	30.226 1 30.762 0.804	67.292 1
2	1	30.1054 1	67.523 1
2	1	30.1103 1	67.1122 1
2	1	30.246 1	67.302 1
2	1	30.405 1	67.517 1
2	1	30.259 1	67.326 1
2	1	30.890 1	67.807 1
2	1	30.202 1	67.268 1
2	1	30.350 1	67.434 1
2	1	30.59 1	67.140 1
2	1	30.760 1	67.921 1
2	1	30.857 1	67.1056 1
2	1	30.347 1	67.430 1
2	1	30.920 1	67.854 1
2	1	30.884 1	67.801 1
2	1	30.330 1	67.413 1
2	1	30.300 1	67.360 1
2	1	30.33 1	67.35 1
2	1	30.983 1	67.965 1
2	1	30.1057 1	67.1069 1
2	1	30.293 1	67.353 1
2	1	30.1066 1	67.1084 1
2	1	30.207 1	67.272 1
2	1	30.491 1	67.552 1
2	1	30.493 1	67.554 1
2	1	30.78 1	67.156 1
2	1	30.796 1	67.732 1
3	2	30.843 1	67.763 1 67.34 0.904
2	1	30.241 1	67.682 1
2	1	30.564 1	67.1083 1
2	1	30.544 1	67.1041 1
2	1	30.434 1	67.539 1
2	1	30.468 1	67.653 1
2	1	30.590 1	67.593 1
2	1	30.149 1	67.203 1
2	1	30.249 1	67.311 1
2	1	30.827 1	67.749 1
2	1	30.211 1	67.279 1
2	1	30.1104 1	67.1123 1
2	1	30.266 1	67.332 1
2	1	30.484 1	67.547 1
2	1	30.250 1	67.312 1
2	1	30.26 1	67.27 1
5	6	30.420 1 30.531 1	67.629 1 67.864 1 67.865 0.079
2	1	30.437 1	67.289 1
2	1	30.785 1	67.601 1
2	1	30.975 1	67.958 1
2	1	30.237 1	67.685 1
2	1	30.962 1	67.939 1
2	1	30.535 1	67.646 1
2	1	30.1004 1	67.1002 1
2	1	30.961 1	67.938 1
2	1	30.629 1	67.573 1
2	1	30.601 1	67.583 1
3	2	30.234 1 30.692 0.799	67.285 1
2	1	30.492 1	67.553 1
2	1	30.858 1	67.783 1
2	1	30.922 1	67.856 1
2	1	30.403 1	67.515 1
2	1	30.894 1	67.811 1
2	1	30.1101 1	67.1120 1
2	1	30.715 1	67.597 1
2	1	30.232 1	67.286 1
3	2	30.608 1	67.1112 0.153 67.576 1
2	1	30.670 1	67.1108 1
2	1	30.617 1	67.997 1
2	1	30.605 1	67.579 1
2	1	30.744 1	67.502 1
2	1	30.573 1	67.633 1
2	1	30.984 1	67.967 1
2	1	30.569 1	67.635 1
2	1	30.352 1	67.436 1
2	1	30.698 1	67.722 1
2	1	30.833 1	67.753 1
2	1	30.167 1	67.219 1
2	1	30.509 1	67.557 1
2	1	30.685 1	67.565 1
2	1	30.784 1	67.494 1
2	1	30.16 1	67.16 1
2	1	30.321 1	67.397 1
2	1	30.435 1	67.288 1
3	2	30.729 0.851 30.774 0.825	67.671 0.838
2	1	30.694 0.906	67.924 0.906
