Size	Relations	OrthoA	OrthoB
2	1	30.49 1	65.74 1
2	1	30.48 1	65.73 1
2	1	30.837 1	65.516 1
2	1	30.64 1	65.256 1
2	1	30.1048 1	65.77 1
2	1	30.548 1	65.1185 1
2	1	30.745 1	65.784 1
2	1	30.174 1	65.2031 1
2	1	30.354 1	65.573 1
2	1	30.62 1	65.244 1
2	1	30.574 1	65.542 1
2	1	30.1035 1	65.797 1
2	1	30.200 1	65.1497 1
2	1	30.856 1	65.1407 1
2	1	30.336 1	65.2077 1
2	1	30.477 1	65.1191 1
2	1	30.63 1	65.238 1
2	1	30.947 1	65.476 1
2	1	30.3 1	65.3 1
2	1	30.173 1	65.2097 1
2	1	30.4 1	65.4 1
2	1	30.125 1	65.2178 1
2	1	30.1082 1	65.266 1
2	1	30.401 1	65.711 1
2	1	30.377 1	65.1951 1
2	1	30.959 1	65.2282 1
2	1	30.13 1	65.13 1
2	1	30.903 1	65.2201 1
2	1	30.252 1	65.338 1
2	1	30.56 1	65.153 1
2	1	30.210 1	65.1879 1
2	1	30.927 1	65.427 1
2	1	30.58 1	65.155 1
2	1	30.408 1	65.794 1
2	1	30.475 1	65.1195 1
2	1	30.220 1	65.1393 1
3	2	30.657 1 30.232 0.734	65.1922 1
2	1	30.1068 1	65.286 1
2	1	30.148 1	65.2174 1
2	1	30.191 1	65.459 1
2	1	30.18 1	65.18 1
3	2	30.660 1	65.1047 1 65.629 0.779
2	1	30.1047 1	65.78 1
2	1	30.1089 1	65.251 1
2	1	30.1008 1	65.372 1
2	1	30.821 1	65.519 1
2	1	30.178 1	65.2211 1
2	1	30.221 1	65.1392 1
2	1	30.683 1	65.2307 1
2	1	30.186 1	65.437 1
2	1	30.426 1	65.1949 1
2	1	30.197 1	65.2165 1
2	1	30.684 1	65.410 1
2	1	30.99 1	65.392 1
2	1	30.430 1	65.1259 1
2	1	30.251 1	65.337 1
2	1	30.1096 1	65.481 1
2	1	30.296 1	65.455 1
2	1	30.819 1	65.521 1
4	4	30.1097 1 30.290 0.868	65.588 1 65.2287 0.849
2	1	30.175 1	65.2214 1
2	1	30.305 1	65.507 1
2	1	30.896 1	65.547 1
2	1	30.900 1	65.335 1
2	1	30.88 1	65.47 1
3	2	30.1037 1 30.312 0.776	65.442 1
2	1	30.931 1	65.1911 1
2	1	30.151 1	65.2171 1
2	1	30.253 1	65.1636 1
2	1	30.925 1	65.429 1
2	1	30.103 1	65.384 1
2	1	30.953 1	65.243 1
2	1	30.327 1	65.734 1
2	1	30.277 1	65.717 1
2	1	30.172 1	65.2217 1
2	1	30.469 1	65.612 1
2	1	30.81 1	65.160 1
2	1	30.1085 1	65.288 1
2	1	30.1040 1	65.439 1
2	1	30.1039 1	65.440 1
2	1	30.185 1	65.1610 1
2	1	30.311 1	65.434 1
3	2	30.1094 1 30.292 0.737	65.2286 1
3	2	30.1098 1 30.1095 0.884	65.2291 1
2	1	30.168 1	65.173 1
4	3	30.865 0.206 30.871 1 30.877 0.143	65.695 1
2	1	30.916 1	65.170 1
2	1	30.1086 1	65.287 1
2	1	30.342 1	65.622 1
3	2	30.159 0.170 30.316 1	65.1823 1
2	1	30.885 1	65.1411 1
2	1	30.939 1	65.1921 1
2	1	30.356 1	65.589 1
2	1	30.972 1	65.2132 1
4	3	30.866 0.294 30.872 1 30.878 0.200	65.694 1
2	1	30.1024 1	65.356 1
2	1	30.1073 1	65.280 1
2	1	30.395 1	65.450 1
2	1	30.394 1	65.527 1
2	1	30.1083 1	65.265 1
2	1	30.339 1	65.2073 1
2	1	30.955 1	65.262 1
2	1	30.150 1	65.2172 1
2	1	30.15 1	65.15 1
2	1	30.5 1	65.5 1
3	2	30.805 0.098 30.995 1	65.657 1
2	1	30.247 1	65.1880 1
2	1	30.892 1	65.1418 1
2	1	30.429 1	65.1260 1
2	1	30.170 1	65.175 1
4	3	30.1067 1 30.773 0.906 30.777 0.906	65.2280 1
2	1	30.153 1	65.2169 1
2	1	30.218 1	65.1394 1
2	1	30.845 1	65.560 1
2	1	30.992 1	65.1582 1
2	1	30.25 1	65.347 1
2	1	30.1044 1	65.2094 1
2	1	30.1045 1	65.2096 1
2	1	30.848 1	65.557 1
2	1	30.1001 1	65.377 1
2	1	30.988 1	65.1887 1
2	1	30.999 1	65.339 1
2	1	30.960 1	65.1890 1
2	1	30.7 1	65.7 1
4	3	30.1042 1 30.41 0.943 30.498 0.884	65.2078 1
2	1	30.30 1	65.267 1
2	1	30.353 1	65.572 1
2	1	30.864 1	65.696 1
2	1	30.374 1	65.1954 1
2	1	30.893 1	65.1419 1
2	1	30.963 1	65.1893 1
2	1	30.820 1	65.520 1
2	1	30.332 1	65.486 1
2	1	30.1038 1	65.441 1
2	1	30.1088 1	65.217 1
2	1	30.93 1	65.386 1
2	1	30.481 1	65.623 1
2	1	30.304 1	65.506 1
2	1	30.998 1	65.340 1
2	1	30.337 1	65.2076 1
2	1	30.823 1	65.517 1
2	1	30.943 1	65.480 1
2	1	30.264 1	65.1398 1
2	1	30.967 1	65.1089 1
2	1	30.800 1	65.1231 1
2	1	30.921 1	65.166 1
2	1	30.1100 1	65.2293 1
3	2	30.92 1 30.91 0.681	65.627 1
2	1	30.929 1	65.2068 1
2	1	30.297 1	65.456 1
2	1	30.37 1	65.2185 1
2	1	30.842 1	65.1029 1
2	1	30.129 1	65.1569 1
2	1	30.977 1	65.2140 1
2	1	30.1102 1	65.2304 1
2	1	30.1 1	65.1 1
2	1	30.905 1	65.2203 1
2	1	30.1070 1	65.284 1
2	1	30.919 1	65.168 1
3	2	30.867 1 30.873 0.129	65.692 1
2	1	30.384 1	65.1604 1
3	2	30.742 1	65.1801 1 65.2098 0.634
2	1	30.65 1	65.257 1
2	1	30.838 1	65.515 1
2	1	30.396 1	65.451 1
2	1	30.839 1	65.514 1
2	1	30.606 1	65.714 1
2	1	30.907 1	65.2205 1
2	1	30.600 1	65.1028 1
2	1	30.457 1	65.577 1
2	1	30.75 1	65.242 1
2	1	30.1075 1	65.278 1
2	1	30.1021 1	65.359 1
2	1	30.470 1	65.1126 1
2	1	30.73 1	65.239 1
2	1	30.965 1	65.1896 1
2	1	30.1060 1	65.38 1
2	1	30.76 1	65.503 1
2	1	30.1027 1	65.352 1
2	1	30.1071 1	65.282 1
2	1	30.997 1	65.341 1
2	1	30.17 1	65.17 1
2	1	30.451 1	65.333 1
2	1	30.986 1	65.85 1
2	1	30.887 1	65.1413 1
2	1	30.602 1	65.1025 1
2	1	30.388 1	65.752 1
3	2	30.317 0.205 30.914 1	65.269 1
2	1	30.184 1	65.1611 1
2	1	30.189 1	65.248 1
2	1	30.989 1	65.1888 1
2	1	30.1041 1	65.438 1
2	1	30.936 1	65.1918 1
2	1	30.323 1	65.401 1
2	1	30.328 1	65.735 1
2	1	30.1049 1	65.76 1
2	1	30.51 1	65.147 1
2	1	30.816 1	65.524 1
2	1	30.958 1	65.2281 1
2	1	30.344 1	65.1562 1
2	1	30.490 1	65.1607 1
2	1	30.1074 1	65.279 1
2	1	30.340 1	65.2072 1
2	1	30.854 1	65.1405 1
2	1	30.948 1	65.702 1
2	1	30.2 1	65.2 1
2	1	30.287 1	65.566 1
2	1	30.83 1	65.2223 1
2	1	30.265 1	65.1397 1
2	1	30.1010 1	65.370 1
2	1	30.283 1	65.1564 1
2	1	30.1077 1	65.246 1
2	1	30.161 1	65.421 1
3	2	30.268 1	65.510 1 65.327 0.784
2	1	30.737 1	65.499 1
2	1	30.1015 1	65.365 1
2	1	30.77 1	65.245 1
2	1	30.57 1	65.154 1
2	1	30.345 1	65.1561 1
2	1	30.346 1	65.698 1
2	1	30.720 1	65.35 1
2	1	30.9 1	65.9 1
2	1	30.1006 1	65.379 1
2	1	30.169 1	65.174 1
2	1	30.911 1	65.436 1
2	1	30.539 1	65.496 1
2	1	30.1050 1	65.75 1
2	1	30.1020 1	65.360 1
2	1	30.598 1	65.1107 1
2	1	30.937 1	65.1919 1
2	1	30.938 1	65.1920 1
2	1	30.1012 1	65.368 1
2	1	30.19 1	65.19 1
2	1	30.29 1	65.2218 1
2	1	30.199 1	65.101 1
2	1	30.1099 1	65.2292 1
2	1	30.14 1	65.14 1
2	1	30.128 1	65.1570 1
2	1	30.846 1	65.559 1
2	1	30.213 1	65.1852 1
2	1	30.1061 1	65.36 1
3	2	30.282 1	65.628 1 65.564 0.752
2	1	30.968 1	65.1088 1
3	2	30.979 0.494 30.980 1	65.2143 1
2	1	30.179 1	65.2210 1
4	3	30.425 1 30.729 0.733 30.774 0.711	65.1948 1
4	3	30.935 1 30.691 0.828 30.702 0.762	65.1917 1
2	1	30.90 1	65.49 1
2	1	30.686 1	65.108 1
2	1	30.688 1	65.1381 1
2	1	30.559 1	65.1385 1
2	1	30.393 1	65.617 1
2	1	30.281 1	65.563 1
2	1	30.126 1	65.2176 1
2	1	30.263 1	65.504 1
2	1	30.993 1	65.2215 1
2	1	30.89 1	65.48 1
2	1	30.1002 1	65.376 1
2	1	30.1017 1	65.363 1
2	1	30.11 1	65.11 1
2	1	30.818 1	65.522 1
2	1	30.687 1	65.1380 1
2	1	30.525 1	65.1830 1
2	1	30.945 1	65.478 1
2	1	30.1007 1	65.373 1
4	3	30.868 1 30.875 0.348 30.882 0.253	65.690 1
2	1	30.36 1	65.2186 1
2	1	30.243 1	65.1655 1
2	1	30.930 1	65.1420 1
2	1	30.409 1	65.1261 1
2	1	30.34 1	65.273 1
2	1	30.382 1	65.1609 1
2	1	30.269 1	65.511 1
2	1	30.309 1	65.406 1
2	1	30.852 1	65.1403 1
2	1	30.946 1	65.477 1
2	1	30.52 1	65.149 1
3	2	30.521 1 30.743 0.054	65.1802 1
2	1	30.944 1	65.479 1
2	1	30.279 1	65.561 1
2	1	30.404 1	65.712 1
3	2	30.924 1 30.834 0.725	65.430 1
2	1	30.295 1	65.454 1
2	1	30.28 1	65.2219 1
2	1	30.841 1	65.512 1
2	1	30.152 1	65.2170 1
2	1	30.204 1	65.1492 1
2	1	30.380 1	65.1846 1
2	1	30.1009 1	65.371 1
2	1	30.255 1	65.705 1
2	1	30.631 1	65.1196 1
2	1	30.981 1	65.2144 1
2	1	30.262 1	65.487 1
2	1	30.581 1	65.1479 1
2	1	30.928 1	65.2067 1
2	1	30.331 1	65.485 1
2	1	30.12 1	65.12 1
3	2	30.662 1	65.1115 1 65.1122 1
2	1	30.407 1	65.793 1
2	1	30.1013 1	65.367 1
2	1	30.1000 1	65.378 1
2	1	30.1003 1	65.375 1
4	3	30.50 1 30.701 1 30.770 1	65.213 1
3	2	30.522 1 30.731 0.283	65.2008 1
2	1	30.1092 1	65.2284 1
3	2	30.576 1	65.532 1 65.554 0.207
2	1	30.1087 1	65.289 1
2	1	30.851 1	65.1401 1
2	1	30.193 1	65.1568 1
2	1	30.303 1	65.1086 1
2	1	30.31 1	65.270 1
2	1	30.310 1	65.407 1
2	1	30.994 1	65.2216 1
2	1	30.1022 1	65.358 1
2	1	30.682 1	65.1625 1
2	1	30.85 1	65.2221 1
2	1	30.280 1	65.562 1
4	3	30.164 1 30.190 0.830 30.540 0.947	65.2035 1
2	1	30.248 1	65.2015 1
4	3	30.419 0.131 30.422 0.426 30.778 1	65.682 1
2	1	30.840 1	65.513 1
2	1	30.906 1	65.2204 1
2	1	30.964 1	65.1895 1
2	1	30.82 1	65.161 1
2	1	30.1028 1	65.351 1
2	1	30.147 1	65.2175 1
3	2	30.424 1 30.776 0.869	65.1950 1
2	1	30.910 1	65.2209 1
2	1	30.956 1	65.260 1
2	1	30.362 1	65.777 1
2	1	30.1076 1	65.277 1
2	1	30.260 1	65.538 1
2	1	30.256 1	65.290 1
3	2	30.166 1	65.171 1 65.157 0.870
2	1	30.44 1	65.2263 1
2	1	30.546 1	65.1190 1
2	1	30.923 1	65.432 1
2	1	30.1063 1	65.34 1
2	1	30.1023 1	65.357 1
2	1	30.1011 1	65.369 1
2	1	30.886 1	65.1412 1
2	1	30.324 1	65.402 1
2	1	30.245 1	65.1653 1
2	1	30.94 1	65.387 1
2	1	30.45 1	65.2262 1
2	1	30.588 1	65.209 1
2	1	30.829 1	65.1629 1
4	3	30.87 1	65.46 1 65.483 0.407 65.721 0.530
2	1	30.392 1	65.616 1
2	1	30.177 1	65.2212 1
2	1	30.897 1	65.495 1
2	1	30.224 1	65.326 1
2	1	30.693 1	65.1241 1
2	1	30.100 1	65.382 1
2	1	30.1059 1	65.40 1
2	1	30.196 1	65.2166 1
2	1	30.195 1	65.1566 1
2	1	30.898 1	65.494 1
2	1	30.1018 1	65.362 1
2	1	30.320 1	65.398 1
2	1	30.974 1	65.2134 1
2	1	30.24 1	65.346 1
2	1	30.760 1	65.1635 1
2	1	30.847 1	65.558 1
2	1	30.973 1	65.2133 1
2	1	30.258 1	65.536 1
2	1	30.904 1	65.2202 1
2	1	30.996 1	65.343 1
2	1	30.987 1	65.1402 1
3	2	30.541 1	65.1882 1 65.2083 0.700
2	1	30.8 1	65.8 1
2	1	30.990 1	65.336 1
2	1	30.991 1	65.1606 1
2	1	30.187 1	65.1910 1
2	1	30.338 1	65.2075 1
2	1	30.343 1	65.1563 1
4	3	30.402 0.147 30.560 1 30.562 0.198	65.1383 1
4	4	30.1034 1 30.359 0.263	65.1819 0.131 65.2259 1
2	1	30.21 1	65.21 1
2	1	30.485 1	65.1842 1
2	1	30.95 1	65.83 1
2	1	30.212 1	65.798 1
2	1	30.1016 1	65.364 1
2	1	30.1072 1	65.281 1
2	1	30.561 1	65.1382 1
3	2	30.22 1 30.447 0.285	65.22 1
2	1	30.1093 1	65.2285 1
2	1	30.194 1	65.1567 1
2	1	30.222 1	65.1024 1
2	1	30.285 1	65.2084 1
2	1	30.471 1	65.704 1
2	1	30.704 1	65.1924 1
2	1	30.909 1	65.2208 1
12	11	30.734 1	65.1212 0.140 65.130 0.199 65.1357 0.069 65.1490 0.903 65.1876 0.920 65.2005 0.653 65.206 0.934 65.30 0.139 65.680 1 65.804 0.931 65.833 0.097
2	1	30.385 1	65.1603 1
2	1	30.917 1	65.169 1
3	2	30.121 0.550 30.123 1	65.530 1
2	1	30.934 1	65.1916 1
2	1	30.483 1	65.1906 1
2	1	30.817 1	65.523 1
2	1	30.406 1	65.792 1
2	1	30.855 1	65.1406 1
2	1	30.1025 1	65.355 1
2	1	30.1064 1	65.33 1
2	1	30.589 1	65.210 1
2	1	30.1014 1	65.366 1
2	1	30.127 1	65.461 1
2	1	30.869 1	65.689 1
2	1	30.982 1	65.2145 1
11	10	30.583 1	65.1257 0.171 65.1258 0.078 65.1682 1 65.1701 0.865 65.1719 0.079 65.1720 0.081 65.1735 0.774 65.1749 0.956 65.1764 0.315 65.1777 0.956
2	1	30.66 1	65.258 1
2	1	30.799 1	65.1230 1
2	1	30.853 1	65.1404 1
2	1	30.1118 1	65.2401 1
2	1	30.386 1	65.1602 1
3	2	30.901 1	65.334 1 65.641 0.280
2	1	30.80 1	65.159 1
3	2	30.271 1 30.473 0.284	65.1886 1
2	1	30.23 1	65.23 1
2	1	30.165 1	65.2034 1
2	1	30.61 1	65.2220 1
2	1	30.20 1	65.20 1
2	1	30.325 1	65.571 1
2	1	30.659 1	65.1242 1
2	1	30.830 1	65.1630 1
2	1	30.10 1	65.10 1
2	1	30.391 1	65.615 1
2	1	30.915 1	65.1889 1
2	1	30.466 1	65.1074 1
2	1	30.375 1	65.1953 1
2	1	30.957 1	65.259 1
2	1	30.1069 1	65.285 1
2	1	30.104 1	65.385 1
2	1	30.1005 1	65.374 1
2	1	30.1103 1	65.2305 1
2	1	30.1026 1	65.353 1
2	1	30.890 1	65.1415 1
2	1	30.378 1	65.1624 1
4	4	30.633 1 30.678 0.072	65.1075 1 65.751 0.111
2	1	30.188 1	65.1908 1
2	1	30.298 1	65.1829 1
2	1	30.888 1	65.1414 1
3	2	30.226 1 30.762 0.731	65.109 1
2	1	30.1043 1	65.549 1
2	1	30.299 1	65.1828 1
2	1	30.707 1	65.1883 1
2	1	30.908 1	65.2207 1
2	1	30.308 1	65.349 1
2	1	30.6 1	65.6 1
2	1	30.587 1	65.211 1
2	1	30.181 1	65.1046 1
2	1	30.302 1	65.1087 1
2	1	30.54 1	65.151 1
2	1	30.836 1	65.1955 1
2	1	30.926 1	65.428 1
2	1	30.1019 1	65.361 1
2	1	30.361 1	65.776 1
2	1	30.387 1	65.1587 1
2	1	30.79 1	65.247 1
2	1	30.966 1	65.42 1
7	10	30.636 1 30.637 1	65.1150 1 65.1215 1 65.836 0.251 65.127 0.228 65.2057 0.188
3	2	30.674 1	65.582 0.161 65.644 1
2	1	30.902 1	65.216 1
2	1	30.978 1	65.2141 1
2	1	30.96 1	65.1626 1
2	1	30.524 1	65.715 1
2	1	30.319 1	65.533 1
2	1	30.458 1	65.1978 1
3	2	30.373 1 30.632 0.141	65.1799 1
2	1	30.244 1	65.1654 1
2	1	30.259 1	65.537 1
2	1	30.933 1	65.1915 1
2	1	30.1091 1	65.2283 1
2	1	30.275 1	65.482 1
2	1	30.55 1	65.152 1
2	1	30.920 1	65.167 1
2	1	30.236 1	65.146 1
2	1	30.293 1	65.452 1
2	1	30.1054 1	65.1560 1
2	1	30.843 1	65.1188 1
2	1	30.983 1	65.2146 1
2	1	30.267 1	65.1234 1
2	1	30.849 1	65.1400 1
2	1	30.47 1	65.79 1
2	1	30.768 1	65.1713 1
2	1	30.590 1	65.212 1
2	1	30.604 1	65.876 1
2	1	30.149 1	65.2173 1
2	1	30.53 1	65.150 1
2	1	30.828 1	65.1628 1
2	1	30.950 1	65.613 1
2	1	30.176 1	65.2213 1
2	1	30.1104 1	65.2306 1
2	1	30.101 1	65.383 1
2	1	30.891 1	65.1416 1
2	1	30.272 1	65.2009 1
2	1	30.594 1	65.1847 1
2	1	30.301 1	65.1826 1
2	1	30.932 1	65.1913 1
2	1	30.844 1	65.1633 1
2	1	30.294 1	65.453 1
2	1	30.570 1	65.1172 1
2	1	30.491 1	65.611 1
2	1	30.405 1	65.791 1
2	1	30.250 1	65.2071 1
2	1	30.288 1	65.570 1
2	1	30.289 1	65.1825 1
2	1	30.59 1	65.156 1
2	1	30.1107 1	65.1094 1
2	1	30.33 1	65.272 1
3	2	30.180 1	65.2032 1 65.32 0.219
2	1	30.715 1	65.179 1
2	1	30.751 1	65.1659 1
2	1	30.1057 1	65.44 1
2	1	30.315 1	65.408 1
2	1	30.322 1	65.400 1
2	1	30.482 1	65.796 1
2	1	30.884 1	65.1410 1
2	1	30.238 1	65.1103 1
2	1	30.459 1	65.56 1
2	1	30.858 1	65.1408 1
2	1	30.502 1	65.2274 1
2	1	30.595 1	65.1064 1
10	9	30.666 1	65.1279 0.514 65.1364 1 65.1446 0.514 65.1539 0.514 65.2116 0.621 65.466 0.055 65.900 0.514 65.934 0.514 65.996 0.514
2	1	30.727 1	65.2050 1
8	15	30.371 1 30.71 1 30.370 1 30.621 0.227 30.460 0.126	65.105 1 65.104 1 65.102 1
2	1	30.1058 1	65.41 1
2	1	30.234 1	65.2101 1
2	1	30.376 1	65.1952 1
