Size	Relations	OrthoA	OrthoB
2	1	44.40 1	53.47 1
2	1	44.41 1	53.48 1
2	1	44.266 1	53.793 1
2	1	44.61 1	53.65 1
2	1	44.55 1	53.63 1
2	1	44.246 1	53.814 1
2	1	44.309 1	53.384 1
2	1	44.385 1	53.466 1
2	1	44.1030 1	53.1074 1
2	1	44.973 1	53.135 1
2	1	44.368 1	53.1009 1
2	1	44.972 1	53.139 1
2	1	44.976 1	53.134 1
2	1	44.434 1	53.635 1
2	1	44.1022 1	53.1057 1
2	1	44.191 1	53.890 1
2	1	44.462 1	53.618 1
2	1	44.95 1	53.100 1
3	2	44.713 1	53.1054 1 53.122 0.291
2	1	44.886 1	53.277 1
2	1	44.162 1	53.922 1
2	1	44.383 1	53.464 1
2	1	44.794 1	53.364 1
2	1	44.937 1	53.232 1
2	1	44.357 1	53.433 1
2	1	44.944 1	53.168 1
2	1	44.172 1	53.911 1
2	1	44.161 1	53.923 1
2	1	44.365 1	53.437 1
2	1	44.4 1	53.4 1
2	1	44.3 1	53.3 1
2	1	44.323 1	53.400 1
2	1	44.60 1	53.64 1
2	1	44.136 1	53.998 1
2	1	44.12 1	53.13 1
2	1	44.72 1	53.78 1
2	1	44.791 1	53.367 1
2	1	44.79 1	53.535 1
2	1	44.349 1	53.422 1
2	1	44.492 1	53.570 1
2	1	44.100 1	53.105 1
3	2	44.1058 1	53.1116 1 53.871 0.762
2	1	44.124 1	53.132 1
2	1	44.887 1	53.276 1
2	1	44.969 1	53.142 1
2	1	44.351 1	53.427 1
2	1	44.864 1	53.311 1
2	1	44.355 1	53.431 1
2	1	44.458 1	53.1061 1
2	1	44.960 1	53.156 1
2	1	44.736 1	53.750 1
2	1	44.406 1	53.664 1
2	1	44.681 1	53.183 1
2	1	44.531 1	53.300 1
2	1	44.49 1	53.57 1
2	1	44.819 1	53.337 1
2	1	44.217 1	53.854 1
2	1	44.685 1	53.660 1
2	1	44.91 1	53.96 1
2	1	44.114 1	53.119 1
2	1	44.51 1	53.59 1
2	1	44.934 1	53.233 1
2	1	44.816 1	53.343 1
2	1	44.193 1	53.888 1
2	1	44.372 1	53.444 1
2	1	44.911 1	53.239 1
2	1	44.1045 1	53.1104 1
2	1	44.108 1	53.112 1
2	1	44.912 1	53.238 1
2	1	44.999 1	53.1031 1
2	1	44.17 1	53.18 1
2	1	44.228 1	53.836 1
2	1	44.239 1	53.823 1
2	1	44.907 1	53.263 1
2	1	44.885 1	53.278 1
2	1	44.103 1	53.1059 1
2	1	44.348 1	53.421 1
2	1	44.686 1	53.661 1
2	1	44.1029 1	53.1073 1
2	1	44.824 1	53.331 1
2	1	44.185 1	53.896 1
2	1	44.446 1	53.531 1
2	1	44.113 1	53.117 1
2	1	44.187 1	53.894 1
2	1	44.102 1	53.1060 1
2	1	44.1065 1	53.1123 1
2	1	44.281 1	53.777 1
2	1	44.106 1	53.110 1
2	1	44.279 1	53.779 1
2	1	44.238 1	53.824 1
2	1	44.965 1	53.146 1
2	1	44.310 1	53.386 1
2	1	44.1072 1	53.1130 1
2	1	44.225 1	53.846 1
2	1	44.541 1	53.575 1
2	1	44.714 1	53.287 1
3	2	44.781 1	53.164 1 53.668 0.698
2	1	44.447 1	53.532 1
2	1	44.948 1	53.166 1
2	1	44.1059 1	53.1117 1
3	2	44.521 1 44.525 0.140	53.499 1
2	1	44.854 1	53.321 1
2	1	44.314 1	53.375 1
2	1	44.126 1	53.549 1
3	2	44.712 1	53.1055 0.336 53.121 1
2	1	44.167 1	53.916 1
4	3	44.1073 1 44.1052 0.741 44.1074 0.736	53.1131 1
2	1	44.221 1	53.850 1
2	1	44.84 1	53.92 1
2	1	44.1070 1	53.1128 1
2	1	44.848 1	53.509 1
2	1	44.901 1	53.451 1
2	1	44.455 1	53.1064 1
2	1	44.779 1	53.372 1
2	1	44.25 1	53.25 1
2	1	44.111 1	53.115 1
2	1	44.93 1	53.98 1
2	1	44.1048 1	53.1107 1
2	1	44.117 1	53.125 1
2	1	44.689 1	53.447 1
2	1	44.122 1	53.130 1
2	1	44.450 1	53.716 1
2	1	44.1061 1	53.1119 1
2	1	44.804 1	53.356 1
2	1	44.325 1	53.339 1
2	1	44.815 1	53.345 1
2	1	44.280 1	53.778 1
2	1	44.240 1	53.822 1
2	1	44.347 1	53.417 1
2	1	44.1075 1	53.1133 1
2	1	44.909 1	53.246 1
2	1	44.235 1	53.829 1
2	1	44.1062 1	53.1120 1
2	1	44.903 1	53.240 1
2	1	44.387 1	53.468 1
2	1	44.456 1	53.1063 1
2	1	44.870 1	53.304 1
2	1	44.844 1	53.150 1
3	2	44.518 0.472 44.607 1	53.149 1
2	1	44.308 1	53.383 1
2	1	44.814 1	53.346 1
2	1	44.1026 1	53.1069 1
2	1	44.202 1	53.873 1
2	1	44.644 1	53.865 1
2	1	44.494 1	53.496 1
2	1	44.1024 1	53.1067 1
3	2	44.391 1 44.767 0.841	53.470 1
2	1	44.1 1	53.1 1
2	1	44.1042 1	53.1097 1
2	1	44.166 1	53.918 1
2	1	44.171 1	53.912 1
2	1	44.830 1	53.328 1
2	1	44.990 1	53.1018 1
2	1	44.110 1	53.114 1
2	1	44.268 1	53.791 1
2	1	44.479 1	53.597 1
2	1	44.617 1	53.638 1
2	1	44.825 1	53.330 1
2	1	44.786 1	53.370 1
2	1	44.320 1	53.397 1
2	1	44.1053 1	53.1109 1
2	1	44.155 1	53.929 1
2	1	44.151 1	53.935 1
2	1	44.457 1	53.1062 1
2	1	44.1057 1	53.1114 1
2	1	44.127 1	53.1099 1
2	1	44.177 1	53.905 1
2	1	44.215 1	53.856 1
2	1	44.236 1	53.826 1
2	1	44.30 1	53.30 1
3	2	44.896 1	53.1088 0.285 53.565 1
2	1	44.1039 1	53.1094 1
2	1	44.304 1	53.380 1
2	1	44.311 1	53.387 1
2	1	44.353 1	53.429 1
2	1	44.261 1	53.798 1
3	2	44.1044 1	53.1102 1 53.678 0.906
2	1	44.371 1	53.443 1
2	1	44.863 1	53.312 1
2	1	44.2 1	53.2 1
2	1	44.402 1	53.480 1
2	1	44.1064 1	53.1122 1
5	6	44.587 1 44.616 0.964	53.258 1 53.260 0.892 53.682 1
2	1	44.74 1	53.84 1
2	1	44.1015 1	53.1047 1
2	1	44.75 1	53.85 1
2	1	44.377 1	53.461 1
2	1	44.212 1	53.859 1
2	1	44.258 1	53.803 1
2	1	44.289 1	53.765 1
2	1	44.913 1	53.237 1
4	4	44.636 1 44.292 0.857	53.637 0.426 53.640 1
2	1	44.237 1	53.825 1
2	1	44.992 1	53.1024 1
2	1	44.476 1	53.600 1
2	1	44.156 1	53.928 1
2	1	44.107 1	53.111 1
2	1	44.797 1	53.361 1
2	1	44.891 1	53.272 1
2	1	44.227 1	53.837 1
2	1	44.197 1	53.878 1
2	1	44.637 1	53.683 1
2	1	44.242 1	53.820 1
2	1	44.16 1	53.17 1
2	1	44.14 1	53.15 1
2	1	44.989 1	53.1017 1
2	1	44.255 1	53.806 1
2	1	44.265 1	53.794 1
3	2	44.519 1 44.608 0.324	53.148 1
2	1	44.53 1	53.61 1
3	2	44.897 1	53.1087 0.092 53.564 1
2	1	44.253 1	53.808 1
2	1	44.793 1	53.365 1
2	1	44.454 1	53.1065 1
2	1	44.1079 1	53.1135 1
2	1	44.65 1	53.69 1
2	1	44.403 1	53.482 1
2	1	44.1081 1	53.1137 1
2	1	44.179 1	53.902 1
2	1	44.276 1	53.782 1
2	1	44.853 1	53.322 1
2	1	44.472 1	53.610 1
2	1	44.67 1	53.71 1
2	1	44.56 1	53.474 1
2	1	44.189 1	53.892 1
2	1	44.194 1	53.887 1
2	1	44.790 1	53.368 1
2	1	44.467 1	53.616 1
2	1	44.1055 1	53.1112 1
2	1	44.997 1	53.1029 1
2	1	44.497 1	53.494 1
2	1	44.876 1	53.293 1
2	1	44.448 1	53.533 1
2	1	44.904 1	53.5 1
2	1	44.971 1	53.140 1
2	1	44.209 1	53.862 1
2	1	44.211 1	53.860 1
2	1	44.335 1	53.405 1
2	1	44.988 1	53.1016 1
2	1	44.326 1	53.338 1
2	1	44.820 1	53.335 1
2	1	44.1047 1	53.1106 1
2	1	44.284 1	53.773 1
2	1	44.123 1	53.131 1
2	1	44.64 1	53.68 1
2	1	44.29 1	53.29 1
2	1	44.362 1	53.434 1
3	2	44.364 1	53.436 1 53.676 0.683
2	1	44.542 1	53.574 1
2	1	44.877 1	53.292 1
2	1	44.6 1	53.7 1
2	1	44.18 1	53.19 1
2	1	44.82 1	53.90 1
2	1	44.257 1	53.804 1
2	1	44.132 1	53.1005 1
2	1	44.264 1	53.795 1
3	2	44.428 1 44.663 0.723	53.681 1
2	1	44.514 1	53.653 1
2	1	44.376 1	53.459 1
2	1	44.213 1	53.858 1
2	1	44.874 1	53.296 1
2	1	44.1077 1	53.1000 1
2	1	44.175 1	53.908 1
2	1	44.233 1	53.831 1
2	1	44.277 1	53.781 1
3	2	44.58 1	53.245 0.066 53.476 1
2	1	44.822 1	53.333 1
2	1	44.315 1	53.376 1
2	1	44.81 1	53.89 1
2	1	44.341 1	53.411 1
2	1	44.176 1	53.907 1
2	1	44.66 1	53.70 1
2	1	44.640 1	53.157 1
2	1	44.502 1	53.486 1
2	1	44.962 1	53.154 1
2	1	44.234 1	53.830 1
2	1	44.485 1	53.583 1
2	1	44.62 1	53.66 1
2	1	44.1012 1	53.1044 1
2	1	44.337 1	53.407 1
2	1	44.248 1	53.812 1
2	1	44.481 1	53.592 1
2	1	44.866 1	53.308 1
2	1	44.940 1	53.173 1
2	1	44.393 1	53.472 1
2	1	44.1078 1	53.1134 1
2	1	44.178 1	53.904 1
2	1	44.729 1	53.454 1
2	1	44.1071 1	53.1129 1
2	1	44.966 1	53.145 1
2	1	44.96 1	53.101 1
2	1	44.37 1	53.38 1
3	2	44.57 1 44.768 0.938	53.475 1
2	1	44.43 1	53.51 1
4	4	44.144 1 44.143 0.863	53.942 0.449 53.943 1
2	1	44.871 1	53.302 1
2	1	44.639 1	53.158 1
2	1	44.477 1	53.599 1
2	1	44.1018 1	53.1050 1
2	1	44.1054 1	53.1111 1
2	1	44.135 1	53.999 1
2	1	44.146 1	53.940 1
2	1	44.50 1	53.58 1
2	1	44.528 1	53.632 1
4	3	44.360 1	53.734 1 53.739 0.727 53.768 0.063
2	1	44.59 1	53.477 1
3	2	44.78 1 44.847 0.688	53.88 1
2	1	44.798 1	53.360 1
2	1	44.199 1	53.876 1
2	1	44.543 1	53.573 1
3	2	44.778 1 44.980 0.763	53.373 1
2	1	44.98 1	53.103 1
2	1	44.1017 1	53.1049 1
2	1	44.180 1	53.901 1
2	1	44.112 1	53.116 1
2	1	44.375 1	53.458 1
2	1	44.869 1	53.305 1
2	1	44.154 1	53.930 1
2	1	44.83 1	53.508 1
2	1	44.249 1	53.811 1
2	1	44.13 1	53.14 1
2	1	44.445 1	53.530 1
2	1	44.803 1	53.357 1
2	1	44.8 1	53.9 1
2	1	44.286 1	53.771 1
2	1	44.865 1	53.310 1
2	1	44.90 1	53.95 1
2	1	44.384 1	53.465 1
2	1	44.192 1	53.889 1
2	1	44.45 1	53.53 1
2	1	44.163 1	53.921 1
2	1	44.910 1	53.241 1
2	1	44.527 1	53.631 1
2	1	44.288 1	53.766 1
2	1	44.34 1	53.35 1
2	1	44.1041 1	53.1096 1
2	1	44.223 1	53.848 1
2	1	44.687 1	53.662 1
3	2	44.413 1	53.419 1 53.769 0.051
3	2	44.363 1	53.435 1 53.670 0.807
2	1	44.334 1	53.404 1
2	1	44.312 1	53.388 1
2	1	44.244 1	53.818 1
2	1	44.868 1	53.306 1
2	1	44.243 1	53.819 1
2	1	44.300 1	53.752 1
3	2	44.963 1	53.152 1 53.594 0.704
2	1	44.495 1	53.495 1
2	1	44.777 1	53.378 1
2	1	44.68 1	53.72 1
2	1	44.342 1	53.412 1
2	1	44.195 1	53.886 1
2	1	44.105 1	53.109 1
2	1	44.11 1	53.12 1
2	1	44.263 1	53.796 1
2	1	44.283 1	53.775 1
2	1	44.952 1	53.159 1
2	1	44.379 1	53.463 1
2	1	44.316 1	53.377 1
2	1	44.1076 1	53.1001 1
2	1	44.378 1	53.462 1
2	1	44.890 1	53.273 1
2	1	44.118 1	53.126 1
2	1	44.1003 1	53.1035 1
2	1	44.1006 1	53.1038 1
2	1	44.679 1	53.181 1
2	1	44.733 1	53.1004 1
2	1	44.795 1	53.144 1
2	1	44.1068 1	53.1126 1
2	1	44.173 1	53.910 1
2	1	44.861 1	53.314 1
2	1	44.89 1	53.93 1
2	1	44.142 1	53.944 1
2	1	44.1031 1	53.1075 1
2	1	44.1040 1	53.1095 1
2	1	44.526 1	53.630 1
2	1	44.369 1	53.1008 1
2	1	44.970 1	53.141 1
2	1	44.987 1	53.1015 1
2	1	44.507 1	53.546 1
2	1	44.823 1	53.332 1
2	1	44.262 1	53.797 1
2	1	44.968 1	53.143 1
2	1	44.469 1	53.614 1
2	1	44.394 1	53.473 1
2	1	44.165 1	53.919 1
2	1	44.1001 1	53.1033 1
2	1	44.367 1	53.1010 1
2	1	44.517 1	53.348 1
2	1	44.524 1	53.500 1
2	1	44.190 1	53.891 1
2	1	44.241 1	53.821 1
2	1	44.285 1	53.772 1
2	1	44.961 1	53.155 1
2	1	44.949 1	53.165 1
2	1	44.883 1	53.280 1
2	1	44.516 1	53.448 1
2	1	44.789 1	53.523 1
2	1	44.317 1	53.374 1
4	3	44.506 1	53.504 1 53.39 0.812 53.1066 0.871
2	1	44.895 1	53.267 1
2	1	44.282 1	53.776 1
2	1	44.938 1	53.175 1
2	1	44.1038 1	53.1093 1
2	1	44.1011 1	53.1043 1
2	1	44.964 1	53.151 1
2	1	44.873 1	53.297 1
2	1	44.336 1	53.406 1
2	1	44.1032 1	53.1076 1
2	1	44.130 1	53.1007 1
2	1	44.214 1	53.857 1
2	1	44.808 1	53.352 1
2	1	44.658 1	53.955 1
2	1	44.859 1	53.316 1
2	1	44.941 1	53.172 1
2	1	44.275 1	53.783 1
2	1	44.80 1	53.536 1
2	1	44.332 1	53.402 1
2	1	44.346 1	53.416 1
2	1	44.470 1	53.613 1
2	1	44.181 1	53.900 1
2	1	44.340 1	53.410 1
2	1	44.1069 1	53.1127 1
2	1	44.31 1	53.31 1
2	1	44.169 1	53.914 1
2	1	44.947 1	53.932 1
2	1	44.489 1	53.577 1
2	1	44.473 1	53.609 1
2	1	44.38 1	53.44 1
2	1	44.370 1	53.46 1
2	1	44.319 1	53.395 1
2	1	44.510 1	53.261 1
2	1	44.751 1	53.489 1
2	1	44.867 1	53.307 1
2	1	44.101 1	53.107 1
2	1	44.164 1	53.920 1
2	1	44.174 1	53.909 1
2	1	44.63 1	53.67 1
2	1	44.36 1	53.37 1
3	2	44.460 1	53.621 1 53.625 0.809
2	1	44.862 1	53.313 1
2	1	44.498 1	53.493 1
2	1	44.1063 1	53.1121 1
2	1	44.1000 1	53.1032 1
2	1	44.333 1	53.403 1
2	1	44.993 1	53.1025 1
2	1	44.359 1	53.42 1
2	1	44.855 1	53.320 1
2	1	44.28 1	53.28 1
2	1	44.250 1	53.810 1
2	1	44.884 1	53.279 1
2	1	44.945 1	53.167 1
2	1	44.1056 1	53.1113 1
2	1	44.1033 1	53.1077 1
2	1	44.313 1	53.393 1
2	1	44.998 1	53.1030 1
2	1	44.950 1	53.161 1
2	1	44.131 1	53.1006 1
2	1	44.150 1	53.936 1
2	1	44.837 1	53.189 1
2	1	44.224 1	53.847 1
2	1	44.94 1	53.99 1
2	1	44.1010 1	53.1042 1
2	1	44.1008 1	53.1040 1
2	1	44.1004 1	53.1036 1
2	1	44.917 1	53.236 1
2	1	44.10 1	53.11 1
2	1	44.893 1	53.269 1
2	1	44.203 1	53.872 1
2	1	44.120 1	53.128 1
2	1	44.76 1	53.86 1
2	1	44.133 1	53.1003 1
2	1	44.792 1	53.366 1
2	1	44.486 1	53.582 1
2	1	44.278 1	53.780 1
2	1	44.7 1	53.8 1
2	1	44.449 1	53.450 1
2	1	44.1060 1	53.1118 1
2	1	44.807 1	53.353 1
2	1	44.232 1	53.832 1
2	1	44.356 1	53.432 1
2	1	44.256 1	53.805 1
3	2	44.290 1 44.400 0.691	53.764 1
2	1	44.802 1	53.358 1
2	1	44.991 1	53.1023 1
2	1	44.994 1	53.1026 1
2	1	44.35 1	53.36 1
2	1	44.104 1	53.108 1
2	1	44.73 1	53.79 1
2	1	44.259 1	53.801 1
2	1	44.388 1	53.469 1
2	1	44.153 1	53.933 1
2	1	44.19 1	53.20 1
2	1	44.1034 1	53.1078 1
2	1	44.182 1	53.899 1
2	1	44.851 1	53.324 1
2	1	44.788 1	53.524 1
2	1	44.42 1	53.50 1
2	1	44.407 1	53.663 1
2	1	44.1019 1	53.1051 1
2	1	44.1002 1	53.1034 1
2	1	44.1013 1	53.1045 1
2	1	44.344 1	53.414 1
2	1	44.405 1	53.665 1
2	1	44.501 1	53.490 1
2	1	44.905 1	53.265 1
2	1	44.488 1	53.578 1
2	1	44.878 1	53.136 1
2	1	44.806 1	53.354 1
2	1	44.465 1	53.839 1
2	1	44.373 1	53.456 1
2	1	44.547 1	53.453 1
2	1	44.145 1	53.941 1
2	1	44.343 1	53.413 1
2	1	44.715 1	53.295 1
2	1	44.21 1	53.21 1
2	1	44.200 1	53.875 1
2	1	44.247 1	53.813 1
2	1	44.1067 1	53.1125 1
2	1	44.39 1	53.45 1
2	1	44.99 1	53.104 1
2	1	44.271 1	53.787 1
2	1	44.216 1	53.855 1
2	1	44.478 1	53.598 1
2	1	44.149 1	53.937 1
2	1	44.1037 1	53.1092 1
2	1	44.207 1	53.303 1
2	1	44.47 1	53.55 1
2	1	44.513 1	53.651 1
3	2	44.900 1	53.452 1 53.513 0.912
2	1	44.210 1	53.861 1
2	1	44.490 1	53.572 1
2	1	44.22 1	53.22 1
2	1	44.401 1	53.478 1
2	1	44.147 1	53.939 1
2	1	44.821 1	53.334 1
2	1	44.141 1	53.945 1
2	1	44.523 1	53.501 1
2	1	44.1014 1	53.1046 1
2	1	44.299 1	53.754 1
2	1	44.880 1	53.285 1
2	1	44.939 1	53.174 1
2	1	44.97 1	53.102 1
2	1	44.54 1	53.62 1
2	1	44.1046 1	53.1105 1
2	1	44.850 1	53.325 1
2	1	44.831 1	53.327 1
2	1	44.817 1	53.342 1
2	1	44.1049 1	53.1108 1
2	1	44.24 1	53.24 1
2	1	44.77 1	53.87 1
2	1	44.785 1	53.371 1
2	1	44.134 1	53.1002 1
2	1	44.338 1	53.408 1
2	1	44.918 1	53.235 1
2	1	44.882 1	53.283 1
2	1	44.856 1	53.319 1
2	1	44.1021 1	53.604 1
2	1	44.1043 1	53.1098 1
2	1	44.1007 1	53.1039 1
2	1	44.1016 1	53.1048 1
2	1	44.222 1	53.849 1
2	1	44.70 1	53.75 1
2	1	44.951 1	53.160 1
2	1	44.324 1	53.401 1
2	1	44.9 1	53.10 1
2	1	44.32 1	53.32 1
2	1	44.26 1	53.26 1
2	1	44.683 1	53.180 1
2	1	44.229 1	53.835 1
2	1	44.270 1	53.789 1
2	1	44.739 1	53.724 1
2	1	44.92 1	53.97 1
2	1	44.967 1	53.503 1
2	1	44.1009 1	53.1041 1
2	1	44.220 1	53.851 1
2	1	44.811 1	53.349 1
2	1	44.5 1	53.6 1
2	1	44.152 1	53.934 1
2	1	44.295 1	53.249 1
2	1	44.1036 1	53.1090 1
2	1	44.879 1	53.286 1
2	1	44.996 1	53.1028 1
2	1	44.201 1	53.874 1
2	1	44.499 1	53.492 1
2	1	44.218 1	53.853 1
2	1	44.267 1	53.792 1
2	1	44.71 1	53.77 1
2	1	44.48 1	53.56 1
4	3	44.762 1 44.843 0.141 44.977 0.079	53.788 1
2	1	44.339 1	53.409 1
2	1	44.46 1	53.54 1
2	1	44.23 1	53.23 1
2	1	44.818 1	53.341 1
2	1	44.327 1	53.1103 1
2	1	44.852 1	53.323 1
2	1	44.168 1	53.915 1
2	1	44.272 1	53.786 1
2	1	44.483 1	53.590 1
2	1	44.888 1	53.275 1
2	1	44.872 1	53.301 1
2	1	44.350 1	53.423 1
2	1	44.942 1	53.171 1
2	1	44.437 1	53.827 1
2	1	44.690 1	53.257 1
2	1	44.208 1	53.869 1
2	1	44.219 1	53.852 1
2	1	44.532 1	53.169 1
2	1	44.318 1	53.394 1
2	1	44.52 1	53.60 1
2	1	44.655 1	53.953 1
2	1	44.33 1	53.34 1
2	1	44.1023 1	53.1058 1
2	1	44.196 1	53.879 1
2	1	44.902 1	53.931 1
2	1	44.491 1	53.571 1
2	1	44.1005 1	53.1037 1
2	1	44.119 1	53.127 1
2	1	44.148 1	53.938 1
2	1	44.230 1	53.834 1
2	1	44.468 1	53.615 1
2	1	44.892 1	53.270 1
2	1	44.682 1	53.182 1
2	1	44.138 1	53.997 1
2	1	44.756 1	53.1022 1
2	1	44.358 1	53.40 1
2	1	44.1027 1	53.1070 1
2	1	44.345 1	53.415 1
2	1	44.503 1	53.485 1
2	1	44.273 1	53.785 1
2	1	44.198 1	53.877 1
2	1	44.204 1	53.505 1
2	1	44.515 1	53.659 1
2	1	44.322 1	53.399 1
2	1	44.474 1	53.608 1
2	1	44.857 1	53.318 1
2	1	44.805 1	53.355 1
2	1	44.1082 1	53.1138 1
2	1	44.254 1	53.807 1
2	1	44.184 1	53.897 1
2	1	44.15 1	53.16 1
2	1	44.471 1	53.611 1
2	1	44.894 1	53.268 1
2	1	44.809 1	53.351 1
2	1	44.881 1	53.284 1
2	1	44.906 1	53.264 1
2	1	44.672 1	53.76 1
2	1	44.706 1	53.817 1
2	1	44.183 1	53.898 1
2	1	44.158 1	53.926 1
2	1	44.274 1	53.784 1
2	1	44.680 1	53.184 1
2	1	44.875 1	53.294 1
2	1	44.1080 1	53.1136 1
2	1	44.109 1	53.113 1
2	1	44.919 1	53.234 1
2	1	44.716 1	53.74 1
2	1	44.833 1	53.326 1
2	1	44.297 1	53.247 1
2	1	44.374 1	53.457 1
3	2	44.260 1	53.799 1 53.33 0.904
2	1	44.638 1	53.684 1
2	1	44.140 1	53.946 1
2	1	44.188 1	53.893 1
2	1	44.226 1	53.844 1
3	2	44.726 1	53.418 0.066 53.657 1
2	1	44.799 1	53.359 1
2	1	44.386 1	53.467 1
2	1	44.69 1	53.73 1
2	1	44.560 1	53.741 1
2	1	44.787 1	53.369 1
2	1	44.306 1	53.382 1
2	1	44.404 1	53.483 1
2	1	44.392 1	53.471 1
2	1	44.604 1	53.950 1
2	1	44.475 1	53.602 1
2	1	44.1083 1	53.1139 1
2	1	44.740 1	53.747 1
2	1	44.908 1	53.262 1
2	1	44.487 1	53.579 1
2	1	44.129 1	53.83 1
2	1	44.305 1	53.381 1
2	1	44.354 1	53.430 1
3	2	44.701 1	53.446 1 53.497 0.071
2	1	44.294 1	53.250 1
2	1	44.482 1	53.591 1
2	1	44.484 1	53.589 1
2	1	44.409 1	53.484 1
2	1	44.321 1	53.398 1
2	1	44.832 1	53.650 1
2	1	44.245 1	53.816 1
2	1	44.509 1	53.510 1
2	1	44.943 1	53.170 1
25	46	44.416 1 44.303 1	53.566 1 53.185 1 53.567 0.815 53.539 0.389 53.710 0.363 53.585 0.361 53.588 0.358 53.648 0.355 53.709 0.350 53.704 0.347 53.647 0.316 53.714 0.294 53.711 0.201 53.540 0.200 53.560 0.194 53.584 0.188 53.703 0.185 53.700 0.177 53.707 0.160 53.291 0.102 53.522 0.087 53.756 0.082 53.755 0.058
2	1	44.461 1	53.619 1
2	1	44.500 1	53.491 1
2	1	44.170 1	53.913 1
2	1	44.139 1	53.996 1
2	1	44.508 1	53.545 1
5	4	44.554 0.074 44.557 0.082 44.720 0.108 44.846 1	53.770 1
2	1	44.995 1	53.1027 1
2	1	44.776 1	53.379 1
2	1	44.737 1	53.106 1
2	1	44.512 1	53.543 1
2	1	44.252 1	53.178 1
2	1	44.121 1	53.129 1
2	1	44.493 1	53.498 1
2	1	44.659 1	53.956 1
2	1	44.44 1	53.52 1
2	1	44.569 1	53.721 1
2	1	44.466 1	53.617 1
2	1	44.810 1	53.350 1
2	1	44.834 1	53.759 1
2	1	44.860 1	53.315 1
2	1	44.889 1	53.274 1
2	1	44.157 1	53.927 1
2	1	44.650 1	53.958 1
2	1	44.410 1	53.620 1
2	1	44.511 1	53.544 1
2	1	44.231 1	53.833 1
2	1	44.352 1	53.428 1
2	1	44.656 1	53.954 1
2	1	44.796 1	53.363 1
3	2	44.459 1	53.623 1 53.627 0.456
3	2	44.505 0.880 44.858 0.929	53.317 0.904
2	1	44.480 0.863	53.593 0.863
