Size	Relations	OrthoA	OrthoB
2	1	44.40 1	51.39 1
2	1	44.266 1	51.265 1
2	1	44.41 1	51.40 1
2	1	44.1020 1	51.941 1
2	1	44.61 1	51.57 1
2	1	44.765 1	51.710 1
2	1	44.55 1	51.54 1
2	1	44.406 1	51.784 1
2	1	44.368 1	51.361 1
2	1	44.976 1	51.897 1
2	1	44.972 1	51.895 1
2	1	44.355 1	51.349 1
2	1	44.434 1	51.411 1
2	1	44.246 1	51.247 1
2	1	44.85 1	51.83 1
2	1	44.385 1	51.384 1
2	1	44.187 1	51.185 1
2	1	44.984 1	51.905 1
2	1	44.309 1	51.304 1
2	1	44.191 1	51.189 1
2	1	44.886 1	51.833 1
2	1	44.136 1	51.135 1
2	1	44.1022 1	51.942 1
2	1	44.357 1	51.351 1
2	1	44.462 1	51.440 1
2	1	44.124 1	51.122 1
2	1	44.973 1	51.896 1
2	1	44.86 1	51.84 1
2	1	44.1030 1	51.949 1
2	1	44.560 1	51.599 1
2	1	44.95 1	51.93 1
2	1	44.531 1	51.556 1
2	1	44.162 1	51.160 1
2	1	44.819 1	51.758 1
2	1	44.161 1	51.159 1
2	1	44.4 1	51.4 1
2	1	44.79 1	51.75 1
2	1	44.60 1	51.56 1
2	1	44.383 1	51.382 1
2	1	44.794 1	51.734 1
2	1	44.72 1	51.68 1
2	1	44.937 1	51.861 1
2	1	44.12 1	51.12 1
2	1	44.172 1	51.170 1
2	1	44.3 1	51.3 1
2	1	44.240 1	51.241 1
2	1	44.944 1	51.868 1
2	1	44.323 1	51.319 1
2	1	44.681 1	51.372 1
2	1	44.91 1	51.89 1
2	1	44.365 1	51.359 1
2	1	44.114 1	51.112 1
2	1	44.492 1	51.494 1
2	1	44.126 1	51.124 1
2	1	44.228 1	51.229 1
2	1	44.193 1	51.191 1
2	1	44.816 1	51.755 1
2	1	44.864 1	51.809 1
2	1	44.887 1	51.834 1
2	1	44.206 1	51.511 1
2	1	44.1058 1	51.980 1
2	1	44.791 1	51.731 1
2	1	44.310 1	51.306 1
2	1	44.205 1	51.512 1
2	1	44.295 1	51.294 1
2	1	44.351 1	51.345 1
2	1	44.349 1	51.343 1
2	1	44.909 1	51.851 1
2	1	44.458 1	51.433 1
2	1	44.617 1	51.690 1
2	1	44.239 1	51.240 1
2	1	44.100 1	51.98 1
2	1	44.49 1	51.48 1
2	1	44.960 1	51.883 1
2	1	44.969 1	51.892 1
2	1	44.525 1	51.686 1
2	1	44.903 1	51.844 1
2	1	44.1045 1	51.967 1
2	1	44.644 1	51.655 1
2	1	44.108 1	51.106 1
2	1	44.106 1	51.104 1
2	1	44.539 1	51.574 1
2	1	44.885 1	51.832 1
2	1	44.912 1	51.854 1
2	1	44.372 1	51.365 1
2	1	44.907 1	51.849 1
2	1	44.185 1	51.183 1
2	1	44.212 1	51.208 1
2	1	44.17 1	51.17 1
2	1	44.1065 1	51.990 1
2	1	44.217 1	51.213 1
2	1	44.999 1	51.920 1
2	1	44.292 1	51.291 1
2	1	44.51 1	51.50 1
2	1	44.113 1	51.111 1
2	1	44.441 1	51.418 1
4	4	44.742 1 44.744 0.225	51.695 1 51.769 0.839
2	1	44.387 1	51.386 1
2	1	44.911 1	51.853 1
2	1	44.380 1	51.379 1
2	1	44.160 1	51.158 1
2	1	44.238 1	51.239 1
2	1	44.348 1	51.342 1
2	1	44.934 1	51.860 1
2	1	44.103 1	51.101 1
2	1	44.102 1	51.100 1
2	1	44.1042 1	51.964 1
2	1	44.779 1	51.724 1
2	1	44.1059 1	51.981 1
2	1	44.425 1	51.518 1
2	1	44.420 1	51.789 1
2	1	44.446 1	51.421 1
2	1	44.519 1	51.544 1
2	1	44.814 1	51.753 1
2	1	44.771 1	51.716 1
2	1	44.281 1	51.280 1
2	1	44.730 1	51.577 1
2	1	44.304 1	51.299 1
2	1	44.314 1	51.310 1
2	1	44.824 1	51.763 1
2	1	44.844 1	51.791 1
2	1	44.576 1	51.602 1
2	1	44.772 1	51.717 1
2	1	44.107 1	51.105 1
2	1	44.402 1	51.398 1
2	1	44.982 1	51.903 1
2	1	44.965 1	51.888 1
2	1	44.225 1	51.226 1
2	1	44.1024 1	51.944 1
2	1	44.279 1	51.278 1
2	1	44.804 1	51.744 1
2	1	44.1029 1	51.948 1
2	1	44.268 1	51.267 1
2	1	44.714 1	51.781 1
2	1	44.643 1	51.654 1
2	1	44.854 1	51.799 1
2	1	44.825 1	51.764 1
3	2	44.58 1	51.674 1 51.55 0.731
2	1	44.347 1	51.341 1
2	1	44.353 1	51.347 1
2	1	44.979 1	51.900 1
2	1	44.1057 1	51.979 1
2	1	44.211 1	51.207 1
2	1	44.948 1	51.872 1
2	1	44.127 1	51.125 1
2	1	44.1062 1	51.984 1
3	2	44.518 1 44.607 0.109	51.543 1
2	1	44.280 1	51.279 1
6	5	44.616 1 44.587 0.910 44.636 0.910 44.686 0.993 44.689 0.701	51.689 1
2	1	44.286 1	51.285 1
2	1	44.520 1	51.545 1
2	1	44.117 1	51.115 1
2	1	44.308 1	51.303 1
2	1	44.1 1	51.1 1
2	1	44.325 1	51.323 1
2	1	44.111 1	51.109 1
2	1	44.221 1	51.217 1
2	1	44.395 1	51.392 1
2	1	44.1026 1	51.946 1
2	1	44.171 1	51.169 1
2	1	44.84 1	51.82 1
2	1	44.447 1	51.422 1
2	1	44.167 1	51.165 1
2	1	44.74 1	51.70 1
2	1	44.1061 1	51.983 1
2	1	44.971 1	51.894 1
2	1	44.1048 1	51.970 1
2	1	44.774 1	51.719 1
2	1	44.75 1	51.71 1
2	1	44.700 1	51.665 1
2	1	44.67 1	51.63 1
2	1	44.848 1	51.669 1
2	1	44.494 1	51.496 1
2	1	44.440 1	51.417 1
2	1	44.479 1	51.481 1
2	1	44.699 1	51.664 1
2	1	44.242 1	51.243 1
2	1	44.781 1	51.81 1
2	1	44.526 1	51.547 1
2	1	44.236 1	51.237 1
2	1	44.320 1	51.316 1
2	1	44.761 1	51.706 1
2	1	44.90 1	51.88 1
2	1	44.122 1	51.120 1
2	1	44.1081 1	51.1008 1
2	1	44.155 1	51.153 1
2	1	44.574 1	51.703 1
2	1	44.265 1	51.264 1
2	1	44.110 1	51.108 1
2	1	44.815 1	51.754 1
2	1	44.1073 1	51.1000 1
2	1	44.1075 1	51.1002 1
2	1	44.202 1	51.200 1
2	1	44.253 1	51.252 1
2	1	44.93 1	51.91 1
2	1	44.25 1	51.24 1
2	1	44.496 1	51.409 1
2	1	44.510 1	51.514 1
2	1	44.1074 1	51.1001 1
2	1	44.65 1	51.61 1
2	1	44.235 1	51.236 1
2	1	44.1070 1	51.994 1
2	1	44.371 1	51.364 1
2	1	44.335 1	51.329 1
2	1	44.315 1	51.311 1
2	1	44.476 1	51.478 1
2	1	44.30 1	51.29 1
2	1	44.455 1	51.430 1
2	1	44.990 1	51.911 1
2	1	44.56 1	51.672 1
2	1	44.177 1	51.175 1
2	1	44.151 1	51.149 1
2	1	44.548 1	51.419 1
2	1	44.795 1	51.735 1
2	1	44.376 1	51.375 1
2	1	44.456 1	51.431 1
2	1	44.858 1	51.803 1
2	1	44.830 1	51.765 1
2	1	44.261 1	51.260 1
2	1	44.6 1	51.6 1
2	1	44.904 1	51.845 1
2	1	44.1039 1	51.961 1
2	1	44.360 1	51.354 1
2	1	44.375 1	51.374 1
2	1	44.311 1	51.307 1
2	1	44.1053 1	51.975 1
2	1	44.786 1	51.726 1
2	1	44.1064 1	51.986 1
2	1	44.391 1	51.388 1
2	1	44.166 1	51.164 1
2	1	44.389 1	51.580 1
2	1	44.2 1	51.2 1
2	1	44.870 1	51.815 1
2	1	44.935 1	51.219 1
2	1	44.1079 1	51.1006 1
3	2	44.505 1 44.1052 0.862	51.506 1
2	1	44.377 1	51.376 1
2	1	44.258 1	51.257 1
2	1	44.1036 1	51.957 1
2	1	44.215 1	51.211 1
2	1	44.871 1	51.817 1
2	1	44.249 1	51.250 1
2	1	44.457 1	51.432 1
2	1	44.992 1	51.913 1
2	1	44.793 1	51.733 1
2	1	44.156 1	51.154 1
2	1	44.514 1	51.525 1
2	1	44.276 1	51.275 1
2	1	44.472 1	51.456 1
2	1	44.1071 1	51.995 1
2	1	44.289 1	51.288 1
2	1	44.863 1	51.808 1
2	1	44.326 1	51.324 1
2	1	44.767 1	51.712 1
2	1	44.913 1	51.855 1
2	1	44.384 1	51.383 1
2	1	44.57 1	51.673 1
2	1	44.132 1	51.131 1
2	1	44.302 1	51.435 1
2	1	44.766 1	51.711 1
2	1	44.317 1	51.313 1
2	1	44.820 1	51.759 1
2	1	44.197 1	51.195 1
2	1	44.978 1	51.899 1
2	1	44.450 1	51.425 1
2	1	44.53 1	51.52 1
2	1	44.1044 1	51.966 1
2	1	44.227 1	51.228 1
2	1	44.1077 1	51.1004 1
2	1	44.18 1	51.18 1
2	1	44.237 1	51.238 1
2	1	44.438 1	51.415 1
2	1	44.640 1	51.688 1
2	1	44.910 1	51.852 1
2	1	44.16 1	51.16 1
2	1	44.1015 1	51.936 1
2	1	44.853 1	51.798 1
2	1	44.209 1	51.205 1
2	1	44.497 1	51.498 1
2	1	44.257 1	51.256 1
2	1	44.473 1	51.475 1
2	1	44.287 1	51.286 1
2	1	44.517 1	51.528 1
2	1	44.179 1	51.177 1
2	1	44.403 1	51.399 1
2	1	44.797 1	51.737 1
2	1	44.790 1	51.730 1
2	1	44.688 1	51.575 1
2	1	44.337 1	51.331 1
2	1	44.989 1	51.910 1
2	1	44.891 1	51.838 1
2	1	44.14 1	51.14 1
2	1	44.26 1	51.25 1
2	1	44.29 1	51.28 1
2	1	44.822 1	51.761 1
2	1	44.454 1	51.429 1
2	1	44.940 1	51.864 1
2	1	44.467 1	51.451 1
2	1	44.639 1	51.687 1
2	1	44.244 1	51.245 1
2	1	44.255 1	51.254 1
2	1	44.194 1	51.192 1
2	1	44.801 1	51.741 1
2	1	44.316 1	51.312 1
2	1	44.388 1	51.387 1
2	1	44.1047 1	51.969 1
2	1	44.334 1	51.328 1
2	1	44.527 1	51.548 1
2	1	44.1037 1	51.959 1
2	1	44.981 1	51.902 1
2	1	44.175 1	51.173 1
2	1	44.176 1	51.174 1
2	1	44.698 1	51.663 1
2	1	44.135 1	51.134 1
2	1	44.66 1	51.62 1
2	1	44.234 1	51.235 1
2	1	44.243 1	51.244 1
2	1	44.123 1	51.121 1
2	1	44.241 1	51.242 1
2	1	44.62 1	51.58 1
2	1	44.277 1	51.276 1
2	1	44.64 1	51.60 1
2	1	44.876 1	51.823 1
2	1	44.264 1	51.263 1
2	1	44.988 1	51.909 1
2	1	44.82 1	51.78 1
2	1	44.99 1	51.97 1
2	1	44.362 1	51.356 1
2	1	44.798 1	51.738 1
2	1	44.189 1	51.187 1
2	1	44.1078 1	51.1005 1
2	1	44.1055 1	51.977 1
2	1	44.359 1	51.353 1
2	1	44.407 1	51.783 1
2	1	44.773 1	51.718 1
2	1	44.946 1	51.870 1
2	1	44.393 1	51.390 1
2	1	44.81 1	51.77 1
2	1	44.1076 1	51.1003 1
2	1	44.263 1	51.262 1
2	1	44.50 1	51.49 1
2	1	44.485 1	51.487 1
2	1	44.877 1	51.824 1
2	1	44.223 1	51.224 1
2	1	44.284 1	51.283 1
3	2	44.448 1	51.423 1 51.700 0.733
2	1	44.88 1	51.86 1
2	1	44.788 1	51.728 1
2	1	44.364 1	51.358 1
2	1	44.843 1	51.786 1
2	1	44.869 1	51.814 1
2	1	44.89 1	51.87 1
2	1	44.997 1	51.918 1
2	1	44.178 1	51.176 1
2	1	44.418 1	51.517 1
2	1	44.164 1	51.162 1
2	1	44.233 1	51.234 1
2	1	44.428 1	51.404 1
2	1	44.768 1	51.713 1
2	1	44.192 1	51.190 1
2	1	44.729 1	51.792 1
2	1	44.180 1	51.178 1
2	1	44.726 1	51.780 1
2	1	44.778 1	51.723 1
3	2	44.554 0.762 44.557 1	51.523 1
2	1	44.966 1	51.889 1
2	1	44.68 1	51.64 1
2	1	44.645 1	51.656 1
3	2	44.553 1 44.556 0.996	51.651 1
2	1	44.300 1	51.298 1
2	1	44.137 1	51.779 1
2	1	44.45 1	51.44 1
2	1	44.502 1	51.503 1
2	1	44.506 1	51.507 1
2	1	44.838 1	51.609 1
2	1	44.142 1	51.140 1
2	1	44.874 1	51.820 1
2	1	44.342 1	51.336 1
2	1	44.859 1	51.804 1
3	2	44.367 1	51.648 1 51.649 0.280
2	1	44.146 1	51.144 1
2	1	44.1012 1	51.933 1
2	1	44.213 1	51.209 1
2	1	44.577 1	51.603 1
2	1	44.528 1	51.549 1
2	1	44.248 1	51.249 1
2	1	44.405 1	51.785 1
2	1	44.96 1	51.94 1
2	1	44.283 1	51.282 1
2	1	44.663 1	51.627 1
2	1	44.118 1	51.116 1
2	1	44.977 1	51.898 1
2	1	44.1054 1	51.976 1
2	1	44.59 1	51.675 1
2	1	44.13 1	51.13 1
2	1	44.144 1	51.142 1
2	1	44.341 1	51.335 1
2	1	44.83 1	51.79 1
2	1	44.98 1	51.96 1
2	1	44.985 1	51.906 1
2	1	44.970 1	51.893 1
2	1	44.1018 1	51.939 1
2	1	44.163 1	51.161 1
2	1	44.509 1	51.513 1
2	1	44.97 1	51.95 1
2	1	44.481 1	51.483 1
2	1	44.470 1	51.454 1
2	1	44.112 1	51.110 1
2	1	44.288 1	51.287 1
2	1	44.363 1	51.357 1
2	1	44.37 1	51.36 1
2	1	44.551 1	51.416 1
2	1	44.866 1	51.811 1
2	1	44.1041 1	51.963 1
2	1	44.401 1	51.397 1
2	1	44.143 1	51.141 1
2	1	44.8 1	51.8 1
2	1	44.841 1	51.612 1
2	1	44.890 1	51.837 1
2	1	44.312 1	51.308 1
2	1	44.916 1	51.856 1
2	1	44.34 1	51.33 1
2	1	44.962 1	51.885 1
2	1	44.490 1	51.492 1
2	1	44.739 1	51.692 1
2	1	44.963 1	51.886 1
2	1	44.964 1	51.887 1
2	1	44.195 1	51.193 1
2	1	44.460 1	51.438 1
2	1	44.11 1	51.11 1
2	1	44.498 1	51.499 1
2	1	44.806 1	51.746 1
2	1	44.837 1	51.608 1
3	2	44.846 1	51.550 0.711 51.554 1
2	1	44.808 1	51.749 1
2	1	44.789 1	51.729 1
2	1	44.477 1	51.479 1
2	1	44.165 1	51.163 1
2	1	44.154 1	51.152 1
2	1	44.762 1	51.707 1
2	1	44.482 1	51.484 1
2	1	44.1001 1	51.922 1
2	1	44.1034 1	51.955 1
3	2	44.419 1 44.421 0.177	51.790 1
2	1	44.938 1	51.862 1
2	1	44.947 1	51.871 1
2	1	44.524 1	51.685 1
2	1	44.868 1	51.813 1
2	1	44.379 1	51.378 1
2	1	44.478 1	51.480 1
2	1	44.719 1	51.553 1
3	2	44.78 1 44.847 0.862	51.74 1
2	1	44.803 1	51.743 1
2	1	44.823 1	51.762 1
2	1	44.516 1	51.527 1
2	1	44.845 1	51.555 1
2	1	44.1017 1	51.938 1
2	1	44.535 1	51.558 1
2	1	44.961 1	51.884 1
2	1	44.43 1	51.42 1
2	1	44.495 1	51.497 1
2	1	44.861 1	51.806 1
2	1	44.105 1	51.103 1
2	1	44.63 1	51.59 1
2	1	44.461 1	51.439 1
2	1	44.942 1	51.866 1
3	2	44.933 1	51.519 0.427 51.522 1
2	1	44.983 1	51.904 1
2	1	44.941 1	51.865 1
2	1	44.883 1	51.830 1
2	1	44.919 1	51.859 1
2	1	44.777 1	51.722 1
2	1	44.445 1	51.420 1
2	1	44.469 1	51.453 1
2	1	44.104 1	51.102 1
2	1	44.169 1	51.167 1
2	1	44.199 1	51.197 1
2	1	44.262 1	51.261 1
2	1	44.332 1	51.326 1
2	1	44.369 1	51.362 1
2	1	44.748 1	51.881 1
2	1	44.931 1	51.520 1
2	1	44.259 1	51.258 1
2	1	44.952 1	51.880 1
2	1	44.775 1	51.720 1
2	1	44.489 1	51.491 1
2	1	44.865 1	51.810 1
2	1	44.1040 1	51.962 1
2	1	44.1068 1	51.992 1
2	1	44.862 1	51.807 1
2	1	44.1010 1	51.931 1
2	1	44.208 1	51.204 1
2	1	44.394 1	51.391 1
2	1	44.523 1	51.684 1
2	1	44.787 1	51.727 1
2	1	44.247 1	51.248 1
2	1	44.679 1	51.370 1
2	1	44.378 1	51.377 1
2	1	44.313 1	51.309 1
2	1	44.426 1	51.705 1
2	1	44.133 1	51.132 1
2	1	44.173 1	51.171 1
2	1	44.282 1	51.281 1
2	1	44.120 1	51.118 1
2	1	44.1006 1	51.927 1
2	1	44.147 1	51.145 1
2	1	44.336 1	51.330 1
2	1	44.949 1	51.873 1
2	1	44.386 1	51.385 1
2	1	44.340 1	51.334 1
2	1	44.501 1	51.502 1
2	1	44.275 1	51.274 1
2	1	44.987 1	51.908 1
2	1	44.968 1	51.891 1
2	1	44.278 1	51.277 1
2	1	44.214 1	51.210 1
2	1	44.499 1	51.500 1
2	1	44.872 1	51.818 1
2	1	44.1038 1	51.960 1
2	1	44.507 1	51.508 1
2	1	44.817 1	51.756 1
2	1	44.196 1	51.194 1
2	1	44.305 1	51.300 1
2	1	44.153 1	51.151 1
2	1	44.1003 1	51.924 1
2	1	44.465 1	51.448 1
2	1	44.190 1	51.188 1
2	1	44.998 1	51.919 1
2	1	44.1031 1	51.950 1
2	1	44.301 1	51.434 1
2	1	44.303 1	51.436 1
2	1	44.319 1	51.315 1
2	1	44.343 1	51.337 1
2	1	44.486 1	51.488 1
2	1	44.31 1	51.30 1
2	1	44.488 1	51.490 1
2	1	44.895 1	51.842 1
2	1	44.285 1	51.284 1
2	1	44.346 1	51.340 1
2	1	44.374 1	51.367 1
2	1	44.130 1	51.129 1
2	1	44.860 1	51.805 1
2	1	44.715 1	51.821 1
2	1	44.764 1	51.709 1
2	1	44.1033 1	51.954 1
2	1	44.181 1	51.179 1
2	1	44.945 1	51.869 1
2	1	44.1056 1	51.978 1
2	1	44.47 1	51.46 1
2	1	44.80 1	51.76 1
2	1	44.1060 1	51.982 1
2	1	44.273 1	51.272 1
2	1	44.344 1	51.338 1
2	1	44.101 1	51.99 1
2	1	44.763 1	51.708 1
2	1	44.274 1	51.273 1
2	1	44.756 1	51.701 1
2	1	44.373 1	51.366 1
2	1	44.802 1	51.742 1
2	1	44.38 1	51.37 1
2	1	44.1011 1	51.932 1
2	1	44.333 1	51.327 1
2	1	44.150 1	51.148 1
2	1	44.867 1	51.812 1
2	1	44.10 1	51.10 1
2	1	44.28 1	51.27 1
2	1	44.769 1	51.714 1
2	1	44.873 1	51.819 1
2	1	44.224 1	51.225 1
2	1	44.7 1	51.7 1
2	1	44.94 1	51.92 1
2	1	44.152 1	51.150 1
2	1	44.1032 1	51.951 1
2	1	44.917 1	51.857 1
2	1	44.390 1	51.579 1
2	1	44.1069 1	51.993 1
2	1	44.1000 1	51.921 1
2	1	44.76 1	51.72 1
2	1	44.1063 1	51.985 1
2	1	44.710 1	51.642 1
2	1	44.878 1	51.825 1
2	1	44.884 1	51.831 1
2	1	44.932 1	51.521 1
2	1	44.232 1	51.233 1
2	1	44.370 1	51.363 1
2	1	44.851 1	51.796 1
2	1	44.32 1	51.31 1
2	1	44.967 1	51.890 1
2	1	44.980 1	51.901 1
2	1	44.174 1	51.172 1
2	1	44.250 1	51.251 1
3	2	44.290 1 44.400 0.728	51.289 1
2	1	44.792 1	51.732 1
2	1	44.538 1	51.573 1
2	1	44.855 1	51.800 1
2	1	44.298 1	51.296 1
2	1	44.299 1	51.297 1
2	1	44.203 1	51.201 1
2	1	44.356 1	51.350 1
2	1	44.293 1	51.292 1
2	1	44.1027 1	51.947 1
2	1	44.1021 1	51.639 1
2	1	44.1004 1	51.925 1
2	1	44.36 1	51.35 1
2	1	44.683 1	51.369 1
2	1	44.222 1	51.223 1
2	1	44.186 1	51.184 1
2	1	44.993 1	51.914 1
2	1	44.200 1	51.198 1
2	1	44.35 1	51.34 1
2	1	44.1067 1	51.991 1
2	1	44.256 1	51.255 1
2	1	44.73 1	51.69 1
2	1	44.131 1	51.130 1
2	1	44.21 1	51.20 1
2	1	44.657 1	51.535 1
2	1	44.905 1	51.847 1
2	1	44.738 1	51.559 1
2	1	44.800 1	51.740 1
2	1	44.22 1	51.21 1
2	1	44.986 1	51.907 1
2	1	44.807 1	51.748 1
2	1	44.27 1	51.26 1
2	1	44.991 1	51.912 1
2	1	44.345 1	51.339 1
2	1	44.54 1	51.53 1
2	1	44.618 1	51.691 1
2	1	44.168 1	51.166 1
2	1	44.1008 1	51.929 1
2	1	44.660 1	51.585 1
2	1	44.338 1	51.332 1
2	1	44.449 1	51.424 1
2	1	44.893 1	51.840 1
2	1	44.307 1	51.302 1
2	1	44.747 1	51.697 1
2	1	44.856 1	51.801 1
2	1	44.218 1	51.214 1
2	1	44.408 1	51.322 1
2	1	44.503 1	51.504 1
2	1	44.201 1	51.199 1
2	1	44.134 1	51.133 1
2	1	44.216 1	51.212 1
2	1	44.475 1	51.477 1
2	1	44.148 1	51.146 1
2	1	44.210 1	51.206 1
2	1	44.145 1	51.143 1
2	1	44.226 1	51.227 1
2	1	44.229 1	51.230 1
2	1	44.453 1	51.427 1
2	1	44.532 1	51.557 1
2	1	44.939 1	51.863 1
2	1	44.943 1	51.867 1
2	1	44.306 1	51.301 1
2	1	44.831 1	51.766 1
2	1	44.9 1	51.9 1
2	1	44.138 1	51.136 1
2	1	44.327 1	51.325 1
2	1	44.661 1	51.629 1
2	1	44.785 1	51.725 1
2	1	44.994 1	51.915 1
2	1	44.879 1	51.826 1
2	1	44.950 1	51.878 1
2	1	44.70 1	51.66 1
2	1	44.1046 1	51.968 1
2	1	44.513 1	51.524 1
2	1	44.270 1	51.269 1
2	1	44.182 1	51.180 1
2	1	44.170 1	51.168 1
2	1	44.271 1	51.270 1
2	1	44.42 1	51.41 1
2	1	44.918 1	51.858 1
2	1	44.39 1	51.38 1
2	1	44.424 1	51.787 1
2	1	44.1013 1	51.934 1
2	1	44.1002 1	51.923 1
2	1	44.24 1	51.23 1
2	1	44.48 1	51.47 1
2	1	44.484 1	51.486 1
2	1	44.821 1	51.760 1
2	1	44.1019 1	51.940 1
2	1	44.141 1	51.139 1
2	1	44.19 1	51.19 1
2	1	44.1007 1	51.928 1
2	1	44.149 1	51.147 1
2	1	44.33 1	51.32 1
2	1	44.77 1	51.73 1
2	1	44.409 1	51.401 1
2	1	44.483 1	51.485 1
2	1	44.500 1	51.501 1
2	1	44.850 1	51.795 1
2	1	44.1080 1	51.1007 1
2	1	44.324 1	51.320 1
2	1	44.5 1	51.5 1
2	1	44.882 1	51.829 1
2	1	44.926 1	51.877 1
2	1	44.474 1	51.476 1
2	1	44.716 1	51.402 1
2	1	44.875 1	51.822 1
2	1	44.318 1	51.314 1
2	1	44.464 1	51.442 1
2	1	44.546 1	51.584 1
2	1	44.15 1	51.15 1
2	1	44.220 1	51.216 1
2	1	44.770 1	51.715 1
2	1	44.1043 1	51.965 1
2	1	44.658 1	51.536 1
2	1	44.888 1	51.835 1
2	1	44.880 1	51.827 1
2	1	44.818 1	51.757 1
2	1	44.508 1	51.509 1
2	1	44.463 1	51.441 1
2	1	44.358 1	51.352 1
2	1	44.1016 1	51.937 1
2	1	44.1014 1	51.935 1
2	1	44.46 1	51.45 1
2	1	44.267 1	51.266 1
2	1	44.272 1	51.271 1
2	1	44.119 1	51.117 1
2	1	44.350 1	51.344 1
3	2	44.294 1	51.293 1 51.662 1
2	1	44.437 1	51.414 1
12	27	44.415 1 44.590 1 44.414 1 44.422 0.294 44.758 0.290 44.709 0.286 44.567 0.281 44.676 0.107 44.677 0.098	51.614 1 51.551 1 51.615 1
2	1	44.842 1	51.613 1
2	1	44.1049 1	51.971 1
2	1	44.902 1	51.843 1
2	1	44.811 1	51.752 1
3	2	44.297 1	51.295 1 51.657 1
2	1	44.44 1	51.43 1
2	1	44.87 1	51.85 1
2	1	44.662 1	51.628 1
2	1	44.71 1	51.67 1
2	1	44.184 1	51.182 1
2	1	44.158 1	51.156 1
2	1	44.1009 1	51.930 1
2	1	44.52 1	51.51 1
2	1	44.832 1	51.767 1
2	1	44.852 1	51.797 1
2	1	44.92 1	51.90 1
2	1	44.951 1	51.879 1
2	1	44.996 1	51.917 1
2	1	44.207 1	51.816 1
2	1	44.392 1	51.389 1
2	1	44.322 1	51.318 1
2	1	44.515 1	51.526 1
2	1	44.682 1	51.371 1
2	1	44.680 1	51.373 1
2	1	44.889 1	51.836 1
2	1	44.809 1	51.750 1
2	1	44.219 1	51.215 1
2	1	44.23 1	51.22 1
2	1	44.805 1	51.745 1
2	1	44.361 1	51.355 1
2	1	44.892 1	51.839 1
2	1	44.339 1	51.333 1
2	1	44.109 1	51.107 1
2	1	44.204 1	51.445 1
2	1	44.245 1	51.246 1
2	1	44.1082 1	51.1009 1
2	1	44.139 1	51.137 1
2	1	44.740 1	51.693 1
2	1	44.468 1	51.452 1
2	1	44.254 1	51.253 1
2	1	44.1005 1	51.926 1
2	1	44.1050 1	51.782 1
2	1	44.1023 1	51.943 1
2	1	44.354 1	51.348 1
2	1	44.466 1	51.450 1
2	1	44.776 1	51.721 1
2	1	44.198 1	51.196 1
2	1	44.69 1	51.65 1
2	1	44.908 1	51.850 1
2	1	44.459 1	51.437 1
2	1	44.512 1	51.516 1
2	1	44.183 1	51.181 1
2	1	44.833 1	51.768 1
2	1	44.881 1	51.828 1
2	1	44.471 1	51.455 1
2	1	44.799 1	51.739 1
2	1	44.796 1	51.736 1
2	1	44.487 1	51.489 1
2	1	44.352 1	51.346 1
2	1	44.125 1	51.123 1
2	1	44.957 1	51.583 1
2	1	44.755 1	51.973 1
2	1	44.894 1	51.841 1
2	1	44.431 1	51.410 1
2	1	44.857 1	51.802 1
2	1	44.230 1	51.231 1
2	1	44.491 1	51.493 1
2	1	44.642 1	51.653 1
2	1	44.188 1	51.186 1
2	1	44.504 1	51.505 1
2	1	44.1025 1	51.683 1
2	1	44.321 1	51.317 1
2	1	44.116 1	51.114 1
2	1	44.759 1	51.704 1
2	1	44.906 1	51.848 1
2	1	44.140 1	51.138 1
4	3	44.721 1	51.560 1 51.777 0.369 51.778 0.248
2	1	44.427 1	51.953 1
2	1	44.260 1	51.259 1
2	1	44.545 1	51.788 1
2	1	44.684 1	51.368 1
2	1	44.157 1	51.155 1
2	1	44.404 1	51.400 1
2	1	44.780 1	51.640 1
2	1	44.925 1	51.876 1
2	1	44.128 1	51.988 1
2	1	44.129 1	51.989 1
2	1	44.291 1	51.290 1
3	2	44.959 1	51.403 1 51.406 0.089
2	1	44.231 1	51.232 1
2	1	44.746 1	51.696 1
2	1	44.810 1	51.751 1
2	1	44.511 1	51.515 1
2	1	44.1083 1	51.1010 1
2	1	44.115 1	51.113 1
3	2	44.666 0.095 44.725 1	51.702 1
2	1	44.493 1	51.495 1
2	1	44.749 1	51.698 1
2	1	44.995 1	51.916 1
2	1	44.121 1	51.119 1
2	1	44.430 1	51.407 1
2	1	44.836 1	51.607 1
2	1	44.812 1	51.631 1
2	1	44.269 1	51.268 1
2	1	44.839 1	51.610 1
2	1	44.480 1	51.482 1
5	6	44.591 1 44.594 0.644	51.624 0.088 51.682 1 51.882 0.211
2	1	44.840 1	51.611 1
2	1	44.381 1	51.380 1
2	1	44.159 1	51.157 1
2	1	44.656 1	51.534 1
2	1	44.649 1	51.539 1
4	4	44.741 1 44.743 0.137	51.694 0.437 51.770 1
2	1	44.784 1	51.80 1
2	1	44.579 1	51.1019 1
