Size	Relations	OrthoA	OrthoB
2	1	44.40 1	52.46 1
2	1	44.41 1	52.47 1
2	1	44.266 1	52.543 1
2	1	44.61 1	52.1313 1
2	1	44.85 1	52.235 1
2	1	44.55 1	52.84 1
2	1	44.1030 1	52.169 1
2	1	44.385 1	52.694 1
2	1	44.246 1	52.514 1
2	1	44.309 1	52.981 1
2	1	44.973 1	52.1211 1
2	1	44.86 1	52.236 1
2	1	44.976 1	52.1220 1
2	1	44.1022 1	52.187 1
2	1	44.95 1	52.287 1
2	1	44.972 1	52.1206 1
2	1	44.434 1	52.629 1
2	1	44.191 1	52.355 1
2	1	44.937 1	52.1151 1
2	1	44.368 1	52.1229 1
2	1	44.383 1	52.696 1
2	1	44.462 1	52.638 1
2	1	44.944 1	52.1174 1
2	1	44.79 1	52.960 1
2	1	44.172 1	52.315 1
2	1	44.794 1	52.998 1
2	1	44.162 1	52.296 1
3	2	44.1020 1	52.1161 0.217 52.410 1
2	1	44.4 1	52.4 1
2	1	44.323 1	52.969 1
2	1	44.3 1	52.3 1
2	1	44.357 1	52.722 1
2	1	44.60 1	52.1314 1
2	1	44.886 1	52.1110 1
2	1	44.791 1	52.995 1
2	1	44.161 1	52.295 1
2	1	44.72 1	52.1300 1
2	1	44.1058 1	52.1359 1
3	2	44.492 1	52.669 1 52.771 0.838
2	1	44.693 1	52.1331 1
2	1	44.458 1	52.186 1
2	1	44.12 1	52.13 1
2	1	44.887 1	52.1112 1
2	1	44.349 1	52.734 1
2	1	44.351 1	52.729 1
2	1	44.531 1	52.1050 1
2	1	44.969 1	52.1203 1
2	1	44.100 1	52.1271 1
2	1	44.108 1	52.1250 1
2	1	44.960 1	52.1186 1
2	1	44.406 1	52.1223 1
2	1	44.206 1	52.479 1
2	1	44.372 1	52.713 1
2	1	44.864 1	52.244 1
2	1	44.217 1	52.384 1
2	1	44.819 1	52.1030 1
2	1	44.934 1	52.1144 1
2	1	44.205 1	52.478 1
2	1	44.1045 1	52.1348 1
2	1	44.365 1	52.718 1
2	1	44.816 1	52.304 1
2	1	44.51 1	52.68 1
2	1	44.49 1	52.66 1
2	1	44.911 1	52.1138 1
2	1	44.124 1	52.1234 1
2	1	44.999 1	52.208 1
2	1	44.781 1	52.1297 1
2	1	44.912 1	52.1139 1
2	1	44.17 1	52.18 1
2	1	44.193 1	52.357 1
2	1	44.824 1	52.1036 1
2	1	44.348 1	52.735 1
2	1	44.1029 1	52.170 1
2	1	44.1065 1	52.1366 1
3	2	44.185 1	52.335 1 52.791 0.861
2	1	44.355 1	52.724 1
5	4	44.292 1	52.758 1 52.96 0.906 52.100 0.906 52.104 0.906
2	1	44.692 1	52.1330 1
2	1	44.136 1	52.245 1
2	1	44.102 1	52.256 1
2	1	44.541 1	52.1345 1
2	1	44.588 1	52.597 1
2	1	44.281 1	52.556 1
2	1	44.587 1	52.598 1
2	1	44.1059 1	52.1360 1
2	1	44.103 1	52.257 1
2	1	44.228 1	52.493 1
2	1	44.91 1	52.1273 1
2	1	44.279 1	52.554 1
2	1	44.167 1	52.302 1
2	1	44.225 1	52.397 1
2	1	44.496 1	52.674 1
2	1	44.126 1	52.704 1
2	1	44.106 1	52.1252 1
2	1	44.239 1	52.506 1
2	1	44.1072 1	52.1121 1
3	2	44.521 1 44.525 0.154	52.489 1
2	1	44.714 1	52.1099 1
2	1	44.854 1	52.1055 1
2	1	44.885 1	52.1109 1
2	1	44.1073 1	52.1373 1
2	1	44.965 1	52.1191 1
2	1	44.1048 1	52.1351 1
2	1	44.310 1	52.463 1
2	1	44.804 1	52.1007 1
2	1	44.111 1	52.1247 1
2	1	44.221 1	52.393 1
2	1	44.848 1	52.1328 1
3	2	44.1070 1 44.505 0.734	52.1371 1
2	1	44.314 1	52.1287 1
2	1	44.84 1	52.1279 1
2	1	44.948 1	52.1177 1
3	2	44.616 1	52.779 0.764 52.782 1
2	1	44.903 1	52.1131 1
2	1	44.1061 1	52.1362 1
2	1	44.238 1	52.505 1
2	1	44.844 1	52.1190 1
2	1	44.93 1	52.285 1
2	1	44.113 1	52.1242 1
2	1	44.456 1	52.184 1
3	2	44.1075 1	52.1374 1 52.1059 0.769
2	1	44.896 1	52.426 1
2	1	44.436 1	52.485 1
2	1	44.455 1	52.183 1
2	1	44.1026 1	52.174 1
2	1	44.122 1	52.1236 1
3	2	44.519 1 44.608 0.170	52.707 1
2	1	44.187 1	52.339 1
3	2	44.518 0.492 44.607 1	52.706 1
2	1	44.686 1	52.466 1
2	1	44.870 1	52.1080 1
2	1	44.644 1	52.1197 1
2	1	44.202 1	52.366 1
2	1	44.897 1	52.425 1
2	1	44.909 1	52.1129 1
2	1	44.1024 1	52.179 1
2	1	44.347 1	52.737 1
2	1	44.907 1	52.73 1
2	1	44.494 1	52.672 1
2	1	44.700 1	52.471 1
2	1	44.25 1	52.26 1
2	1	44.160 1	52.279 1
2	1	44.295 1	52.750 1
2	1	44.320 1	52.972 1
2	1	44.830 1	52.1040 1
2	1	44.1062 1	52.1363 1
2	1	44.177 1	52.328 1
2	1	44.786 1	52.992 1
2	1	44.308 1	52.982 1
2	1	44.636 1	52.946 1
2	1	44.1053 1	52.1353 1
2	1	44.171 1	52.314 1
2	1	44.990 1	52.223 1
3	2	44.913 1	52.1140 1 52.840 0.796
2	1	44.353 1	52.727 1
2	1	44.377 1	52.665 1
2	1	44.371 1	52.714 1
2	1	44.1039 1	52.1337 1
2	1	44.730 1	52.1108 1
5	4	44.1044 1	52.1343 1 52.85 0.906 52.446 0.906 52.844 0.906
2	1	44.1015 1	52.192 1
2	1	44.151 1	52.277 1
2	1	44.156 1	52.292 1
2	1	44.566 1	52.885 1
2	1	44.863 1	52.1069 1
2	1	44.110 1	52.1248 1
2	1	44.992 1	52.215 1
2	1	44.261 1	52.538 1
2	1	44.325 1	52.1015 1
2	1	44.258 1	52.525 1
2	1	44.891 1	52.1116 1
2	1	44.814 1	52.305 1
2	1	44.16 1	52.17 1
2	1	44.989 1	52.224 1
2	1	44.304 1	52.986 1
2	1	44.280 1	52.555 1
2	1	44.289 1	52.564 1
5	6	44.712 1 44.744 0.052	52.1162 0.132 52.1172 0.129 52.409 1
2	1	44.166 1	52.300 1
3	2	44.391 1 44.767 0.793	52.1074 1
2	1	44.640 1	52.217 1
2	1	44.637 1	52.948 1
3	2	44.611 1	52.780 1 52.784 0.160
2	1	44.311 1	52.980 1
2	1	44.457 1	52.185 1
2	1	44.56 1	52.1122 1
2	1	44.797 1	52.1000 1
2	1	44.1064 1	52.1365 1
2	1	44.454 1	52.182 1
2	1	44.197 1	52.361 1
2	1	44.255 1	52.522 1
2	1	44.30 1	52.31 1
2	1	44.476 1	52.650 1
2	1	44.564 1	52.883 1
2	1	44.227 1	52.492 1
2	1	44.236 1	52.503 1
2	1	44.639 1	52.218 1
2	1	44.14 1	52.15 1
2	1	44.1081 1	52.1378 1
2	1	44.1079 1	52.1376 1
2	1	44.235 1	52.500 1
2	1	44.387 1	52.693 1
2	1	44.53 1	52.78 1
2	1	44.779 1	52.990 1
2	1	44.853 1	52.1054 1
2	1	44.215 1	52.382 1
2	1	44.793 1	52.997 1
2	1	44.825 1	52.1039 1
2	1	44.904 1	52.5 1
2	1	44.359 1	52.1323 1
2	1	44.212 1	52.377 1
2	1	44.790 1	52.994 1
2	1	44.6 1	52.7 1
2	1	44.107 1	52.1251 1
2	1	44.402 1	52.685 1
2	1	44.497 1	52.675 1
3	2	44.689 1	52.755 0.181 52.804 1
2	1	44.1042 1	52.1340 1
2	1	44.237 1	52.504 1
2	1	44.876 1	52.1095 1
2	1	44.194 1	52.358 1
2	1	44.403 1	52.684 1
2	1	44.75 1	52.1291 1
2	1	44.514 1	52.76 1
2	1	44.1077 1	52.242 1
2	1	44.82 1	52.1282 1
2	1	44.132 1	52.1296 1
2	1	44.58 1	52.1124 1
2	1	44.1 1	52.1 1
2	1	44.1055 1	52.1355 1
2	1	44.820 1	52.1032 1
2	1	44.209 1	52.374 1
2	1	44.240 1	52.507 1
2	1	44.242 1	52.509 1
2	1	44.284 1	52.559 1
2	1	44.88 1	52.238 1
2	1	44.189 1	52.353 1
2	1	44.326 1	52.1016 1
3	2	44.57 1 44.768 0.938	52.1123 1
2	1	44.681 1	52.231 1
2	1	44.1057 1	52.1357 1
2	1	44.364 1	52.719 1
2	1	44.74 1	52.1292 1
2	1	44.276 1	52.551 1
2	1	44.877 1	52.1096 1
2	1	44.1047 1	52.1350 1
2	1	44.211 1	52.376 1
2	1	44.213 1	52.380 1
2	1	44.362 1	52.721 1
2	1	44.997 1	52.210 1
2	1	44.542 1	52.1346 1
2	1	44.988 1	52.225 1
2	1	44.472 1	52.645 1
2	1	44.1012 1	52.195 1
2	1	44.268 1	52.545 1
2	1	44.265 1	52.542 1
2	1	44.277 1	52.552 1
2	1	44.699 1	52.472 1
2	1	44.37 1	52.39 1
3	2	44.428 1 44.663 0.743	52.623 1
2	1	44.264 1	52.541 1
2	1	44.874 1	52.1092 1
2	1	44.233 1	52.498 1
2	1	44.477 1	52.651 1
2	1	44.376 1	52.702 1
2	1	44.341 1	52.765 1
2	1	44.18 1	52.19 1
2	1	44.248 1	52.516 1
2	1	44.78 1	52.1284 1
3	2	44.485 1	52.659 1 52.930 0.746
2	1	44.337 1	52.962 1
2	1	44.481 1	52.654 1
2	1	44.81 1	52.1283 1
2	1	44.146 1	52.272 1
2	1	44.866 1	52.1076 1
2	1	44.29 1	52.30 1
2	1	44.43 1	52.49 1
3	2	44.543 1	52.1347 1 52.529 0.816
2	1	44.643 1	52.58 1
2	1	44.64 1	52.1308 1
2	1	44.1017 1	52.190 1
2	1	44.1018 1	52.189 1
2	1	44.180 1	52.331 1
2	1	44.2 1	52.2 1
2	1	44.257 1	52.524 1
2	1	44.65 1	52.1307 1
2	1	44.178 1	52.329 1
2	1	44.123 1	52.1235 1
2	1	44.154 1	52.290 1
2	1	44.176 1	52.319 1
2	1	44.62 1	52.1312 1
4	3	44.1071 1 44.858 0.858 44.1052 0.848	52.1372 1
2	1	44.175 1	52.318 1
2	1	44.808 1	52.1084 1
2	1	44.971 1	52.1205 1
2	1	44.66 1	52.1306 1
2	1	44.360 1	52.584 1
2	1	44.1054 1	52.1354 1
2	1	44.966 1	52.1192 1
2	1	44.13 1	52.14 1
2	1	44.83 1	52.1281 1
2	1	44.940 1	52.1154 1
2	1	44.962 1	52.1188 1
2	1	44.67 1	52.1305 1
2	1	44.59 1	52.1125 1
3	2	44.143 1 44.144 0.087	52.269 1
2	1	44.1078 1	52.1375 1
2	1	44.8 1	52.9 1
2	1	44.135 1	52.243 1
2	1	44.199 1	52.363 1
2	1	44.777 1	52.988 1
2	1	44.803 1	52.1004 1
2	1	44.865 1	52.1070 1
2	1	44.467 1	52.640 1
3	2	44.778 1 44.980 0.775	52.989 1
2	1	44.861 1	52.1067 1
2	1	44.112 1	52.1243 1
4	3	44.823 1	52.1035 1 52.130 0.860 52.853 0.732
2	1	44.283 1	52.558 1
2	1	44.495 1	52.673 1
2	1	44.733 1	52.567 1
2	1	44.963 1	52.1073 1
2	1	44.502 1	52.680 1
2	1	44.50 1	52.67 1
2	1	44.179 1	52.330 1
2	1	44.195 1	52.359 1
2	1	44.1068 1	52.1369 1
2	1	44.1006 1	52.201 1
2	1	44.68 1	52.1304 1
2	1	44.315 1	52.1286 1
2	1	44.300 1	52.574 1
2	1	44.363 1	52.720 1
2	1	44.1003 1	52.204 1
2	1	44.1031 1	52.168 1
2	1	44.1041 1	52.1339 1
2	1	44.34 1	52.35 1
2	1	44.524 1	52.490 1
2	1	44.118 1	52.1240 1
2	1	44.163 1	52.297 1
2	1	44.868 1	52.1078 1
2	1	44.869 1	52.1079 1
2	1	44.1076 1	52.241 1
2	1	44.316 1	52.1285 1
2	1	44.336 1	52.963 1
3	2	44.771 1	52.1166 0.198 52.129 1
2	1	44.394 1	52.689 1
2	1	44.822 1	52.1034 1
2	1	44.968 1	52.1202 1
2	1	44.243 1	52.510 1
2	1	44.378 1	52.700 1
2	1	44.910 1	52.1130 1
2	1	44.173 1	52.316 1
2	1	44.895 1	52.1120 1
2	1	44.507 1	52.602 1
2	1	44.190 1	52.354 1
2	1	44.952 1	52.1184 1
2	1	44.105 1	52.1253 1
2	1	44.379 1	52.697 1
2	1	44.890 1	52.1115 1
2	1	44.244 1	52.511 1
2	1	44.80 1	52.959 1
2	1	44.263 1	52.540 1
2	1	44.89 1	52.1275 1
2	1	44.1001 1	52.206 1
2	1	44.45 1	52.62 1
2	1	44.312 1	52.979 1
2	1	44.11 1	52.12 1
2	1	44.393 1	52.690 1
2	1	44.539 1	52.918 1
2	1	44.1011 1	52.196 1
2	1	44.1032 1	52.167 1
2	1	44.130 1	52.232 1
2	1	44.335 1	52.964 1
2	1	44.987 1	52.226 1
2	1	44.288 1	52.563 1
2	1	44.798 1	52.1001 1
2	1	44.964 1	52.1189 1
2	1	44.1040 1	52.1338 1
2	1	44.334 1	52.965 1
2	1	44.223 1	52.395 1
2	1	44.262 1	52.539 1
2	1	44.282 1	52.557 1
2	1	44.253 1	52.520 1
2	1	44.275 1	52.550 1
2	1	44.317 1	52.1288 1
2	1	44.346 1	52.738 1
3	2	44.705 1	52.815 1 52.942 0.397
3	2	44.837 1	52.176 1 52.178 0.087
2	1	44.375 1	52.710 1
3	2	44.859 1	52.1060 1 52.1063 0.371
2	1	44.949 1	52.1178 1
2	1	44.998 1	52.209 1
2	1	44.192 1	52.356 1
2	1	44.319 1	52.976 1
2	1	44.153 1	52.282 1
2	1	44.286 1	52.561 1
2	1	44.489 1	52.664 1
2	1	44.970 1	52.1204 1
2	1	44.285 1	52.560 1
2	1	44.340 1	52.768 1
4	3	44.510 1	52.744 1 52.919 0.967 52.927 0.932
2	1	44.795 1	52.1193 1
2	1	44.469 1	52.642 1
2	1	44.31 1	52.32 1
2	1	44.369 1	52.1228 1
2	1	44.101 1	52.1269 1
3	2	44.328 1 44.96 0.060	52.1047 1
2	1	44.479 1	52.1212 1
3	2	44.947 1	52.283 0.280 52.284 1
2	1	44.993 1	52.214 1
2	1	44.214 1	52.381 1
2	1	44.332 1	52.967 1
2	1	44.873 1	52.1091 1
2	1	44.249 1	52.517 1
2	1	44.313 1	52.978 1
2	1	44.679 1	52.227 1
2	1	44.94 1	52.286 1
2	1	44.1000 1	52.207 1
2	1	44.131 1	52.233 1
2	1	44.250 1	52.518 1
2	1	44.1056 1	52.1356 1
2	1	44.36 1	52.38 1
2	1	44.883 1	52.1104 1
4	3	44.181 1	52.332 1 52.468 0.772 52.773 0.760
2	1	44.200 1	52.364 1
2	1	44.342 1	52.764 1
3	2	44.917 1 44.769 0.935	52.1141 1
2	1	44.1063 1	52.1364 1
2	1	44.516 1	52.1088 1
2	1	44.739 1	52.1233 1
2	1	44.867 1	52.1077 1
2	1	44.1008 1	52.199 1
2	1	44.38 1	52.43 1
2	1	44.388 1	52.692 1
2	1	44.234 1	52.499 1
2	1	44.1004 1	52.203 1
2	1	44.1038 1	52.1336 1
2	1	44.835 1	52.800 1
2	1	44.945 1	52.1175 1
2	1	44.63 1	52.1311 1
2	1	44.76 1	52.1290 1
2	1	44.855 1	52.1056 1
2	1	44.576 1	52.628 1
2	1	44.142 1	52.268 1
2	1	44.333 1	52.966 1
2	1	44.690 1	52.805 1
2	1	44.884 1	52.1105 1
2	1	44.473 1	52.646 1
2	1	44.73 1	52.1299 1
2	1	44.991 1	52.216 1
2	1	44.10 1	52.11 1
2	1	44.164 1	52.298 1
2	1	44.356 1	52.723 1
2	1	44.893 1	52.1118 1
2	1	44.1069 1	52.1370 1
3	2	44.526 1	52.603 0.187 52.730 1
2	1	44.150 1	52.276 1
2	1	44.7 1	52.8 1
2	1	44.941 1	52.1155 1
2	1	44.165 1	52.299 1
2	1	44.278 1	52.553 1
2	1	44.28 1	52.29 1
2	1	44.1067 1	52.1368 1
2	1	44.133 1	52.239 1
2	1	44.773 1	52.132 1
2	1	44.871 1	52.1081 1
2	1	44.407 1	52.1222 1
2	1	44.961 1	52.1187 1
2	1	44.994 1	52.213 1
2	1	44.174 1	52.317 1
2	1	44.241 1	52.508 1
2	1	44.298 1	52.258 1
2	1	44.405 1	52.1224 1
4	3	44.42 1	52.48 1 52.93 0.846 52.469 1
2	1	44.815 1	52.635 1
2	1	44.950 1	52.1182 1
2	1	44.792 1	52.996 1
2	1	44.807 1	52.1083 1
2	1	44.878 1	52.1098 1
2	1	44.1013 1	52.194 1
2	1	44.1060 1	52.1361 1
2	1	44.621 1	52.851 1
2	1	44.926 1	52.957 1
2	1	44.256 1	52.523 1
2	1	44.19 1	52.20 1
2	1	44.862 1	52.1068 1
2	1	44.1019 1	52.188 1
2	1	44.1002 1	52.205 1
2	1	44.1033 1	52.163 1
2	1	44.698 1	52.473 1
2	1	44.1037 1	52.1335 1
2	1	44.224 1	52.396 1
2	1	44.370 1	52.379 1
2	1	44.39 1	52.44 1
4	3	44.448 1	52.705 1 52.74 0.768 52.474 0.867
2	1	44.470 1	52.643 1
2	1	44.748 1	52.769 1
2	1	44.802 1	52.1003 1
2	1	44.486 1	52.660 1
3	2	44.706 1	52.816 1 52.943 0.528
2	1	44.710 1	52.528 1
2	1	44.155 1	52.291 1
2	1	44.203 1	52.367 1
2	1	44.1034 1	52.162 1
8	7	44.137 0.130 44.302 1 44.413 0.159 44.553 0.091 44.556 0.091 44.719 0.065 44.845 0.103	52.400 1
2	1	44.120 1	52.1238 1
2	1	44.149 1	52.275 1
2	1	44.21 1	52.22 1
2	1	44.528 1	52.604 1
3	2	44.367 1	52.1230 1 52.1231 0.067
2	1	44.806 1	52.1010 1
2	1	44.344 1	52.742 1
2	1	44.501 1	52.679 1
2	1	44.523 1	52.491 1
2	1	44.715 1	52.1093 1
2	1	44.271 1	52.548 1
2	1	44.182 1	52.333 1
2	1	44.577 1	52.626 1
2	1	44.488 1	52.663 1
2	1	44.47 1	52.64 1
2	1	44.490 1	52.666 1
2	1	44.880 1	52.1100 1
2	1	44.1014 1	52.193 1
2	1	44.22 1	52.23 1
2	1	44.695 1	52.1333 1
2	1	44.565 1	52.884 1
2	1	44.270 1	52.547 1
2	1	44.54 1	52.79 1
7	6	44.691 1	52.1329 1 52.448 0.862 52.776 0.950 52.796 0.781 52.843 0.826 52.1165 0.834
2	1	44.299 1	52.566 1
2	1	44.1021 1	52.590 1
2	1	44.216 1	52.383 1
2	1	44.513 1	52.573 1
2	1	44.882 1	52.1102 1
2	1	44.1016 1	52.191 1
2	1	44.104 1	52.1254 1
2	1	44.1046 1	52.1349 1
2	1	44.851 1	52.1052 1
2	1	44.967 1	52.1201 1
2	1	44.210 1	52.375 1
2	1	44.1007 1	52.200 1
2	1	44.1009 1	52.198 1
2	1	44.24 1	52.25 1
2	1	44.324 1	52.968 1
2	1	44.811 1	52.1087 1
2	1	44.918 1	52.1142 1
2	1	44.229 1	52.494 1
2	1	44.569 1	52.890 1
2	1	44.290 1	52.565 1
2	1	44.145 1	52.271 1
2	1	44.821 1	52.1033 1
2	1	44.134 1	52.240 1
2	1	44.1049 1	52.1352 1
2	1	44.384 1	52.695 1
2	1	44.527 1	52.605 1
2	1	44.373 1	52.712 1
2	1	44.343 1	52.743 1
2	1	44.141 1	52.266 1
2	1	44.169 1	52.312 1
2	1	44.232 1	52.497 1
2	1	44.831 1	52.1041 1
3	2	44.87 1	52.237 1 52.569 1
2	1	44.938 1	52.1153 1
2	1	44.1010 1	52.197 1
2	1	44.272 1	52.549 1
2	1	44.247 1	52.515 1
12	11	44.294 1	52.749 1 52.431 1 52.751 0.813 52.772 0.903 52.774 1 52.795 1 52.806 1 52.818 0.774 52.842 0.946 52.893 0.903 52.933 0.832
2	1	44.77 1	52.1289 1
2	1	44.92 1	52.1272 1
2	1	44.951 1	52.1183 1
2	1	44.996 1	52.211 1
2	1	44.70 1	52.1302 1
2	1	44.219 1	52.391 1
2	1	44.35 1	52.36 1
2	1	44.785 1	52.991 1
2	1	44.1036 1	52.156 1
2	1	44.339 1	52.949 1
2	1	44.345 1	52.741 1
2	1	44.850 1	52.1051 1
2	1	44.1043 1	52.1341 1
2	1	44.338 1	52.961 1
2	1	44.483 1	52.656 1
2	1	44.222 1	52.394 1
2	1	44.23 1	52.24 1
2	1	44.818 1	52.1014 1
4	3	44.762 0.147 44.843 1 44.977 0.092	52.736 1
2	1	44.259 1	52.530 1
2	1	44.147 1	52.273 1
2	1	44.48 1	52.65 1
2	1	44.9 1	52.10 1
2	1	44.71 1	52.1301 1
2	1	44.902 1	52.155 1
2	1	44.267 1	52.544 1
2	1	44.350 1	52.733 1
2	1	44.1005 1	52.202 1
2	1	44.491 1	52.668 1
2	1	44.5 1	52.6 1
2	1	44.358 1	52.88 1
2	1	44.15 1	52.16 1
2	1	44.230 1	52.495 1
2	1	44.401 1	52.686 1
2	1	44.478 1	52.652 1
2	1	44.503 1	52.681 1
2	1	44.694 1	52.1332 1
2	1	44.468 1	52.641 1
2	1	44.900 1	52.589 1
10	9	44.297 1	52.745 1 52.97 0.848 52.101 0.848 52.105 0.848 52.436 0.903 52.754 1 52.803 0.860 52.826 0.807 52.921 0.879
2	1	44.852 1	52.1053 1
2	1	44.90 1	52.1274 1
2	1	44.318 1	52.977 1
2	1	44.805 1	52.1008 1
2	1	44.46 1	52.63 1
2	1	44.857 1	52.1058 1
2	1	44.515 1	52.575 1
2	1	44.532 1	52.1324 1
2	1	44.168 1	52.311 1
2	1	44.305 1	52.985 1
2	1	44.499 1	52.677 1
2	1	44.322 1	52.970 1
2	1	44.465 1	52.387 1
2	1	44.498 1	52.676 1
2	1	44.919 1	52.1143 1
2	1	44.925 1	52.956 1
2	1	44.220 1	52.392 1
2	1	44.293 1	52.756 1
2	1	44.620 1	52.850 1
2	1	44.888 1	52.1113 1
2	1	44.892 1	52.1117 1
2	1	44.183 1	52.336 1
2	1	44.119 1	52.1239 1
2	1	44.198 1	52.362 1
2	1	44.184 1	52.334 1
3	2	44.618 1	52.781 1 52.785 0.734
2	1	44.894 1	52.1119 1
2	1	44.437 1	52.502 1
2	1	44.1082 1	52.1379 1
2	1	44.287 1	52.562 1
2	1	44.1027 1	52.173 1
2	1	44.260 1	52.537 1
2	1	44.471 1	52.644 1
2	1	44.52 1	52.69 1
2	1	44.875 1	52.1094 1
2	1	44.508 1	52.601 1
2	1	44.881 1	52.1101 1
2	1	44.158 1	52.294 1
2	1	44.254 1	52.521 1
2	1	44.568 1	52.889 1
2	1	44.140 1	52.265 1
2	1	44.817 1	52.1013 1
2	1	44.834 1	52.799 1
2	1	44.69 1	52.1303 1
2	1	44.860 1	52.1066 1
2	1	44.33 1	52.34 1
2	1	44.404 1	52.683 1
2	1	44.475 1	52.648 1
3	2	44.838 1 44.841 0.194	52.175 1
2	1	44.1083 1	52.1380 1
2	1	44.109 1	52.1249 1
2	1	44.306 1	52.984 1
2	1	44.354 1	52.725 1
2	1	44.321 1	52.971 1
2	1	44.533 1	52.1164 1
2	1	44.474 1	52.647 1
2	1	44.152 1	52.278 1
2	1	44.273 1	52.368 1
2	1	44.509 1	52.1167 1
2	1	44.799 1	52.1002 1
3	2	44.687 1	52.596 0.221 52.828 1
2	1	44.832 1	52.421 1
2	1	44.809 1	52.1085 1
2	1	44.995 1	52.212 1
2	1	44.682 1	52.228 1
2	1	44.872 1	52.1082 1
3	2	44.445 1 44.536 0.203	52.1194 1
2	1	44.942 1	52.1156 1
2	1	44.374 1	52.711 1
2	1	44.466 1	52.639 1
3	2	44.772 1	52.1071 0.282 52.131 1
2	1	44.889 1	52.1114 1
2	1	44.201 1	52.365 1
2	1	44.1080 1	52.1377 1
2	1	44.812 1	52.1209 1
2	1	44.26 1	52.27 1
2	1	44.784 1	52.1298 1
2	1	44.245 1	52.513 1
2	1	44.32 1	52.33 1
2	1	44.740 1	52.817 1
2	1	44.787 1	52.993 1
2	1	44.833 1	52.1042 1
2	1	44.943 1	52.1157 1
2	1	44.148 1	52.274 1
2	1	44.291 1	52.759 1
2	1	44.392 1	52.691 1
2	1	44.409 1	52.682 1
2	1	44.44 1	52.61 1
2	1	44.482 1	52.655 1
2	1	44.776 1	52.987 1
2	1	44.139 1	52.267 1
2	1	44.500 1	52.678 1
2	1	44.121 1	52.1237 1
2	1	44.157 1	52.293 1
4	3	44.417 1	52.1315 0.066 52.1325 0.060 52.449 1
2	1	44.487 1	52.662 1
2	1	44.226 1	52.398 1
4	3	44.410 1	52.1160 0.054 52.142 0.078 52.617 1
15	50	44.571 1 44.598 0.334 44.624 0.076 44.634 0.570 44.697 0.753	52.1106 1 52.148 0.694 52.372 1 52.438 1 52.451 1 52.687 1 52.698 1 52.731 1 52.766 1 52.910 1
2	1	44.196 1	52.360 1
2	1	44.493 1	52.670 1
3	2	44.666 0.305 44.725 1	52.1295 1
2	1	44.642 1	52.1198 1
2	1	44.856 1	52.1057 1
2	1	44.97 1	52.1217 1
15	44	44.572 1 44.631 0.549 44.635 0.929 44.696 0.984	52.1023 0.658 52.1107 0.986 52.147 0.986 52.371 0.986 52.437 0.986 52.450 1 52.688 0.986 52.699 0.986 52.732 0.986 52.767 0.986 52.911 0.986
2	1	44.1074 0.800	52.378 0.800
2	1	44.764 0.838	52.931 0.838
2	1	44.506 0.871	52.181 0.871
