Size	Relations	OrthoA	OrthoB
2	1	44.40 1	54.44 1
2	1	44.41 1	54.45 1
2	1	44.266 1	54.561 1
2	1	44.61 1	54.62 1
2	1	44.55 1	54.60 1
2	1	44.309 1	54.305 1
2	1	44.246 1	54.586 1
2	1	44.1030 1	54.761 1
2	1	44.973 1	54.140 1
2	1	44.385 1	54.380 1
2	1	44.972 1	54.141 1
2	1	44.976 1	54.139 1
2	1	44.95 1	54.98 1
2	1	44.462 1	54.451 1
2	1	44.434 1	54.464 1
2	1	44.1022 1	54.754 1
2	1	44.162 1	54.681 1
2	1	44.191 1	54.647 1
2	1	44.383 1	54.378 1
2	1	44.794 1	54.286 1
2	1	44.357 1	54.354 1
2	1	44.937 1	54.175 1
2	1	44.944 1	54.166 1
2	1	44.886 1	54.206 1
2	1	44.161 1	54.682 1
2	1	44.136 1	54.707 1
2	1	44.172 1	54.668 1
2	1	44.4 1	54.4 1
2	1	44.365 1	54.358 1
2	1	44.60 1	54.61 1
2	1	44.323 1	54.322 1
2	1	44.12 1	54.13 1
2	1	44.3 1	54.3 1
2	1	44.72 1	54.75 1
2	1	44.791 1	54.289 1
2	1	44.349 1	54.343 1
2	1	44.355 1	54.349 1
2	1	44.492 1	54.411 1
2	1	44.969 1	54.144 1
2	1	44.100 1	54.105 1
2	1	44.124 1	54.137 1
2	1	44.887 1	54.205 1
2	1	44.864 1	54.233 1
2	1	44.1058 1	54.793 1
2	1	44.351 1	54.345 1
2	1	44.960 1	54.154 1
2	1	44.49 1	54.53 1
2	1	44.819 1	54.259 1
2	1	44.217 1	54.622 1
2	1	44.91 1	54.94 1
2	1	44.372 1	54.362 1
2	1	44.114 1	54.120 1
2	1	44.310 1	54.306 1
2	1	44.51 1	54.55 1
2	1	44.934 1	54.176 1
2	1	44.1045 1	54.781 1
2	1	44.108 1	54.112 1
2	1	44.911 1	54.182 1
2	1	44.193 1	54.645 1
2	1	44.912 1	54.181 1
2	1	44.17 1	54.18 1
2	1	44.228 1	54.608 1
2	1	44.348 1	54.342 1
2	1	44.999 1	54.730 1
2	1	44.187 1	54.652 1
2	1	44.239 1	54.594 1
2	1	44.907 1	54.194 1
2	1	44.185 1	54.654 1
2	1	44.885 1	54.207 1
2	1	44.1029 1	54.760 1
2	1	44.824 1	54.252 1
2	1	44.113 1	54.117 1
2	1	44.965 1	54.148 1
2	1	44.281 1	54.546 1
3	2	44.521 0.099 44.525 1	54.405 1
2	1	44.279 1	54.548 1
2	1	44.1065 1	54.800 1
2	1	44.238 1	54.595 1
2	1	44.106 1	54.110 1
2	1	44.225 1	54.613 1
2	1	44.1072 1	54.807 1
2	1	44.1059 1	54.794 1
2	1	44.781 1	54.161 1
2	1	44.446 1	54.478 1
2	1	44.447 1	54.477 1
2	1	44.714 1	54.215 1
2	1	44.948 1	54.163 1
2	1	44.458 1	54.126 1
2	1	44.167 1	54.675 1
2	1	44.854 1	54.243 1
2	1	44.221 1	54.617 1
2	1	44.314 1	54.84 1
2	1	44.1073 1	54.808 1
2	1	44.84 1	54.91 1
2	1	44.111 1	54.115 1
2	1	44.117 1	54.130 1
3	2	44.1070 1 44.505 0.879	54.805 1
2	1	44.1048 1	54.784 1
2	1	44.779 1	54.294 1
2	1	44.93 1	54.96 1
2	1	44.25 1	54.25 1
2	1	44.815 1	54.267 1
2	1	44.909 1	54.186 1
2	1	44.848 1	54.485 1
2	1	44.240 1	54.593 1
2	1	44.844 1	54.121 1
2	1	44.235 1	54.601 1
2	1	44.122 1	54.135 1
2	1	44.1062 1	54.797 1
2	1	44.325 1	54.261 1
2	1	44.308 1	54.304 1
2	1	44.814 1	54.268 1
2	1	44.494 1	54.404 1
2	1	44.1061 1	54.796 1
2	1	44.347 1	54.341 1
2	1	44.1075 1	54.811 1
2	1	44.280 1	54.547 1
2	1	44.804 1	54.278 1
2	1	44.870 1	54.226 1
2	1	44.903 1	54.183 1
2	1	44.1026 1	54.758 1
3	2	44.391 1 44.767 0.841	54.384 1
2	1	44.1024 1	54.757 1
2	1	44.1074 1	54.809 1
2	1	44.202 1	54.635 1
2	1	44.1 1	54.1 1
2	1	44.387 1	54.382 1
2	1	44.1042 1	54.775 1
2	1	44.304 1	54.298 1
2	1	44.110 1	54.114 1
2	1	44.830 1	54.250 1
2	1	44.990 1	54.720 1
2	1	44.320 1	54.319 1
2	1	44.171 1	54.669 1
2	1	44.1053 1	54.786 1
2	1	44.786 1	54.292 1
2	1	44.166 1	54.677 1
2	1	44.30 1	54.30 1
2	1	44.151 1	54.692 1
2	1	44.177 1	54.662 1
2	1	44.268 1	54.559 1
2	1	44.479 1	54.429 1
2	1	44.155 1	54.685 1
2	1	44.1057 1	54.791 1
2	1	44.371 1	54.361 1
2	1	44.1064 1	54.799 1
2	1	44.236 1	54.597 1
2	1	44.215 1	54.624 1
2	1	44.2 1	54.2 1
2	1	44.402 1	54.390 1
2	1	44.261 1	54.566 1
2	1	44.455 1	54.123 1
2	1	44.1039 1	54.772 1
2	1	44.476 1	54.432 1
2	1	44.74 1	54.79 1
2	1	44.75 1	54.80 1
2	1	44.825 1	54.251 1
2	1	44.913 1	54.180 1
2	1	44.1044 1	54.780 1
2	1	44.1015 1	54.746 1
2	1	44.353 1	54.347 1
2	1	44.258 1	54.572 1
2	1	44.863 1	54.234 1
2	1	44.127 1	54.777 1
2	1	44.377 1	54.375 1
2	1	44.891 1	54.201 1
6	5	44.587 1 44.292 0.806 44.616 1 44.686 0.926 44.689 0.799	54.469 1
2	1	44.311 1	54.307 1
2	1	44.156 1	54.684 1
2	1	44.456 1	54.124 1
2	1	44.617 1	54.474 1
2	1	44.237 1	54.596 1
2	1	44.992 1	54.723 1
2	1	44.212 1	54.627 1
2	1	44.227 1	54.609 1
2	1	44.242 1	54.591 1
3	2	44.636 1	54.468 0.172 54.473 1
2	1	44.289 1	54.533 1
2	1	44.1079 1	54.813 1
2	1	44.197 1	54.641 1
2	1	44.107 1	54.111 1
2	1	44.265 1	54.562 1
2	1	44.16 1	54.17 1
2	1	44.989 1	54.719 1
2	1	44.797 1	54.283 1
2	1	44.793 1	54.287 1
2	1	44.53 1	54.57 1
2	1	44.14 1	54.15 1
2	1	44.255 1	54.575 1
2	1	44.65 1	54.66 1
2	1	44.179 1	54.660 1
2	1	44.403 1	54.391 1
2	1	44.853 1	54.244 1
2	1	44.472 1	54.442 1
2	1	44.6 1	54.7 1
2	1	44.67 1	54.68 1
2	1	44.362 1	54.355 1
2	1	44.1055 1	54.789 1
2	1	44.276 1	54.551 1
2	1	44.1077 1	54.128 1
2	1	44.326 1	54.260 1
2	1	44.971 1	54.142 1
2	1	44.253 1	54.580 1
2	1	44.497 1	54.402 1
2	1	44.876 1	54.218 1
2	1	44.132 1	54.712 1
2	1	44.335 1	54.327 1
2	1	44.790 1	54.290 1
2	1	44.904 1	54.5 1
2	1	44.194 1	54.644 1
2	1	44.406 1	54.715 1
2	1	44.126 1	54.103 1
2	1	44.820 1	54.257 1
2	1	44.997 1	54.728 1
2	1	44.988 1	54.718 1
2	1	44.189 1	54.649 1
2	1	44.467 1	54.449 1
2	1	44.359 1	54.40 1
2	1	44.123 1	54.136 1
2	1	44.209 1	54.630 1
2	1	44.877 1	54.217 1
2	1	44.29 1	54.29 1
2	1	44.284 1	54.542 1
2	1	44.376 1	54.372 1
2	1	44.82 1	54.89 1
2	1	44.822 1	54.255 1
2	1	44.64 1	54.65 1
3	2	44.428 1 44.663 0.723	54.508 1
2	1	44.18 1	54.19 1
2	1	44.364 1	54.357 1
2	1	44.213 1	54.626 1
2	1	44.257 1	54.573 1
2	1	44.448 1	54.476 1
2	1	44.81 1	54.88 1
2	1	44.211 1	54.628 1
3	2	44.874 1 44.59 0.796	54.221 1
2	1	44.1047 1	54.783 1
2	1	44.940 1	54.171 1
2	1	44.277 1	54.550 1
2	1	44.341 1	54.335 1
2	1	44.264 1	54.563 1
2	1	44.175 1	54.665 1
2	1	44.66 1	54.67 1
2	1	44.502 1	54.395 1
2	1	44.1081 1	54.815 1
2	1	44.337 1	54.329 1
2	1	44.176 1	54.664 1
5	6	44.1071 1 44.858 0.888 44.1052 0.743	54.806 1 54.239 0.825
2	1	44.233 1	54.603 1
2	1	44.481 1	54.424 1
2	1	44.248 1	54.584 1
2	1	44.1012 1	54.743 1
2	1	44.485 1	54.419 1
2	1	44.962 1	54.152 1
2	1	44.375 1	54.371 1
2	1	44.393 1	54.386 1
2	1	44.178 1	54.661 1
2	1	44.966 1	54.147 1
2	1	44.234 1	54.602 1
2	1	44.315 1	54.85 1
2	1	44.729 1	54.365 1
2	1	44.798 1	54.282 1
2	1	44.37 1	54.37 1
2	1	44.514 1	54.504 1
2	1	44.866 1	54.230 1
2	1	44.1018 1	54.749 1
2	1	44.457 1	54.125 1
2	1	44.62 1	54.63 1
2	1	44.1078 1	54.812 1
2	1	44.43 1	54.47 1
2	1	44.1054 1	54.788 1
2	1	44.50 1	54.54 1
2	1	44.83 1	54.486 1
2	1	44.96 1	54.99 1
4	4	44.144 1 44.143 0.801	54.699 1 54.700 0.497
2	1	44.477 1	54.431 1
4	3	44.78 1 44.400 0.737 44.847 0.741	54.87 1
2	1	44.286 1	54.540 1
2	1	44.384 1	54.379 1
2	1	44.13 1	54.14 1
2	1	44.135 1	54.708 1
2	1	44.180 1	54.659 1
2	1	44.199 1	54.639 1
3	2	44.778 1 44.980 0.718	54.295 1
2	1	44.154 1	54.686 1
2	1	44.1017 1	54.748 1
2	1	44.249 1	54.583 1
2	1	44.112 1	54.116 1
2	1	44.871 1	54.224 1
2	1	44.45 1	54.49 1
2	1	44.803 1	54.279 1
2	1	44.808 1	54.274 1
2	1	44.146 1	54.697 1
2	1	44.869 1	54.227 1
2	1	44.98 1	54.101 1
2	1	44.8 1	54.9 1
2	1	44.685 1	54.466 1
2	1	44.1076 1	54.127 1
2	1	44.865 1	54.232 1
2	1	44.528 1	54.461 1
2	1	44.946 1	54.164 1
2	1	44.244 1	54.589 1
2	1	44.379 1	54.377 1
2	1	44.288 1	54.534 1
2	1	44.445 1	54.479 1
2	1	44.34 1	54.34 1
2	1	44.163 1	54.680 1
2	1	44.334 1	54.326 1
2	1	44.58 1	54.185 1
2	1	44.342 1	54.336 1
2	1	44.777 1	54.296 1
2	1	44.283 1	54.544 1
2	1	44.970 1	54.143 1
2	1	44.312 1	54.308 1
2	1	44.910 1	54.184 1
3	2	44.963 1	54.150 1 54.426 0.728
2	1	44.495 1	54.403 1
2	1	44.527 1	54.460 1
2	1	44.868 1	54.228 1
2	1	44.300 1	54.526 1
2	1	44.105 1	54.109 1
2	1	44.223 1	54.615 1
2	1	44.263 1	54.564 1
2	1	44.454 1	54.122 1
2	1	44.1041 1	54.774 1
2	1	44.363 1	54.356 1
2	1	44.118 1	54.131 1
2	1	44.952 1	54.156 1
2	1	44.378 1	54.376 1
2	1	44.473 1	54.441 1
2	1	44.524 1	54.406 1
2	1	44.1068 1	54.803 1
2	1	44.660 1	54.482 1
2	1	44.195 1	54.643 1
2	1	44.68 1	54.69 1
2	1	44.243 1	54.590 1
2	1	44.1003 1	54.734 1
2	1	44.861 1	54.236 1
2	1	44.968 1	54.145 1
2	1	44.1006 1	54.737 1
2	1	44.1040 1	54.773 1
2	1	44.316 1	54.86 1
3	2	44.526 1	54.458 0.618 54.459 1
2	1	44.89 1	54.92 1
2	1	44.507 1	54.489 1
2	1	44.192 1	54.646 1
2	1	44.890 1	54.202 1
2	1	44.1031 1	54.762 1
2	1	44.173 1	54.667 1
2	1	44.11 1	54.12 1
2	1	44.317 1	54.83 1
2	1	44.394 1	54.387 1
2	1	44.142 1	54.702 1
2	1	44.795 1	54.146 1
2	1	44.285 1	54.541 1
2	1	44.470 1	54.446 1
2	1	44.733 1	54.711 1
2	1	44.165 1	54.678 1
2	1	44.469 1	54.447 1
2	1	44.1001 1	54.732 1
2	1	44.336 1	54.328 1
2	1	44.883 1	54.209 1
2	1	44.895 1	54.197 1
2	1	44.987 1	54.717 1
2	1	44.506 1	54.487 1
2	1	44.282 1	54.545 1
2	1	44.949 1	54.162 1
2	1	44.190 1	54.648 1
2	1	44.789 1	54.484 1
2	1	44.859 1	54.238 1
2	1	44.873 1	54.222 1
2	1	44.964 1	54.149 1
2	1	44.1011 1	54.742 1
2	1	44.961 1	54.153 1
2	1	44.130 1	54.714 1
2	1	44.1032 1	54.763 1
2	1	44.214 1	54.625 1
2	1	44.346 1	54.340 1
2	1	44.262 1	54.565 1
2	1	44.241 1	54.592 1
2	1	44.941 1	54.170 1
2	1	44.340 1	54.334 1
2	1	44.1069 1	54.804 1
2	1	44.516 1	54.363 1
2	1	44.517 1	54.270 1
2	1	44.640 1	54.316 1
2	1	44.319 1	54.318 1
2	1	44.164 1	54.679 1
2	1	44.332 1	54.324 1
2	1	44.38 1	54.41 1
2	1	44.10 1	54.11 1
2	1	44.1038 1	54.771 1
2	1	44.275 1	54.552 1
2	1	44.31 1	54.31 1
2	1	44.862 1	54.235 1
2	1	44.169 1	54.672 1
2	1	44.101 1	54.107 1
2	1	44.867 1	54.229 1
2	1	44.947 1	54.688 1
2	1	44.498 1	54.401 1
2	1	44.181 1	54.658 1
2	1	44.510 1	54.192 1
2	1	44.333 1	54.325 1
2	1	44.489 1	54.414 1
2	1	44.938 1	54.173 1
2	1	44.1033 1	54.764 1
2	1	44.90 1	54.331 1
2	1	44.313 1	54.315 1
2	1	44.370 1	54.43 1
2	1	44.945 1	54.165 1
2	1	44.884 1	54.208 1
2	1	44.998 1	54.729 1
2	1	44.1063 1	54.798 1
2	1	44.63 1	54.64 1
2	1	44.36 1	54.36 1
2	1	44.993 1	54.724 1
2	1	44.1000 1	54.731 1
2	1	44.1010 1	54.741 1
2	1	44.1056 1	54.790 1
2	1	44.203 1	54.634 1
2	1	44.250 1	54.582 1
2	1	44.1004 1	54.735 1
2	1	44.174 1	54.666 1
2	1	44.232 1	54.604 1
2	1	44.278 1	54.549 1
2	1	44.28 1	54.28 1
2	1	44.460 1	54.453 1
2	1	44.1008 1	54.739 1
2	1	44.150 1	54.693 1
2	1	44.200 1	54.637 1
2	1	44.486 1	54.418 1
2	1	44.523 1	54.407 1
4	3	44.917 1 44.298 0.793 44.769 0.859	54.179 1
2	1	44.131 1	54.713 1
2	1	44.465 1	54.72 1
2	1	44.501 1	54.398 1
2	1	44.76 1	54.81 1
2	1	44.792 1	54.288 1
2	1	44.802 1	54.280 1
2	1	44.94 1	54.97 1
2	1	44.905 1	54.196 1
2	1	44.855 1	54.242 1
2	1	44.1037 1	54.770 1
2	1	44.893 1	54.199 1
2	1	44.104 1	54.108 1
2	1	44.256 1	54.574 1
2	1	44.478 1	54.430 1
2	1	44.7 1	54.8 1
2	1	44.1034 1	54.765 1
2	1	44.851 1	54.246 1
2	1	44.1060 1	54.795 1
2	1	44.388 1	54.383 1
2	1	44.120 1	54.133 1
2	1	44.950 1	54.158 1
2	1	44.133 1	54.710 1
2	1	44.788 1	54.483 1
2	1	44.807 1	54.275 1
2	1	44.35 1	54.35 1
2	1	44.73 1	54.76 1
2	1	44.991 1	54.722 1
2	1	44.19 1	54.20 1
2	1	44.806 1	54.276 1
2	1	44.994 1	54.725 1
2	1	44.290 1	54.532 1
2	1	44.356 1	54.350 1
2	1	44.259 1	54.569 1
2	1	44.42 1	54.46 1
2	1	44.1019 1	54.750 1
2	1	44.147 1	54.696 1
2	1	44.182 1	54.657 1
2	1	44.1013 1	54.744 1
2	1	44.1002 1	54.733 1
2	1	44.47 1	54.51 1
2	1	44.1067 1	54.802 1
2	1	44.153 1	54.689 1
2	1	44.21 1	54.21 1
2	1	44.373 1	54.368 1
2	1	44.488 1	54.415 1
2	1	44.247 1	54.585 1
2	1	44.344 1	54.338 1
2	1	44.207 1	54.225 1
2	1	44.39 1	54.42 1
2	1	44.1046 1	54.782 1
2	1	44.224 1	54.614 1
2	1	44.145 1	54.698 1
2	1	44.149 1	54.694 1
2	1	44.216 1	54.623 1
2	1	44.343 1	54.337 1
2	1	44.22 1	54.22 1
2	1	44.490 1	54.413 1
2	1	44.345 1	54.339 1
2	1	44.751 1	54.397 1
2	1	44.1036 1	54.768 1
2	1	44.821 1	54.256 1
2	1	44.210 1	54.629 1
2	1	44.299 1	54.527 1
2	1	44.401 1	54.388 1
2	1	44.99 1	54.102 1
2	1	44.880 1	54.213 1
2	1	44.338 1	54.330 1
2	1	44.513 1	54.502 1
2	1	44.872 1	54.223 1
2	1	44.1014 1	54.745 1
2	1	44.1049 1	54.785 1
2	1	44.141 1	54.703 1
2	1	44.271 1	54.556 1
2	1	44.54 1	54.58 1
2	1	44.737 1	54.106 1
2	1	44.97 1	54.100 1
2	1	44.77 1	54.82 1
2	1	44.785 1	54.293 1
2	1	44.1007 1	54.738 1
2	1	44.26 1	54.26 1
2	1	44.850 1	54.247 1
2	1	44.817 1	54.263 1
2	1	44.9 1	54.10 1
2	1	44.918 1	54.178 1
2	1	44.32 1	54.32 1
2	1	44.324 1	54.323 1
2	1	44.70 1	54.71 1
2	1	44.882 1	54.211 1
2	1	44.1043 1	54.776 1
2	1	44.715 1	54.220 1
2	1	44.222 1	54.616 1
2	1	44.270 1	54.557 1
2	1	44.831 1	54.249 1
2	1	44.967 1	54.488 1
2	1	44.1009 1	54.740 1
2	1	44.1016 1	54.747 1
2	1	44.1021 1	54.437 1
2	1	44.134 1	54.709 1
2	1	44.739 1	54.513 1
2	1	44.811 1	54.271 1
2	1	44.939 1	54.172 1
2	1	44.201 1	54.636 1
2	1	44.24 1	54.24 1
2	1	44.951 1	54.157 1
2	1	44.856 1	54.241 1
2	1	44.92 1	54.95 1
2	1	44.942 1	54.169 1
2	1	44.996 1	54.727 1
2	1	44.218 1	54.620 1
2	1	44.229 1	54.607 1
2	1	44.267 1	54.560 1
2	1	44.48 1	54.52 1
2	1	44.5 1	54.6 1
2	1	44.483 1	54.422 1
2	1	44.220 1	54.618 1
2	1	44.295 1	54.190 1
2	1	44.350 1	54.344 1
2	1	44.852 1	54.245 1
2	1	44.23 1	54.23 1
2	1	44.818 1	54.262 1
2	1	44.879 1	54.214 1
2	1	44.152 1	54.691 1
2	1	44.196 1	54.642 1
2	1	44.46 1	54.50 1
2	1	44.339 1	54.333 1
2	1	44.71 1	54.74 1
2	1	44.756 1	54.721 1
2	1	44.888 1	54.204 1
2	1	44.902 1	54.687 1
2	1	44.272 1	54.555 1
2	1	44.437 1	54.598 1
2	1	44.499 1	54.400 1
2	1	44.52 1	54.56 1
2	1	44.1023 1	54.755 1
2	1	44.148 1	54.695 1
2	1	44.219 1	54.619 1
2	1	44.532 1	54.167 1
2	1	44.33 1	54.33 1
2	1	44.491 1	54.412 1
2	1	44.15 1	54.16 1
2	1	44.318 1	54.317 1
2	1	44.358 1	54.39 1
2	1	44.482 1	54.423 1
2	1	44.1005 1	54.736 1
2	1	44.119 1	54.132 1
2	1	44.273 1	54.554 1
2	1	44.503 1	54.394 1
2	1	44.468 1	54.448 1
2	1	44.230 1	54.606 1
2	1	44.138 1	54.706 1
2	1	44.305 1	54.300 1
2	1	44.515 1	54.505 1
2	1	44.919 1	54.177 1
2	1	44.322 1	54.321 1
2	1	44.892 1	54.200 1
2	1	44.1027 1	54.759 1
2	1	44.109 1	54.113 1
2	1	44.307 1	54.303 1
2	1	44.471 1	54.443 1
2	1	44.805 1	54.277 1
2	1	44.857 1	54.240 1
2	1	44.894 1	54.198 1
2	1	44.690 1	54.471 1
2	1	44.158 1	54.683 1
2	1	44.198 1	54.640 1
2	1	44.1080 1	54.814 1
2	1	44.183 1	54.656 1
2	1	44.374 1	54.369 1
2	1	44.906 1	54.195 1
2	1	44.168 1	54.674 1
2	1	44.254 1	54.579 1
2	1	44.809 1	54.273 1
2	1	44.833 1	54.248 1
2	1	44.881 1	54.212 1
2	1	44.1082 1	54.816 1
2	1	44.875 1	54.219 1
2	1	44.1020 1	54.751 1
2	1	44.274 1	54.553 1
2	1	44.474 1	54.440 1
3	2	44.710 0.083 44.711 1	54.753 1
2	1	44.832 1	54.500 1
2	1	44.392 1	54.385 1
2	1	44.140 1	54.704 1
2	1	44.184 1	54.655 1
2	1	44.226 1	54.611 1
2	1	44.713 1	54.314 1
2	1	44.740 1	54.522 1
2	1	44.297 1	54.187 1
2	1	44.69 1	54.70 1
2	1	44.799 1	54.281 1
2	1	44.260 1	54.567 1
2	1	44.404 1	54.392 1
2	1	44.139 1	54.705 1
2	1	44.475 1	54.434 1
2	1	44.787 1	54.291 1
2	1	44.354 1	54.348 1
2	1	44.409 1	54.393 1
2	1	44.487 1	54.416 1
2	1	44.1083 1	54.817 1
3	2	44.823 1	54.438 1 54.481 0.491
2	1	44.188 1	54.651 1
2	1	44.306 1	54.301 1
2	1	44.129 1	54.78 1
2	1	44.245 1	54.588 1
2	1	44.908 1	54.193 1
2	1	44.287 1	54.535 1
2	1	44.294 1	54.191 1
2	1	44.484 1	54.421 1
2	1	44.943 1	54.168 1
2	1	44.508 1	54.490 1
3	2	44.716 1 44.747 0.050	54.73 1
2	1	44.321 1	54.320 1
2	1	44.810 1	54.272 1
2	1	44.995 1	54.726 1
2	1	44.386 1	54.381 1
2	1	44.860 1	54.237 1
2	1	44.461 1	54.452 1
2	1	44.512 1	54.492 1
2	1	44.121 1	54.134 1
2	1	44.776 1	54.297 1
2	1	44.500 1	54.399 1
2	1	44.959 1	54.410 1
2	1	44.889 1	54.203 1
2	1	44.466 1	54.450 1
2	1	44.44 1	54.48 1
2	1	44.563 1	54.493 1
2	1	44.116 1	54.129 1
2	1	44.352 1	54.346 1
2	1	44.796 1	54.285 1
2	1	44.493 1	54.409 1
2	1	44.231 1	54.605 1
2	1	44.459 1	54.455 1
2	1	44.511 1	54.491 1
2	1	44.269 1	54.558 1
2	1	44.480 0.863	54.425 0.863
