Size	Relations	OrthoA	OrthoB
2	1	39.81 1	58.393 1
2	1	39.82 1	58.392 1
2	1	39.866 1	58.122 1
2	1	39.616 1	58.2150 1
2	1	39.314 1	58.1561 1
2	1	39.1050 1	58.928 1
2	1	39.1174 1	58.669 1
2	1	39.379 1	58.2345 1
2	1	39.471 1	58.1287 1
2	1	39.985 1	58.2428 1
2	1	39.1056 1	58.912 1
2	1	39.1217 1	58.425 1
2	1	39.538 1	58.1359 1
2	1	39.1083 1	58.818 1
2	1	39.85 1	58.389 1
2	1	39.201 1	58.872 1
2	1	39.449 1	58.1251 1
2	1	39.750 1	58.1436 1
2	1	39.1029 1	58.1136 1
2	1	39.4 1	58.550 1
2	1	39.269 1	58.1010 1
2	1	39.595 1	58.2041 1
2	1	39.510 1	58.1357 1
2	1	39.508 1	58.1355 1
2	1	39.186 1	58.853 1
2	1	39.1202 1	58.532 1
2	1	39.264 1	58.998 1
2	1	39.593 1	58.2043 1
2	1	39.1063 1	58.231 1
2	1	39.781 1	58.2091 1
2	1	39.13 1	58.559 1
2	1	39.1207 1	58.592 1
3	2	39.586 1	58.1910 1 58.1554 0.835
2	1	39.3 1	58.549 1
2	1	39.1168 1	58.742 1
2	1	39.153 1	58.276 1
2	1	39.183 1	58.850 1
2	1	39.914 1	58.1187 1
2	1	39.398 1	58.1340 1
2	1	39.1114 1	58.637 1
2	1	39.674 1	58.1743 1
2	1	39.1058 1	58.2357 1
3	2	39.1011 1 39.52 0.650	58.2481 1
2	1	39.691 1	58.1546 1
2	1	39.1014 1	58.2492 1
2	1	39.325 1	58.1085 1
2	1	39.1027 1	58.1138 1
2	1	39.179 1	58.847 1
2	1	39.214 1	58.938 1
2	1	39.268 1	58.1009 1
2	1	39.211 1	58.1878 1
2	1	39.1024 1	58.1141 1
2	1	39.924 1	58.1184 1
2	1	39.1128 1	58.1943 1
2	1	39.168 1	58.823 1
2	1	39.130 1	58.289 1
2	1	39.119 1	58.297 1
2	1	39.736 1	58.1494 1
2	1	39.907 1	58.1193 1
2	1	39.919 1	58.2110 1
2	1	39.93 1	58.340 1
2	1	39.765 1	58.1425 1
2	1	39.40 1	58.576 1
2	1	39.76 1	58.400 1
2	1	39.121 1	58.295 1
2	1	39.1157 1	58.753 1
2	1	39.583 1	58.1698 1
2	1	39.237 1	58.979 1
2	1	39.970 1	58.2410 1
2	1	39.737 1	58.1493 1
2	1	39.305 1	58.1073 1
2	1	39.718 1	58.1518 1
2	1	39.339 1	58.1144 1
2	1	39.993 1	58.2467 1
2	1	39.357 1	58.1174 1
2	1	39.1030 1	58.1111 1
2	1	39.1 1	58.547 1
3	2	39.344 1 39.608 0.724	58.1149 1
2	1	39.213 1	58.937 1
2	1	39.483 1	58.2095 1
2	1	39.77 1	58.399 1
2	1	39.859 1	58.152 1
2	1	39.551 1	58.1873 1
2	1	39.7 1	58.553 1
2	1	39.861 1	58.150 1
2	1	39.860 1	58.151 1
2	1	39.1139 1	58.1309 1
2	1	39.988 1	58.2431 1
2	1	39.234 1	58.976 1
2	1	39.62 1	58.688 1
2	1	39.367 1	58.1180 1
2	1	39.1237 1	58.546 1
2	1	39.1102 1	58.645 1
2	1	39.798 1	58.1990 1
2	1	39.358 1	58.1175 1
2	1	39.451 1	58.1253 1
2	1	39.874 1	58.185 1
2	1	39.281 1	58.1044 1
2	1	39.690 1	58.923 1
2	1	39.701 1	58.1533 1
2	1	39.1059 1	58.235 1
2	1	39.1107 1	58.642 1
2	1	39.1173 1	58.670 1
2	1	39.253 1	58.980 1
2	1	39.1111 1	58.640 1
2	1	39.132 1	58.862 1
2	1	39.455 1	58.1256 1
2	1	39.86 1	58.388 1
3	2	39.976 1 39.242 0.610	58.1693 1
2	1	39.1188 1	58.659 1
2	1	39.570 1	58.2206 1
2	1	39.797 1	58.1989 1
2	1	39.167 1	58.822 1
2	1	39.494 1	58.1587 1
2	1	39.1104 1	58.643 1
2	1	39.1112 1	58.639 1
2	1	39.375 1	58.2348 1
2	1	39.461 1	58.1263 1
2	1	39.1221 1	58.466 1
2	1	39.1115 1	58.636 1
2	1	39.266 1	58.1000 1
2	1	39.470 1	58.1285 1
2	1	39.582 1	58.1697 1
2	1	39.609 1	58.680 1
2	1	39.450 1	58.1252 1
2	1	39.754 1	58.1432 1
2	1	39.1228 1	58.539 1
2	1	39.1017 1	58.2495 1
4	3	39.875 1	58.186 0.514 58.2541 1 58.83 1
2	1	39.828 1	58.2508 1
2	1	39.341 1	58.1146 1
2	1	39.350 1	58.1150 1
2	1	39.1227 1	58.538 1
2	1	39.981 1	58.2425 1
2	1	39.1233 1	58.543 1
2	1	39.254 1	58.981 1
3	2	39.1138 1	58.1951 1 58.506 0.976
2	1	39.1178 1	58.666 1
2	1	39.476 1	58.1305 1
2	1	39.147 1	58.281 1
2	1	39.1061 1	58.233 1
2	1	39.879 1	58.100 1
2	1	39.196 1	58.994 1
2	1	39.1088 1	58.765 1
2	1	39.669 1	58.1737 1
2	1	39.75 1	58.401 1
2	1	39.820 1	58.1308 1
2	1	39.5 1	58.551 1
2	1	39.1230 1	58.541 1
2	1	39.1163 1	58.747 1
2	1	39.1225 1	58.467 1
2	1	39.2 1	58.548 1
2	1	39.342 1	58.1147 1
2	1	39.987 1	58.2430 1
2	1	39.692 1	58.1545 1
2	1	39.1095 1	58.771 1
2	1	39.755 1	58.1431 1
2	1	39.227 1	58.974 1
2	1	39.899 1	58.1199 1
2	1	39.617 1	58.2149 1
2	1	39.151 1	58.278 1
2	1	39.1210 1	58.436 1
2	1	39.548 1	58.1876 1
2	1	39.1137 1	58.505 1
3	2	39.91 1	58.376 0.992 58.380 1
4	3	39.195 1 39.424 0.875 39.1142 0.832	58.993 1
2	1	39.216 1	58.940 1
2	1	39.67 1	58.692 1
2	1	39.235 1	58.977 1
2	1	39.815 1	58.1613 1
2	1	39.552 1	58.1872 1
2	1	39.1162 1	58.748 1
2	1	39.738 1	58.1492 1
2	1	39.1073 1	58.260 1
2	1	39.867 1	58.121 1
2	1	39.32 1	58.574 1
2	1	39.177 1	58.845 1
2	1	39.141 1	58.285 1
2	1	39.274 1	58.1013 1
2	1	39.1184 1	58.665 1
2	1	39.673 1	58.1742 1
2	1	39.343 1	58.1148 1
2	1	39.479 1	58.2164 1
2	1	39.974 1	58.2411 1
2	1	39.902 1	58.1194 1
2	1	39.1143 1	58.237 1
2	1	39.1159 1	58.751 1
2	1	39.1044 1	58.935 1
2	1	39.39 1	58.575 1
3	2	39.502 0.171 39.682 1	58.1749 1
2	1	39.310 1	58.1078 1
2	1	39.638 1	58.1717 1
2	1	39.440 1	58.1855 1
2	1	39.158 1	58.268 1
2	1	39.747 1	58.1439 1
2	1	39.766 1	58.1424 1
2	1	39.1093 1	58.769 1
2	1	39.1172 1	58.671 1
2	1	39.180 1	58.848 1
2	1	39.194 1	58.992 1
3	2	39.671 1 39.833 0.682	58.1740 1
2	1	39.289 1	58.1057 1
2	1	39.458 1	58.1260 1
2	1	39.534 1	58.1407 1
3	2	39.1211 1 39.49 0.906	58.434 1
2	1	39.908 1	58.1191 1
2	1	39.28 1	58.561 1
2	1	39.273 1	58.1012 1
2	1	39.368 1	58.1181 1
2	1	39.215 1	58.939 1
2	1	39.1049 1	58.929 1
2	1	39.340 1	58.1145 1
2	1	39.1060 1	58.234 1
2	1	39.1022 1	58.1143 1
2	1	39.78 1	58.398 1
2	1	39.898 1	58.1200 1
2	1	39.1006 1	58.2477 1
2	1	39.176 1	58.843 1
2	1	39.863 1	58.123 1
2	1	39.175 1	58.839 1
2	1	39.869 1	58.119 1
2	1	39.184 1	58.851 1
2	1	39.272 1	58.1011 1
2	1	39.12 1	58.558 1
2	1	39.731 1	58.1840 1
2	1	39.823 1	58.1225 1
2	1	39.446 1	58.1250 1
2	1	39.741 1	58.1447 1
2	1	39.1028 1	58.1137 1
2	1	39.1144 1	58.236 1
2	1	39.157 1	58.269 1
2	1	39.1062 1	58.232 1
2	1	39.511 1	58.1358 1
2	1	39.1047 1	58.931 1
2	1	39.1026 1	58.1139 1
2	1	39.225 1	58.972 1
2	1	39.882 1	58.1212 1
2	1	39.73 1	58.698 1
2	1	39.949 1	58.2424 1
2	1	39.805 1	58.1998 1
2	1	39.868 1	58.120 1
2	1	39.982 1	58.2426 1
2	1	39.460 1	58.1262 1
2	1	39.961 1	58.2380 1
3	2	39.387 1	58.111 0.993 58.1889 1
2	1	39.792 1	58.1937 1
2	1	39.69 1	58.694 1
2	1	39.152 1	58.277 1
2	1	39.376 1	58.2347 1
2	1	39.90 1	58.384 1
2	1	39.569 1	58.2207 1
2	1	39.1055 1	58.913 1
2	1	39.905 1	58.1839 1
2	1	39.1096 1	58.772 1
2	1	39.856 1	58.2511 1
2	1	39.351 1	58.1153 1
2	1	39.328 1	58.1088 1
2	1	39.1204 1	58.1721 1
2	1	39.1214 1	58.433 1
2	1	39.848 1	58.2169 1
2	1	39.140 1	58.286 1
2	1	39.41 1	58.577 1
2	1	39.1009 1	58.2478 1
2	1	39.1145 1	58.509 1
2	1	39.115 1	58.301 1
2	1	39.1161 1	58.749 1
2	1	39.68 1	58.693 1
2	1	39.226 1	58.973 1
2	1	39.24 1	58.560 1
2	1	39.1036 1	58.1107 1
2	1	39.292 1	58.1060 1
2	1	39.756 1	58.1430 1
2	1	39.644 1	58.1577 1
2	1	39.873 1	58.116 1
2	1	39.990 1	58.2461 1
2	1	39.768 1	58.2051 1
3	2	39.484 1	58.2094 1 58.1712 0.700
2	1	39.959 1	58.2378 1
2	1	39.1023 1	58.1142 1
2	1	39.286 1	58.1054 1
2	1	39.258 1	58.988 1
2	1	39.63 1	58.689 1
2	1	39.663 1	58.1651 1
2	1	39.740 1	58.1449 1
2	1	39.120 1	58.296 1
2	1	39.1229 1	58.540 1
3	2	39.444 0.109 39.789 1	58.1965 1
2	1	39.1012 1	58.2483 1
2	1	39.946 1	58.1674 1
2	1	39.591 1	58.2044 1
2	1	39.127 1	58.293 1
2	1	39.1046 1	58.932 1
2	1	39.323 1	58.1083 1
2	1	39.918 1	58.2109 1
2	1	39.1005 1	58.2476 1
2	1	39.374 1	58.2350 1
2	1	39.48 1	58.681 1
2	1	39.708 1	58.1614 1
2	1	39.514 1	58.1727 1
2	1	39.143 1	58.283 1
2	1	39.1053 1	58.916 1
2	1	39.489 1	58.2489 1
2	1	39.521 1	58.1405 1
2	1	39.799 1	58.1992 1
2	1	39.1097 1	58.773 1
2	1	39.185 1	58.852 1
2	1	39.769 1	58.2053 1
2	1	39.951 1	58.2358 1
2	1	39.596 1	58.2039 1
5	4	39.1123 1	58.2191 1 58.2266 0.067 58.477 0.688 58.899 0.599
2	1	39.1108 1	58.641 1
3	2	39.312 1 39.891 0.825	58.1080 1
2	1	39.921 1	58.1185 1
2	1	39.203 1	58.877 1
2	1	39.989 1	58.2432 1
2	1	39.315 1	58.1562 1
2	1	39.847 1	58.2167 1
2	1	39.113 1	58.303 1
2	1	39.462 1	58.1264 1
2	1	39.748 1	58.1438 1
2	1	39.316 1	58.2422 1
2	1	39.9 1	58.555 1
3	2	39.517 1 39.824 0.350	58.2132 1
2	1	39.601 1	58.1732 1
2	1	39.920 1	58.2111 1
2	1	39.148 1	58.280 1
2	1	39.1010 1	58.2479 1
2	1	39.190 1	58.867 1
2	1	39.332 1	58.1092 1
2	1	39.664 1	58.1650 1
2	1	39.437 1	58.1243 1
2	1	39.1160 1	58.750 1
2	1	39.1219 1	58.464 1
3	2	39.390 1 39.1193 0.808	58.2202 1
2	1	39.287 1	58.1055 1
2	1	39.885 1	58.1209 1
2	1	39.493 1	58.914 1
2	1	39.717 1	58.1519 1
2	1	39.1004 1	58.2475 1
2	1	39.466 1	58.1268 1
2	1	39.99 1	58.333 1
6	8	39.774 1 39.630 1 39.631 0.491 39.727 0.405	58.1549 1 58.1915 1
2	1	39.966 1	58.2388 1
2	1	39.495 1	58.1588 1
2	1	39.217 1	58.941 1
2	1	39.464 1	58.1266 1
2	1	39.1039 1	58.1104 1
2	1	39.331 1	58.1090 1
2	1	39.139 1	58.287 1
2	1	39.338 1	58.1096 1
2	1	39.991 1	58.2466 1
3	2	39.465 1	58.1267 1 58.1553 0.731
2	1	39.1103 1	58.644 1
2	1	39.330 1	58.1089 1
2	1	39.64 1	58.690 1
2	1	39.1025 1	58.1140 1
2	1	39.306 1	58.1074 1
2	1	39.686 1	58.1751 1
2	1	39.858 1	58.153 1
2	1	39.72 1	58.697 1
2	1	39.580 1	58.1684 1
2	1	39.279 1	58.1042 1
2	1	39.1167 1	58.743 1
2	1	39.1020 1	58.2405 1
2	1	39.220 1	58.967 1
2	1	39.945 1	58.1675 1
2	1	39.1065 1	58.679 1
2	1	39.897 1	58.1201 1
2	1	39.1185 1	58.664 1
2	1	39.969 1	58.2394 1
2	1	39.301 1	58.1069 1
2	1	39.11 1	58.557 1
2	1	39.1187 1	58.660 1
2	1	39.356 1	58.1173 1
2	1	39.275 1	58.1014 1
2	1	39.621 1	58.1707 1
2	1	39.98 1	58.334 1
2	1	39.150 1	58.279 1
2	1	39.662 1	58.1652 1
2	1	39.222 1	58.969 1
2	1	39.889 1	58.856 1
2	1	39.911 1	58.1188 1
2	1	39.968 1	58.2393 1
2	1	39.612 1	58.1912 1
2	1	39.745 1	58.1444 1
3	2	39.794 1	58.1986 1 58.1987 0.805
2	1	39.804 1	58.1994 1
2	1	39.197 1	58.995 1
2	1	39.678 1	58.1747 1
2	1	39.383 1	58.1476 1
2	1	39.943 1	58.1678 1
2	1	39.298 1	58.1066 1
2	1	39.672 1	58.1741 1
2	1	39.501 1	58.1326 1
2	1	39.87 1	58.387 1
2	1	39.256 1	58.983 1
2	1	39.960 1	58.2379 1
2	1	39.149 1	58.2391 1
2	1	39.791 1	58.1936 1
2	1	39.883 1	58.1211 1
2	1	39.84 1	58.390 1
2	1	39.490 1	58.2486 1
2	1	39.396 1	58.2112 1
2	1	39.618 1	58.1704 1
2	1	39.854 1	58.1441 1
2	1	39.431 1	58.1733 1
2	1	39.1176 1	58.667 1
2	1	39.910 1	58.1189 1
2	1	39.282 1	58.1045 1
2	1	39.169 1	58.824 1
2	1	39.506 1	58.1353 1
2	1	39.224 1	58.971 1
2	1	39.872 1	58.117 1
2	1	39.303 1	58.1071 1
2	1	39.324 1	58.1084 1
2	1	39.670 1	58.1739 1
2	1	39.909 1	58.1190 1
2	1	39.1170 1	58.2465 1
2	1	39.293 1	58.1061 1
2	1	39.255 1	58.982 1
2	1	39.468 1	58.1276 1
2	1	39.1218 1	58.463 1
2	1	39.1196 1	58.589 1
2	1	39.144 1	58.282 1
2	1	39.1013 1	58.1368 1
2	1	39.749 1	58.1437 1
2	1	39.984 1	58.2427 1
2	1	39.1035 1	58.1108 1
2	1	39.463 1	58.1265 1
2	1	39.83 1	58.391 1
2	1	39.1150 1	58.2356 1
2	1	39.10 1	58.556 1
2	1	39.515 1	58.1726 1
2	1	39.757 1	58.1429 1
2	1	39.793 1	58.1985 1
3	2	39.388 1	58.2230 1 58.2261 1
2	1	39.365 1	58.1178 1
2	1	39.870 1	58.118 1
2	1	39.8 1	58.554 1
2	1	39.366 1	58.1179 1
2	1	39.677 1	58.1746 1
2	1	39.770 1	58.2054 1
2	1	39.1166 1	58.744 1
2	1	39.1089 1	58.766 1
2	1	39.1175 1	58.668 1
2	1	39.722 1	58.1515 1
2	1	39.1048 1	58.930 1
2	1	39.746 1	58.1440 1
2	1	39.550 1	58.1874 1
2	1	39.829 1	58.2509 1
3	2	39.877 1	58.200 0.974 58.99 1
2	1	39.632 1	58.1369 1
2	1	39.543 1	58.1364 1
2	1	39.1146 1	58.510 1
2	1	39.335 1	58.1094 1
2	1	39.336 1	58.1095 1
2	1	39.294 1	58.1062 1
2	1	39.535 1	58.1408 1
2	1	39.705 1	58.1527 1
2	1	39.807 1	58.2000 1
2	1	39.309 1	58.1077 1
2	1	39.1116 1	58.635 1
6	5	39.937 1	58.2580 0.112 58.2600 1 58.2623 0.112 58.2628 0.112 58.2648 1
2	1	39.469 1	58.1277 1
2	1	39.509 1	58.1356 1
2	1	39.597 1	58.2038 1
2	1	39.884 1	58.1210 1
2	1	39.1031 1	58.1110 1
2	1	39.118 1	58.298 1
2	1	39.819 1	58.2363 1
2	1	39.957 1	58.2361 1
2	1	39.1037 1	58.1106 1
2	1	39.300 1	58.1068 1
2	1	39.223 1	58.970 1
2	1	39.42 1	58.578 1
2	1	39.189 1	58.859 1
2	1	39.454 1	58.1255 1
2	1	39.70 1	58.695 1
2	1	39.311 1	58.1079 1
3	2	39.1075 0.561 39.439 1	58.263 1
2	1	39.679 1	58.678 1
2	1	39.980 1	58.2414 1
2	1	39.304 1	58.1072 1
4	3	39.386 1	58.2562 0.273 58.2609 1 58.2660 0.062
2	1	39.1098 1	58.649 1
2	1	39.849 1	58.2175 1
2	1	39.178 1	58.846 1
2	1	39.296 1	58.1064 1
2	1	39.822 1	58.1306 1
2	1	39.963 1	58.2382 1
2	1	39.706 1	58.1526 1
2	1	39.1094 1	58.770 1
2	1	39.916 1	58.2107 1
2	1	39.714 1	58.1523 1
2	1	39.354 1	58.1156 1
2	1	39.267 1	58.1008 1
2	1	39.1068 1	58.258 1
2	1	39.128 1	58.291 1
2	1	39.739 1	58.1450 1
2	1	39.1092 1	58.768 1
4	3	39.60 1 39.146 0.816 39.698 0.704	58.682 1
2	1	39.808 1	58.2001 1
2	1	39.956 1	58.2360 1
2	1	39.720 1	58.1517 1
2	1	39.228 1	58.975 1
2	1	39.117 1	58.299 1
2	1	39.131 1	58.288 1
2	1	39.308 1	58.1076 1
2	1	39.359 1	58.1176 1
2	1	39.352 1	58.1154 1
2	1	39.459 1	58.1261 1
2	1	39.512 1	58.1728 1
2	1	39.634 1	58.1710 1
3	2	39.174 1 39.688 0.172	58.838 1
2	1	39.1003 1	58.2474 1
3	2	39.1076 1 39.56 0.870	58.264 1
2	1	39.280 1	58.1043 1
2	1	39.44 1	58.580 1
2	1	39.485 1	58.2093 1
2	1	39.291 1	58.1059 1
2	1	39.505 1	58.1352 1
2	1	39.355 1	58.1160 1
2	1	39.513 1	58.1469 1
2	1	39.1054 1	58.915 1
2	1	39.1038 1	58.1105 1
2	1	39.979 1	58.2412 1
2	1	39.862 1	58.124 1
2	1	39.975 1	58.1695 1
2	1	39.546 1	58.1366 1
2	1	39.1164 1	58.745 1
2	1	39.482 1	58.2096 1
2	1	39.751 1	58.1435 1
2	1	39.553 1	58.1871 1
2	1	39.114 1	58.302 1
2	1	39.487 1	58.2491 1
2	1	39.156 1	58.270 1
2	1	39.851 1	58.2200 1
2	1	39.1158 1	58.752 1
2	1	39.433 1	58.1240 1
2	1	39.826 1	58.2506 1
2	1	39.964 1	58.2383 1
2	1	39.200 1	58.871 1
2	1	39.1090 1	58.767 1
2	1	39.297 1	58.1065 1
3	2	39.665 1 39.709 0.730	58.1644 1
2	1	39.236 1	58.978 1
2	1	39.806 1	58.1999 1
2	1	39.1052 1	58.925 1
2	1	39.326 1	58.1086 1
2	1	39.265 1	58.999 1
2	1	39.955 1	58.2359 1
2	1	39.285 1	58.1053 1
2	1	39.290 1	58.1058 1
2	1	39.302 1	58.1070 1
2	1	39.925 1	58.1183 1
2	1	39.6 1	58.552 1
2	1	39.43 1	58.579 1
2	1	39.1186 1	58.661 1
2	1	39.288 1	58.1056 1
2	1	39.435 1	58.1242 1
2	1	39.500 1	58.1325 1
2	1	39.637 1	58.1716 1
2	1	39.715 1	58.1521 1
2	1	39.539 1	58.1360 1
2	1	39.1195 1	58.588 1
2	1	39.88 1	58.386 1
2	1	39.878 1	58.1718 1
2	1	39.1203 1	58.531 1
2	1	39.533 1	58.1406 1
5	4	39.1127 1	58.2188 0.301 58.2269 1 58.480 0.351 58.903 0.304
2	1	39.1220 1	58.465 1
2	1	39.499 1	58.1324 1
2	1	39.389 1	58.2203 1
2	1	39.61 1	58.683 1
2	1	39.917 1	58.2108 1
2	1	39.1215 1	58.431 1
2	1	39.1018 1	58.2496 1
2	1	39.1033 1	58.1109 1
2	1	39.915 1	58.2106 1
2	1	39.944 1	58.1676 1
2	1	39.803 1	58.1993 1
2	1	39.182 1	58.849 1
2	1	39.565 1	58.879 1
2	1	39.773 1	58.407 1
2	1	39.547 1	58.1367 1
6	5	39.1122 1	58.2190 0.950 58.2237 0.123 58.2267 0.997 58.478 1 58.901 0.992
2	1	39.1042 1	58.1101 1
2	1	39.452 1	58.857 1
2	1	39.377 1	58.2346 1
2	1	39.694 1	58.1536 1
2	1	39.503 1	58.2103 1
2	1	39.1040 1	58.1103 1
2	1	39.116 1	58.300 1
2	1	39.636 1	58.1715 1
2	1	39.839 1	58.1963 1
2	1	39.759 1	58.1427 1
2	1	39.635 1	58.1714 1
3	2	39.447 1	58.1488 1 58.1489 0.055
2	1	39.890 1	58.854 1
2	1	39.1051 1	58.927 1
2	1	39.129 1	58.290 1
2	1	39.620 1	58.1705 1
2	1	39.542 1	58.1363 1
2	1	39.965 1	58.2387 1
2	1	39.622 1	58.1709 1
2	1	39.590 1	58.1700 1
2	1	39.541 1	58.1361 1
2	1	39.295 1	58.1063 1
2	1	39.434 1	58.1241 1
2	1	39.45 1	58.581 1
2	1	39.307 1	58.1075 1
2	1	39.364 1	58.1177 1
2	1	39.810 1	58.2005 1
2	1	39.1045 1	58.933 1
2	1	39.142 1	58.284 1
2	1	39.950 1	58.1404 1
2	1	39.704 1	58.1528 1
2	1	39.1016 1	58.2494 1
2	1	39.299 1	58.1067 1
2	1	39.796 1	58.1988 1
2	1	39.994 1	58.2468 1
2	1	39.1113 1	58.638 1
2	1	39.353 1	58.1155 1
2	1	39.191 1	58.868 1
2	1	39.327 1	58.1087 1
2	1	39.395 1	58.1725 1
2	1	39.958 1	58.2362 1
2	1	39.744 1	58.1445 1
3	2	39.206 1 39.208 0.057	58.1881 1
2	1	39.1074 1	58.261 1
2	1	39.334 1	58.1093 1
2	1	39.557 1	58.2205 1
2	1	39.1209 1	58.438 1
2	1	39.693 1	58.1543 1
2	1	39.1070 1	58.2028 1
2	1	39.221 1	58.968 1
2	1	39.896 1	58.1202 1
2	1	39.497 1	58.1323 1
2	1	39.685 1	58.1750 1
2	1	39.161 1	58.1838 1
2	1	39.159 1	58.267 1
2	1	39.782 1	58.1935 1
3	2	39.172 1	58.1687 0.985 58.834 1
2	1	39.212 1	58.1640 1
2	1	39.545 1	58.1365 1
2	1	39.742 1	58.1446 1
2	1	39.1043 1	58.936 1
2	1	39.219 1	58.966 1
2	1	39.758 1	58.1428 1
2	1	39.240 1	58.1555 1
2	1	39.1002 1	58.2473 1
3	2	39.1194 1 39.394 0.234	58.341 1
2	1	39.122 1	58.294 1
2	1	39.1224 1	58.883 1
2	1	39.507 1	58.1354 1
2	1	39.599 1	58.2036 1
2	1	39.840 1	58.1961 1
5	6	39.1189 1 39.712 1 39.123 0.257	58.2459 1 58.1327 1
2	1	39.1101 1	58.646 1
2	1	39.1015 1	58.2493 1
2	1	39.721 1	58.1516 1
2	1	39.1099 1	58.648 1
2	1	39.1086 1	58.812 1
2	1	39.1041 1	58.1102 1
2	1	39.263 1	58.997 1
2	1	39.345 1	58.101 1
2	1	39.549 1	58.1875 1
2	1	39.900 1	58.1198 1
2	1	39.408 1	58.524 1
2	1	39.689 1	58.924 1
2	1	39.857 1	58.154 1
2	1	39.480 1	58.2162 1
2	1	39.598 1	58.2037 1
2	1	39.752 1	58.1434 1
2	1	39.89 1	58.385 1
2	1	39.283 1	58.1048 1
2	1	39.516 1	58.866 1
2	1	39.1205 1	58.1724 1
2	1	39.676 1	58.1745 1
2	1	39.313 1	58.1560 1
2	1	39.284 1	58.1049 1
2	1	39.154 1	58.275 1
2	1	39.393 1	58.1339 1
2	1	39.66 1	58.691 1
2	1	39.986 1	58.2429 1
2	1	39.816 1	58.1612 1
2	1	39.438 1	58.432 1
2	1	39.753 1	58.1433 1
2	1	39.80 1	58.394 1
2	1	39.1234 1	58.545 1
2	1	39.349 1	58.2092 1
2	1	39.373 1	58.2351 1
2	1	39.257 1	58.984 1
2	1	39.202 1	58.876 1
2	1	39.198 1	58.870 1
2	1	39.204 1	58.878 1
2	1	39.594 1	58.2042 1
2	1	39.26 1	58.1557 1
2	1	39.1232 1	58.542 1
2	1	39.71 1	58.696 1
2	1	39.188 1	58.858 1
2	1	39.382 1	58.2010 1
3	2	39.923 1	58.2193 1 58.2444 0.209
2	1	39.830 1	58.2510 1
3	2	39.1169 0.068 39.623 1	58.1332 1
2	1	39.579 1	58.2032 1
8	7	39.1121 1	58.1901 0.108 58.215 0.906 58.2187 0.935 58.2270 1 58.2278 0.912 58.481 0.866 58.904 0.895
2	1	39.218 1	58.965 1
2	1	39.262 1	58.658 1
2	1	39.457 1	58.1259 1
2	1	39.1141 1	58.911 1
2	1	39.260 1	58.1880 1
2	1	39.1100 1	58.647 1
2	1	39.1072 1	58.259 1
2	1	39.79 1	58.746 1
4	3	39.855 1	58.2373 0.631 58.2560 0.814 58.2610 1
2	1	39.92 1	58.373 1
2	1	39.845 1	58.402 1
2	1	39.716 1	58.1520 1
2	1	39.155 1	58.274 1
2	1	39.409 1	58.684 1
