Size	Relations	OrthoA	OrthoB
2	1	39.81 1	57.464 1
2	1	39.82 1	57.463 1
2	1	39.866 1	57.189 1
2	1	39.616 1	57.2203 1
2	1	39.314 1	57.1650 1
2	1	39.1050 1	57.1011 1
2	1	39.379 1	57.2365 1
2	1	39.471 1	57.1375 1
2	1	39.985 1	57.35 1
2	1	39.1056 1	57.995 1
2	1	39.1217 1	57.496 1
2	1	39.538 1	57.1449 1
2	1	39.1083 1	57.899 1
2	1	39.85 1	57.460 1
2	1	39.201 1	57.955 1
2	1	39.449 1	57.1339 1
2	1	39.750 1	57.1526 1
2	1	39.1029 1	57.1221 1
2	1	39.4 1	57.623 1
2	1	39.269 1	57.1094 1
2	1	39.595 1	57.2092 1
2	1	39.508 1	57.1444 1
2	1	39.186 1	57.935 1
2	1	39.1202 1	57.605 1
2	1	39.510 1	57.1447 1
2	1	39.264 1	57.1082 1
2	1	39.593 1	57.2094 1
2	1	39.1063 1	57.298 1
2	1	39.781 1	57.2143 1
2	1	39.13 1	57.633 1
3	2	39.586 1	57.1961 1 57.1643 0.835
2	1	39.3 1	57.622 1
2	1	39.1168 1	57.821 1
2	1	39.153 1	57.345 1
2	1	39.183 1	57.932 1
2	1	39.914 1	57.1274 1
2	1	39.398 1	57.1429 1
2	1	39.1114 1	57.712 1
2	1	39.674 1	57.1830 1
2	1	39.1058 1	57.2378 1
3	2	39.1011 1 39.52 0.650	57.89 1
2	1	39.1174 1	57.747 1
2	1	39.691 1	57.1635 1
2	1	39.1014 1	57.100 1
2	1	39.325 1	57.1170 1
2	1	39.1027 1	57.1223 1
2	1	39.179 1	57.929 1
2	1	39.1207 1	57.668 1
2	1	39.214 1	57.1022 1
2	1	39.268 1	57.1093 1
2	1	39.211 1	57.1929 1
2	1	39.1024 1	57.1226 1
2	1	39.924 1	57.1271 1
2	1	39.1128 1	57.1994 1
2	1	39.168 1	57.904 1
2	1	39.130 1	57.359 1
2	1	39.119 1	57.367 1
2	1	39.736 1	57.1584 1
2	1	39.907 1	57.1280 1
2	1	39.919 1	57.2162 1
2	1	39.93 1	57.410 1
2	1	39.765 1	57.1515 1
2	1	39.40 1	57.651 1
2	1	39.76 1	57.471 1
2	1	39.121 1	57.365 1
2	1	39.1157 1	57.833 1
2	1	39.237 1	57.1063 1
2	1	39.970 1	57.18 1
2	1	39.737 1	57.1583 1
2	1	39.305 1	57.1158 1
2	1	39.718 1	57.1607 1
2	1	39.339 1	57.1229 1
2	1	39.993 1	57.75 1
2	1	39.357 1	57.1260 1
2	1	39.1030 1	57.1196 1
2	1	39.1 1	57.620 1
3	2	39.344 1 39.608 0.724	57.1235 1
2	1	39.213 1	57.1021 1
2	1	39.483 1	57.2147 1
2	1	39.77 1	57.470 1
2	1	39.859 1	57.217 1
2	1	39.551 1	57.1924 1
2	1	39.7 1	57.626 1
2	1	39.861 1	57.215 1
2	1	39.860 1	57.216 1
2	1	39.1139 1	57.1397 1
2	1	39.988 1	57.38 1
2	1	39.234 1	57.1060 1
2	1	39.62 1	57.766 1
2	1	39.367 1	57.1267 1
2	1	39.1237 1	57.619 1
2	1	39.1102 1	57.720 1
2	1	39.798 1	57.2041 1
2	1	39.874 1	57.250 1
2	1	39.451 1	57.1341 1
2	1	39.281 1	57.1128 1
2	1	39.701 1	57.1622 1
2	1	39.1107 1	57.717 1
2	1	39.1173 1	57.748 1
2	1	39.253 1	57.1064 1
2	1	39.1111 1	57.715 1
2	1	39.132 1	57.945 1
2	1	39.455 1	57.1344 1
2	1	39.86 1	57.459 1
3	2	39.976 1 39.242 0.610	57.1780 1
2	1	39.1188 1	57.734 1
2	1	39.570 1	57.2260 1
2	1	39.583 1	57.1785 1
2	1	39.797 1	57.2040 1
2	1	39.167 1	57.903 1
2	1	39.494 1	57.1676 1
2	1	39.1059 1	57.303 1
2	1	39.1104 1	57.718 1
2	1	39.1112 1	57.714 1
2	1	39.375 1	57.2368 1
2	1	39.461 1	57.1351 1
2	1	39.1221 1	57.537 1
2	1	39.1115 1	57.711 1
2	1	39.266 1	57.1084 1
2	1	39.470 1	57.1373 1
2	1	39.582 1	57.1784 1
2	1	39.609 1	57.758 1
2	1	39.450 1	57.1340 1
2	1	39.754 1	57.1522 1
2	1	39.1228 1	57.612 1
2	1	39.1017 1	57.103 1
3	2	39.875 1	57.150 1 57.251 0.514
2	1	39.828 1	57.116 1
2	1	39.1227 1	57.611 1
2	1	39.341 1	57.1231 1
2	1	39.350 1	57.1236 1
2	1	39.981 1	57.32 1
2	1	39.1233 1	57.616 1
2	1	39.254 1	57.1065 1
3	2	39.1138 1	57.2002 1 57.579 0.976
2	1	39.476 1	57.1393 1
2	1	39.1178 1	57.742 1
2	1	39.1061 1	57.301 1
2	1	39.147 1	57.350 1
2	1	39.879 1	57.166 1
2	1	39.196 1	57.1078 1
2	1	39.1088 1	57.845 1
2	1	39.669 1	57.1825 1
2	1	39.75 1	57.472 1
2	1	39.820 1	57.1396 1
2	1	39.5 1	57.624 1
2	1	39.1230 1	57.614 1
2	1	39.690 1	57.1006 1
2	1	39.1163 1	57.826 1
2	1	39.1225 1	57.538 1
2	1	39.2 1	57.621 1
2	1	39.342 1	57.1232 1
2	1	39.987 1	57.37 1
2	1	39.692 1	57.1634 1
2	1	39.1095 1	57.851 1
2	1	39.755 1	57.1521 1
2	1	39.899 1	57.1286 1
2	1	39.227 1	57.1058 1
2	1	39.151 1	57.347 1
2	1	39.617 1	57.2202 1
2	1	39.1210 1	57.507 1
2	1	39.358 1	57.1262 1
2	1	39.548 1	57.1927 1
2	1	39.1137 1	57.578 1
4	3	39.195 1 39.424 0.875 39.1142 0.832	57.1077 1
2	1	39.216 1	57.1024 1
2	1	39.235 1	57.1061 1
2	1	39.815 1	57.1702 1
2	1	39.552 1	57.1923 1
2	1	39.1162 1	57.827 1
2	1	39.738 1	57.1582 1
2	1	39.867 1	57.188 1
2	1	39.1073 1	57.329 1
2	1	39.32 1	57.649 1
2	1	39.177 1	57.927 1
2	1	39.141 1	57.355 1
2	1	39.274 1	57.1097 1
2	1	39.673 1	57.1829 1
3	2	39.91 1	57.447 0.991 57.451 1
2	1	39.974 1	57.19 1
2	1	39.479 1	57.2217 1
2	1	39.902 1	57.1281 1
2	1	39.1143 1	57.305 1
2	1	39.1044 1	57.1019 1
2	1	39.39 1	57.650 1
3	2	39.502 0.171 39.682 1	57.1836 1
2	1	39.310 1	57.1163 1
2	1	39.638 1	57.1805 1
2	1	39.440 1	57.1906 1
2	1	39.158 1	57.337 1
2	1	39.747 1	57.1529 1
2	1	39.766 1	57.1514 1
2	1	39.1093 1	57.849 1
2	1	39.1172 1	57.749 1
2	1	39.180 1	57.930 1
2	1	39.194 1	57.1076 1
3	2	39.671 1 39.833 0.682	57.1827 1
2	1	39.289 1	57.1142 1
2	1	39.458 1	57.1348 1
2	1	39.534 1	57.1497 1
3	2	39.1211 1 39.49 0.906	57.505 1
2	1	39.908 1	57.1278 1
2	1	39.273 1	57.1096 1
2	1	39.368 1	57.1268 1
2	1	39.215 1	57.1023 1
2	1	39.1049 1	57.1012 1
2	1	39.340 1	57.1230 1
2	1	39.1060 1	57.302 1
2	1	39.1022 1	57.1228 1
2	1	39.898 1	57.1287 1
2	1	39.78 1	57.469 1
2	1	39.1006 1	57.85 1
2	1	39.176 1	57.925 1
2	1	39.863 1	57.190 1
2	1	39.175 1	57.920 1
2	1	39.869 1	57.185 1
2	1	39.184 1	57.933 1
2	1	39.272 1	57.1095 1
2	1	39.731 1	57.1891 1
2	1	39.823 1	57.1313 1
2	1	39.446 1	57.1338 1
2	1	39.741 1	57.1537 1
2	1	39.1028 1	57.1222 1
2	1	39.1144 1	57.304 1
2	1	39.157 1	57.338 1
2	1	39.511 1	57.1448 1
2	1	39.1026 1	57.1224 1
2	1	39.1047 1	57.1014 1
2	1	39.225 1	57.1056 1
2	1	39.882 1	57.1300 1
2	1	39.73 1	57.778 1
2	1	39.949 1	57.31 1
2	1	39.805 1	57.2049 1
2	1	39.982 1	57.33 1
2	1	39.460 1	57.1350 1
2	1	39.961 1	57.2401 1
3	2	39.387 1	57.177 0.993 57.1940 1
2	1	39.792 1	57.1988 1
2	1	39.69 1	57.773 1
2	1	39.90 1	57.455 1
2	1	39.376 1	57.2367 1
2	1	39.152 1	57.346 1
2	1	39.1184 1	57.740 1
2	1	39.1055 1	57.996 1
2	1	39.905 1	57.1890 1
2	1	39.1096 1	57.852 1
2	1	39.1204 1	57.1809 1
2	1	39.328 1	57.1173 1
2	1	39.351 1	57.1239 1
2	1	39.856 1	57.119 1
2	1	39.848 1	57.2222 1
2	1	39.1214 1	57.504 1
2	1	39.140 1	57.356 1
2	1	39.41 1	57.652 1
2	1	39.1009 1	57.86 1
2	1	39.1145 1	57.582 1
2	1	39.115 1	57.371 1
2	1	39.1161 1	57.828 1
2	1	39.226 1	57.1057 1
2	1	39.68 1	57.772 1
2	1	39.24 1	57.634 1
2	1	39.756 1	57.1520 1
2	1	39.1036 1	57.1192 1
2	1	39.292 1	57.1145 1
2	1	39.644 1	57.1666 1
2	1	39.873 1	57.182 1
2	1	39.990 1	57.69 1
2	1	39.768 1	57.2103 1
2	1	39.1023 1	57.1227 1
2	1	39.258 1	57.1072 1
3	2	39.484 1	57.2146 1 57.1800 0.700
2	1	39.959 1	57.2399 1
2	1	39.740 1	57.1539 1
2	1	39.63 1	57.767 1
2	1	39.663 1	57.1739 1
2	1	39.120 1	57.366 1
2	1	39.343 1	57.1233 1
2	1	39.1229 1	57.613 1
3	2	39.444 0.109 39.789 1	57.2016 1
2	1	39.1012 1	57.91 1
2	1	39.591 1	57.2095 1
2	1	39.127 1	57.363 1
2	1	39.918 1	57.2161 1
2	1	39.323 1	57.1168 1
2	1	39.1005 1	57.84 1
2	1	39.374 1	57.2370 1
2	1	39.48 1	57.759 1
2	1	39.514 1	57.1815 1
2	1	39.708 1	57.1703 1
2	1	39.143 1	57.353 1
2	1	39.1053 1	57.999 1
2	1	39.489 1	57.97 1
2	1	39.521 1	57.1495 1
2	1	39.1097 1	57.853 1
2	1	39.185 1	57.934 1
2	1	39.769 1	57.2105 1
5	4	39.1123 1	57.2245 1 57.2289 0.067 57.548 0.688 57.982 0.599
2	1	39.596 1	57.2090 1
2	1	39.946 1	57.1761 1
2	1	39.951 1	57.2379 1
2	1	39.1108 1	57.716 1
3	2	39.312 1 39.891 0.825	57.1165 1
2	1	39.921 1	57.1272 1
2	1	39.203 1	57.960 1
2	1	39.315 1	57.1651 1
2	1	39.847 1	57.2220 1
2	1	39.113 1	57.373 1
2	1	39.28 1	57.636 1
2	1	39.462 1	57.1352 1
2	1	39.748 1	57.1528 1
2	1	39.316 1	57.30 1
2	1	39.9 1	57.628 1
3	2	39.517 1 39.824 0.350	57.2185 1
2	1	39.920 1	57.2163 1
2	1	39.601 1	57.1820 1
2	1	39.148 1	57.349 1
2	1	39.1010 1	57.87 1
2	1	39.1062 1	57.300 1
2	1	39.190 1	57.950 1
2	1	39.332 1	57.1177 1
2	1	39.1160 1	57.829 1
2	1	39.437 1	57.1331 1
2	1	39.664 1	57.1738 1
2	1	39.1219 1	57.535 1
3	2	39.390 1 39.1193 0.808	57.2256 1
2	1	39.287 1	57.1140 1
2	1	39.885 1	57.1296 1
2	1	39.493 1	57.997 1
2	1	39.717 1	57.1608 1
2	1	39.1004 1	57.83 1
2	1	39.466 1	57.1356 1
2	1	39.1159 1	57.831 1
2	1	39.99 1	57.403 1
6	8	39.774 1 39.630 1 39.631 0.491 39.727 0.405	57.1638 1 57.1966 1
2	1	39.966 1	57.2409 1
2	1	39.495 1	57.1677 1
2	1	39.569 1	57.2261 1
2	1	39.217 1	57.1025 1
2	1	39.464 1	57.1354 1
2	1	39.1039 1	57.1189 1
2	1	39.331 1	57.1175 1
2	1	39.868 1	57.186 1
2	1	39.139 1	57.357 1
2	1	39.338 1	57.1181 1
2	1	39.991 1	57.74 1
3	2	39.465 1	57.1355 1 57.1642 0.731
2	1	39.1103 1	57.719 1
2	1	39.330 1	57.1174 1
2	1	39.64 1	57.768 1
2	1	39.67 1	57.770 1
2	1	39.306 1	57.1159 1
2	1	39.1025 1	57.1225 1
2	1	39.686 1	57.1838 1
2	1	39.858 1	57.218 1
2	1	39.1167 1	57.822 1
2	1	39.279 1	57.1126 1
2	1	39.580 1	57.1771 1
2	1	39.72 1	57.777 1
2	1	39.1020 1	57.13 1
2	1	39.220 1	57.1051 1
2	1	39.945 1	57.1762 1
2	1	39.1065 1	57.757 1
2	1	39.897 1	57.1288 1
2	1	39.969 1	57.2 1
2	1	39.301 1	57.1154 1
2	1	39.1187 1	57.735 1
2	1	39.11 1	57.630 1
2	1	39.356 1	57.1259 1
2	1	39.621 1	57.1795 1
2	1	39.275 1	57.1098 1
2	1	39.98 1	57.404 1
2	1	39.1185 1	57.739 1
2	1	39.662 1	57.1740 1
2	1	39.799 1	57.2043 1
2	1	39.150 1	57.348 1
2	1	39.222 1	57.1053 1
2	1	39.911 1	57.1275 1
2	1	39.968 1	57.1 1
2	1	39.612 1	57.1963 1
2	1	39.286 1	57.1138 1
2	1	39.745 1	57.1534 1
3	2	39.794 1	57.2037 1 57.2038 0.805
2	1	39.804 1	57.2045 1
2	1	39.501 1	57.1415 1
2	1	39.678 1	57.1834 1
2	1	39.943 1	57.1765 1
2	1	39.383 1	57.1567 1
2	1	39.298 1	57.1151 1
2	1	39.672 1	57.1828 1
2	1	39.197 1	57.1079 1
2	1	39.1046 1	57.1016 1
2	1	39.87 1	57.458 1
2	1	39.256 1	57.1067 1
2	1	39.960 1	57.2400 1
2	1	39.149 1	57.2412 1
2	1	39.791 1	57.1987 1
2	1	39.883 1	57.1299 1
2	1	39.84 1	57.461 1
2	1	39.490 1	57.94 1
2	1	39.396 1	57.2164 1
2	1	39.12 1	57.631 1
2	1	39.618 1	57.1792 1
2	1	39.1176 1	57.743 1
2	1	39.431 1	57.1821 1
2	1	39.854 1	57.1531 1
2	1	39.910 1	57.1276 1
2	1	39.282 1	57.1129 1
2	1	39.169 1	57.905 1
2	1	39.506 1	57.1442 1
2	1	39.224 1	57.1055 1
2	1	39.872 1	57.183 1
2	1	39.303 1	57.1156 1
2	1	39.324 1	57.1169 1
2	1	39.670 1	57.1826 1
2	1	39.909 1	57.1277 1
2	1	39.1170 1	57.73 1
2	1	39.293 1	57.1146 1
2	1	39.255 1	57.1066 1
2	1	39.468 1	57.1364 1
2	1	39.1218 1	57.534 1
2	1	39.1196 1	57.664 1
2	1	39.1013 1	57.1458 1
2	1	39.749 1	57.1527 1
2	1	39.83 1	57.462 1
2	1	39.984 1	57.34 1
2	1	39.1035 1	57.1193 1
2	1	39.463 1	57.1353 1
2	1	39.757 1	57.1519 1
2	1	39.793 1	57.2036 1
2	1	39.388 1	57.2284 1
2	1	39.515 1	57.1814 1
2	1	39.1150 1	57.2377 1
2	1	39.10 1	57.629 1
2	1	39.365 1	57.1265 1
2	1	39.8 1	57.627 1
2	1	39.870 1	57.184 1
2	1	39.1166 1	57.823 1
2	1	39.366 1	57.1266 1
2	1	39.677 1	57.1833 1
2	1	39.770 1	57.2106 1
2	1	39.1089 1	57.846 1
2	1	39.1175 1	57.744 1
2	1	39.722 1	57.1604 1
2	1	39.1048 1	57.1013 1
2	1	39.550 1	57.1925 1
2	1	39.746 1	57.1530 1
2	1	39.877 1	57.165 1
2	1	39.829 1	57.117 1
2	1	39.632 1	57.1459 1
2	1	39.543 1	57.1454 1
2	1	39.336 1	57.1180 1
2	1	39.1146 1	57.583 1
2	1	39.335 1	57.1179 1
2	1	39.535 1	57.1498 1
2	1	39.294 1	57.1147 1
2	1	39.705 1	57.1616 1
2	1	39.1116 1	57.710 1
2	1	39.309 1	57.1162 1
2	1	39.807 1	57.2051 1
2	1	39.469 1	57.1365 1
4	3	39.937 1	57.2437 0.112 57.2442 0.112 57.2462 1
2	1	39.509 1	57.1445 1
2	1	39.597 1	57.2089 1
2	1	39.1031 1	57.1195 1
2	1	39.118 1	57.368 1
2	1	39.819 1	57.2384 1
2	1	39.957 1	57.2382 1
2	1	39.989 1	57.40 1
2	1	39.300 1	57.1153 1
2	1	39.42 1	57.653 1
2	1	39.1037 1	57.1191 1
2	1	39.223 1	57.1054 1
2	1	39.311 1	57.1164 1
2	1	39.454 1	57.1343 1
2	1	39.189 1	57.942 1
3	2	39.1075 0.561 39.439 1	57.332 1
2	1	39.679 1	57.756 1
2	1	39.304 1	57.1157 1
2	1	39.386 1	57.2471 1
2	1	39.980 1	57.22 1
2	1	39.849 1	57.2228 1
2	1	39.1098 1	57.724 1
2	1	39.178 1	57.928 1
2	1	39.296 1	57.1149 1
2	1	39.822 1	57.1394 1
2	1	39.706 1	57.1615 1
2	1	39.1094 1	57.850 1
2	1	39.916 1	57.2159 1
2	1	39.714 1	57.1612 1
2	1	39.354 1	57.1242 1
2	1	39.267 1	57.1092 1
2	1	39.1092 1	57.848 1
2	1	39.128 1	57.361 1
2	1	39.1068 1	57.327 1
2	1	39.808 1	57.2052 1
4	3	39.60 1 39.146 0.816 39.698 0.704	57.760 1
2	1	39.720 1	57.1606 1
2	1	39.956 1	57.2381 1
2	1	39.228 1	57.1059 1
2	1	39.117 1	57.369 1
2	1	39.308 1	57.1161 1
2	1	39.359 1	57.1263 1
2	1	39.131 1	57.358 1
2	1	39.459 1	57.1349 1
2	1	39.512 1	57.1816 1
3	2	39.174 1 39.688 0.172	57.919 1
2	1	39.634 1	57.1798 1
2	1	39.280 1	57.1127 1
2	1	39.44 1	57.655 1
3	2	39.1076 1 39.56 0.870	57.333 1
2	1	39.1003 1	57.82 1
2	1	39.485 1	57.2145 1
2	1	39.505 1	57.1441 1
2	1	39.291 1	57.1144 1
2	1	39.355 1	57.1246 1
2	1	39.1038 1	57.1190 1
2	1	39.979 1	57.20 1
2	1	39.862 1	57.191 1
2	1	39.975 1	57.1782 1
2	1	39.546 1	57.1456 1
2	1	39.482 1	57.2148 1
2	1	39.1164 1	57.824 1
2	1	39.751 1	57.1525 1
2	1	39.114 1	57.372 1
2	1	39.487 1	57.99 1
2	1	39.553 1	57.1922 1
2	1	39.156 1	57.339 1
2	1	39.851 1	57.2254 1
2	1	39.964 1	57.2404 1
2	1	39.1158 1	57.832 1
2	1	39.826 1	57.114 1
2	1	39.433 1	57.1328 1
2	1	39.200 1	57.954 1
2	1	39.1090 1	57.847 1
2	1	39.297 1	57.1150 1
2	1	39.889 1	57.938 1
2	1	39.326 1	57.1171 1
3	2	39.665 1 39.709 0.730	57.1732 1
2	1	39.806 1	57.2050 1
2	1	39.265 1	57.1083 1
2	1	39.1052 1	57.1008 1
2	1	39.236 1	57.1062 1
2	1	39.955 1	57.2380 1
2	1	39.290 1	57.1143 1
2	1	39.285 1	57.1137 1
2	1	39.302 1	57.1155 1
2	1	39.352 1	57.1240 1
2	1	39.925 1	57.1270 1
2	1	39.6 1	57.625 1
2	1	39.43 1	57.654 1
2	1	39.1186 1	57.736 1
2	1	39.288 1	57.1141 1
2	1	39.435 1	57.1330 1
2	1	39.500 1	57.1414 1
2	1	39.715 1	57.1610 1
2	1	39.637 1	57.1804 1
2	1	39.1195 1	57.663 1
2	1	39.539 1	57.1450 1
2	1	39.88 1	57.457 1
2	1	39.1203 1	57.604 1
2	1	39.533 1	57.1496 1
2	1	39.878 1	57.1806 1
2	1	39.1220 1	57.536 1
4	3	39.1127 1	57.2292 1 57.551 0.351 57.986 0.304
2	1	39.499 1	57.1413 1
2	1	39.61 1	57.761 1
2	1	39.389 1	57.2257 1
2	1	39.1215 1	57.502 1
2	1	39.917 1	57.2160 1
2	1	39.1018 1	57.104 1
2	1	39.1033 1	57.1194 1
2	1	39.884 1	57.1297 1
2	1	39.915 1	57.2158 1
2	1	39.944 1	57.1763 1
2	1	39.803 1	57.2044 1
2	1	39.182 1	57.931 1
2	1	39.1042 1	57.1186 1
5	4	39.1122 1	57.2244 0.950 57.2290 0.997 57.549 1 57.984 0.992
2	1	39.547 1	57.1457 1
2	1	39.565 1	57.962 1
2	1	39.773 1	57.478 1
2	1	39.452 1	57.940 1
2	1	39.694 1	57.1625 1
2	1	39.377 1	57.2366 1
2	1	39.503 1	57.2155 1
2	1	39.636 1	57.1803 1
2	1	39.1040 1	57.1188 1
2	1	39.116 1	57.370 1
2	1	39.839 1	57.2014 1
3	2	39.447 1	57.1578 1 57.1579 0.055
2	1	39.635 1	57.1802 1
2	1	39.759 1	57.1517 1
2	1	39.890 1	57.936 1
2	1	39.1051 1	57.1010 1
2	1	39.129 1	57.360 1
2	1	39.620 1	57.1793 1
2	1	39.542 1	57.1453 1
2	1	39.965 1	57.2408 1
2	1	39.590 1	57.1788 1
2	1	39.622 1	57.1797 1
2	1	39.541 1	57.1451 1
2	1	39.295 1	57.1148 1
2	1	39.434 1	57.1329 1
2	1	39.45 1	57.656 1
2	1	39.307 1	57.1160 1
2	1	39.364 1	57.1264 1
2	1	39.950 1	57.1494 1
2	1	39.1045 1	57.1017 1
2	1	39.144 1	57.351 1
2	1	39.142 1	57.354 1
2	1	39.704 1	57.1617 1
2	1	39.1016 1	57.102 1
2	1	39.299 1	57.1152 1
2	1	39.796 1	57.2039 1
2	1	39.994 1	57.76 1
2	1	39.1113 1	57.713 1
2	1	39.810 1	57.2057 1
2	1	39.353 1	57.1241 1
2	1	39.191 1	57.951 1
2	1	39.327 1	57.1172 1
2	1	39.395 1	57.1813 1
2	1	39.1074 1	57.330 1
3	2	39.206 1 39.208 0.057	57.1932 1
2	1	39.744 1	57.1535 1
2	1	39.958 1	57.2383 1
2	1	39.963 1	57.2403 1
2	1	39.557 1	57.2259 1
2	1	39.1209 1	57.509 1
2	1	39.334 1	57.1178 1
2	1	39.739 1	57.1540 1
2	1	39.693 1	57.1632 1
2	1	39.1070 1	57.2079 1
2	1	39.221 1	57.1052 1
2	1	39.896 1	57.1289 1
2	1	39.497 1	57.1412 1
2	1	39.685 1	57.1837 1
2	1	39.159 1	57.336 1
2	1	39.782 1	57.1986 1
2	1	39.161 1	57.1889 1
3	2	39.172 1	57.1774 0.985 57.915 1
2	1	39.212 1	57.1728 1
2	1	39.545 1	57.1455 1
2	1	39.742 1	57.1536 1
2	1	39.219 1	57.1050 1
2	1	39.1043 1	57.1020 1
2	1	39.758 1	57.1518 1
2	1	39.240 1	57.1644 1
2	1	39.1054 1	57.998 1
2	1	39.1002 1	57.81 1
3	2	39.1194 1 39.394 0.234	57.411 1
2	1	39.122 1	57.364 1
2	1	39.1224 1	57.966 1
2	1	39.507 1	57.1443 1
2	1	39.599 1	57.2087 1
2	1	39.840 1	57.2012 1
5	6	39.1189 1 39.712 1 39.123 0.257	57.67 1 57.1416 1
2	1	39.1015 1	57.101 1
2	1	39.1101 1	57.721 1
2	1	39.1099 1	57.723 1
2	1	39.1086 1	57.892 1
2	1	39.721 1	57.1605 1
2	1	39.263 1	57.1081 1
2	1	39.1041 1	57.1187 1
2	1	39.345 1	57.167 1
2	1	39.549 1	57.1926 1
2	1	39.900 1	57.1285 1
2	1	39.408 1	57.597 1
2	1	39.689 1	57.1007 1
2	1	39.857 1	57.219 1
2	1	39.480 1	57.2215 1
2	1	39.598 1	57.2088 1
2	1	39.70 1	57.775 1
2	1	39.752 1	57.1524 1
2	1	39.283 1	57.1132 1
2	1	39.516 1	57.949 1
2	1	39.89 1	57.456 1
2	1	39.1205 1	57.1812 1
2	1	39.676 1	57.1832 1
2	1	39.313 1	57.1649 1
2	1	39.284 1	57.1133 1
2	1	39.393 1	57.1428 1
2	1	39.154 1	57.344 1
2	1	39.66 1	57.769 1
2	1	39.986 1	57.36 1
2	1	39.816 1	57.1701 1
2	1	39.1234 1	57.618 1
2	1	39.753 1	57.1523 1
2	1	39.80 1	57.465 1
2	1	39.438 1	57.503 1
2	1	39.373 1	57.2371 1
2	1	39.349 1	57.2144 1
2	1	39.204 1	57.961 1
2	1	39.202 1	57.959 1
2	1	39.198 1	57.953 1
2	1	39.257 1	57.1068 1
2	1	39.594 1	57.2093 1
2	1	39.26 1	57.1646 1
2	1	39.71 1	57.776 1
2	1	39.188 1	57.941 1
2	1	39.382 1	57.2061 1
3	2	39.923 1	57.2247 1 57.52 0.209
2	1	39.830 1	57.118 1
3	2	39.1169 0.068 39.623 1	57.1421 1
2	1	39.579 1	57.2083 1
8	7	39.1121 1	57.1952 0.108 57.2240 0.935 57.2293 1 57.2301 0.912 57.281 0.227 57.552 0.858 57.987 0.895
2	1	39.218 1	57.1049 1
2	1	39.262 1	57.733 1
2	1	39.1141 1	57.994 1
2	1	39.457 1	57.1347 1
3	2	39.1198 0.480 39.578 1	57.2374 1
2	1	39.260 1	57.1931 1
2	1	39.1100 1	57.722 1
2	1	39.1072 1	57.328 1
2	1	39.79 1	57.825 1
3	2	39.855 1	57.2394 0.631 57.2472 1
2	1	39.92 1	57.444 1
2	1	39.845 1	57.473 1
2	1	39.716 1	57.1609 1
2	1	39.155 1	57.343 1
2	1	39.409 1	57.762 1
