Size	Relations	OrthoA	OrthoB
2	1	39.81 1	56.1 1
2	1	39.82 1	56.2 1
2	1	39.866 1	56.126 1
2	1	39.616 1	56.1326 1
2	1	39.314 1	56.1679 1
2	1	39.1050 1	56.720 1
2	1	39.1174 1	56.192 1
2	1	39.985 1	56.1394 1
2	1	39.471 1	56.1152 1
2	1	39.1056 1	56.710 1
2	1	39.1083 1	56.1827 1
2	1	39.538 1	56.583 1
2	1	39.750 1	56.1746 1
2	1	39.1217 1	56.801 1
2	1	39.449 1	56.154 1
2	1	39.85 1	56.5 1
2	1	39.201 1	56.831 1
2	1	39.1029 1	56.1520 1
2	1	39.510 1	56.585 1
2	1	39.595 1	56.1258 1
2	1	39.176 1	56.1847 1
2	1	39.4 1	56.1092 1
2	1	39.508 1	56.587 1
2	1	39.269 1	56.371 1
2	1	39.398 1	56.951 1
2	1	39.264 1	56.376 1
2	1	39.1063 1	56.705 1
2	1	39.593 1	56.1260 1
2	1	39.781 1	56.1724 1
2	1	39.13 1	56.1101 1
2	1	39.1168 1	56.189 1
2	1	39.3 1	56.1091 1
2	1	39.183 1	56.1853 1
2	1	39.153 1	56.72 1
3	2	39.586 1	56.1621 1 56.1571 0.791
2	1	39.674 1	56.1172 1
3	2	39.1011 1 39.52 0.670	56.1372 1
2	1	39.1014 1	56.1380 1
2	1	39.1114 1	56.1937 1
2	1	39.1058 1	56.1643 1
2	1	39.691 1	56.1480 1
2	1	39.179 1	56.1850 1
2	1	39.325 1	56.269 1
3	2	39.214 1 39.216 0.750	56.729 1
2	1	39.924 1	56.1339 1
2	1	39.268 1	56.372 1
2	1	39.1027 1	56.1518 1
2	1	39.168 1	56.1829 1
2	1	39.130 1	56.58 1
2	1	39.119 1	56.51 1
2	1	39.1128 1	56.1933 1
2	1	39.1024 1	56.1514 1
2	1	39.736 1	56.1761 1
2	1	39.767 1	56.1733 1
2	1	39.907 1	56.439 1
2	1	39.237 1	56.749 1
2	1	39.1157 1	56.180 1
2	1	39.121 1	56.53 1
2	1	39.76 1	56.1137 1
2	1	39.765 1	56.1735 1
2	1	39.40 1	56.1106 1
2	1	39.919 1	56.922 1
2	1	39.583 1	56.1586 1
2	1	39.93 1	56.12 1
2	1	39.970 1	56.1407 1
2	1	39.357 1	56.1195 1
2	1	39.718 1	56.622 1
2	1	39.305 1	56.256 1
2	1	39.483 1	56.914 1
2	1	39.737 1	56.1760 1
2	1	39.993 1	56.1360 1
2	1	39.1030 1	56.1528 1
2	1	39.339 1	56.1511 1
2	1	39.1 1	56.1089 1
2	1	39.213 1	56.728 1
2	1	39.7 1	56.1095 1
2	1	39.77 1	56.1138 1
2	1	39.551 1	56.1616 1
2	1	39.234 1	56.746 1
2	1	39.489 1	56.1378 1
2	1	39.789 1	56.821 1
2	1	39.859 1	56.131 1
2	1	39.861 1	56.129 1
2	1	39.860 1	56.130 1
3	2	39.344 1 39.608 0.724	56.1506 1
2	1	39.62 1	56.1124 1
2	1	39.367 1	56.1344 1
2	1	39.1237 1	56.1088 1
2	1	39.988 1	56.1391 1
2	1	39.874 1	56.116 1
2	1	39.451 1	56.157 1
2	1	39.798 1	56.879 1
2	1	39.1102 1	56.1945 1
2	1	39.281 1	56.363 1
2	1	39.332 1	56.278 1
2	1	39.1107 1	56.1942 1
2	1	39.358 1	56.1196 1
2	1	39.1207 1	56.1023 1
2	1	39.824 1	56.144 1
2	1	39.1104 1	56.1943 1
2	1	39.253 1	56.750 1
2	1	39.797 1	56.878 1
2	1	39.1188 1	56.200 1
2	1	39.1111 1	56.1940 1
2	1	39.1059 1	56.709 1
2	1	39.690 1	56.716 1
2	1	39.1173 1	56.191 1
2	1	39.167 1	56.1828 1
2	1	39.1115 1	56.1936 1
2	1	39.444 1	56.152 1
2	1	39.86 1	56.6 1
2	1	39.494 1	56.1980 1
2	1	39.461 1	56.168 1
2	1	39.1112 1	56.1939 1
2	1	39.266 1	56.374 1
2	1	39.1017 1	56.1383 1
2	1	39.1221 1	56.797 1
2	1	39.470 1	56.1151 1
2	1	39.1228 1	56.793 1
2	1	39.1233 1	56.1085 1
2	1	39.254 1	56.751 1
2	1	39.609 1	56.1119 1
2	1	39.754 1	56.1742 1
2	1	39.1227 1	56.794 1
2	1	39.875 1	56.115 1
2	1	39.879 1	56.112 1
2	1	39.1178 1	56.195 1
2	1	39.194 1	56.756 1
2	1	39.1200 1	56.1212 1
2	1	39.5 1	56.1093 1
2	1	39.669 1	56.1177 1
2	1	39.1204 1	56.1602 1
2	1	39.582 1	56.1587 1
2	1	39.147 1	56.67 1
2	1	39.350 1	56.1505 1
2	1	39.196 1	56.758 1
2	1	39.1088 1	56.1961 1
2	1	39.692 1	56.1479 1
2	1	39.548 1	56.1613 1
2	1	39.981 1	56.1399 1
2	1	39.341 1	56.1509 1
2	1	39.1061 1	56.707 1
2	1	39.1230 1	56.791 1
2	1	39.342 1	56.1508 1
2	1	39.75 1	56.1136 1
2	1	39.828 1	56.138 1
2	1	39.151 1	56.70 1
2	1	39.2 1	56.1090 1
2	1	39.1163 1	56.186 1
2	1	39.1162 1	56.185 1
4	3	39.195 1 39.424 0.875 39.1142 0.832	56.757 1
2	1	39.987 1	56.1392 1
2	1	39.1095 1	56.1953 1
2	1	39.227 1	56.744 1
2	1	39.899 1	56.435 1
2	1	39.755 1	56.1741 1
2	1	39.1073 1	56.84 1
2	1	39.67 1	56.1129 1
2	1	39.854 1	56.1751 1
2	1	39.815 1	56.301 1
2	1	39.235 1	56.747 1
2	1	39.141 1	56.63 1
2	1	39.1010 1	56.1371 1
2	1	39.177 1	56.1848 1
2	1	39.274 1	56.368 1
2	1	39.673 1	56.1173 1
2	1	39.738 1	56.1759 1
2	1	39.211 1	56.1647 1
2	1	39.343 1	56.1507 1
2	1	39.552 1	56.1617 1
2	1	39.1225 1	56.796 1
2	1	39.1184 1	56.196 1
2	1	39.310 1	56.261 1
2	1	39.180 1	56.1851 1
2	1	39.158 1	56.78 1
2	1	39.617 1	56.1325 1
2	1	39.867 1	56.125 1
2	1	39.1159 1	56.182 1
2	1	39.766 1	56.1734 1
2	1	39.747 1	56.1749 1
2	1	39.974 1	56.1406 1
2	1	39.908 1	56.440 1
2	1	39.1044 1	56.726 1
2	1	39.1093 1	56.1955 1
2	1	39.741 1	56.1755 1
2	1	39.1172 1	56.190 1
2	1	39.28 1	56.1103 1
2	1	39.289 1	56.240 1
2	1	39.215 1	56.730 1
2	1	39.902 1	56.438 1
2	1	39.764 1	56.1837 1
2	1	39.273 1	56.369 1
2	1	39.458 1	56.165 1
3	2	39.1211 1 39.49 0.906	56.1300 1
2	1	39.1138 1	56.1929 1
2	1	39.534 1	56.1769 1
2	1	39.197 1	56.759 1
2	1	39.1006 1	56.1369 1
2	1	39.368 1	56.1343 1
2	1	39.1022 1	56.1512 1
2	1	39.396 1	56.924 1
3	2	39.671 1 39.833 0.750	56.1175 1
2	1	39.898 1	56.434 1
2	1	39.202 1	56.830 1
2	1	39.340 1	56.1510 1
2	1	39.78 1	56.1139 1
2	1	39.1049 1	56.721 1
2	1	39.175 1	56.1846 1
2	1	39.272 1	56.370 1
2	1	39.450 1	56.155 1
2	1	39.638 1	56.1687 1
2	1	39.863 1	56.127 1
2	1	39.1060 1	56.708 1
2	1	39.823 1	56.145 1
2	1	39.329 1	56.272 1
2	1	39.1062 1	56.706 1
2	1	39.794 1	56.876 1
2	1	39.184 1	56.1854 1
2	1	39.1047 1	56.723 1
2	1	39.731 1	56.1563 1
2	1	39.1028 1	56.1519 1
2	1	39.355 1	56.1500 1
2	1	39.868 1	56.124 1
2	1	39.869 1	56.123 1
2	1	39.12 1	56.1100 1
2	1	39.157 1	56.77 1
2	1	39.1026 1	56.1517 1
2	1	39.225 1	56.742 1
2	1	39.805 1	56.209 1
2	1	39.982 1	56.1398 1
2	1	39.1023 1	56.1513 1
2	1	39.460 1	56.167 1
2	1	39.511 1	56.584 1
2	1	39.152 1	56.71 1
2	1	39.905 1	56.1562 1
2	1	39.384 1	56.1188 1
2	1	39.328 1	56.271 1
2	1	39.69 1	56.1131 1
2	1	39.792 1	56.872 1
2	1	39.39 1	56.1105 1
2	1	39.68 1	56.1130 1
2	1	39.1055 1	56.711 1
2	1	39.115 1	56.47 1
2	1	39.897 1	56.432 1
2	1	39.1137 1	56.1930 1
2	1	39.41 1	56.1107 1
2	1	39.825 1	56.143 1
2	1	39.856 1	56.134 1
2	1	39.1009 1	56.1370 1
2	1	39.1214 1	56.1299 1
2	1	39.226 1	56.743 1
2	1	39.351 1	56.1504 1
2	1	39.1096 1	56.1952 1
2	1	39.1161 1	56.184 1
2	1	39.484 1	56.913 1
2	1	39.63 1	56.1125 1
2	1	39.1145 1	56.1925 1
2	1	39.1036 1	56.1534 1
2	1	39.740 1	56.1756 1
2	1	39.286 1	56.237 1
3	2	39.1075 0.421 39.439 1	56.82 1
2	1	39.946 1	56.1904 1
3	2	39.980 1	56.1404 1 56.1840 0.696
2	1	39.292 1	56.243 1
2	1	39.873 1	56.120 1
2	1	39.73 1	56.1135 1
2	1	39.1012 1	56.1374 1
2	1	39.756 1	56.1740 1
2	1	39.1229 1	56.792 1
2	1	39.143 1	56.65 1
2	1	39.1152 1	56.1583 1
2	1	39.120 1	56.52 1
2	1	39.258 1	56.755 1
2	1	39.591 1	56.1261 1
2	1	39.663 1	56.1234 1
2	1	39.1097 1	56.1951 1
2	1	39.24 1	56.1102 1
2	1	39.918 1	56.921 1
2	1	39.1053 1	56.714 1
2	1	39.920 1	56.923 1
2	1	39.127 1	56.55 1
2	1	39.1046 1	56.724 1
2	1	39.822 1	56.1773 1
2	1	39.1005 1	56.1368 1
2	1	39.769 1	56.1729 1
2	1	39.256 1	56.753 1
2	1	39.799 1	56.880 1
2	1	39.951 1	56.1642 1
2	1	39.514 1	56.1608 1
2	1	39.708 1	56.411 1
2	1	39.185 1	56.1855 1
2	1	39.490 1	56.1377 1
3	2	39.312 1 39.891 0.835	56.263 1
2	1	39.113 1	56.45 1
2	1	39.148 1	56.68 1
2	1	39.804 1	56.210 1
2	1	39.601 1	56.1462 1
2	1	39.748 1	56.1748 1
2	1	39.323 1	56.267 1
2	1	39.1108 1	56.1941 1
3	2	39.190 1 39.388 0.991	56.835 1
2	1	39.203 1	56.829 1
3	2	39.1198 1 39.578 0.352	56.1214 1
2	1	39.462 1	56.169 1
2	1	39.989 1	56.1390 1
2	1	39.287 1	56.238 1
2	1	39.664 1	56.1233 1
2	1	39.9 1	56.1097 1
2	1	39.107 1	56.31 1
2	1	39.885 1	56.426 1
4	4	39.493 1 39.479 0.663	56.712 1 56.1826 0.646
2	1	39.64 1	56.1126 1
2	1	39.1039 1	56.1538 1
2	1	39.1160 1	56.183 1
2	1	39.315 1	56.1678 1
2	1	39.464 1	56.171 1
2	1	39.1219 1	56.799 1
3	2	39.1004 1 39.975 0.764	56.1367 1
2	1	39.580 1	56.1588 1
2	1	39.991 1	56.1359 1
2	1	39.1185 1	56.197 1
2	1	39.217 1	56.734 1
2	1	39.466 1	56.174 1
2	1	39.495 1	56.1981 1
2	1	39.72 1	56.1134 1
2	1	39.921 1	56.1338 1
2	1	39.465 1	56.172 1
2	1	39.99 1	56.20 1
2	1	39.139 1	56.60 1
2	1	39.279 1	56.365 1
2	1	39.686 1	56.1064 1
2	1	39.858 1	56.132 1
2	1	39.1025 1	56.1516 1
2	1	39.1167 1	56.188 1
2	1	39.662 1	56.1235 1
2	1	39.717 1	56.621 1
2	1	39.109 1	56.33 1
2	1	39.275 1	56.367 1
2	1	39.612 1	56.1620 1
2	1	39.220 1	56.737 1
2	1	39.306 1	56.257 1
2	1	39.945 1	56.1905 1
2	1	39.316 1	56.1402 1
3	2	39.502 0.387 39.682 1	56.1892 1
2	1	39.658 1	56.956 1
2	1	39.1187 1	56.199 1
2	1	39.11 1	56.1099 1
2	1	39.98 1	56.17 1
2	1	39.911 1	56.443 1
2	1	39.150 1	56.69 1
2	1	39.501 1	56.944 1
2	1	39.1103 1	56.1944 1
2	1	39.356 1	56.1194 1
2	1	39.301 1	56.252 1
2	1	39.87 1	56.7 1
2	1	39.298 1	56.249 1
2	1	39.883 1	56.424 1
2	1	39.224 1	56.741 1
2	1	39.968 1	56.1624 1
3	2	39.383 1	56.106 1 56.1700 0.082
2	1	39.745 1	56.1752 1
2	1	39.144 1	56.66 1
2	1	39.957 1	56.1639 1
2	1	39.222 1	56.739 1
2	1	39.1176 1	56.194 1
2	1	39.84 1	56.4 1
2	1	39.910 1	56.442 1
3	2	39.331 1 39.535 0.727	56.1574 1
2	1	39.670 1	56.1176 1
2	1	39.960 1	56.1634 1
2	1	39.872 1	56.121 1
2	1	39.303 1	56.254 1
2	1	39.791 1	56.871 1
2	1	39.10 1	56.1098 1
2	1	39.672 1	56.1174 1
2	1	39.909 1	56.441 1
2	1	39.293 1	56.244 1
2	1	39.366 1	56.1345 1
2	1	39.1196 1	56.1218 1
2	1	39.961 1	56.1633 1
2	1	39.964 1	56.1629 1
2	1	39.949 1	56.1400 1
2	1	39.1218 1	56.800 1
2	1	39.463 1	56.170 1
2	1	39.550 1	56.1615 1
2	1	39.870 1	56.122 1
2	1	39.83 1	56.3 1
2	1	39.618 1	56.1597 1
3	2	39.703 1	56.1277 1 56.1721 1
2	1	39.722 1	56.625 1
2	1	39.255 1	56.752 1
2	1	39.282 1	56.362 1
2	1	39.324 1	56.268 1
3	2	39.386 1	56.1668 1 56.984 0.237
2	1	39.642 1	56.907 1
2	1	39.746 1	56.1750 1
2	1	39.749 1	56.1747 1
2	1	39.1089 1	56.1960 1
2	1	39.128 1	56.56 1
2	1	39.757 1	56.1739 1
2	1	39.877 1	56.113 1
2	1	39.677 1	56.1896 1
3	2	39.705 1	56.1279 1 56.1719 1
2	1	39.543 1	56.578 1
2	1	39.793 1	56.875 1
2	1	39.1175 1	56.193 1
2	1	39.819 1	56.1637 1
2	1	39.884 1	56.425 1
2	1	39.365 1	56.1346 1
2	1	39.969 1	56.1623 1
2	1	39.106 1	56.30 1
2	1	39.1146 1	56.1924 1
2	1	39.1116 1	56.1935 1
2	1	39.857 1	56.133 1
2	1	39.925 1	56.1340 1
2	1	39.469 1	56.1150 1
2	1	39.509 1	56.586 1
2	1	39.468 1	56.1149 1
2	1	39.521 1	56.1764 1
2	1	39.1048 1	56.722 1
3	2	39.394 0.088 39.397 1	56.572 1
2	1	39.515 1	56.1607 1
2	1	39.221 1	56.738 1
2	1	39.807 1	56.207 1
3	2	39.704 1	56.1278 1 56.1720 1
2	1	39.178 1	56.1849 1
2	1	39.529 1	56.635 1
2	1	39.118 1	56.50 1
2	1	39.330 1	56.274 1
2	1	39.1031 1	56.1529 1
2	1	39.1150 1	56.1644 1
2	1	39.171 1	56.1838 1
3	2	39.174 1 39.688 0.140	56.1844 1
2	1	39.223 1	56.740 1
2	1	39.309 1	56.260 1
2	1	39.770 1	56.1728 1
2	1	39.228 1	56.745 1
2	1	39.304 1	56.255 1
2	1	39.311 1	56.262 1
2	1	39.808 1	56.206 1
2	1	39.1094 1	56.1954 1
2	1	39.300 1	56.251 1
2	1	39.70 1	56.1132 1
2	1	39.1092 1	56.1956 1
2	1	39.48 1	56.1120 1
2	1	39.296 1	56.247 1
2	1	39.200 1	56.832 1
2	1	39.1098 1	56.1950 1
2	1	39.140 1	56.61 1
2	1	39.963 1	56.1630 1
2	1	39.1052 1	56.718 1
2	1	39.156 1	56.75 1
2	1	39.620 1	56.1596 1
2	1	39.42 1	56.1108 1
2	1	39.544 1	56.577 1
2	1	39.751 1	56.1745 1
2	1	39.454 1	56.159 1
2	1	39.354 1	56.1501 1
2	1	39.889 1	56.1864 1
3	2	39.242 0.074 39.976 1	56.218 1
2	1	39.714 1	56.618 1
2	1	39.308 1	56.259 1
2	1	39.131 1	56.59 1
2	1	39.280 1	56.364 1
2	1	39.352 1	56.1503 1
2	1	39.459 1	56.166 1
2	1	39.916 1	56.919 1
2	1	39.44 1	56.1111 1
2	1	39.512 1	56.1609 1
2	1	39.1003 1	56.1366 1
2	1	39.1035 1	56.1532 1
3	2	39.1076 1 39.56 0.870	56.81 1
2	1	39.267 1	56.373 1
2	1	39.546 1	56.575 1
2	1	39.291 1	56.242 1
2	1	39.375 1	56.1651 1
4	3	39.60 1 39.146 0.879 39.698 0.736	56.1122 1
3	2	39.702 1	56.1276 1 56.1722 1
2	1	39.720 1	56.623 1
2	1	39.768 1	56.1732 1
2	1	39.1054 1	56.713 1
2	1	39.236 1	56.748 1
2	1	39.294 1	56.245 1
2	1	39.713 1	56.617 1
2	1	39.979 1	56.1405 1
2	1	39.597 1	56.1027 1
2	1	39.104 1	56.25 1
3	2	39.1189 1 39.123 0.199	56.1579 1
2	1	39.1038 1	56.1537 1
2	1	39.539 1	56.582 1
2	1	39.1065 1	56.1118 1
3	2	39.706 1	56.1280 1 56.1718 1
2	1	39.283 1	56.361 1
2	1	39.374 1	56.1648 1
2	1	39.482 1	56.915 1
2	1	39.218 1	56.735 1
2	1	39.637 1	56.1688 1
2	1	39.485 1	56.912 1
2	1	39.635 1	56.1690 1
2	1	39.739 1	56.1757 1
2	1	39.114 1	56.46 1
2	1	39.1220 1	56.798 1
2	1	39.1090 1	56.1959 1
2	1	39.1158 1	56.181 1
2	1	39.644 1	56.1492 1
2	1	39.596 1	56.1029 1
2	1	39.1164 1	56.187 1
2	1	39.955 1	56.1641 1
2	1	39.1037 1	56.1536 1
2	1	39.1087 1	56.1577 1
2	1	39.634 1	56.1593 1
2	1	39.290 1	56.241 1
2	1	39.297 1	56.248 1
2	1	39.43 1	56.1109 1
2	1	39.433 1	56.148 1
4	3	39.110 1 39.19 0.808 39.55 0.836	56.34 1
2	1	39.265 1	56.375 1
2	1	39.285 1	56.236 1
2	1	39.302 1	56.253 1
2	1	39.88 1	56.8 1
2	1	39.553 1	56.1618 1
2	1	39.6 1	56.1094 1
2	1	39.500 1	56.943 1
2	1	39.288 1	56.239 1
3	2	39.977 1 39.835 0.776	56.819 1
2	1	39.132 1	56.1966 1
2	1	39.1018 1	56.1384 1
2	1	39.1186 1	56.198 1
2	1	39.547 1	56.574 1
2	1	39.117 1	56.49 1
2	1	39.541 1	56.581 1
3	2	39.665 1 39.709 0.721	56.1231 1
2	1	39.806 1	56.208 1
2	1	39.944 1	56.1906 1
2	1	39.100 1	56.21 1
2	1	39.435 1	56.150 1
2	1	39.487 1	56.1379 1
2	1	39.678 1	56.1895 1
2	1	39.1195 1	56.1217 1
3	2	39.112 1 39.377 0.785	56.630 1
2	1	39.149 1	56.381 1
2	1	39.506 1	56.590 1
2	1	39.61 1	56.1123 1
2	1	39.189 1	56.1965 1
2	1	39.20 1	56.641 1
2	1	39.499 1	56.942 1
2	1	39.915 1	56.918 1
2	1	39.917 1	56.920 1
3	2	39.238 0.273 39.959 1	56.1635 1
4	3	39.102 1 39.21 0.832 39.836 0.903	56.23 1
2	1	39.803 1	56.814 1
2	1	39.182 1	56.1852 1
2	1	39.1042 1	56.1541 1
2	1	39.1156 1	56.179 1
2	1	39.829 1	56.136 1
2	1	39.965 1	56.1628 1
2	1	39.295 1	56.246 1
2	1	39.533 1	56.1768 1
2	1	39.796 1	56.877 1
2	1	39.8 1	56.1096 1
2	1	39.894 1	56.535 1
2	1	39.1051 1	56.719 1
2	1	39.116 1	56.48 1
2	1	39.94 1	56.13 1
2	1	39.359 1	56.1197 1
2	1	39.1226 1	56.795 1
3	2	39.452 1	56.1865 1 56.1557 0.827
3	2	39.1013 1 39.762 0.098	56.573 1
2	1	39.45 1	56.1112 1
2	1	39.1078 1	56.80 1
2	1	39.1170 1	56.1358 1
2	1	39.590 1	56.217 1
2	1	39.759 1	56.1737 1
2	1	39.966 1	56.1627 1
2	1	39.1016 1	56.1382 1
2	1	39.1113 1	56.1938 1
2	1	39.129 1	56.57 1
2	1	39.434 1	56.149 1
2	1	39.994 1	56.1362 1
2	1	39.1040 1	56.1539 1
2	1	39.387 1	56.981 1
2	1	39.364 1	56.1198 1
2	1	39.621 1	56.1595 1
2	1	39.142 1	56.64 1
2	1	39.263 1	56.377 1
2	1	39.307 1	56.258 1
2	1	39.327 1	56.270 1
2	1	39.744 1	56.1753 1
2	1	39.882 1	56.1612 1
2	1	39.90 1	56.10 1
2	1	39.1074 1	56.83 1
2	1	39.507 1	56.588 1
2	1	39.395 1	56.1605 1
2	1	39.641 1	56.1165 1
2	1	39.862 1	56.128 1
2	1	39.299 1	56.250 1
2	1	39.191 1	56.834 1
2	1	39.353 1	56.1502 1
2	1	39.530 1	56.632 1
2	1	39.636 1	56.1689 1
2	1	39.240 1	56.1570 1
2	1	39.159 1	56.79 1
3	2	39.401 1	56.1493 0.137 56.654 1
2	1	39.685 1	56.1065 1
2	1	39.161 1	56.1559 1
2	1	39.528 1	56.636 1
2	1	39.1209 1	56.1301 1
2	1	39.122 1	56.54 1
2	1	39.219 1	56.736 1
2	1	39.503 1	56.917 1
2	1	39.782 1	56.870 1
2	1	39.958 1	56.1638 1
2	1	39.1002 1	56.1365 1
2	1	39.172 1	56.1842 1
2	1	39.313 1	56.1680 1
2	1	39.758 1	56.1738 1
2	1	39.1224 1	56.824 1
2	1	39.689 1	56.717 1
2	1	39.1033 1	56.1531 1
2	1	39.984 1	56.1396 1
2	1	39.1099 1	56.1949 1
2	1	39.259 1	56.1209 1
3	2	39.402 1 39.403 0.298	56.178 1
2	1	39.599 1	56.1025 1
2	1	39.721 1	56.624 1
2	1	39.742 1	56.1754 1
2	1	39.752 1	56.1744 1
2	1	39.900 1	56.436 1
2	1	39.1015 1	56.1381 1
2	1	39.334 1	56.279 1
2	1	39.549 1	56.1614 1
2	1	39.1101 1	56.1946 1
2	1	39.257 1	56.754 1
2	1	39.1041 1	56.1540 1
2	1	39.1232 1	56.1084 1
2	1	39.715 1	56.619 1
2	1	39.598 1	56.1026 1
2	1	39.896 1	56.430 1
6	5	39.630 0.441 39.631 0.614 39.727 0.549 39.774 1 39.904 0.077	56.1484 1
2	1	39.986 1	56.1393 1
2	1	39.1043 1	56.727 1
3	2	39.206 1 39.208 0.063	56.1646 1
2	1	39.71 1	56.1133 1
2	1	39.545 1	56.576 1
2	1	39.990 1	56.1357 1
2	1	39.542 1	56.579 1
2	1	39.681 1	56.1113 1
2	1	39.816 1	56.300 1
2	1	39.1234 1	56.1087 1
2	1	39.693 1	56.1478 1
2	1	39.154 1	56.73 1
2	1	39.594 1	56.1259 1
2	1	39.66 1	56.1128 1
2	1	39.345 1	56.109 1
2	1	39.89 1	56.9 1
2	1	39.101 1	56.22 1
2	1	39.1086 1	56.1580 1
2	1	39.1169 1	56.1758 1
2	1	39.198 1	56.833 1
2	1	39.753 1	56.1743 1
2	1	39.204 1	56.828 1
2	1	39.453 1	56.158 1
2	1	39.967 1	56.1625 1
2	1	39.457 1	56.164 1
3	2	39.557 1	56.343 1 56.520 0.941
2	1	39.284 1	56.359 1
2	1	39.830 1	56.135 1
2	1	39.505 1	56.591 1
2	1	39.962 1	56.1631 1
2	1	39.212 1	56.1230 1
2	1	39.26 1	56.1568 1
2	1	39.1122 1	56.1817 1
2	1	39.1121 1	56.1991 1
2	1	39.349 1	56.1723 1
3	2	39.680 1	56.1114 1 56.1117 0.064
2	1	39.788 1	56.820 1
2	1	39.939 1	56.1213 1
2	1	39.574 1	56.139 1
2	1	39.716 1	56.620 1
4	4	39.726 0.124 39.733 1	56.1998 0.409 56.594 1
4	3	39.855 1	56.1430 0.206 56.1677 1 56.516 0.352
2	1	39.111 1	56.35 1
2	1	39.155 1	56.74 1
2	1	39.326 1	56.422 1
2	1	39.649 1	56.957 1
2	1	39.1100 1	56.1948 1
5	6	39.1147 0.250 39.1148 1	56.1432 0.481 56.408 0.506 56.524 1
2	1	39.1231 1	56.672 1
19	34	39.842 0.077 39.844 1	56.1041 0.364 56.1162 0.455 56.1271 1 56.1313 0.115 56.1421 0.321 56.1867 0.461 56.1969 0.325 56.307 0.078 56.310 0.134 56.399 0.305 56.444 0.171 56.471 0.436 56.671 0.312 56.683 0.312 56.699 0.436 56.810 0.156 56.995 0.052
