Size	Relations	OrthoA	OrthoB
2	1	39.81 1	55.81 1
2	1	39.866 1	55.494 1
2	1	39.82 1	55.82 1
2	1	39.616 1	55.336 1
2	1	39.314 1	55.382 1
2	1	39.1050 1	55.876 1
2	1	39.1174 1	55.148 1
2	1	39.1200 1	55.936 1
2	1	39.379 1	55.1044 1
2	1	39.471 1	55.441 1
2	1	39.985 1	55.999 1
2	1	39.1083 1	55.1122 1
2	1	39.1056 1	55.866 1
2	1	39.538 1	55.48 1
2	1	39.1217 1	55.923 1
2	1	39.449 1	55.469 1
2	1	39.750 1	55.1159 1
2	1	39.85 1	55.85 1
2	1	39.201 1	55.1072 1
2	1	39.1029 1	55.675 1
2	1	39.510 1	55.46 1
2	1	39.595 1	55.324 1
2	1	39.508 1	55.44 1
2	1	39.176 1	55.1097 1
2	1	39.4 1	55.903 1
2	1	39.269 1	55.752 1
2	1	39.186 1	55.1088 1
2	1	39.1202 1	55.928 1
2	1	39.1207 1	55.927 1
2	1	39.264 1	55.747 1
2	1	39.1063 1	55.861 1
2	1	39.593 1	55.322 1
2	1	39.398 1	55.36 1
2	1	39.781 1	55.1139 1
2	1	39.13 1	55.894 1
2	1	39.391 1	55.271 1
2	1	39.3 1	55.904 1
2	1	39.1168 1	55.151 1
2	1	39.183 1	55.1091 1
2	1	39.153 1	55.847 1
2	1	39.914 1	55.638 1
3	2	39.586 1	55.314 1 55.388 0.791
2	1	39.674 1	55.354 1
3	2	39.1011 1 39.52 0.670	55.978 1
2	1	39.710 1	55.270 1
2	1	39.1114 1	55.103 1
2	1	39.1014 1	55.970 1
2	1	39.1058 1	55.1030 1
2	1	39.691 1	55.394 1
2	1	39.91 1	55.91 1
2	1	39.179 1	55.1094 1
2	1	39.325 1	55.796 1
2	1	39.375 1	55.1037 1
2	1	39.924 1	55.642 1
2	1	39.214 1	55.715 1
2	1	39.1027 1	55.673 1
2	1	39.268 1	55.751 1
2	1	39.1065 1	55.859 1
2	1	39.130 1	55.834 1
2	1	39.168 1	55.1120 1
2	1	39.682 1	55.361 1
2	1	39.1024 1	55.669 1
2	1	39.1128 1	55.99 1
2	1	39.119 1	55.826 1
2	1	39.736 1	55.1174 1
2	1	39.767 1	55.1146 1
2	1	39.976 1	55.243 1
2	1	39.1204 1	55.195 1
2	1	39.907 1	55.633 1
2	1	39.260 1	55.938 1
2	1	39.237 1	55.733 1
2	1	39.1157 1	55.160 1
2	1	39.121 1	55.828 1
2	1	39.40 1	55.890 1
2	1	39.76 1	55.76 1
2	1	39.765 1	55.1148 1
2	1	39.919 1	55.1128 1
2	1	39.93 1	55.94 1
2	1	39.583 1	55.239 1
2	1	39.970 1	55.552 1
2	1	39.305 1	55.784 1
2	1	39.357 1	55.653 1
2	1	39.718 1	55.263 1
2	1	39.1030 1	55.678 1
2	1	39.339 1	55.666 1
2	1	39.737 1	55.1173 1
2	1	39.483 1	55.1135 1
2	1	39.993 1	55.990 1
2	1	39.1139 1	55.426 1
2	1	39.1 1	55.906 1
2	1	39.213 1	55.714 1
2	1	39.1198 1	55.935 1
2	1	39.7 1	55.900 1
2	1	39.106 1	55.815 1
2	1	39.77 1	55.77 1
2	1	39.489 1	55.972 1
2	1	39.234 1	55.730 1
2	1	39.551 1	55.286 1
2	1	39.789 1	55.954 1
3	2	39.344 1 39.608 0.724	55.661 1
2	1	39.860 1	55.490 1
2	1	39.861 1	55.491 1
2	1	39.859 1	55.489 1
2	1	39.367 1	55.647 1
2	1	39.62 1	55.64 1
2	1	39.1237 1	55.907 1
2	1	39.988 1	55.996 1
2	1	39.451 1	55.467 1
2	1	39.798 1	55.6 1
2	1	39.874 1	55.611 1
2	1	39.1102 1	55.111 1
2	1	39.281 1	55.760 1
2	1	39.332 1	55.802 1
2	1	39.444 1	55.471 1
2	1	39.358 1	55.652 1
2	1	39.1107 1	55.108 1
2	1	39.824 1	55.479 1
2	1	39.690 1	55.872 1
2	1	39.797 1	55.7 1
2	1	39.253 1	55.734 1
2	1	39.1104 1	55.109 1
2	1	39.1111 1	55.106 1
2	1	39.1173 1	55.149 1
2	1	39.1188 1	55.140 1
2	1	39.1059 1	55.865 1
2	1	39.167 1	55.1121 1
2	1	39.86 1	55.86 1
2	1	39.494 1	55.23 1
2	1	39.1115 1	55.102 1
2	1	39.570 1	55.1050 1
3	2	39.897 1 39.23 0.807	55.627 1
2	1	39.461 1	55.453 1
2	1	39.1112 1	55.105 1
2	1	39.266 1	55.749 1
2	1	39.1221 1	55.919 1
2	1	39.1233 1	55.910 1
2	1	39.470 1	55.442 1
2	1	39.609 1	55.60 1
2	1	39.1017 1	55.967 1
2	1	39.754 1	55.1155 1
2	1	39.1066 1	55.858 1
2	1	39.1228 1	55.915 1
2	1	39.254 1	55.735 1
2	1	39.875 1	55.612 1
2	1	39.879 1	55.615 1
2	1	39.1227 1	55.916 1
2	1	39.99 1	55.809 1
2	1	39.341 1	55.664 1
2	1	39.1138 1	55.169 1
2	1	39.1178 1	55.145 1
2	1	39.194 1	55.740 1
2	1	39.450 1	55.468 1
2	1	39.476 1	55.429 1
2	1	39.5 1	55.902 1
2	1	39.582 1	55.238 1
2	1	39.147 1	55.842 1
2	1	39.669 1	55.349 1
2	1	39.350 1	55.660 1
2	1	39.981 1	55.1002 1
2	1	39.1061 1	55.863 1
2	1	39.1088 1	55.125 1
2	1	39.196 1	55.742 1
2	1	39.820 1	55.428 1
2	1	39.548 1	55.289 1
2	1	39.216 1	55.717 1
2	1	39.692 1	55.395 1
2	1	39.75 1	55.75 1
2	1	39.840 1	55.422 1
2	1	39.828 1	55.482 1
2	1	39.1163 1	55.154 1
2	1	39.1230 1	55.913 1
2	1	39.2 1	55.905 1
2	1	39.1225 1	55.918 1
2	1	39.342 1	55.663 1
2	1	39.987 1	55.997 1
2	1	39.1095 1	55.118 1
2	1	39.151 1	55.845 1
2	1	39.1162 1	55.155 1
3	2	39.132 1	55.1081 1 55.676 0.667
4	3	39.195 1 39.424 0.875 39.1142 0.832	55.741 1
2	1	39.386 1	55.436 1
2	1	39.227 1	55.728 1
2	1	39.713 1	55.268 1
2	1	39.755 1	55.1154 1
2	1	39.899 1	55.629 1
2	1	39.1073 1	55.857 1
2	1	39.1137 1	55.170 1
2	1	39.67 1	55.68 1
2	1	39.815 1	55.415 1
2	1	39.235 1	55.731 1
2	1	39.1010 1	55.979 1
2	1	39.141 1	55.838 1
2	1	39.854 1	55.1164 1
2	1	39.355 1	55.655 1
2	1	39.177 1	55.1096 1
2	1	39.552 1	55.285 1
2	1	39.274 1	55.755 1
2	1	39.738 1	55.1172 1
2	1	39.1184 1	55.144 1
2	1	39.343 1	55.662 1
2	1	39.673 1	55.353 1
2	1	39.180 1	55.1093 1
2	1	39.310 1	55.789 1
2	1	39.39 1	55.891 1
2	1	39.867 1	55.495 1
2	1	39.158 1	55.851 1
2	1	39.617 1	55.337 1
2	1	39.974 1	55.551 1
2	1	39.766 1	55.1147 1
2	1	39.747 1	55.1162 1
4	3	39.387 1	55.342 0.282 55.430 0.114 55.912 1
2	1	39.1159 1	55.158 1
2	1	39.908 1	55.634 1
2	1	39.1044 1	55.882 1
2	1	39.1093 1	55.120 1
2	1	39.1172 1	55.150 1
2	1	39.425 1	55.252 1
2	1	39.764 1	55.1105 1
2	1	39.28 1	55.892 1
2	1	39.440 1	55.18 1
2	1	39.741 1	55.1168 1
2	1	39.902 1	55.632 1
3	2	39.1211 1 39.49 0.906	55.925 1
2	1	39.289 1	55.768 1
2	1	39.215 1	55.716 1
2	1	39.458 1	55.456 1
2	1	39.534 1	55.317 1
2	1	39.273 1	55.754 1
2	1	39.197 1	55.743 1
2	1	39.368 1	55.646 1
2	1	39.1022 1	55.667 1
2	1	39.149 1	55.245 1
3	2	39.671 1 39.833 0.750	55.351 1
2	1	39.638 1	55.209 1
2	1	39.1006 1	55.981 1
2	1	39.898 1	55.628 1
2	1	39.949 1	55.1003 1
2	1	39.78 1	55.78 1
2	1	39.340 1	55.665 1
2	1	39.1049 1	55.877 1
2	1	39.272 1	55.753 1
2	1	39.863 1	55.493 1
2	1	39.175 1	55.1098 1
2	1	39.1060 1	55.864 1
2	1	39.794 1	55.9 1
2	1	39.823 1	55.478 1
2	1	39.1028 1	55.674 1
2	1	39.107 1	55.816 1
2	1	39.329 1	55.799 1
2	1	39.184 1	55.1090 1
2	1	39.1062 1	55.862 1
2	1	39.1047 1	55.879 1
2	1	39.1170 1	55.992 1
2	1	39.731 1	55.376 1
2	1	39.825 1	55.480 1
2	1	39.868 1	55.496 1
2	1	39.1026 1	55.672 1
2	1	39.157 1	55.850 1
2	1	39.621 1	55.215 1
2	1	39.869 1	55.497 1
2	1	39.104 1	55.813 1
2	1	39.1023 1	55.668 1
2	1	39.12 1	55.895 1
2	1	39.982 1	55.1001 1
2	1	39.225 1	55.726 1
2	1	39.805 1	55.278 1
2	1	39.460 1	55.454 1
2	1	39.152 1	55.846 1
2	1	39.171 1	55.1104 1
2	1	39.427 1	55.254 1
2	1	39.90 1	55.90 1
2	1	39.511 1	55.47 1
2	1	39.569 1	55.1049 1
2	1	39.69 1	55.70 1
2	1	39.839 1	55.420 1
2	1	39.905 1	55.375 1
3	2	39.1075 0.386 39.439 1	55.855 1
2	1	39.376 1	55.1038 1
2	1	39.140 1	55.837 1
2	1	39.1055 1	55.867 1
2	1	39.328 1	55.798 1
2	1	39.810 1	55.273 1
2	1	39.396 1	55.1125 1
2	1	39.792 1	55.11 1
2	1	39.351 1	55.659 1
2	1	39.68 1	55.69 1
2	1	39.1214 1	55.924 1
2	1	39.41 1	55.889 1
2	1	39.115 1	55.822 1
2	1	39.226 1	55.727 1
2	1	39.856 1	55.485 1
2	1	39.1096 1	55.117 1
2	1	39.1009 1	55.980 1
2	1	39.1161 1	55.156 1
2	1	39.73 1	55.74 1
2	1	39.990 1	55.993 1
2	1	39.484 1	55.1136 1
2	1	39.740 1	55.1169 1
2	1	39.946 1	55.202 1
2	1	39.1145 1	55.167 1
2	1	39.286 1	55.765 1
2	1	39.63 1	55.65 1
2	1	39.644 1	55.22 1
2	1	39.1036 1	55.682 1
2	1	39.292 1	55.771 1
2	1	39.873 1	55.500 1
3	2	39.980 1	55.549 1 55.1103 0.696
2	1	39.1229 1	55.914 1
2	1	39.258 1	55.739 1
2	1	39.663 1	55.232 1
2	1	39.143 1	55.840 1
2	1	39.708 1	55.414 1
2	1	39.1012 1	55.976 1
2	1	39.756 1	55.1153 1
2	1	39.374 1	55.1036 1
2	1	39.1097 1	55.116 1
2	1	39.120 1	55.827 1
2	1	39.24 1	55.893 1
2	1	39.591 1	55.321 1
2	1	39.920 1	55.1127 1
2	1	39.918 1	55.1129 1
2	1	39.1046 1	55.880 1
2	1	39.1053 1	55.870 1
2	1	39.769 1	55.1143 1
2	1	39.822 1	55.1059 1
2	1	39.514 1	55.190 1
2	1	39.1005 1	55.982 1
2	1	39.256 1	55.737 1
2	1	39.48 1	55.61 1
2	1	39.799 1	55.281 1
2	1	39.951 1	55.1029 1
2	1	39.826 1	55.481 1
2	1	39.521 1	55.315 1
3	2	39.312 1 39.891 0.825	55.791 1
2	1	39.959 1	55.1022 1
2	1	39.113 1	55.820 1
2	1	39.1144 1	55.1176 1
2	1	39.490 1	55.973 1
2	1	39.259 1	55.937 1
2	1	39.804 1	55.279 1
2	1	39.601 1	55.183 1
2	1	39.148 1	55.843 1
2	1	39.185 1	55.1089 1
2	1	39.748 1	55.1161 1
2	1	39.1150 1	55.1031 1
2	1	39.190 1	55.1077 1
2	1	39.462 1	55.452 1
2	1	39.9 1	55.898 1
2	1	39.323 1	55.794 1
2	1	39.203 1	55.948 1
2	1	39.596 1	55.325 1
2	1	39.1108 1	55.107 1
3	2	39.390 1 39.1193 0.850	55.1053 1
2	1	39.330 1	55.800 1
2	1	39.287 1	55.766 1
2	1	39.664 1	55.231 1
2	1	39.989 1	55.995 1
4	4	39.493 1 39.479 0.722	55.868 1 55.134 0.685
2	1	39.315 1	55.381 1
2	1	39.885 1	55.623 1
2	1	39.464 1	55.450 1
2	1	39.1039 1	55.685 1
2	1	39.1219 1	55.921 1
2	1	39.1160 1	55.157 1
2	1	39.1004 1	55.983 1
2	1	39.1020 1	55.559 1
2	1	39.64 1	55.66 1
2	1	39.72 1	55.73 1
2	1	39.338 1	55.689 1
2	1	39.921 1	55.641 1
2	1	39.991 1	55.991 1
2	1	39.506 1	55.42 1
2	1	39.331 1	55.801 1
2	1	39.495 1	55.24 1
2	1	39.580 1	55.237 1
2	1	39.1185 1	55.143 1
2	1	39.466 1	55.447 1
2	1	39.925 1	55.643 1
3	2	39.112 1 39.377 0.817	55.819 1
2	1	39.217 1	55.718 1
3	2	39.465 1	55.449 1 55.389 0.801
2	1	39.275 1	55.756 1
2	1	39.662 1	55.233 1
2	1	39.686 1	55.363 1
2	1	39.978 1	55.959 1
2	1	39.139 1	55.836 1
2	1	39.858 1	55.488 1
2	1	39.1025 1	55.671 1
2	1	39.279 1	55.758 1
2	1	39.612 1	55.313 1
2	1	39.109 1	55.817 1
2	1	39.1167 1	55.152 1
2	1	39.945 1	55.203 1
2	1	39.966 1	55.1014 1
2	1	39.717 1	55.264 1
2	1	39.306 1	55.785 1
2	1	39.220 1	55.721 1
2	1	39.11 1	55.896 1
2	1	39.261 1	55.939 1
2	1	39.501 1	55.31 1
2	1	39.969 1	55.1011 1
2	1	39.1187 1	55.141 1
2	1	39.316 1	55.547 1
2	1	39.889 1	55.1085 1
2	1	39.127 1	55.830 1
2	1	39.150 1	55.844 1
2	1	39.356 1	55.654 1
2	1	39.911 1	55.637 1
2	1	39.98 1	55.807 1
2	1	39.1103 1	55.110 1
2	1	39.202 1	55.1071 1
2	1	39.301 1	55.780 1
2	1	39.426 1	55.253 1
2	1	39.968 1	55.1012 1
2	1	39.298 1	55.777 1
2	1	39.1013 1	55.975 1
5	4	39.630 0.282 39.631 0.504 39.727 0.420 39.774 1	55.392 1
2	1	39.87 1	55.87 1
2	1	39.678 1	55.360 1
2	1	39.883 1	55.621 1
2	1	39.224 1	55.725 1
2	1	39.745 1	55.1165 1
3	2	39.428 1 39.834 0.842	55.255 1
2	1	39.957 1	55.1026 1
2	1	39.960 1	55.1021 1
2	1	39.84 1	55.84 1
2	1	39.791 1	55.12 1
2	1	39.910 1	55.636 1
2	1	39.1176 1	55.146 1
2	1	39.222 1	55.723 1
2	1	39.670 1	55.350 1
2	1	39.169 1	55.1114 1
2	1	39.872 1	55.499 1
2	1	39.303 1	55.782 1
2	1	39.909 1	55.635 1
2	1	39.10 1	55.897 1
2	1	39.100 1	55.810 1
2	1	39.1196 1	55.932 1
2	1	39.293 1	55.772 1
2	1	39.366 1	55.648 1
2	1	39.672 1	55.352 1
2	1	39.943 1	55.206 1
2	1	39.964 1	55.1016 1
2	1	39.975 1	55.244 1
2	1	39.1209 1	55.926 1
2	1	39.819 1	55.1024 1
2	1	39.1218 1	55.922 1
2	1	39.255 1	55.736 1
2	1	39.961 1	55.1020 1
2	1	39.156 1	55.849 1
2	1	39.749 1	55.1160 1
2	1	39.768 1	55.1144 1
2	1	39.128 1	55.832 1
2	1	39.550 1	55.287 1
2	1	39.722 1	55.260 1
2	1	39.83 1	55.83 1
2	1	39.870 1	55.498 1
2	1	39.324 1	55.795 1
2	1	39.384 1	55.437 1
2	1	39.463 1	55.451 1
2	1	39.144 1	55.841 1
2	1	39.703 1	55.410 1
2	1	39.543 1	55.304 1
2	1	39.752 1	55.1157 1
2	1	39.984 1	55.1000 1
2	1	39.757 1	55.1152 1
2	1	39.793 1	55.10 1
2	1	39.1089 1	55.124 1
2	1	39.8 1	55.899 1
2	1	39.877 1	55.614 1
2	1	39.282 1	55.761 1
2	1	39.705 1	55.412 1
2	1	39.746 1	55.1163 1
2	1	39.677 1	55.359 1
2	1	39.389 1	55.1052 1
2	1	39.1035 1	55.681 1
2	1	39.1175 1	55.147 1
3	2	39.174 1 39.688 0.100	55.1100 1
2	1	39.365 1	55.649 1
2	1	39.429 1	55.256 1
2	1	39.884 1	55.622 1
3	2	39.200 1 39.146 0.880	55.1073 1
2	1	39.1146 1	55.166 1
2	1	39.335 1	55.804 1
2	1	39.468 1	55.444 1
2	1	39.535 1	55.318 1
2	1	39.1116 1	55.101 1
2	1	39.469 1	55.443 1
2	1	39.541 1	55.306 1
2	1	39.862 1	55.492 1
2	1	39.509 1	55.45 1
2	1	39.515 1	55.191 1
2	1	39.1048 1	55.878 1
2	1	39.336 1	55.805 1
2	1	39.770 1	55.1142 1
2	1	39.618 1	55.217 1
2	1	39.221 1	55.722 1
2	1	39.383 1	55.432 1
2	1	39.807 1	55.276 1
2	1	39.309 1	55.788 1
2	1	39.178 1	55.1095 1
2	1	39.632 1	55.507 1
2	1	39.704 1	55.411 1
2	1	39.864 1	55.930 1
2	1	39.118 1	55.825 1
2	1	39.223 1	55.724 1
2	1	39.597 1	55.326 1
2	1	39.304 1	55.783 1
2	1	39.1031 1	55.679 1
2	1	39.228 1	55.729 1
2	1	39.829 1	55.483 1
2	1	39.1101 1	55.112 1
2	1	39.700 1	55.407 1
2	1	39.1037 1	55.683 1
2	1	39.1094 1	55.119 1
2	1	39.296 1	55.775 1
2	1	39.300 1	55.779 1
2	1	39.70 1	55.71 1
2	1	39.808 1	55.275 1
2	1	39.311 1	55.790 1
2	1	39.1052 1	55.874 1
2	1	39.401 1	55.21 1
2	1	39.620 1	55.216 1
2	1	39.956 1	55.1027 1
2	1	39.963 1	55.1017 1
2	1	39.454 1	55.465 1
2	1	39.1098 1	55.115 1
2	1	39.42 1	55.888 1
2	1	39.714 1	55.267 1
2	1	39.751 1	55.1158 1
3	2	39.1189 1 39.123 0.181	55.131 1
2	1	39.354 1	55.656 1
2	1	39.131 1	55.835 1
2	1	39.308 1	55.787 1
2	1	39.916 1	55.1131 1
2	1	39.352 1	55.658 1
2	1	39.280 1	55.759 1
2	1	39.459 1	55.455 1
2	1	39.519 1	55.20 1
2	1	39.720 1	55.262 1
2	1	39.512 1	55.189 1
2	1	39.546 1	55.302 1
3	2	39.1076 1 39.56 0.870	55.854 1
2	1	39.267 1	55.750 1
2	1	39.44 1	55.886 1
2	1	39.979 1	55.550 1
2	1	39.1003 1	55.984 1
2	1	39.1054 1	55.869 1
2	1	39.189 1	55.1082 1
2	1	39.257 1	55.738 1
2	1	39.291 1	55.770 1
3	2	39.60 1 39.698 0.736	55.62 1
2	1	39.702 1	55.409 1
2	1	39.218 1	55.719 1
2	1	39.359 1	55.651 1
2	1	39.634 1	55.214 1
3	2	39.977 1 39.835 0.787	55.958 1
2	1	39.1038 1	55.684 1
2	1	39.482 1	55.1134 1
2	1	39.539 1	55.49 1
2	1	39.294 1	55.773 1
2	1	39.114 1	55.821 1
2	1	39.637 1	55.210 1
2	1	39.706 1	55.413 1
2	1	39.485 1	55.1137 1
2	1	39.487 1	55.971 1
2	1	39.635 1	55.212 1
2	1	39.715 1	55.266 1
2	1	39.739 1	55.1170 1
2	1	39.1186 1	55.142 1
2	1	39.553 1	55.284 1
2	1	39.297 1	55.776 1
2	1	39.505 1	55.41 1
2	1	39.1087 1	55.129 1
2	1	39.1158 1	55.159 1
2	1	39.1164 1	55.153 1
2	1	39.1220 1	55.920 1
2	1	39.533 1	55.316 1
2	1	39.290 1	55.769 1
2	1	39.88 1	55.88 1
2	1	39.955 1	55.1028 1
2	1	39.43 1	55.887 1
2	1	39.161 1	55.374 1
2	1	39.433 1	55.475 1
2	1	39.693 1	55.396 1
4	3	39.110 1 39.19 0.808 39.55 0.836	55.818 1
2	1	39.236 1	55.732 1
2	1	39.302 1	55.781 1
2	1	39.6 1	55.901 1
2	1	39.1018 1	55.966 1
3	2	39.665 1 39.709 0.721	55.229 1
2	1	39.285 1	55.764 1
2	1	39.283 1	55.762 1
2	1	39.288 1	55.767 1
2	1	39.500 1	55.30 1
2	1	39.806 1	55.277 1
2	1	39.408 1	55.163 1
2	1	39.547 1	55.301 1
2	1	39.117 1	55.824 1
2	1	39.435 1	55.473 1
2	1	39.944 1	55.204 1
2	1	39.1195 1	55.933 1
2	1	39.694 1	55.405 1
2	1	39.61 1	55.63 1
2	1	39.1090 1	55.123 1
2	1	39.438 1	55.1118 1
2	1	39.499 1	55.29 1
2	1	39.917 1	55.1130 1
2	1	39.388 1	55.1047 1
2	1	39.516 1	55.1079 1
2	1	39.915 1	55.1132 1
2	1	39.1033 1	55.680 1
2	1	39.182 1	55.1092 1
2	1	39.262 1	55.940 1
2	1	39.542 1	55.305 1
2	1	39.1064 1	55.860 1
4	3	39.102 1 39.21 0.832 39.836 0.903	55.812 1
2	1	39.212 1	55.228 1
3	2	39.732 1	55.246 1 55.248 1
2	1	39.803 1	55.280 1
2	1	39.1042 1	55.688 1
2	1	39.1156 1	55.161 1
2	1	39.265 1	55.344 1
2	1	39.796 1	55.8 1
2	1	39.295 1	55.774 1
2	1	39.965 1	55.1015 1
2	1	39.1051 1	55.875 1
3	2	39.452 1	55.1084 1 55.372 0.827
2	1	39.890 1	55.1087 1
2	1	39.284 1	55.763 1
2	1	39.759 1	55.1150 1
2	1	39.636 1	55.211 1
2	1	39.116 1	55.823 1
2	1	39.1226 1	55.917 1
2	1	39.45 1	55.885 1
2	1	39.532 1	55.227 1
2	1	39.590 1	55.242 1
2	1	39.1040 1	55.686 1
2	1	39.1078 1	55.853 1
2	1	39.994 1	55.988 1
2	1	39.503 1	55.1133 1
2	1	39.1113 1	55.104 1
2	1	39.129 1	55.833 1
2	1	39.434 1	55.474 1
2	1	39.1016 1	55.968 1
2	1	39.307 1	55.786 1
2	1	39.882 1	55.290 1
2	1	39.142 1	55.839 1
2	1	39.364 1	55.650 1
2	1	39.711 1	55.269 1
2	1	39.1074 1	55.856 1
2	1	39.327 1	55.797 1
2	1	39.744 1	55.1166 1
2	1	39.507 1	55.43 1
2	1	39.599 1	55.328 1
2	1	39.263 1	55.746 1
3	2	39.402 1 39.403 0.258	55.162 1
2	1	39.353 1	55.657 1
2	1	39.299 1	55.778 1
2	1	39.334 1	55.803 1
2	1	39.395 1	55.193 1
2	1	39.191 1	55.1076 1
2	1	39.159 1	55.852 1
2	1	39.66 1	55.67 1
2	1	39.240 1	55.387 1
2	1	39.1224 1	55.952 1
2	1	39.685 1	55.362 1
2	1	39.782 1	55.13 1
2	1	39.838 1	55.419 1
2	1	39.122 1	55.829 1
2	1	39.497 1	55.28 1
2	1	39.896 1	55.626 1
2	1	39.219 1	55.720 1
2	1	39.958 1	55.1025 1
2	1	39.1002 1	55.985 1
2	1	39.346 1	55.1175 1
2	1	39.545 1	55.303 1
3	2	39.1194 1 39.394 0.233	55.93 1
2	1	39.579 1	55.332 1
2	1	39.172 1	55.1101 1
2	1	39.313 1	55.383 1
2	1	39.557 1	55.1051 1
2	1	39.758 1	55.1151 1
2	1	39.900 1	55.630 1
2	1	39.1099 1	55.114 1
2	1	39.689 1	55.873 1
2	1	39.154 1	55.848 1
2	1	39.345 1	55.616 1
2	1	39.721 1	55.261 1
2	1	39.742 1	55.1167 1
2	1	39.1015 1	55.969 1
2	1	39.549 1	55.288 1
2	1	39.624 1	55.128 1
2	1	39.89 1	55.89 1
2	1	39.1041 1	55.687 1
2	1	39.967 1	55.1013 1
2	1	39.1232 1	55.911 1
2	1	39.598 1	55.327 1
2	1	39.613 1	55.1045 1
2	1	39.857 1	55.487 1
2	1	39.962 1	55.1018 1
2	1	39.1086 1	55.132 1
2	1	39.1205 1	55.194 1
2	1	39.986 1	55.998 1
3	2	39.206 1 39.208 0.063	55.1033 1
2	1	39.71 1	55.72 1
6	5	39.587 0.096 39.588 1 39.626 0.135 39.633 0.173 39.853 0.177	55.40 1
2	1	39.816 1	55.416 1
2	1	39.1234 1	55.908 1
2	1	39.676 1	55.356 1
2	1	39.80 1	55.80 1
4	4	39.842 0.058 39.844 1	55.424 1 55.425 0.174
2	1	39.373 1	55.1035 1
2	1	39.753 1	55.1156 1
2	1	39.204 1	55.949 1
2	1	39.1140 1	55.427 1
2	1	39.198 1	55.1074 1
2	1	39.594 1	55.323 1
2	1	39.453 1	55.466 1
2	1	39.101 1	55.811 1
2	1	39.1043 1	55.883 1
2	1	39.1169 1	55.1171 1
2	1	39.349 1	55.1138 1
2	1	39.26 1	55.385 1
2	1	39.830 1	55.484 1
2	1	39.788 1	55.955 1
2	1	39.1149 1	55.525 1
2	1	39.716 1	55.265 1
2	1	39.855 1	55.532 1
2	1	39.27 1	55.929 1
2	1	39.326 1	55.619 1
2	1	39.1100 1	55.113 1
3	2	39.95 0.073 39.96 1	55.207 1
2	1	39.1199 1	55.934 1
2	1	39.381 1	55.431 1
3	2	39.1147 1 39.1148 0.243	55.503 1
4	4	39.947 0.460 39.948 1	55.1039 0.066 55.1078 1
2	1	39.406 1	55.1046 1
