Size	Relations	OrthoA	OrthoB
2	1	8.1779 1	90.504 1
2	1	8.1449 1	90.92 1
2	1	8.1450 1	90.93 1
2	1	8.2113 1	90.1605 1
2	1	8.2484 1	90.1056 1
2	1	8.198 1	90.644 1
2	1	8.934 1	90.2004 1
2	1	8.270 1	90.1678 1
2	1	8.1267 1	90.251 1
2	1	8.2417 1	90.823 1
2	1	8.80 1	90.1065 1
2	1	8.1955 1	90.1222 1
2	1	8.1416 1	90.2082 1
2	1	8.1437 1	90.331 1
2	1	8.1656 1	90.414 1
2	1	8.86 1	90.1071 1
2	1	8.1825 1	90.529 1
2	1	8.2206 1	90.1806 1
2	1	8.1256 1	90.240 1
2	1	8.1375 1	90.4 1
2	1	8.1861 1	90.561 1
2	1	8.1522 1	90.175 1
2	1	8.2415 1	90.825 1
2	1	8.1453 1	90.96 1
2	1	8.2156 1	90.1848 1
2	1	8.2412 1	90.827 1
2	1	8.1473 1	90.104 1
2	1	8.1374 1	90.3 1
2	1	8.1429 1	90.326 1
2	1	8.2103 1	90.610 1
2	1	8.1241 1	90.235 1
2	1	8.111 1	90.734 1
2	1	8.1314 1	90.86 1
2	1	8.1509 1	90.162 1
2	1	8.1384 1	90.13 1
2	1	8.2108 1	90.617 1
3	2	8.2286 1	90.2220 0.887 90.922 1
2	1	8.88 1	90.1073 1
4	4	8.1071 1 8.140 0.216	90.2159 0.868 90.403 1
2	1	8.1658 1	90.416 1
3	2	8.2164 0.970 8.2181 1	90.1842 1
2	1	8.967 1	90.2001 1
2	1	8.1278 1	90.260 1
2	1	8.347 1	90.1867 1
2	1	8.1572 1	90.375 1
2	1	8.989 1	90.1610 1
2	1	8.1701 1	90.463 1
2	1	8.1909 1	90.1332 1
2	1	8.325 1	90.1741 1
2	1	8.1905 1	90.1364 1
2	1	8.2005 1	90.1207 1
2	1	8.925 1	90.2012 1
2	1	8.1407 1	90.71 1
2	1	8.935 1	90.2003 1
2	1	8.112 1	90.733 1
2	1	8.1436 1	90.330 1
2	1	8.2112 1	90.1606 1
2	1	8.350 1	90.1865 1
2	1	8.2159 1	90.1845 1
2	1	8.1074 1	90.58 1
2	1	8.1738 1	90.491 1
2	1	8.961 1	90.1997 1
2	1	8.2237 1	90.1439 1
2	1	8.2445 1	90.1371 1
2	1	8.2333 1	90.751 1
2	1	8.1661 1	90.419 1
2	1	8.1784 1	90.508 1
2	1	8.1378 1	90.7 1
2	1	8.1706 1	90.468 1
2	1	8.1502 1	90.155 1
2	1	8.273 1	90.1681 1
3	2	8.207 1	90.2193 1 90.894 1
2	1	8.292 1	90.1696 1
2	1	8.1301 1	90.279 1
2	1	8.1696 1	90.447 1
2	1	8.2270 1	90.1411 1
2	1	8.1670 1	90.428 1
2	1	8.1800 1	90.520 1
2	1	8.956 1	90.1992 1
2	1	8.1406 1	90.70 1
3	2	8.216 1	90.2169 1 90.870 1
2	1	8.1684 1	90.438 1
2	1	8.1277 1	90.259 1
2	1	8.1043 1	90.19 1
2	1	8.1263 1	90.246 1
2	1	8.113 1	90.732 1
2	1	8.2360 1	90.1935 1
2	1	8.2368 1	90.1941 1
2	1	8.43 1	90.2019 1
2	1	8.2004 1	90.1208 1
12	11	8.1128 1 8.1623 0.275 8.186 0.348 8.2120 0.340 8.2142 0.229 8.34 0.346 8.363 0.230 8.419 0.403 8.554 0.303 8.808 0.243 8.858 0.342	90.985 1
4	4	8.2121 0.138 8.789 1	90.2211 1 90.913 1
2	1	8.1504 1	90.157 1
2	1	8.1685 1	90.439 1
2	1	8.1560 1	90.363 1
2	1	8.962 1	90.1998 1
2	1	8.1052 1	90.32 1
2	1	8.1371 1	90.2108 1
2	1	8.1664 1	90.422 1
3	2	8.2228 0.350 8.57 1	90.631 1
2	1	8.1426 1	90.318 1
2	1	8.1372 1	90.1 1
9	14	8.158 0.962 8.2145 0.785 8.551 0.301 8.680 1 8.739 1 8.791 0.753 8.861 0.918	90.2216 1 90.918 1
3	2	8.392 1 8.1249 0.728	90.1868 1
2	1	8.1298 1	90.276 1
2	1	8.1827 1	90.533 1
2	1	8.237 1	90.1667 1
2	1	8.1669 1	90.427 1
2	1	8.1710 1	90.472 1
2	1	8.1302 1	90.280 1
2	1	8.1754 1	90.494 1
2	1	8.1690 1	90.443 1
10	16	8.1062 0.630 8.445 0.635 8.462 1 8.538 1 8.631 0.762 8.648 0.762 8.778 1 8.900 0.667	90.2150 0.985 90.44 1
2	1	8.1942 1	90.1233 1
2	1	8.2271 1	90.1410 1
2	1	8.1084 1	90.68 1
2	1	8.1147 1	90.339 1
2	1	8.2356 1	90.1932 1
2	1	8.2366 1	90.1940 1
3	2	8.61 1 8.2434 0.801	90.634 1
2	1	8.1755 1	90.493 1
12	20	8.1065 0.348 8.135 0.391 8.2424 0.326 8.448 0.435 8.465 0.283 8.541 0.283 8.634 1 8.651 1 8.704 0.283 8.775 0.283	90.2153 1 90.47 1
3	2	8.1579 1	90.383 1 90.1122 0.670
2	1	8.147 1	90.667 1
2	1	8.1785 1	90.509 1
2	1	8.349 1	90.1866 1
2	1	8.1707 1	90.469 1
2	1	8.2362 1	90.1937 1
2	1	8.2517 1	90.1587 1
2	1	8.328 1	90.1744 1
2	1	8.1431 1	90.328 1
2	1	8.2030 1	90.773 1
3	2	8.1156 1 8.1217 1	90.210 1
2	1	8.1243 1	90.237 1
2	1	8.2483 1	90.1055 1
2	1	8.1454 1	90.97 1
2	1	8.1792 1	90.516 1
2	1	8.1950 1	90.1227 1
2	1	8.204 1	90.1184 1
2	1	8.1366 1	90.2092 1
2	1	8.1838 1	90.546 1
2	1	8.1279 1	90.261 1
2	1	8.1705 1	90.467 1
2	1	8.931 1	90.2007 1
2	1	8.1768 1	90.1032 1
2	1	8.1405 1	90.69 1
2	1	8.2466 1	90.1379 1
2	1	8.1657 1	90.415 1
2	1	8.1857 1	90.560 1
2	1	8.305 1	90.1709 1
2	1	8.322 1	90.1738 1
2	1	8.1185 1	90.1900 1
2	1	8.1299 1	90.277 1
2	1	8.1376 1	90.5 1
2	1	8.1958 1	90.1219 1
3	2	8.210 1	90.2190 1 90.891 1
2	1	8.1080 1	90.64 1
2	1	8.1258 1	90.242 1
2	1	8.1245 1	90.239 1
2	1	8.1668 1	90.426 1
2	1	8.1951 1	90.1226 1
2	1	8.1303 1	90.281 1
7	10	8.1072 1 8.1337 0.230 8.474 0.230 8.550 0.230 8.814 1	90.402 0.925 90.54 1
2	1	8.1517 1	90.170 1
2	1	8.1666 1	90.424 1
2	1	8.115 1	90.730 1
2	1	8.1778 1	90.503 1
2	1	8.1364 1	90.2090 1
2	1	8.958 1	90.1994 1
2	1	8.272 1	90.1680 1
2	1	8.2332 1	90.752 1
2	1	8.2406 1	90.854 1
2	1	8.266 1	90.1675 1
2	1	8.1383 1	90.12 1
2	1	8.1363 1	90.2089 1
2	1	8.1801 1	90.521 1
2	1	8.1359 1	90.2086 1
2	1	8.1869 1	90.576 1
2	1	8.1368 1	90.2105 1
2	1	8.1520 1	90.173 1
2	1	8.1960 1	90.1217 1
2	1	8.2016 1	90.1391 1
2	1	8.1708 1	90.470 1
2	1	8.1191 1	90.1908 1
2	1	8.1667 1	90.425 1
2	1	8.1078 1	90.62 1
2	1	8.1296 1	90.274 1
2	1	8.1373 1	90.2 1
2	1	8.1268 1	90.252 1
2	1	8.2359 1	90.1934 1
2	1	8.2157 1	90.1847 1
10	9	8.1066 1 8.136 0.630 8.2425 0.400 8.449 0.541 8.466 0.612 8.542 0.612 8.635 0.624 8.652 0.624 8.774 0.309	90.1038 1
3	2	8.206 1	90.2194 1 90.895 1
2	1	8.1335 1	90.317 1
2	1	8.2160 1	90.1844 1
2	1	8.1711 1	90.473 1
3	2	8.2349 1	90.1576 0.977 90.586 1
2	1	8.1783 1	90.507 1
2	1	8.1028 1	90.1944 1
3	2	8.1163 1 8.1224 1	90.217 1
2	1	8.146 1	90.668 1
2	1	8.1270 1	90.254 1
2	1	8.1662 1	90.420 1
2	1	8.2328 1	90.756 1
2	1	8.1941 1	90.1234 1
2	1	8.2414 1	90.826 1
2	1	8.1776 1	90.501 1
2	1	8.2378 1	90.1947 1
2	1	8.2260 1	90.1427 1
2	1	8.1189 1	90.1906 1
2	1	8.2292 1	90.1089 1
2	1	8.1440 1	90.334 1
2	1	8.1665 1	90.423 1
2	1	8.2076 1	90.599 1
2	1	8.1565 1	90.368 1
2	1	8.2003 1	90.1209 1
2	1	8.301 1	90.1706 1
2	1	8.930 1	90.2008 1
2	1	8.887 1	90.2074 1
2	1	8.2363 1	90.1938 1
2	1	8.1148 1	90.340 1
4	3	8.1313 0.118 8.1998 0.579 8.977 1	90.813 1
2	1	8.1513 1	90.166 1
12	20	8.1061 1 8.129 0.755 8.1393 0.486 8.1896 0.816 8.444 0.842 8.461 0.443 8.537 0.443 8.647 0.599 8.709 0.443 8.779 0.443	90.2148 1 90.225 0.938
2	1	8.1334 1	90.316 1
2	1	8.1663 1	90.421 1
2	1	8.936 1	90.2002 1
2	1	8.1832 1	90.540 1
2	1	8.114 1	90.731 1
2	1	8.238 1	90.1668 1
9	8	8.168 0.351 8.1983 0.930 8.428 1 8.586 0.895 8.667 0.895 8.691 0.930 8.733 0.930 8.752 0.930	90.1029 1
2	1	8.1044 1	90.20 1
2	1	8.1777 1	90.502 1
2	1	8.265 1	90.1674 1
2	1	8.1050 1	90.26 1
2	1	8.1691 1	90.444 1
3	2	8.2231 1	90.787 0.905 90.976 1
3	2	8.2284 1	90.2219 1 90.921 1
2	1	8.1439 1	90.333 1
2	1	8.1427 1	90.319 1
3	2	8.2165 1 8.2182 0.860	90.1841 1
2	1	8.2518 1	90.1588 1
2	1	8.872 1	90.2080 1
2	1	8.267 1	90.1676 1
2	1	8.1438 1	90.332 1
2	1	8.1408 1	90.72 1
2	1	8.1575 1	90.377 1
2	1	8.2330 1	90.754 1
2	1	8.2444 1	90.1370 1
2	1	8.1242 1	90.236 1
2	1	8.1512 1	90.165 1
2	1	8.1544 1	90.347 1
3	2	8.2155 1	90.1849 1 90.1197 0.746
2	1	8.1872 1	90.577 1
2	1	8.212 1	90.2048 1
2	1	8.1386 1	90.15 1
2	1	8.300 1	90.1705 1
2	1	8.2077 1	90.600 1
2	1	8.871 1	90.2081 1
2	1	8.1075 1	90.59 1
2	1	8.1780 1	90.505 1
2	1	8.2280 1	90.1405 1
2	1	8.2289 1	90.1092 1
2	1	8.378 1	90.1797 1
2	1	8.1835 1	90.543 1
10	9	8.1208 1	90.1086 0.147 90.116 0.272 90.1359 0.279 90.1836 0.257 90.2050 1 90.2066 0.103 90.2196 0.250 90.299 0.934 90.959 0.537
2	1	8.1257 1	90.241 1
2	1	8.262 1	90.1671 1
2	1	8.1598 1	90.401 1
2	1	8.1659 1	90.417 1
2	1	8.2039 1	90.788 1
2	1	8.1906 1	90.1363 1
3	2	8.1155 1 8.1216 1	90.209 1
2	1	8.1789 1	90.512 1
2	1	8.1966 1	90.1212 1
2	1	8.1944 1	90.1232 1
2	1	8.1964 1	90.1213 1
2	1	8.1576 1	90.378 1
6	5	8.2127 1	90.1236 1 90.1324 0.272 90.1794 0.954 90.204 0.336 90.832 0.346
2	1	8.1271 1	90.255 1
2	1	8.1244 1	90.238 1
2	1	8.1671 1	90.429 1
2	1	8.1503 1	90.156 1
3	2	8.1322 1 8.951 0.490	90.80 1
2	1	8.1949 1	90.1228 1
2	1	8.1193 1	90.1910 1
2	1	8.1521 1	90.174 1
2	1	8.1570 1	90.373 1
2	1	8.308 1	90.1711 1
2	1	8.960 1	90.1996 1
2	1	8.1079 1	90.63 1
2	1	8.1592 1	90.397 1
2	1	8.1891 1	90.809 1
4	3	8.2534 1 8.719 0.373 8.950 0.670	90.81 1
2	1	8.1145 1	90.337 1
2	1	8.302 1	90.1707 1
2	1	8.1365 1	90.2091 1
2	1	8.1385 1	90.14 1
2	1	8.1515 1	90.168 1
2	1	8.1330 1	90.315 1
2	1	8.1837 1	90.545 1
2	1	8.89 1	90.1074 1
2	1	8.990 1	90.1611 1
2	1	8.1926 1	90.1327 1
2	1	8.320 1	90.1737 1
2	1	8.1192 1	90.1909 1
2	1	8.1957 1	90.1220 1
2	1	8.2101 1	90.609 1
6	5	8.232 1	90.1484 0.840 90.1497 0.780 90.1532 1 90.1547 0.071 90.1563 0.065
2	1	8.197 1	90.645 1
2	1	8.1274 1	90.257 1
2	1	8.1294 1	90.272 1
2	1	8.2281 1	90.1404 1
2	1	8.1295 1	90.273 1
2	1	8.2446 1	90.1372 1
2	1	8.1518 1	90.171 1
2	1	8.1506 1	90.159 1
2	1	8.1498 1	90.151 1
2	1	8.85 1	90.1070 1
2	1	8.884 1	90.2072 1
2	1	8.1697 1	90.448 1
2	1	8.2208 1	90.1805 1
2	1	8.2268 1	90.1412 1
2	1	8.1381 1	90.10 1
2	1	8.2209 1	90.1804 1
2	1	8.1547 1	90.350 1
2	1	8.959 1	90.1995 1
2	1	8.2311 1	90.1005 1
2	1	8.1516 1	90.169 1
2	1	8.1511 1	90.164 1
2	1	8.1541 1	90.344 1
2	1	8.1773 1	90.498 1
2	1	8.1360 1	90.2087 1
2	1	8.1083 1	90.67 1
2	1	8.1839 1	90.547 1
3	2	8.2166 0.971 8.2183 1	90.1840 1
5	4	8.1306 1 8.1994 0.953 8.2303 0.131 8.981 0.076	90.1988 1
2	1	8.1260 1	90.244 1
2	1	8.2379 1	90.1951 1
2	1	8.929 1	90.2009 1
2	1	8.1507 1	90.160 1
2	1	8.1282 1	90.264 1
2	1	8.1717 1	90.482 1
2	1	8.1927 1	90.1326 1
2	1	8.1382 1	90.11 1
2	1	8.1567 1	90.370 1
2	1	8.2498 1	90.1583 1
2	1	8.263 1	90.1672 1
2	1	8.1963 1	90.1214 1
2	1	8.291 1	90.1695 1
2	1	8.2361 1	90.1936 1
2	1	8.2201 1	90.1810 1
2	1	8.1961 1	90.1216 1
20	19	8.1100 1	90.1081 0.807 90.111 0.854 90.1138 0.071 90.1341 0.803 90.1447 1 90.1625 0.059 90.1722 0.701 90.1730 0.811 90.1922 0.728 90.1976 0.677 90.2055 0.846 90.2203 0.862 90.2236 0.815 90.2244 0.054 90.2253 0.858 90.294 0.846 90.779 0.134 90.937 0.807 90.953 0.862
2	1	8.1589 1	90.392 1
2	1	8.1841 1	90.549 1
2	1	8.2029 1	90.774 1
2	1	8.2079 1	90.602 1
2	1	8.1305 1	90.283 1
2	1	8.1660 1	90.418 1
2	1	8.1775 1	90.500 1
2	1	8.1561 1	90.364 1
2	1	8.1496 1	90.149 1
2	1	8.2440 1	90.1366 1
2	1	8.1356 1	90.2083 1
2	1	8.2279 1	90.1407 1
2	1	8.303 1	90.1708 1
2	1	8.274 1	90.1682 1
2	1	8.2473 1	90.741 1
2	1	8.1380 1	90.9 1
3	2	8.2106 1 8.1578 0.746	90.615 1
2	1	8.1718 1	90.483 1
3	2	8.205 1	90.2195 1 90.896 1
2	1	8.1441 1	90.335 1
2	1	8.2377 1	90.1946 1
2	1	8.1683 1	90.437 1
2	1	8.1842 1	90.550 1
2	1	8.1542 1	90.345 1
2	1	8.1000 1	90.1634 1
2	1	8.2107 1	90.616 1
2	1	8.48 1	90.626 1
2	1	8.1786 1	90.510 1
2	1	8.2317 1	90.1016 1
2	1	8.1794 1	90.517 1
2	1	8.1188 1	90.1905 1
2	1	8.1002 1	90.1636 1
7	12	8.1063 1 8.133 0.985 8.2422 0.987 8.446 1	90.2151 1 90.230 0.252 90.45 0.981
2	1	8.1288 1	90.267 1
2	1	8.966 1	90.2000 1
2	1	8.1688 1	90.441 1
2	1	8.1675 1	90.432 1
3	2	8.2350 1	90.1579 0.186 90.588 1
2	1	8.1076 1	90.60 1
2	1	8.1007 1	90.1639 1
2	1	8.2499 1	90.1584 1
2	1	8.1719 1	90.484 1
2	1	8.1362 1	90.2088 1
2	1	8.1787 1	90.511 1
2	1	8.1704 1	90.466 1
2	1	8.1843 1	90.554 1
3	2	8.208 1	90.2192 1 90.893 1
2	1	8.926 1	90.2011 1
3	2	8.2244 1 8.2248 1	90.1434 1
2	1	8.1006 1	90.1638 1
2	1	8.1702 1	90.464 1
2	1	8.109 1	90.736 1
2	1	8.299 1	90.1704 1
2	1	8.2110 1	90.619 1
2	1	8.1045 1	90.21 1
2	1	8.1291 1	90.269 1
2	1	8.375 1	90.1796 1
2	1	8.2402 1	90.856 1
2	1	8.84 1	90.1069 1
2	1	8.1478 1	90.119 1
2	1	8.1571 1	90.374 1
2	1	8.1293 1	90.271 1
2	1	8.2331 1	90.753 1
2	1	8.1850 1	90.559 1
2	1	8.1689 1	90.442 1
2	1	8.2266 1	90.1426 1
2	1	8.2158 1	90.1846 1
2	1	8.2357 1	90.1933 1
2	1	8.1556 1	90.359 1
14	13	8.1116 0.963 8.1632 0.974 8.169 0.972 8.1984 1 8.337 0.394 8.429 0.981 8.587 1 8.668 1 8.692 1 8.732 1 8.751 1 8.795 0.113 8.848 0.303	90.1879 1
37	186	8.1653 1 8.1647 1 8.842 1 8.841 0.523 8.943 0.148 8.1140 0.107	90.1084 1 90.114 1 90.775 1 90.297 0.828 90.1356 0.826 90.2052 0.819 90.1450 0.813 90.2239 0.800 90.2256 0.774 90.1337 0.668 90.1629 0.620 90.940 0.572 90.1727 0.485 90.1725 0.441 90.900 0.441 90.2199 0.425 90.957 0.378 90.960 0.296 90.2260 0.289 90.2198 0.206 90.1916 0.203 90.1917 0.201 90.1357 0.194 90.899 0.148 90.1973 0.129 90.956 0.129 90.941 0.123 90.1726 0.121 90.1134 0.118 90.1972 0.116 90.2034 0.097
2	1	8.1501 1	90.154 1
2	1	8.1054 1	90.56 1
2	1	8.927 1	90.2010 1
2	1	8.1956 1	90.1221 1
2	1	8.1739 1	90.492 1
2	1	8.2081 1	90.604 1
2	1	8.1890 1	90.808 1
2	1	8.1553 1	90.356 1
2	1	8.1519 1	90.172 1
2	1	8.1304 1	90.282 1
2	1	8.2449 1	90.1373 1
2	1	8.1051 1	90.30 1
2	1	8.1081 1	90.65 1
2	1	8.1269 1	90.253 1
7	12	8.458 1 8.534 1 8.712 1 8.782 1	90.2145 1 90.222 1 90.39 1
2	1	8.2194 1	90.1835 1
2	1	8.2080 1	90.603 1
2	1	8.1774 1	90.499 1
2	1	8.2234 1	90.1456 1
2	1	8.290 1	90.1692 1
2	1	8.1452 1	90.95 1
2	1	8.1602 1	90.406 1
2	1	8.1849 1	90.558 1
2	1	8.2329 1	90.755 1
2	1	8.2442 1	90.1368 1
2	1	8.1703 1	90.465 1
2	1	8.2109 1	90.618 1
2	1	8.999 1	90.1633 1
2	1	8.1593 1	90.398 1
2	1	8.2312 1	90.1006 1
2	1	8.324 1	90.1739 1
2	1	8.1959 1	90.1218 1
2	1	8.1818 1	90.526 1
2	1	8.1190 1	90.1907 1
2	1	8.1379 1	90.8 1
2	1	8.1840 1	90.548 1
2	1	8.1581 1	90.385 1
2	1	8.298 1	90.1703 1
2	1	8.1428 1	90.325 1
3	2	8.2293 1 8.2196 0.772	90.1088 1
2	1	8.2369 1	90.1942 1
2	1	8.1904 1	90.1365 1
2	1	8.916 1	90.2063 1
2	1	8.932 1	90.2006 1
2	1	8.1596 1	90.400 1
2	1	8.2154 1	90.1851 1
11	18	8.2298 1 8.2299 1	90.1524 1 90.1479 1 90.1550 0.835 90.1536 0.650 90.1506 0.453 90.1495 0.376 90.1482 0.316 90.1567 0.119 90.1509 0.078
2	1	8.199 1	90.643 1
3	2	8.1916 1	90.1517 1 90.1543 0.682
2	1	8.1548 1	90.351 1
2	1	8.1674 1	90.431 1
2	1	8.1144 1	90.336 1
2	1	8.1549 1	90.352 1
2	1	8.2336 1	90.744 1
2	1	8.1948 1	90.1229 1
2	1	8.2257 1	90.1430 1
2	1	8.2352 1	90.1911 1
2	1	8.1186 1	90.1901 1
3	2	8.240 1	90.1669 1 90.1854 0.699
2	1	8.2416 1	90.824 1
4	3	8.1530 0.705 8.2525 0.820 8.63 1	90.635 1
21	20	8.2057 1	90.109 0.727 90.1108 1 90.1142 0.333 90.1171 0.212 90.1349 0.848 90.1444 0.515 90.1925 0.636 90.1979 0.697 90.2042 0.394 90.2058 0.576 90.2206 0.788 90.2225 0.121 90.2233 0.697 90.2250 0.485 90.291 0.606 90.781 0.182 90.908 0.879 90.927 0.152 90.934 0.697 90.950 0.606
4	4	8.1060 1 8.443 1	90.2147 1 90.41 0.588
2	1	8.1451 1	90.94 1
2	1	8.1492 1	90.126 1
2	1	8.2205 1	90.1807 1
2	1	8.2380 1	90.1952 1
2	1	8.1929 1	90.1289 1
2	1	8.1946 1	90.1231 1
2	1	8.1377 1	90.6 1
2	1	8.1459 1	90.99 1
2	1	8.264 1	90.1673 1
2	1	8.1673 1	90.430 1
2	1	8.1836 1	90.544 1
2	1	8.2310 1	90.1004 1
2	1	8.1146 1	90.338 1
2	1	8.1886 1	90.805 1
2	1	8.1908 1	90.1333 1
2	1	8.1559 1	90.362 1
2	1	8.1292 1	90.270 1
2	1	8.1716 1	90.481 1
2	1	8.1001 1	90.1635 1
2	1	8.933 1	90.2005 1
2	1	8.957 1	90.1993 1
2	1	8.1246 1	90.1205 1
2	1	8.2258 1	90.1429 1
2	1	8.1870 1	90.1383 1
2	1	8.1830 1	90.535 1
2	1	8.1907 1	90.1362 1
2	1	8.2078 1	90.601 1
2	1	8.1510 1	90.163 1
2	1	8.2049 1	90.770 1
2	1	8.1953 1	90.1224 1
4	3	8.294 1	90.1248 1 90.1782 0.980 90.687 0.980
3	2	8.318 1	90.2215 1 90.917 1
2	1	8.329 1	90.1745 1
2	1	8.1889 1	90.807 1
2	1	8.1297 1	90.275 1
7	12	8.459 1 8.535 1 8.711 1 8.781 1	90.2146 1 90.223 1 90.40 1
2	1	8.1497 1	90.150 1
2	1	8.964 1	90.1999 1
2	1	8.1046 1	90.22 1
2	1	8.87 1	90.1072 1
3	2	8.1159 1 8.1220 1	90.213 1
2	1	8.1888 1	90.803 1
2	1	8.1967 1	90.1211 1
2	1	8.1564 1	90.367 1
2	1	8.1555 1	90.358 1
2	1	8.1551 1	90.354 1
2	1	8.1558 1	90.361 1
2	1	8.1259 1	90.243 1
3	2	8.1281 0.057 8.1826 1	90.532 1
2	1	8.269 1	90.1677 1
2	1	8.1566 1	90.369 1
2	1	8.1047 1	90.23 1
10	9	8.1636 0.181 8.173 1 8.1988 1 8.591 1 8.622 0.413 8.672 1 8.696 1 8.728 1 8.747 1	90.1884 1
3	2	8.1315 0.954 8.600 1	90.85 1
3	2	8.1654 1 8.1725 1	90.1837 1
2	1	8.1435 1	90.329 1
2	1	8.1462 1	90.102 1
2	1	8.2272 1	90.1409 1
2	1	8.994 1	90.1617 1
2	1	8.874 1	90.2078 1
2	1	8.1781 1	90.506 1
2	1	8.1563 1	90.366 1
8	7	8.1645 1	90.1113 1 90.112 0.853 90.1627 0.059 90.2054 0.853 90.2254 1 90.295 0.853 90.954 0.853
3	2	8.45 1	90.2020 0.077 90.624 1
2	1	8.1954 1	90.1223 1
4	4	8.2227 0.932 8.56 1	90.1013 0.262 90.630 1
2	1	8.1053 1	90.33 1
2	1	8.2274 1	90.1408 1
4	3	8.1923 0.152 8.2052 0.210 8.2381 1	90.1398 1
2	1	8.992 1	90.1614 1
2	1	8.1588 1	90.391 1
2	1	8.1546 1	90.349 1
2	1	8.2105 1	90.614 1
2	1	8.1557 1	90.360 1
3	2	8.1788 0.063 8.2104 1	90.612 1
2	1	8.1713 1	90.475 1
3	2	8.1161 1 8.1222 0.521	90.215 1
2	1	8.2259 1	90.1428 1
2	1	8.1042 1	90.18 1
2	1	8.2236 1	90.1454 1
2	1	8.2411 1	90.828 1
2	1	8.1460 1	90.100 1
2	1	8.1791 1	90.514 1
2	1	8.991 1	90.1612 1
3	2	8.687 1 8.807 0.941	90.51 1
2	1	8.1590 1	90.393 1
2	1	8.1807 1	90.523 1
2	1	8.2443 1	90.1369 1
2	1	8.2401 1	90.857 1
2	1	8.2441 1	90.1367 1
2	1	8.1887 1	90.804 1
2	1	8.1737 1	90.490 1
3	2	8.1884 0.818 8.2452 1	90.629 1
2	1	8.1552 1	90.355 1
2	1	8.116 1	90.729 1
2	1	8.1457 1	90.98 1
2	1	8.1735 1	90.488 1
9	20	8.1326 1 8.1443 1 8.2218 1 8.2533 1 8.69 1	90.131 0.600 90.2030 0.080 90.638 0.520 90.74 1
2	1	8.1540 1	90.343 1
2	1	8.1430 1	90.327 1
2	1	8.2204 1	90.1808 1
2	1	8.1266 1	90.250 1
2	1	8.1240 1	90.234 1
15	56	8.1057 0.261 8.124 0.261 8.440 0.261 8.457 1 8.533 1 8.713 1 8.783 1	90.1044 0.136 90.1714 0.227 90.1896 0.409 90.2144 1 90.221 0.818 90.38 0.818 90.451 0.136 90.462 0.273
2	1	8.1280 1	90.262 1
2	1	8.1500 1	90.153 1
2	1	8.2267 1	90.1425 1
2	1	8.1287 1	90.266 1
2	1	8.2291 1	90.1090 1
2	1	8.2355 1	90.1931 1
2	1	8.1183 1	90.1874 1
2	1	8.1187 1	90.1902 1
2	1	8.1545 1	90.348 1
2	1	8.1952 1	90.1225 1
2	1	8.1834 1	90.542 1
2	1	8.1736 1	90.489 1
2	1	8.1543 1	90.346 1
2	1	8.917 1	90.2062 1
11	18	8.1134 1 8.159 0.773 8.1621 0.773 8.2122 0.545 8.2144 0.773 8.552 0.818 8.573 0.818 8.681 0.955 8.860 0.864	90.2212 1 90.914 1
2	1	8.2337 1	90.743 1
4	3	8.1529 1 8.2526 1 8.64 0.649	90.636 1
2	1	8.1369 1	90.2106 1
2	1	8.2515 1	90.1586 1
2	1	8.1809 1	90.525 1
2	1	8.1055 1	90.57 1
2	1	8.1300 1	90.278 1
2	1	8.1580 1	90.384 1
2	1	8.1591 1	90.395 1
2	1	8.2051 1	90.1390 1
2	1	8.293 1	90.1698 1
2	1	8.1695 1	90.446 1
3	2	8.1154 1 8.1215 0.088	90.179 1
2	1	8.1290 1	90.268 1
3	2	8.857 1	90.2274 1 90.2277 0.053
2	1	8.2202 1	90.1809 1
2	1	8.58 1	90.632 1
2	1	8.1875 1	90.594 1
2	1	8.1149 1	90.341 1
2	1	8.1676 1	90.433 1
4	3	8.1318 1 8.598 0.958 8.948 1	90.137 1
2	1	8.1358 1	90.2085 1
2	1	8.1577 1	90.380 1
2	1	8.1524 1	90.177 1
2	1	8.1808 1	90.524 1
2	1	8.1833 1	90.541 1
2	1	8.108 1	90.737 1
4	3	8.119 1 8.2176 0.873 8.2191 0.873	90.672 1
2	1	8.1003 1	90.1637 1
2	1	8.1714 1	90.479 1
2	1	8.1586 1	90.389 1
2	1	8.1514 1	90.167 1
2	1	8.1499 1	90.152 1
3	2	8.1317 1 8.599 0.864	90.1965 1
2	1	8.1692 1	90.445 1
2	1	8.1681 1	90.435 1
2	1	8.1848 1	90.1864 1
2	1	8.1962 1	90.1215 1
3	2	8.1158 1 8.1219 1	90.212 1
2	1	8.955 1	90.1991 1
2	1	8.912 1	90.2067 1
2	1	8.1550 1	90.353 1
2	1	8.1574 1	90.376 1
2	1	8.2015 1	90.1210 1
2	1	8.1508 1	90.161 1
2	1	8.1687 1	90.440 1
2	1	8.2365 1	90.1939 1
2	1	8.1038 1	90.1235 1
2	1	8.1264 1	90.247 1
3	2	8.217 1	90.2168 1 90.869 1
2	1	8.2282 1	90.1403 1
8	7	8.16 1	90.1131 1 90.1422 0.174 90.1452 0.142 90.1453 0.103 90.2218 0.104 90.801 0.090 90.920 0.555
2	1	8.326 1	90.1742 1
22	112	8.2508 1 8.1110 1 8.342 0.994 8.174 0.821 8.1989 0.818 8.592 0.818 8.673 0.818 8.697 0.818 8.727 0.818 8.746 0.818 8.1637 0.812 8.435 0.784 8.883 0.333 8.227 0.232	90.1147 1 90.2305 1 90.1154 0.212 90.1311 0.188 90.1268 0.186 90.1764 0.186 90.707 0.183 90.1155 0.086
2	1	8.2100 1	90.607 1
2	1	8.2210 1	90.1803 1
2	1	8.2408 1	90.830 1
2	1	8.1048 1	90.24 1
2	1	8.1479 1	90.120 1
13	22	8.1642 1 8.179 1 8.1993 1 8.2340 1 8.346 0.870 8.596 1 8.615 1 8.677 1 8.701 1 8.723 1 8.742 1	90.1713 1 90.285 1
5	4	8.2300 1	90.1478 1 90.1523 0.803 90.1537 0.606 90.1551 0.788
2	1	8.271 1	90.1679 1
3	2	8.1162 1 8.1223 1	90.216 1
3	2	8.2243 1 8.2247 0.996	90.1436 1
2	1	8.1505 1	90.158 1
2	1	8.2519 1	90.1591 1
2	1	8.1495 1	90.147 1
2	1	8.1461 1	90.101 1
3	2	8.1720 1	90.2189 1 90.890 1
2	1	8.2418 1	90.822 1
9	8	8.1606 0.929 8.1729 0.929 8.1932 0.893 8.2008 1 8.2021 0.714 8.2510 0.964 8.881 0.964 8.946 1	90.1388 1
2	1	8.1433 1	90.988 1
2	1	8.1790 1	90.513 1
2	1	8.1587 1	90.390 1
2	1	8.1562 1	90.365 1
2	1	8.1682 1	90.436 1
25	46	8.1138 1 8.845 0.250	90.1083 0.917 90.1098 0.667 90.1114 0.833 90.113 0.917 90.1135 1 90.1355 1 90.1449 0.917 90.1628 1 90.1724 0.917 90.1728 0.917 90.1919 0.667 90.1974 0.917 90.2036 0.833 90.2053 0.917 90.2097 0.833 90.2201 0.917 90.2238 0.917 90.2255 0.917 90.296 0.917 90.777 0.583 90.902 0.917 90.939 0.917 90.955 0.583
2	1	8.1491 1	90.125 1
2	1	8.1928 1	90.1325 1
2	1	8.47 1	90.625 1
31	84	8.1626 1 8.167 1 8.166 0.987 8.1982 0.917 8.690 0.917 8.734 0.917 8.753 0.917 8.335 0.801 8.689 0.755 8.754 0.755 8.333 0.735 8.855 0.690 8.1125 0.664 8.797 0.657 8.30 0.507 8.29 0.415 8.1627 0.277 8.1118 0.275 8.189 0.239 8.425 0.209 8.850 0.205 8.584 0.134 8.561 0.095 8.424 0.070 8.663 0.069 8.423 0.068 8.664 0.061 8.1629 0.055	90.983 1 90.301 1 90.1060 0.157
2	1	8.2419 1	90.821 1
2	1	8.1184 1	90.1899 1
3	2	8.209 1	90.2191 1 90.892 1
2	1	8.2198 1	90.1824 1
2	1	8.307 1	90.1710 1
3	2	8.2426 1	90.2156 0.089 90.50 1
4	4	8.454 1 8.816 1	90.1833 1 90.52 0.254
2	1	8.1554 1	90.357 1
2	1	8.2410 1	90.829 1
2	1	8.2238 1	90.1438 1
2	1	8.1709 1	90.471 1
2	1	8.1077 1	90.61 1
3	2	8.1157 1 8.1218 1	90.211 1
3	2	8.625 0.508 8.643 1	90.1416 1
2	1	8.2335 1	90.750 1
24	44	8.2055 1 8.1615 0.996	90.1080 0.857 90.110 0.857 90.1110 0.929 90.1139 0.857 90.1351 0.929 90.1446 0.857 90.1624 1 90.1721 0.857 90.1731 0.714 90.1816 0.714 90.1977 0.857 90.2056 0.714 90.2204 1 90.2227 1 90.2235 0.929 90.2252 0.929 90.293 0.714 90.906 0.643 90.929 1 90.936 0.714 90.952 0.857 90.1923 0.903
2	1	8.1082 1	90.66 1
14	13	8.1106 1 8.1638 0.574 8.1990 0.658 8.221 0.672 8.2343 0.460 8.343 0.672 8.436 0.468 8.593 0.658 8.618 0.602 8.674 0.658 8.698 0.658 8.726 0.658 8.745 0.658	90.1049 1
2	1	8.2353 1	90.1912 1
2	1	8.297 1	90.1702 1
2	1	8.2235 1	90.1455 1
3	2	8.2163 1 8.2180 1	90.1843 1
2	1	8.1947 1	90.1230 1
14	45	8.2511 1 8.1607 1 8.880 0.857 8.1728 0.667 8.2022 0.559	90.1927 1 90.107 1 90.1077 1 90.1105 1 90.1375 1 90.2223 1 90.1594 0.750 90.2044 0.692 90.925 0.625
2	1	8.1181 1	90.1873 1
3	2	8.1262 1	90.2172 1 90.873 1
2	1	8.1328 1	90.284 1
2	1	8.1595 1	90.399 1
2	1	8.1285 1	90.265 1
2	1	8.1829 1	90.534 1
13	22	8.1936 1 8.367 0.222	90.1286 0.800 90.1293 1 90.1718 0.800 90.1747 0.800 90.184 0.800 90.2176 0.800 90.649 1 90.726 0.800 90.798 1 90.849 0.800 90.877 0.800
3	2	8.2521 1 8.60 1	90.633 1
2	1	8.993 1	90.1615 1
2	1	8.1804 1	90.656 1
2	1	8.2407 1	90.853 1
2	1	8.1583 1	90.386 1
2	1	8.1488 1	90.123 1
3	2	8.1914 1	90.1520 1 90.1556 0.065
3	2	8.1915 1	90.1518 1 90.1573 0.400
2	1	8.2387 1	90.1958 1
2	1	8.954 1	90.1990 1
2	1	8.1265 1	90.249 1
7	6	8.1113 1	90.1269 1 90.1310 0.887 90.1763 0.944 90.2109 0.746 90.2306 0.732 90.708 0.986
13	12	8.1114 1 8.1634 1 8.171 1 8.1986 1 8.339 0.967 8.431 1 8.589 1 8.624 1 8.670 1 8.694 1 8.730 1 8.749 1	90.1882 1
2	1	8.1569 1	90.372 1
2	1	8.1049 1	90.25 1
2	1	8.2477 1	90.1903 1
2	1	8.1275 1	90.258 1
2	1	8.1715 1	90.480 1
2	1	8.83 1	90.1068 1
2	1	8.998 1	90.1632 1
2	1	8.2467 1	90.1380 1
2	1	8.2075 1	90.598 1
2	1	8.2152 1	90.1852 1
2	1	8.289 1	90.1693 1
15	14	8.1614 1	90.1079 0.143 90.1140 0.429 90.1343 0.429 90.1350 0.143 90.1720 0.143 90.1732 0.143 90.1817 1 90.1978 0.143 90.2205 0.429 90.2226 0.857 90.2234 0.429 90.907 0.143 90.928 0.571 90.935 0.143
2	1	8.1494 1	90.127 1
8	12	8.1325 1 8.1444 1 8.1525 1 8.2219 1 8.2532 1 8.68 1	90.132 1 90.75 0.750
2	1	8.110 1	90.735 1
2	1	8.2513 1	90.1585 1
2	1	8.2382 1	90.1400 1
36	243	8.1605 0.667 8.1730 0.667 8.1931 0.667 8.2007 1 8.2020 0.333 8.2509 0.667 8.411 0.778 8.882 0.778 8.945 1	90.1929 1 90.105 1 90.620 1 90.911 0.910 90.923 1 90.1009 1 90.1075 1 90.1103 1 90.1146 1 90.1196 1 90.1346 1 90.1361 1 90.1377 1 90.1441 1 90.1592 1 90.1604 1 90.1619 1 90.1736 1 90.1822 1 90.1826 1 90.1829 1 90.1982 1 90.2061 1 90.2209 1 90.2221 1 90.2228 1 90.2246 1
3	2	8.1027 0.190 8.2370 1	90.1943 1
2	1	8.81 1	90.1067 1
2	1	8.327 1	90.1743 1
2	1	8.1523 1	90.176 1
14	33	8.1640 1 8.178 1 8.1992 1 8.345 0.667 8.438 1 8.595 1 8.616 1 8.676 1 8.700 1 8.724 1 8.743 1	90.1020 0.940 90.460 0.820 90.718 1
2	1	8.1370 1	90.2107 1
2	1	8.1367 1	90.2104 1
22	120	8.1105 1 8.1639 0.556 8.1991 0.556 8.2344 0.722 8.344 0.722 8.437 0.556 8.594 0.556 8.617 0.350 8.675 0.556 8.699 0.556 8.725 0.556 8.744 0.556	90.1163 0.556 90.1277 1 90.1300 1 90.1756 0.117 90.1891 0.556 90.193 1 90.2184 0.611 90.459 0.556 90.716 0.944 90.885 0.611
3	2	8.1104 1	90.1166 0.719 90.1893 1
2	1	8.1151 1	90.342 1
2	1	8.995 1	90.1389 1
5	4	8.2301 1	90.1493 1 90.1522 0.861 90.1553 0.167 90.1569 0.833
2	1	8.1821 1	90.528 1
2	1	8.2240 1	90.1437 1
3	2	8.2019 0.333 8.944 1	90.786 1
6	9	8.100 0.070 8.141 1 8.566 0.124	90.640 0.708 90.767 1 90.996 0.708
3	2	8.1432 0.062 8.1721 1	90.1618 1
2	1	8.1568 1	90.371 1
2	1	8.235 1	90.1460 1
6	8	8.1527 1 8.2221 0.613 8.2530 0.990 8.66 0.995	90.1159 1 90.1599 0.087
25	100	8.1307 0.414 8.1387 0.954 8.1806 0.796 8.1868 0.968 8.1879 0.966 8.1917 0.648 8.1995 0.421 8.2012 0.893 8.2074 0.973 8.2096 1 8.2304 0.416 8.2347 0.234 8.2385 0.959 8.2396 0.893 8.248 0.073 8.2550 0.431 8.280 0.893 8.613 0.421 8.913 0.198 8.978 0.433	90.1381 1 90.1581 0.215 90.1956 0.417 90.553 0.056 90.597 0.051
2	1	8.395 1	90.1870 1
16	39	8.1526 1 8.2220 1 8.67 1	90.1093 1 90.1173 0.731 90.1288 0.846 90.1291 0.615 90.1716 0.615 90.1746 0.846 90.182 0.615 90.2174 0.461 90.647 0.495 90.728 0.846 90.800 0.654 90.851 0.808 90.875 0.461
2	1	8.46 1	90.2021 1
2	1	8.1573 1	90.486 1
13	12	8.1112 0.531 8.1635 1 8.172 1 8.1987 1 8.340 0.555 8.433 0.598 8.590 1 8.623 1 8.671 1 8.695 1 8.729 1 8.748 1	90.1883 1
2	1	8.2405 1	90.855 1
4	3	8.1068 1 8.452 1 8.818 0.365	90.1850 1
2	1	8.118 1	90.320 1
14	33	8.1064 0.919 8.134 0.919 8.2423 0.517 8.447 0.919 8.464 0.960 8.540 0.960 8.633 1 8.650 1 8.705 0.960 8.776 0.960 8.898 0.766	90.2152 0.962 90.231 1 90.46 0.962
