Size	Relations	OrthoA	OrthoB
2	1	8.1779 1	89.502 1
2	1	8.1449 1	89.96 1
2	1	8.1450 1	89.97 1
2	1	8.2113 1	89.1611 1
2	1	8.2484 1	89.1051 1
2	1	8.198 1	89.639 1
2	1	8.934 1	89.2002 1
2	1	8.270 1	89.1682 1
2	1	8.1267 1	89.255 1
2	1	8.2417 1	89.815 1
2	1	8.80 1	89.1063 1
2	1	8.1955 1	89.1223 1
2	1	8.1416 1	89.2081 1
2	1	8.1437 1	89.333 1
2	1	8.1656 1	89.415 1
2	1	8.1825 1	89.528 1
2	1	8.86 1	89.1069 1
2	1	8.2206 1	89.1809 1
2	1	8.1256 1	89.243 1
2	1	8.1375 1	89.4 1
2	1	8.1861 1	89.558 1
2	1	8.1522 1	89.178 1
2	1	8.2415 1	89.817 1
2	1	8.1453 1	89.100 1
2	1	8.2156 1	89.1852 1
2	1	8.1314 1	89.87 1
2	1	8.2412 1	89.819 1
2	1	8.1473 1	89.108 1
2	1	8.1429 1	89.328 1
2	1	8.1374 1	89.3 1
2	1	8.2103 1	89.605 1
2	1	8.1241 1	89.238 1
2	1	8.1509 1	89.164 1
2	1	8.111 1	89.724 1
2	1	8.2108 1	89.611 1
2	1	8.1384 1	89.13 1
3	2	8.2286 1	89.2220 1 89.913 1
2	1	8.43 1	89.2016 1
2	1	8.1658 1	89.417 1
2	1	8.88 1	89.1072 1
4	4	8.1071 1 8.140 0.245	89.2153 1 89.404 0.911
3	2	8.2164 0.969 8.2181 1	89.1846 1
3	2	8.1278 1 8.1826 0.780	89.264 1
2	1	8.967 1	89.1999 1
2	1	8.347 1	89.1871 1
2	1	8.1572 1	89.377 1
2	1	8.989 1	89.1615 1
2	1	8.1701 1	89.461 1
2	1	8.1909 1	89.1338 1
2	1	8.325 1	89.1743 1
2	1	8.2005 1	89.1208 1
2	1	8.1905 1	89.1371 1
2	1	8.1407 1	89.72 1
2	1	8.925 1	89.2010 1
2	1	8.112 1	89.723 1
2	1	8.935 1	89.2001 1
2	1	8.1436 1	89.332 1
2	1	8.350 1	89.1869 1
2	1	8.2112 1	89.1612 1
2	1	8.2159 1	89.1849 1
2	1	8.1738 1	89.488 1
2	1	8.1074 1	89.59 1
2	1	8.961 1	89.1995 1
2	1	8.2445 1	89.1378 1
2	1	8.2237 1	89.1444 1
2	1	8.2333 1	89.739 1
2	1	8.1378 1	89.7 1
2	1	8.1661 1	89.421 1
2	1	8.1784 1	89.506 1
2	1	8.1706 1	89.466 1
3	2	8.207 1	89.2186 1 89.883 1
2	1	8.273 1	89.1685 1
2	1	8.1502 1	89.157 1
2	1	8.292 1	89.1701 1
2	1	8.1301 1	89.283 1
2	1	8.1696 1	89.445 1
2	1	8.2270 1	89.1419 1
2	1	8.1670 1	89.430 1
2	1	8.1800 1	89.518 1
2	1	8.956 1	89.1990 1
2	1	8.1406 1	89.71 1
2	1	8.1277 1	89.263 1
2	1	8.1684 1	89.437 1
2	1	8.1043 1	89.19 1
3	2	8.216 1	89.2162 1 89.858 1
2	1	8.1263 1	89.250 1
2	1	8.2360 1	89.1937 1
2	1	8.2368 1	89.1943 1
2	1	8.113 1	89.722 1
2	1	8.2004 1	89.1209 1
2	1	8.1685 1	89.438 1
2	1	8.1504 1	89.159 1
3	2	8.2228 1 8.57 0.504	89.625 1
2	1	8.1560 1	89.365 1
2	1	8.1052 1	89.31 1
2	1	8.1664 1	89.424 1
9	8	8.1066 0.768 8.136 0.160 8.2425 0.210 8.449 1 8.466 0.119 8.542 0.119 8.635 0.134 8.652 0.134	89.2148 1
2	1	8.962 1	89.1996 1
2	1	8.1371 1	89.2103 1
2	1	8.1372 1	89.1 1
2	1	8.1426 1	89.322 1
2	1	8.1827 1	89.532 1
2	1	8.1298 1	89.280 1
2	1	8.237 1	89.1671 1
2	1	8.392 1	89.1872 1
2	1	8.1322 1	89.83 1
2	1	8.1669 1	89.429 1
8	7	8.158 0.758 8.2145 0.782 8.551 0.294 8.680 0.758 8.739 0.758 8.791 1 8.861 0.739	89.909 1
2	1	8.1710 1	89.470 1
2	1	8.1302 1	89.284 1
2	1	8.1754 1	89.492 1
2	1	8.1832 1	89.539 1
10	16	8.1062 0.630 8.445 0.635 8.462 1 8.538 1 8.631 0.762 8.648 0.762 8.778 1 8.900 0.667	89.2144 0.985 89.44 1
2	1	8.1690 1	89.442 1
2	1	8.1942 1	89.1234 1
2	1	8.2271 1	89.1418 1
2	1	8.1147 1	89.341 1
2	1	8.2356 1	89.1934 1
2	1	8.1084 1	89.69 1
2	1	8.2366 1	89.1942 1
3	2	8.61 1 8.2434 1	89.627 1
3	2	8.1579 1	89.384 1 89.1122 0.670
12	20	8.1065 0.333 8.135 0.378 8.2424 0.311 8.448 0.422 8.465 0.267 8.541 0.267 8.634 1 8.651 1 8.704 0.267 8.775 0.267	89.2147 1 89.47 1
2	1	8.1755 1	89.491 1
2	1	8.1785 1	89.507 1
2	1	8.328 1	89.1746 1
3	2	8.2517 1 8.1249 0.743	89.1593 1
2	1	8.349 1	89.1870 1
2	1	8.2362 1	89.1939 1
2	1	8.147 1	89.662 1
2	1	8.1707 1	89.467 1
2	1	8.1431 1	89.330 1
3	2	8.1156 1 8.1217 1	89.211 1
2	1	8.2030 1	89.762 1
2	1	8.1243 1	89.240 1
2	1	8.2483 1	89.1050 1
2	1	8.1950 1	89.1228 1
2	1	8.1792 1	89.513 1
2	1	8.1454 1	89.101 1
2	1	8.204 1	89.1184 1
2	1	8.1366 1	89.2091 1
2	1	8.1838 1	89.545 1
2	1	8.1279 1	89.265 1
2	1	8.1705 1	89.465 1
2	1	8.1768 1	89.1025 1
2	1	8.1405 1	89.70 1
2	1	8.931 1	89.2005 1
2	1	8.322 1	89.1741 1
2	1	8.2466 1	89.1386 1
2	1	8.1657 1	89.416 1
2	1	8.1857 1	89.557 1
2	1	8.1958 1	89.1220 1
2	1	8.305 1	89.1712 1
2	1	8.1185 1	89.1904 1
2	1	8.1299 1	89.281 1
2	1	8.1080 1	89.65 1
2	1	8.1668 1	89.428 1
11	10	8.1622 0.858 8.185 0.925 8.2121 0.766 8.2143 0.531 8.36 1 8.362 0.837 8.553 0.904 8.682 0.904 8.789 0.745 8.859 0.841	89.904 1
3	2	8.210 1	89.2183 1 89.880 1
2	1	8.1376 1	89.5 1
2	1	8.1258 1	89.245 1
2	1	8.1245 1	89.242 1
2	1	8.1951 1	89.1227 1
2	1	8.1303 1	89.285 1
2	1	8.1517 1	89.173 1
2	1	8.115 1	89.720 1
2	1	8.1778 1	89.501 1
2	1	8.1666 1	89.426 1
2	1	8.1364 1	89.2089 1
2	1	8.958 1	89.1992 1
2	1	8.272 1	89.1684 1
2	1	8.2406 1	89.844 1
2	1	8.2332 1	89.740 1
2	1	8.1383 1	89.12 1
2	1	8.266 1	89.1679 1
2	1	8.1363 1	89.2088 1
2	1	8.1869 1	89.572 1
2	1	8.1359 1	89.2085 1
2	1	8.1801 1	89.519 1
2	1	8.1368 1	89.2100 1
2	1	8.1520 1	89.176 1
2	1	8.2016 1	89.1397 1
2	1	8.1960 1	89.1218 1
2	1	8.1191 1	89.1913 1
2	1	8.1268 1	89.256 1
2	1	8.1078 1	89.63 1
2	1	8.1708 1	89.468 1
2	1	8.1373 1	89.2 1
2	1	8.1667 1	89.427 1
2	1	8.1296 1	89.278 1
2	1	8.2359 1	89.1936 1
2	1	8.1335 1	89.321 1
2	1	8.2157 1	89.1851 1
3	2	8.206 1	89.2187 1 89.884 1
2	1	8.146 1	89.663 1
2	1	8.1711 1	89.471 1
2	1	8.2160 1	89.1848 1
2	1	8.1941 1	89.1235 1
2	1	8.1783 1	89.505 1
3	2	8.1163 1 8.1224 1	89.218 1
3	2	8.2349 1	89.1584 1 89.581 0.605
2	1	8.2414 1	89.818 1
2	1	8.1028 1	89.1946 1
2	1	8.2328 1	89.745 1
2	1	8.1270 1	89.258 1
2	1	8.1776 1	89.499 1
2	1	8.887 1	89.2074 1
16	28	8.683 1 8.858 1 8.162 0.442 8.577 0.257 8.2142 0.203 8.1128 0.201 8.554 0.199 8.1623 0.184 8.363 0.180 8.186 0.179 8.2120 0.174 8.34 0.131 8.808 0.128 8.419 0.056	89.902 1 89.974 1
2	1	8.1189 1	89.1911 1
2	1	8.2378 1	89.1949 1
2	1	8.1662 1	89.422 1
2	1	8.2260 1	89.1435 1
2	1	8.1665 1	89.425 1
2	1	8.1440 1	89.336 1
2	1	8.2292 1	89.1092 1
3	2	8.1306 1 8.1994 0.930	89.1987 1
2	1	8.2003 1	89.1210 1
2	1	8.930 1	89.2006 1
2	1	8.2076 1	89.594 1
2	1	8.1565 1	89.370 1
2	1	8.2363 1	89.1940 1
2	1	8.1513 1	89.169 1
2	1	8.2231 1	89.964 1
4	3	8.1313 0.119 8.1998 0.579 8.977 1	89.808 1
2	1	8.1334 1	89.320 1
2	1	8.301 1	89.1709 1
2	1	8.936 1	89.2000 1
12	20	8.1061 1 8.129 0.756 8.1393 0.490 8.1896 0.817 8.444 0.842 8.461 0.447 8.537 0.447 8.647 0.602 8.709 0.447 8.779 0.447	89.2142 1 89.226 0.972
2	1	8.1663 1	89.423 1
2	1	8.1044 1	89.20 1
2	1	8.1148 1	89.342 1
2	1	8.114 1	89.721 1
2	1	8.238 1	89.1672 1
9	8	8.168 0.383 8.1983 0.933 8.428 1 8.586 0.900 8.667 0.900 8.691 0.933 8.733 0.933 8.752 0.933	89.1022 1
2	1	8.1777 1	89.500 1
2	1	8.265 1	89.1678 1
2	1	8.45 1	89.618 1
2	1	8.1691 1	89.443 1
2	1	8.1427 1	89.323 1
2	1	8.872 1	89.2079 1
3	2	8.2165 1 8.2182 0.860	89.1845 1
2	1	8.267 1	89.1680 1
2	1	8.1439 1	89.335 1
2	1	8.2518 1	89.1594 1
3	2	8.2284 1	89.2219 1 89.912 1
2	1	8.1544 1	89.349 1
2	1	8.1575 1	89.379 1
2	1	8.2330 1	89.742 1
2	1	8.1408 1	89.73 1
2	1	8.1438 1	89.334 1
2	1	8.1872 1	89.573 1
2	1	8.2155 1	89.1853 1
2	1	8.1242 1	89.239 1
2	1	8.2444 1	89.1377 1
2	1	8.300 1	89.1708 1
2	1	8.1386 1	89.15 1
2	1	8.2077 1	89.595 1
2	1	8.212 1	89.2044 1
2	1	8.2289 1	89.1094 1
2	1	8.2280 1	89.1413 1
2	1	8.871 1	89.2080 1
2	1	8.1075 1	89.60 1
2	1	8.1835 1	89.542 1
2	1	8.378 1	89.1801 1
2	1	8.262 1	89.1675 1
2	1	8.1257 1	89.244 1
2	1	8.1598 1	89.402 1
10	9	8.1208 1	89.120 0.895 89.1366 0.895 89.1840 0.865 89.1918 0.316 89.2047 0.165 89.2098 0.105 89.2189 1 89.588 0.414 89.886 0.066
2	1	8.1780 1	89.503 1
2	1	8.1906 1	89.1370 1
2	1	8.2039 1	89.777 1
3	2	8.1155 1 8.1216 1	89.210 1
2	1	8.1659 1	89.418 1
2	1	8.1244 1	89.241 1
2	1	8.1944 1	89.1233 1
2	1	8.1671 1	89.431 1
2	1	8.1966 1	89.1213 1
2	1	8.1964 1	89.1214 1
2	1	8.1576 1	89.380 1
2	1	8.1949 1	89.1229 1
2	1	8.1521 1	89.177 1
7	6	8.2127 1	89.1175 0.137 89.1331 0.223 89.1668 0.724 89.206 1 89.661 0.773 89.824 0.987
10	24	8.1072 1 8.814 1 8.100 1 8.1337 0.542 8.474 0.542 8.550 0.542	89.2154 1 89.403 1 89.54 0.625 89.757 0.293
2	1	8.1193 1	89.1915 1
2	1	8.1271 1	89.259 1
2	1	8.1503 1	89.158 1
2	1	8.960 1	89.1994 1
2	1	8.1570 1	89.375 1
2	1	8.1592 1	89.398 1
2	1	8.1079 1	89.64 1
2	1	8.1891 1	89.803 1
2	1	8.1789 1	89.510 1
2	1	8.302 1	89.1710 1
2	1	8.1385 1	89.14 1
2	1	8.1145 1	89.339 1
2	1	8.1515 1	89.171 1
2	1	8.1837 1	89.544 1
2	1	8.1365 1	89.2090 1
2	1	8.1192 1	89.1914 1
2	1	8.1330 1	89.319 1
2	1	8.320 1	89.1740 1
2	1	8.990 1	89.1616 1
2	1	8.2498 1	89.1589 1
2	1	8.2101 1	89.604 1
2	1	8.89 1	89.1073 1
2	1	8.1957 1	89.1221 1
2	1	8.197 1	89.640 1
2	1	8.1274 1	89.261 1
2	1	8.1926 1	89.1334 1
2	1	8.1051 1	89.29 1
2	1	8.1294 1	89.276 1
2	1	8.994 1	89.1621 1
2	1	8.2446 1	89.1379 1
2	1	8.884 1	89.2068 1
2	1	8.2281 1	89.1412 1
2	1	8.1050 1	89.27 1
2	1	8.1498 1	89.153 1
2	1	8.1506 1	89.161 1
2	1	8.1518 1	89.174 1
2	1	8.1295 1	89.277 1
2	1	8.85 1	89.1068 1
2	1	8.1697 1	89.446 1
2	1	8.2208 1	89.1808 1
3	2	8.2298 1	89.1487 0.337 89.1533 1
2	1	8.2209 1	89.1807 1
2	1	8.1381 1	89.10 1
2	1	8.2268 1	89.1420 1
2	1	8.1547 1	89.352 1
2	1	8.959 1	89.1993 1
2	1	8.1360 1	89.2086 1
2	1	8.1541 1	89.346 1
2	1	8.1516 1	89.172 1
2	1	8.1773 1	89.496 1
3	2	8.2166 0.970 8.2183 1	89.1844 1
2	1	8.2311 1	89.994 1
2	1	8.1260 1	89.247 1
2	1	8.1511 1	89.166 1
2	1	8.1839 1	89.546 1
2	1	8.1083 1	89.68 1
2	1	8.929 1	89.2007 1
2	1	8.1717 1	89.479 1
2	1	8.1282 1	89.268 1
2	1	8.1927 1	89.1333 1
2	1	8.1507 1	89.162 1
2	1	8.2379 1	89.1952 1
2	1	8.263 1	89.1676 1
2	1	8.1963 1	89.1215 1
13	12	8.1116 0.970 8.1632 0.985 8.169 0.979 8.1984 0.985 8.337 0.226 8.429 1 8.587 0.985 8.668 0.985 8.692 0.985 8.732 0.985 8.751 0.985 8.848 0.168	89.1883 1
2	1	8.1382 1	89.11 1
2	1	8.1567 1	89.372 1
2	1	8.2361 1	89.1938 1
2	1	8.291 1	89.1700 1
2	1	8.2201 1	89.1813 1
2	1	8.1961 1	89.1217 1
2	1	8.1589 1	89.393 1
2	1	8.2029 1	89.763 1
32	135	8.1653 1 8.1647 1 8.841 0.511 8.943 0.125 8.1140 0.079	89.1086 1 89.118 1 89.1456 0.818 89.301 0.809 89.945 0.793 89.2251 0.790 89.930 0.783 89.2236 0.781 89.1364 0.774 89.1730 0.744 89.2050 0.577 89.1633 0.480 89.1729 0.446 89.1973 0.441 89.889 0.420 89.2096 0.419 89.2030 0.407 89.2192 0.398 89.948 0.276 89.2255 0.240 89.2191 0.208 89.888 0.197 89.1921 0.174 89.764 0.157 89.1133 0.117 89.1343 0.064 89.1432 0.063
2	1	8.2079 1	89.597 1
2	1	8.1841 1	89.548 1
2	1	8.1660 1	89.419 1
2	1	8.1305 1	89.287 1
2	1	8.1775 1	89.498 1
2	1	8.1561 1	89.366 1
2	1	8.1496 1	89.151 1
2	1	8.2279 1	89.1415 1
2	1	8.1356 1	89.2082 1
2	1	8.2440 1	89.1373 1
2	1	8.303 1	89.1711 1
2	1	8.1578 1	89.383 1
2	1	8.274 1	89.1686 1
2	1	8.1380 1	89.9 1
2	1	8.2106 1	89.609 1
3	2	8.205 1	89.2188 1 89.885 1
2	1	8.1441 1	89.337 1
2	1	8.1842 1	89.549 1
2	1	8.1542 1	89.347 1
2	1	8.1681 1	89.435 1
2	1	8.1683 1	89.436 1
2	1	8.1718 1	89.480 1
2	1	8.1188 1	89.1910 1
2	1	8.2317 1	89.1006 1
2	1	8.2377 1	89.1948 1
2	1	8.2107 1	89.610 1
2	1	8.1000 1	89.1638 1
2	1	8.1002 1	89.1640 1
2	1	8.1786 1	89.508 1
2	1	8.48 1	89.620 1
2	1	8.966 1	89.1998 1
7	12	8.1063 1 8.133 0.985 8.2422 0.987 8.446 1	89.2145 1 89.231 0.056 89.45 0.900
2	1	8.308 1	89.1715 1
2	1	8.1288 1	89.271 1
2	1	8.2473 1	89.731 1
2	1	8.1602 1	89.409 1
2	1	8.1688 1	89.440 1
2	1	8.1076 1	89.61 1
2	1	8.1675 1	89.434 1
3	2	8.2350 1	89.1587 0.121 89.583 1
2	1	8.1281 1	89.266 1
2	1	8.1719 1	89.481 1
2	1	8.1787 1	89.509 1
2	1	8.1704 1	89.464 1
2	1	8.1007 1	89.1643 1
24	44	8.1644 1 8.1100 1	89.1348 1 89.1453 1 89.942 0.897 89.1924 0.844 89.768 0.828 89.2240 0.639 89.934 0.639 89.1114 0.469 89.115 0.361 89.2053 0.361 89.2248 0.361 89.298 0.361 89.2196 0.352 89.1726 0.343 89.1733 0.343 89.1083 0.334 89.1976 0.334 89.2233 0.334 89.927 0.334 89.893 0.089 89.1137 0.082 89.1629 0.072
2	1	8.926 1	89.2009 1
3	2	8.208 1	89.2185 1 89.882 1
2	1	8.2499 1	89.1590 1
3	2	8.2244 1 8.2248 1	89.1441 1
2	1	8.1843 1	89.551 1
2	1	8.1291 1	89.273 1
2	1	8.1702 1	89.462 1
2	1	8.299 1	89.1707 1
2	1	8.1045 1	89.21 1
2	1	8.1006 1	89.1642 1
2	1	8.109 1	89.726 1
2	1	8.2110 1	89.613 1
2	1	8.1362 1	89.2087 1
2	1	8.1571 1	89.376 1
2	1	8.2331 1	89.741 1
2	1	8.1689 1	89.441 1
2	1	8.232 1	89.1121 1
2	1	8.2402 1	89.846 1
12	11	8.156 0.703 8.1616 1 8.1973 0.972 8.319 0.461 8.389 0.636 8.41 0.723 8.678 0.723 8.716 0.972 8.741 0.723 8.865 0.698 8.96 0.723	89.1125 1
2	1	8.1478 1	89.123 1
2	1	8.1794 1	89.514 1
2	1	8.2266 1	89.1434 1
2	1	8.375 1	89.1800 1
2	1	8.1293 1	89.275 1
2	1	8.1850 1	89.556 1
2	1	8.84 1	89.1067 1
2	1	8.2158 1	89.1850 1
2	1	8.2357 1	89.1935 1
2	1	8.1556 1	89.361 1
2	1	8.1054 1	89.57 1
2	1	8.1501 1	89.156 1
2	1	8.2081 1	89.599 1
2	1	8.1956 1	89.1222 1
2	1	8.927 1	89.2008 1
2	1	8.1890 1	89.802 1
2	1	8.1739 1	89.489 1
2	1	8.1519 1	89.175 1
2	1	8.1553 1	89.358 1
2	1	8.1304 1	89.286 1
2	1	8.324 1	89.1742 1
2	1	8.2449 1	89.1380 1
2	1	8.1512 1	89.167 1
2	1	8.107 1	89.730 1
2	1	8.1081 1	89.66 1
2	1	8.2194 1	89.1839 1
2	1	8.1593 1	89.399 1
7	12	8.458 1 8.534 1 8.712 1 8.782 1	89.2139 1 89.223 1 89.38 1
2	1	8.2080 1	89.598 1
2	1	8.1269 1	89.257 1
2	1	8.1774 1	89.497 1
2	1	8.2234 1	89.1462 1
2	1	8.2105 1	89.608 1
2	1	8.1703 1	89.463 1
2	1	8.1849 1	89.555 1
2	1	8.1452 1	89.99 1
2	1	8.2109 1	89.612 1
2	1	8.999 1	89.1637 1
2	1	8.2329 1	89.743 1
2	1	8.1379 1	89.8 1
2	1	8.2312 1	89.995 1
2	1	8.2442 1	89.1375 1
2	1	8.1190 1	89.1912 1
2	1	8.889 1	89.2075 1
2	1	8.1818 1	89.525 1
2	1	8.1959 1	89.1219 1
2	1	8.1840 1	89.547 1
2	1	8.1581 1	89.386 1
2	1	8.1428 1	89.327 1
4	3	8.1530 0.581 8.2525 0.744 8.63 1	89.629 1
2	1	8.1577 1	89.382 1
2	1	8.2369 1	89.1944 1
2	1	8.298 1	89.1706 1
2	1	8.1904 1	89.1372 1
2	1	8.932 1	89.2004 1
2	1	8.2293 1	89.1091 1
2	1	8.916 1	89.2061 1
8	7	8.1916 1	89.1117 0.323 89.1494 0.880 89.1508 0.341 89.1528 1 89.1537 0.910 89.1553 0.978 89.1568 0.888
2	1	8.2352 1	89.1916 1
2	1	8.1549 1	89.354 1
2	1	8.1596 1	89.401 1
2	1	8.1548 1	89.353 1
2	1	8.264 1	89.1677 1
2	1	8.199 1	89.638 1
2	1	8.2336 1	89.734 1
2	1	8.2154 1	89.1855 1
2	1	8.2257 1	89.1438 1
2	1	8.2416 1	89.816 1
2	1	8.1948 1	89.1230 1
2	1	8.1674 1	89.433 1
2	1	8.1144 1	89.338 1
20	19	8.2057 1	89.1080 0.656 89.1110 0.781 89.113 0.719 89.1141 0.281 89.1357 1 89.1450 0.562 89.1736 0.062 89.1927 0.594 89.1979 0.719 89.2037 0.562 89.2056 0.656 89.2199 0.844 89.2230 0.844 89.2245 0.625 89.295 0.625 89.769 0.312 89.897 0.719 89.924 0.750 89.939 0.625
2	1	8.2205 1	89.1810 1
2	1	8.1492 1	89.130 1
2	1	8.1186 1	89.1905 1
4	4	8.1060 1 8.443 1	89.2141 1 89.40 0.882
2	1	8.1451 1	89.98 1
2	1	8.2380 1	89.1953 1
2	1	8.1929 1	89.1290 1
2	1	8.1946 1	89.1232 1
2	1	8.874 1	89.2078 1
2	1	8.1377 1	89.6 1
2	1	8.1459 1	89.103 1
2	1	8.2310 1	89.993 1
2	1	8.1836 1	89.543 1
2	1	8.1673 1	89.432 1
2	1	8.1146 1	89.340 1
2	1	8.1908 1	89.1339 1
2	1	8.1886 1	89.799 1
3	2	8.1654 1 8.1725 1	89.1841 1
2	1	8.1292 1	89.274 1
2	1	8.1001 1	89.1639 1
2	1	8.1559 1	89.364 1
4	3	8.1318 1 8.598 0.692 8.948 1	89.1964 1
2	1	8.1870 1	89.1391 1
2	1	8.957 1	89.1991 1
2	1	8.933 1	89.2003 1
2	1	8.2258 1	89.1437 1
2	1	8.1907 1	89.1369 1
2	1	8.1791 1	89.512 1
2	1	8.1830 1	89.534 1
2	1	8.2078 1	89.596 1
2	1	8.1246 1	89.1206 1
2	1	8.1510 1	89.165 1
2	1	8.1042 1	89.17 1
2	1	8.2049 1	89.759 1
2	1	8.318 1	89.908 1
2	1	8.1297 1	89.279 1
2	1	8.1889 1	89.801 1
4	3	8.294 1	89.1249 1 89.1786 0.960 89.680 0.980
2	1	8.1953 1	89.1225 1
2	1	8.329 1	89.1747 1
7	12	8.459 1 8.535 1 8.711 1 8.781 1	89.2140 1 89.224 1 89.39 1
2	1	8.964 1	89.1997 1
2	1	8.1046 1	89.22 1
3	2	8.1317 1 8.599 0.785	89.1965 1
3	2	8.1159 1 8.1220 1	89.214 1
2	1	8.1888 1	89.797 1
2	1	8.1497 1	89.152 1
2	1	8.1564 1	89.369 1
2	1	8.1462 1	89.106 1
2	1	8.1555 1	89.360 1
2	1	8.117 1	89.324 1
2	1	8.1551 1	89.356 1
2	1	8.1967 1	89.1212 1
2	1	8.1558 1	89.363 1
2	1	8.1259 1	89.246 1
2	1	8.1047 1	89.23 1
2	1	8.2272 1	89.1417 1
2	1	8.269 1	89.1681 1
2	1	8.1435 1	89.331 1
2	1	8.1566 1	89.371 1
8	7	8.1645 1	89.1115 1 89.116 0.882 89.1631 0.735 89.2052 0.882 89.2249 0.882 89.299 0.882 89.943 0.882
2	1	8.1563 1	89.368 1
18	72	8.1110 0.773 8.1637 0.987 8.174 0.997 8.1989 1 8.227 0.143 8.342 0.771 8.435 0.948 8.592 1 8.673 1 8.697 1 8.727 1 8.746 1	89.1154 0.284 89.1269 1 89.1314 0.988 89.1768 1 89.2306 0.689 89.700 0.991
2	1	8.1053 1	89.32 1
2	1	8.1457 1	89.102 1
2	1	8.2400 1	89.849 1
2	1	8.2274 1	89.1416 1
10	9	8.1636 0.218 8.173 1 8.1988 1 8.591 1 8.622 0.450 8.672 1 8.696 1 8.728 1 8.747 1	89.1888 1
2	1	8.1781 1	89.504 1
2	1	8.1713 1	89.474 1
2	1	8.1588 1	89.392 1
2	1	8.1954 1	89.1224 1
2	1	8.2411 1	89.820 1
2	1	8.992 1	89.1619 1
2	1	8.2259 1	89.1436 1
2	1	8.1546 1	89.351 1
2	1	8.1495 1	89.149 1
2	1	8.1557 1	89.362 1
3	2	8.1788 0.064 8.2104 1	89.607 1
2	1	8.1875 1	89.589 1
2	1	8.1460 1	89.104 1
2	1	8.1474 1	89.121 1
2	1	8.2236 1	89.1460 1
2	1	8.1591 1	89.395 1
2	1	8.116 1	89.719 1
2	1	8.1590 1	89.394 1
2	1	8.991 1	89.1617 1
3	2	8.2227 0.937 8.56 1	89.1003 1
3	2	8.1161 1 8.1222 0.543	89.216 1
2	1	8.2441 1	89.1374 1
2	1	8.1807 1	89.522 1
3	2	8.1884 0.800 8.2452 1	89.623 1
2	1	8.2443 1	89.1376 1
2	1	8.2401 1	89.847 1
2	1	8.1552 1	89.357 1
2	1	8.1887 1	89.798 1
2	1	8.1300 1	89.282 1
2	1	8.1735 1	89.485 1
3	2	8.240 1	89.1674 1 89.1858 0.699
2	1	8.1540 1	89.345 1
9	20	8.1326 1 8.1443 1 8.2218 1 8.2533 1 8.69 1	89.134 0.385 89.2025 0.269 89.634 1 89.75 0.462
2	1	8.2204 1	89.1811 1
2	1	8.1430 1	89.329 1
2	1	8.1266 1	89.254 1
2	1	8.2267 1	89.1433 1
14	49	8.1057 0.261 8.124 0.261 8.440 0.261 8.457 1 8.533 1 8.713 1 8.783 1	89.1718 0.409 89.1900 0.409 89.2138 1 89.222 0.818 89.37 1 89.449 0.727 89.460 0.409
13	40	8.857 1 8.164 1 8.807 1 8.2119 0.955 8.687 0.952	89.2270 1 89.1665 1 89.1795 1 89.204 0.192 89.413 0.136 89.1177 0.090 89.825 0.073 89.2133 0.071
2	1	8.1500 1	89.155 1
2	1	8.1287 1	89.270 1
2	1	8.1187 1	89.1906 1
2	1	8.917 1	89.2060 1
2	1	8.1183 1	89.1878 1
2	1	8.1580 1	89.385 1
2	1	8.1545 1	89.350 1
2	1	8.1834 1	89.541 1
2	1	8.2051 1	89.1396 1
2	1	8.1543 1	89.348 1
4	3	8.1529 1 8.2526 1 8.64 0.639	89.630 1
4	3	8.119 1 8.2176 0.934 8.2191 0.934	89.666 1
3	2	8.1154 1 8.1215 0.083	89.182 1
2	1	8.1952 1	89.1226 1
2	1	8.1369 1	89.2101 1
2	1	8.2337 1	89.733 1
2	1	8.2515 1	89.1592 1
4	3	8.1923 0.172 8.2052 0.247 8.2381 1	89.1406 1
2	1	8.293 1	89.1703 1
2	1	8.1809 1	89.524 1
2	1	8.1055 1	89.58 1
2	1	8.2291 1	89.1093 1
2	1	8.33 1	89.310 1
2	1	8.1290 1	89.272 1
2	1	8.58 1	89.626 1
2	1	8.1695 1	89.444 1
2	1	8.2202 1	89.1812 1
2	1	8.1808 1	89.523 1
2	1	8.1833 1	89.540 1
2	1	8.1149 1	89.343 1
4	4	8.2141 1 8.420 0.064	89.1033 0.173 89.405 1
2	1	8.1358 1	89.2084 1
2	1	8.108 1	89.727 1
2	1	8.1003 1	89.1641 1
2	1	8.1586 1	89.390 1
2	1	8.1714 1	89.476 1
2	1	8.1514 1	89.170 1
2	1	8.1499 1	89.154 1
2	1	8.1962 1	89.1216 1
2	1	8.42 1	89.82 1
2	1	8.955 1	89.1989 1
3	2	8.1158 1 8.1219 1	89.213 1
2	1	8.1574 1	89.378 1
2	1	8.1550 1	89.355 1
2	1	8.912 1	89.2067 1
2	1	8.290 1	89.1696 1
2	1	8.1687 1	89.439 1
2	1	8.1508 1	89.163 1
2	1	8.1264 1	89.251 1
2	1	8.1038 1	89.1236 1
2	1	8.2365 1	89.1941 1
9	8	8.16 1	89.1130 0.753 89.1431 0.468 89.1458 0.089 89.1459 0.207 89.2026 0.051 89.2218 1 89.794 0.102 89.911 0.880
2	1	8.2210 1	89.1806 1
2	1	8.326 1	89.1744 1
2	1	8.87 1	89.1071 1
2	1	8.2100 1	89.602 1
2	1	8.1494 1	89.131 1
3	2	8.217 1	89.2161 1 89.857 1
2	1	8.2282 1	89.1411 1
2	1	8.1488 1	89.127 1
2	1	8.1048 1	89.24 1
2	1	8.1479 1	89.124 1
5	4	8.2300 1	89.1483 1 89.1532 0.746 89.1546 0.635 89.1561 0.730
2	1	8.2015 1	89.1211 1
13	22	8.1642 1 8.179 1 8.1993 1 8.2340 1 8.346 0.857 8.596 1 8.615 1 8.677 1 8.701 1 8.723 1 8.742 1	89.1717 0.555 89.289 1
2	1	8.2408 1	89.822 1
2	1	8.271 1	89.1683 1
3	2	8.1162 1 8.1223 1	89.217 1
2	1	8.2519 1	89.1597 1
2	1	8.1150 1	89.344 1
9	8	8.1606 0.870 8.1729 0.870 8.1932 0.870 8.2008 1 8.2021 0.565 8.2510 0.870 8.881 0.870 8.946 0.957	89.1394 1
2	1	8.1716 1	89.478 1
3	2	8.1720 1	89.2182 1 89.879 1
2	1	8.2355 1	89.1932 1
18	17	8.1118 0.274 8.1627 0.276 8.1629 0.054 8.167 1 8.1982 0.917 8.29 0.414 8.335 0.800 8.424 0.068 8.425 0.207 8.561 0.094 8.584 0.655 8.664 0.060 8.690 0.917 8.734 0.917 8.753 0.917 8.797 0.656 8.850 0.203	89.307 1
2	1	8.1505 1	89.160 1
2	1	8.1736 1	89.486 1
2	1	8.1790 1	89.511 1
2	1	8.2418 1	89.814 1
3	2	8.47 1	89.2018 0.273 89.619 1
2	1	8.2419 1	89.813 1
3	2	8.1528 1 8.65 1	89.79 1
2	1	8.1587 1	89.391 1
2	1	8.1562 1	89.367 1
2	1	8.1433 1	89.978 1
2	1	8.1184 1	89.1903 1
15	14	8.1134 1 8.159 0.924 8.1621 0.924 8.184 0.611 8.2122 0.848 8.2144 0.924 8.361 0.671 8.37 0.626 8.414 0.626 8.552 0.939 8.573 0.939 8.681 0.985 8.790 0.611 8.860 0.955	89.905 1
2	1	8.1928 1	89.1332 1
26	48	8.1138 1 8.845 0.250	89.1085 0.917 89.1100 0.833 89.1116 0.750 89.1134 0.833 89.117 0.917 89.1346 0.583 89.1363 1 89.1455 0.833 89.1632 0.833 89.1728 0.917 89.1731 0.917 89.1922 0.917 89.1974 0.917 89.2031 0.583 89.2051 0.917 89.2095 0.833 89.2194 0.917 89.2235 0.917 89.2250 0.917 89.300 0.917 89.766 0.667 89.891 1 89.929 0.917 89.944 0.583
2	1	8.1524 1	89.180 1
2	1	8.1491 1	89.129 1
3	2	8.209 1	89.2184 1 89.881 1
2	1	8.2198 1	89.1828 1
2	1	8.2410 1	89.821 1
2	1	8.307 1	89.1714 1
2	1	8.2238 1	89.1443 1
14	13	8.1106 1 8.1638 0.568 8.1990 0.655 8.221 0.669 8.2343 0.450 8.343 0.669 8.436 0.457 8.593 0.655 8.618 0.593 8.674 0.655 8.698 0.655 8.726 0.655 8.745 0.655	89.1043 1
2	1	8.1554 1	89.359 1
2	1	8.1709 1	89.469 1
2	1	8.2335 1	89.738 1
3	2	8.1157 1 8.1218 1	89.212 1
21	80	8.1607 1 8.2511 1 8.2022 0.504 8.880 0.434 8.1728 0.400	89.1078 1 89.1107 1 89.111 1 89.1382 1 89.1600 1 89.2223 1 89.916 1 89.1448 1 89.1981 1 89.2228 1 89.2243 1 89.2058 0.875 89.293 0.875 89.937 0.875 89.922 0.250 89.2039 0.200
24	44	8.2055 1 8.1615 1	89.1082 0.933 89.1112 0.933 89.1138 0.933 89.114 0.933 89.1349 0.667 89.1359 0.933 89.1452 1 89.1628 0.733 89.1725 0.933 89.1734 0.933 89.1819 0.733 89.1925 0.933 89.1977 0.933 89.2054 0.933 89.2197 0.733 89.2232 0.933 89.2247 0.933 89.297 0.933 89.895 0.400 89.919 0.733 89.926 0.933 89.941 1
2	1	8.2353 1	89.1917 1
2	1	8.297 1	89.1705 1
3	2	8.625 0.532 8.643 1	89.1425 1
3	2	8.2163 1 8.2180 1	89.1847 1
2	1	8.1181 1	89.1877 1
2	1	8.2235 1	89.1461 1
2	1	8.1240 1	89.237 1
2	1	8.1947 1	89.1231 1
2	1	8.1595 1	89.400 1
2	1	8.1328 1	89.288 1
2	1	8.1582 1	89.387 1
2	1	8.1848 1	89.1868 1
12	20	8.1936 1 8.367 0.222	89.1287 0.800 89.1294 1 89.1722 0.800 89.1750 0.800 89.186 0.800 89.2169 0.800 89.644 1 89.716 0.800 89.840 0.800 89.866 0.800
2	1	8.1804 1	89.651 1
2	1	8.1285 1	89.269 1
2	1	8.993 1	89.1620 1
5	4	8.1915 1	89.1495 0.714 89.1509 0.714 89.1529 0.714 89.1552 1
2	1	8.1829 1	89.533 1
2	1	8.954 1	89.1988 1
3	2	8.629 1 8.826 0.143	89.1428 1
8	7	8.2299 1	89.1484 1 89.1501 0.063 89.1514 0.417 89.1519 0.109 89.1545 0.726 89.1560 0.762 89.1574 0.067
9	8	8.1113 1	89.1148 1 89.1156 0.931 89.1270 0.966 89.1313 0.966 89.1767 0.948 89.2104 0.397 89.2307 0.448 89.701 0.966
2	1	8.1737 1	89.487 1
2	1	8.1914 1	89.1565 1
2	1	8.1265 1	89.253 1
2	1	8.1569 1	89.374 1
13	12	8.1114 0.938 8.1634 0.938 8.171 0.938 8.1986 0.938 8.339 1 8.431 0.938 8.589 0.938 8.624 0.938 8.670 0.938 8.694 0.938 8.730 0.938 8.749 0.938	89.1886 1
2	1	8.1082 1	89.67 1
2	1	8.2387 1	89.1960 1
2	1	8.2476 1	89.1907 1
2	1	8.1275 1	89.262 1
2	1	8.83 1	89.1066 1
2	1	8.2477 1	89.1908 1
2	1	8.1715 1	89.477 1
2	1	8.1523 1	89.179 1
2	1	8.2467 1	89.1387 1
2	1	8.2152 1	89.1856 1
2	1	8.998 1	89.1636 1
2	1	8.2075 1	89.593 1
7	6	8.1325 1 8.1444 1 8.1525 1 8.2219 1 8.2532 1 8.68 1	89.633 1
2	1	8.1486 1	89.1535 1
2	1	8.289 1	89.1698 1
2	1	8.110 1	89.725 1
12	11	8.1614 1	89.1081 0.714 89.1139 1 89.1350 0.571 89.1724 0.714 89.1735 0.714 89.1820 0.429 89.1978 0.714 89.2198 0.571 89.2231 0.714 89.896 0.714 89.925 0.714
2	1	8.2382 1	89.1408 1
2	1	8.1568 1	89.373 1
2	1	8.1262 1	89.862 1
2	1	8.2513 1	89.1591 1
36	243	8.1605 0.667 8.1730 0.667 8.1931 0.667 8.2007 1 8.2020 0.333 8.2509 0.667 8.411 0.778 8.882 0.778 8.945 1	89.1076 0.111 89.1105 0.778 89.1195 0.111 89.1384 1 89.1399 0.444 89.1931 1 89.614 0.111 89.109 1 89.235 1 89.773 1 89.900 1 89.914 1 89.998 1 89.1145 1 89.1353 1 89.1368 1 89.1395 1 89.1446 1 89.1598 1 89.1610 1 89.1623 1 89.1739 1 89.1824 1 89.1830 1 89.1833 1 89.2202 1 89.2221 1
14	33	8.1640 1 8.178 1 8.1992 1 8.345 0.649 8.438 1 8.595 1 8.616 1 8.676 1 8.700 1 8.724 1 8.743 1	89.1010 1 89.1040 0.131 89.458 0.526
3	2	8.1027 0.190 8.2370 1	89.1945 1
2	1	8.327 1	89.1745 1
2	1	8.81 1	89.1065 1
2	1	8.1370 1	89.2102 1
2	1	8.1367 1	89.2099 1
21	20	8.1307 0.965 8.1387 0.402 8.1806 0.351 8.1868 0.420 8.1879 0.412 8.1917 0.221 8.1995 1 8.2012 0.370 8.2074 0.420 8.2096 0.415 8.2304 0.954 8.2347 0.058 8.2385 0.423 8.2396 0.372 8.248 0.164 8.2550 0.972 8.280 0.356 8.613 1 8.913 0.092 8.978 0.975	89.550 1
13	12	8.1105 1 8.1639 0.556 8.1991 0.556 8.2344 0.722 8.344 0.722 8.437 0.556 8.594 0.556 8.617 0.350 8.675 0.556 8.699 0.556 8.725 0.556 8.744 0.556	89.1163 1
3	2	8.145 1 8.2431 0.782	89.1401 1
2	1	8.1077 1	89.62 1
5	6	8.2508 1 8.883 0.333	89.1146 1 89.1829 1 89.1834 1
14	24	8.1112 1 8.1635 0.320 8.172 0.320 8.1987 0.320 8.340 0.951 8.433 0.406 8.590 0.320 8.623 0.320 8.671 0.320 8.695 0.320 8.729 0.320 8.748 0.320	89.1014 0.262 89.1887 1
3	2	8.1432 0.060 8.1721 1	89.1622 1
4	3	8.2301 1	89.1499 1 89.1548 1 89.1577 0.962
2	1	8.2240 1	89.1442 1
2	1	8.2376 1	89.1947 1
14	40	8.995 1 8.1442 1 8.373 0.667 8.90 0.333	89.2203 1 89.901 1 89.1879 1 89.935 0.319 89.1075 0.253 89.920 0.207 89.2265 0.178 89.958 0.178 89.1352 0.098 89.1196 0.062
10	9	8.1618 0.117 8.1975 0.094 8.2125 0.140 8.317 1 8.354 0.153 8.39 0.606 8.714 0.243 8.768 0.208 8.94 0.241	89.2214 1
2	1	8.1461 1	89.105 1
16	39	8.1526 1 8.2220 1 8.67 1	89.1095 0.769 89.1173 0.962 89.1289 0.769 89.1292 1 89.1720 1 89.1748 0.769 89.184 0.846 89.2167 0.692 89.642 0.724 89.718 0.769 89.793 0.962 89.842 0.731 89.864 0.692
5	4	8.1527 1 8.2221 0.613 8.2530 0.990 8.66 0.995	89.1160 1
2	1	8.1821 1	89.527 1
2	1	8.395 1	89.1874 1
2	1	8.2407 1	89.843 1
2	1	8.581 1	89.972 1
2	1	8.1799 1	89.517 1
5	6	8.1126 0.562 8.188 1 8.856 0.555	89.1901 1 89.494 0.065
2	1	8.235 1	89.1466 1
2	1	8.1573 1	89.483 1
3	2	8.1348 1 8.773 1	89.2150 1
2	1	8.2405 1	89.845 1
4	3	8.1068 1 8.452 1 8.818 0.365	89.1854 1
14	33	8.1064 0.917 8.134 0.917 8.2423 0.508 8.447 0.917 8.464 0.958 8.540 0.958 8.633 1 8.650 1 8.705 0.958 8.776 0.958 8.898 0.758	89.2146 0.738 89.232 0.702 89.46 1
2	1	8.1599 1	89.408 1
13	12	8.1343 0.060 8.139 0.145 8.1980 1 8.2140 0.087 8.31 0.163 8.332 0.129 8.557 0.323 8.583 0.263 8.637 0.072 8.654 0.072 8.737 0.760 8.805 0.240	89.490 1
5	4	8.13 0.341 8.27 0.341 8.469 1 8.545 1	89.1827 1
