Size	Relations	OrthoA	OrthoB
2	1	8.1779 1	88.505 1
2	1	8.1449 1	88.91 1
2	1	8.1450 1	88.92 1
2	1	8.2113 1	88.1613 1
2	1	8.2484 1	88.1056 1
2	1	8.198 1	88.648 1
2	1	8.934 1	88.2009 1
2	1	8.270 1	88.1687 1
2	1	8.1267 1	88.255 1
2	1	8.2417 1	88.824 1
2	1	8.80 1	88.1066 1
2	1	8.1955 1	88.1227 1
2	1	8.1416 1	88.2091 1
2	1	8.1437 1	88.334 1
2	1	8.1656 1	88.418 1
2	1	8.86 1	88.1072 1
2	1	8.1825 1	88.530 1
2	1	8.2206 1	88.1815 1
2	1	8.1256 1	88.244 1
2	1	8.1375 1	88.4 1
2	1	8.1861 1	88.562 1
2	1	8.1522 1	88.175 1
2	1	8.2415 1	88.826 1
2	1	8.1453 1	88.95 1
2	1	8.2156 1	88.1857 1
2	1	8.2412 1	88.828 1
2	1	8.1473 1	88.103 1
2	1	8.1374 1	88.3 1
2	1	8.1429 1	88.329 1
2	1	8.2103 1	88.610 1
2	1	8.1241 1	88.239 1
2	1	8.111 1	88.733 1
2	1	8.1314 1	88.85 1
2	1	8.1509 1	88.162 1
2	1	8.1384 1	88.13 1
2	1	8.2108 1	88.617 1
3	2	8.2286 1	88.2232 1 88.920 1
2	1	8.88 1	88.1074 1
5	6	8.1071 1 8.140 0.200	88.2171 0.885 88.407 0.885 88.52 1
2	1	8.1658 1	88.420 1
3	2	8.2164 0.970 8.2181 1	88.1851 1
2	1	8.967 1	88.2006 1
2	1	8.1278 1	88.264 1
2	1	8.347 1	88.1876 1
2	1	8.989 1	88.1618 1
2	1	8.1572 1	88.378 1
2	1	8.1909 1	88.1337 1
2	1	8.1701 1	88.466 1
2	1	8.325 1	88.1749 1
2	1	8.1905 1	88.1371 1
2	1	8.2005 1	88.1212 1
2	1	8.925 1	88.2017 1
2	1	8.1407 1	88.70 1
11	10	8.1128 0.061 8.1623 1 8.186 0.661 8.2120 0.665 8.2142 0.588 8.34 0.526 8.363 0.669 8.419 0.384 8.554 0.645 8.858 0.660	88.985 1
2	1	8.935 1	88.2008 1
2	1	8.112 1	88.732 1
2	1	8.2112 1	88.1614 1
2	1	8.1436 1	88.333 1
2	1	8.350 1	88.1874 1
2	1	8.2159 1	88.1854 1
2	1	8.1074 1	88.57 1
2	1	8.1738 1	88.493 1
2	1	8.2237 1	88.1445 1
2	1	8.961 1	88.2002 1
2	1	8.2445 1	88.1378 1
2	1	8.2333 1	88.749 1
2	1	8.1661 1	88.423 1
2	1	8.1784 1	88.509 1
2	1	8.1378 1	88.7 1
2	1	8.1706 1	88.471 1
2	1	8.1502 1	88.155 1
2	1	8.273 1	88.1690 1
3	2	8.207 1	88.2205 1 88.895 1
2	1	8.292 1	88.1705 1
2	1	8.1301 1	88.283 1
2	1	8.1696 1	88.451 1
2	1	8.2270 1	88.1418 1
2	1	8.1670 1	88.432 1
2	1	8.1800 1	88.521 1
2	1	8.956 1	88.1997 1
2	1	8.1406 1	88.69 1
3	2	8.216 1	88.2181 1 88.871 1
2	1	8.1684 1	88.442 1
2	1	8.1277 1	88.263 1
2	1	8.1043 1	88.19 1
2	1	8.1263 1	88.250 1
2	1	8.113 1	88.731 1
2	1	8.2360 1	88.1942 1
2	1	8.2368 1	88.1948 1
2	1	8.2004 1	88.1213 1
2	1	8.43 1	88.2024 1
9	8	8.1066 0.763 8.136 0.102 8.2425 0.139 8.449 1 8.466 0.053 8.542 0.053 8.635 0.072 8.652 0.072	88.2166 1
4	4	8.2121 0.138 8.789 1	88.2223 1 88.912 1
2	1	8.1504 1	88.157 1
2	1	8.1685 1	88.443 1
2	1	8.1560 1	88.366 1
2	1	8.962 1	88.2003 1
2	1	8.1052 1	88.32 1
2	1	8.1371 1	88.2114 1
2	1	8.1664 1	88.426 1
3	2	8.2228 0.350 8.57 1	88.633 1
2	1	8.1426 1	88.321 1
2	1	8.1372 1	88.1 1
9	14	8.158 0.962 8.2145 0.785 8.551 0.301 8.680 1 8.739 1 8.791 0.753 8.861 0.918	88.2228 1 88.917 1
3	2	8.392 1 8.1249 0.728	88.1877 1
2	1	8.1298 1	88.280 1
2	1	8.1827 1	88.534 1
2	1	8.237 1	88.1676 1
2	1	8.1669 1	88.431 1
2	1	8.1710 1	88.475 1
2	1	8.1302 1	88.284 1
2	1	8.1754 1	88.496 1
10	16	8.1062 0.624 8.445 0.629 8.462 1 8.538 1 8.631 0.758 8.648 0.758 8.778 1 8.900 0.661	88.2162 0.948 88.44 1
2	1	8.1690 1	88.447 1
2	1	8.2271 1	88.1417 1
2	1	8.1942 1	88.1238 1
2	1	8.1084 1	88.67 1
2	1	8.1147 1	88.342 1
2	1	8.2356 1	88.1939 1
2	1	8.2366 1	88.1947 1
3	2	8.61 1 8.2434 0.826	88.636 1
2	1	8.1755 1	88.495 1
12	20	8.1065 0.348 8.135 0.391 8.2424 0.326 8.448 0.435 8.465 0.283 8.541 0.283 8.634 1 8.651 1 8.704 0.283 8.775 0.283	88.2165 1 88.47 1
3	2	8.1579 1	88.387 1 88.1126 0.670
2	1	8.147 1	88.669 1
2	1	8.1785 1	88.510 1
2	1	8.349 1	88.1875 1
2	1	8.1707 1	88.472 1
2	1	8.2362 1	88.1944 1
2	1	8.2517 1	88.1592 1
2	1	8.328 1	88.1752 1
2	1	8.1431 1	88.331 1
2	1	8.2030 1	88.771 1
3	2	8.1156 1 8.1217 1	88.215 1
2	1	8.1243 1	88.241 1
2	1	8.2483 1	88.1055 1
2	1	8.1454 1	88.96 1
2	1	8.1792 1	88.517 1
2	1	8.1950 1	88.1232 1
2	1	8.204 1	88.1189 1
2	1	8.1366 1	88.2101 1
2	1	8.1838 1	88.547 1
2	1	8.1279 1	88.265 1
2	1	8.1705 1	88.470 1
2	1	8.931 1	88.2012 1
2	1	8.1768 1	88.1032 1
2	1	8.1405 1	88.68 1
2	1	8.1657 1	88.419 1
2	1	8.2466 1	88.1386 1
2	1	8.1857 1	88.561 1
2	1	8.305 1	88.1718 1
2	1	8.322 1	88.1746 1
2	1	8.1185 1	88.1908 1
2	1	8.1299 1	88.281 1
2	1	8.1376 1	88.5 1
2	1	8.1958 1	88.1224 1
3	2	8.210 1	88.2202 1 88.892 1
2	1	8.1080 1	88.63 1
2	1	8.1258 1	88.246 1
2	1	8.1245 1	88.243 1
2	1	8.1668 1	88.430 1
2	1	8.1951 1	88.1231 1
2	1	8.1303 1	88.285 1
7	10	8.1072 1 8.1337 0.230 8.474 0.230 8.550 0.230 8.814 1	88.406 0.918 88.53 1
2	1	8.1517 1	88.170 1
2	1	8.1666 1	88.428 1
2	1	8.115 1	88.729 1
2	1	8.1778 1	88.504 1
2	1	8.1364 1	88.2099 1
2	1	8.958 1	88.1999 1
2	1	8.272 1	88.1689 1
2	1	8.2332 1	88.750 1
2	1	8.2406 1	88.856 1
2	1	8.266 1	88.1684 1
2	1	8.1383 1	88.12 1
2	1	8.1363 1	88.2098 1
2	1	8.1801 1	88.522 1
2	1	8.1359 1	88.2095 1
2	1	8.1869 1	88.577 1
2	1	8.1368 1	88.2111 1
2	1	8.1520 1	88.173 1
2	1	8.1960 1	88.1222 1
2	1	8.2016 1	88.1398 1
2	1	8.1708 1	88.473 1
2	1	8.1191 1	88.1916 1
2	1	8.1667 1	88.429 1
2	1	8.1078 1	88.61 1
2	1	8.1296 1	88.278 1
2	1	8.1373 1	88.2 1
2	1	8.1268 1	88.256 1
2	1	8.2359 1	88.1941 1
2	1	8.2157 1	88.1856 1
3	2	8.206 1	88.2206 1 88.896 1
2	1	8.1335 1	88.320 1
2	1	8.2160 1	88.1853 1
3	2	8.2349 1	88.1581 0.981 88.587 1
2	1	8.1711 1	88.476 1
2	1	8.1783 1	88.508 1
2	1	8.1028 1	88.1951 1
3	2	8.1163 1 8.1224 1	88.222 1
2	1	8.146 1	88.670 1
2	1	8.2328 1	88.754 1
2	1	8.1662 1	88.424 1
2	1	8.1270 1	88.258 1
2	1	8.2414 1	88.827 1
2	1	8.1941 1	88.1239 1
2	1	8.1776 1	88.502 1
2	1	8.1189 1	88.1914 1
2	1	8.2260 1	88.1433 1
2	1	8.2378 1	88.1955 1
2	1	8.2292 1	88.1092 1
2	1	8.1440 1	88.337 1
2	1	8.1665 1	88.427 1
2	1	8.2076 1	88.599 1
2	1	8.301 1	88.1715 1
2	1	8.930 1	88.2013 1
2	1	8.1565 1	88.371 1
2	1	8.2003 1	88.1214 1
2	1	8.887 1	88.2083 1
2	1	8.2363 1	88.1945 1
2	1	8.1148 1	88.343 1
2	1	8.1513 1	88.166 1
4	3	8.1313 0.118 8.1998 0.579 8.977 1	88.814 1
2	1	8.1663 1	88.425 1
2	1	8.936 1	88.2007 1
13	30	8.1061 1 8.129 0.755 8.1393 0.486 8.1896 0.816 8.444 0.842 8.461 0.443 8.537 0.443 8.647 0.599 8.709 0.443 8.779 0.443	88.2160 1 88.229 0.960 88.42 0.808
2	1	8.1334 1	88.319 1
2	1	8.1832 1	88.541 1
2	1	8.114 1	88.730 1
2	1	8.238 1	88.1677 1
9	8	8.168 0.351 8.1983 0.930 8.428 1 8.586 0.895 8.667 0.895 8.691 0.930 8.733 0.930 8.752 0.930	88.1030 1
2	1	8.1044 1	88.20 1
2	1	8.1777 1	88.503 1
2	1	8.265 1	88.1683 1
2	1	8.1050 1	88.26 1
3	2	8.2284 1	88.2231 1 88.919 1
2	1	8.2231 1	88.976 1
2	1	8.1691 1	88.448 1
2	1	8.1439 1	88.336 1
2	1	8.1427 1	88.322 1
3	2	8.2165 1 8.2182 0.860	88.1850 1
2	1	8.2518 1	88.1593 1
2	1	8.872 1	88.2089 1
2	1	8.1438 1	88.335 1
2	1	8.267 1	88.1685 1
2	1	8.2330 1	88.752 1
2	1	8.1575 1	88.380 1
2	1	8.1408 1	88.71 1
2	1	8.2444 1	88.1377 1
2	1	8.1242 1	88.240 1
2	1	8.1512 1	88.165 1
2	1	8.1544 1	88.350 1
3	2	8.2155 1	88.1858 1 88.1202 0.746
2	1	8.1872 1	88.578 1
2	1	8.212 1	88.2055 1
2	1	8.1386 1	88.15 1
2	1	8.300 1	88.1714 1
2	1	8.871 1	88.2090 1
2	1	8.2077 1	88.600 1
2	1	8.1075 1	88.58 1
2	1	8.1780 1	88.506 1
2	1	8.2280 1	88.1412 1
2	1	8.2289 1	88.1096 1
2	1	8.378 1	88.1806 1
2	1	8.1835 1	88.544 1
2	1	8.1257 1	88.245 1
2	1	8.262 1	88.1680 1
2	1	8.1598 1	88.405 1
2	1	8.1659 1	88.421 1
2	1	8.2039 1	88.787 1
2	1	8.1906 1	88.1370 1
8	7	8.1208 1	88.115 0.828 88.1366 0.858 88.1845 1 88.1921 0.112 88.2208 0.784 88.594 0.402 88.898 0.754
3	2	8.1155 1 8.1216 1	88.214 1
2	1	8.1789 1	88.513 1
2	1	8.1966 1	88.1217 1
2	1	8.1944 1	88.1237 1
2	1	8.1964 1	88.1218 1
7	6	8.2127 1	88.1241 1 88.1329 0.268 88.1803 0.952 88.209 0.334 88.2154 0.147 88.833 0.337
2	1	8.1576 1	88.381 1
2	1	8.1244 1	88.242 1
2	1	8.1271 1	88.259 1
2	1	8.1671 1	88.433 1
2	1	8.1503 1	88.156 1
3	2	8.1322 1 8.951 0.490	88.79 1
2	1	8.1949 1	88.1233 1
2	1	8.1193 1	88.1918 1
2	1	8.1521 1	88.174 1
2	1	8.1570 1	88.376 1
2	1	8.308 1	88.1720 1
2	1	8.960 1	88.2001 1
2	1	8.1079 1	88.62 1
2	1	8.1592 1	88.401 1
2	1	8.1891 1	88.810 1
4	3	8.2534 1 8.719 0.373 8.950 0.670	88.80 1
2	1	8.1145 1	88.340 1
2	1	8.302 1	88.1716 1
7	6	8.232 1	88.1492 0.803 88.1505 1 88.1521 0.584 88.1537 0.873 88.1553 0.854 88.1569 0.118
2	1	8.1365 1	88.2100 1
2	1	8.1385 1	88.14 1
2	1	8.1515 1	88.168 1
2	1	8.1837 1	88.546 1
2	1	8.1330 1	88.318 1
2	1	8.89 1	88.1075 1
2	1	8.990 1	88.1619 1
2	1	8.1926 1	88.1332 1
2	1	8.1192 1	88.1917 1
2	1	8.320 1	88.1745 1
2	1	8.1957 1	88.1225 1
2	1	8.2101 1	88.609 1
2	1	8.197 1	88.649 1
2	1	8.1274 1	88.261 1
2	1	8.2281 1	88.1411 1
2	1	8.1294 1	88.276 1
2	1	8.2446 1	88.1379 1
2	1	8.1295 1	88.277 1
2	1	8.1506 1	88.159 1
2	1	8.1518 1	88.171 1
2	1	8.1498 1	88.151 1
2	1	8.85 1	88.1071 1
2	1	8.1697 1	88.452 1
2	1	8.2208 1	88.1814 1
2	1	8.2268 1	88.1419 1
2	1	8.2209 1	88.1813 1
2	1	8.1381 1	88.10 1
2	1	8.1547 1	88.353 1
2	1	8.959 1	88.2000 1
2	1	8.1516 1	88.169 1
2	1	8.2311 1	88.1004 1
2	1	8.1511 1	88.164 1
2	1	8.1541 1	88.347 1
2	1	8.1773 1	88.499 1
2	1	8.1360 1	88.2096 1
2	1	8.1083 1	88.66 1
3	2	8.2166 0.971 8.2183 1	88.1849 1
2	1	8.1839 1	88.548 1
2	1	8.1260 1	88.248 1
5	4	8.1306 1 8.1994 0.953 8.2303 0.133 8.981 0.077	88.1993 1
2	1	8.1282 1	88.268 1
2	1	8.1507 1	88.160 1
2	1	8.2379 1	88.1959 1
2	1	8.929 1	88.2014 1
2	1	8.1717 1	88.484 1
2	1	8.1927 1	88.1331 1
2	1	8.263 1	88.1681 1
2	1	8.2498 1	88.1588 1
2	1	8.1567 1	88.373 1
2	1	8.1382 1	88.11 1
2	1	8.1963 1	88.1219 1
2	1	8.291 1	88.1704 1
2	1	8.2361 1	88.1943 1
2	1	8.2201 1	88.1819 1
2	1	8.1961 1	88.1221 1
2	1	8.884 1	88.2077 1
19	18	8.1100 1	88.1083 0.731 88.110 0.767 88.1347 1 88.1633 0.689 88.1730 0.337 88.1738 0.736 88.1929 0.466 88.1983 0.762 88.2062 0.772 88.2215 0.783 88.2247 0.751 88.2255 0.332 88.2263 0.777 88.298 0.751 88.776 0.762 88.905 0.751 88.936 0.731 88.944 0.301
2	1	8.1589 1	88.396 1
2	1	8.1841 1	88.550 1
31	130	8.1653 1 8.842 1 8.841 0.517 8.943 0.138 8.1140 0.095	88.1086 1 88.773 1 88.2250 0.806 88.2266 0.793 88.1735 0.665 88.1457 0.621 88.1924 0.554 88.2059 0.543 88.939 0.494 88.956 0.356 88.1342 0.298 88.960 0.294 88.1362 0.289 88.2269 0.285 88.1137 0.233 88.2107 0.210 88.1636 0.200 88.301 0.187 88.900 0.150 88.2039 0.126 88.2210 0.122 88.113 0.111 88.1978 0.108 88.1979 0.081 88.2058 0.075 88.1099 0.060
2	1	8.2029 1	88.772 1
2	1	8.2079 1	88.602 1
2	1	8.1660 1	88.422 1
2	1	8.1305 1	88.287 1
2	1	8.1775 1	88.501 1
2	1	8.1561 1	88.367 1
2	1	8.1496 1	88.149 1
2	1	8.2440 1	88.1373 1
2	1	8.1356 1	88.2092 1
2	1	8.2279 1	88.1414 1
2	1	8.303 1	88.1717 1
2	1	8.274 1	88.1691 1
2	1	8.2473 1	88.739 1
2	1	8.1380 1	88.9 1
3	2	8.2106 1 8.1578 0.746	88.615 1
14	13	8.1116 0.973 8.1632 0.986 8.169 0.981 8.1984 0.986 8.337 0.306 8.429 1 8.587 0.986 8.668 0.986 8.692 0.986 8.732 0.986 8.751 0.986 8.795 0.068 8.848 0.233	88.1029 1
3	2	8.205 1	88.2207 1 88.897 1
2	1	8.1718 1	88.485 1
2	1	8.1441 1	88.338 1
2	1	8.2377 1	88.1954 1
2	1	8.1683 1	88.441 1
2	1	8.1842 1	88.551 1
2	1	8.1542 1	88.348 1
2	1	8.1000 1	88.1641 1
2	1	8.2107 1	88.616 1
2	1	8.48 1	88.627 1
2	1	8.1786 1	88.511 1
2	1	8.2317 1	88.1016 1
2	1	8.1188 1	88.1913 1
2	1	8.1002 1	88.1643 1
7	12	8.1063 1 8.133 0.985 8.2422 0.987 8.446 1	88.2163 1 88.234 0.250 88.45 0.972
2	1	8.1288 1	88.271 1
2	1	8.966 1	88.2005 1
2	1	8.1675 1	88.436 1
2	1	8.1688 1	88.445 1
2	1	8.1076 1	88.59 1
2	1	8.1007 1	88.1646 1
3	2	8.2350 1	88.1584 0.168 88.589 1
2	1	8.1719 1	88.486 1
2	1	8.2499 1	88.1589 1
2	1	8.1787 1	88.512 1
2	1	8.1362 1	88.2097 1
2	1	8.1794 1	88.518 1
2	1	8.1704 1	88.469 1
2	1	8.1843 1	88.555 1
3	2	8.208 1	88.2204 1 88.894 1
3	2	8.2244 1 8.2248 1	88.1440 1
2	1	8.926 1	88.2016 1
2	1	8.1291 1	88.273 1
2	1	8.1006 1	88.1645 1
2	1	8.1702 1	88.467 1
2	1	8.1045 1	88.21 1
2	1	8.109 1	88.735 1
2	1	8.2110 1	88.619 1
2	1	8.299 1	88.1713 1
2	1	8.375 1	88.1805 1
2	1	8.2402 1	88.858 1
2	1	8.84 1	88.1070 1
2	1	8.1478 1	88.118 1
2	1	8.1293 1	88.275 1
2	1	8.1571 1	88.377 1
2	1	8.2331 1	88.751 1
2	1	8.1850 1	88.560 1
2	1	8.1689 1	88.446 1
2	1	8.2266 1	88.1432 1
2	1	8.2158 1	88.1855 1
2	1	8.2357 1	88.1940 1
2	1	8.1556 1	88.362 1
2	1	8.1054 1	88.55 1
2	1	8.1501 1	88.154 1
2	1	8.927 1	88.2015 1
2	1	8.1739 1	88.494 1
2	1	8.1956 1	88.1226 1
2	1	8.2081 1	88.604 1
2	1	8.1890 1	88.809 1
2	1	8.1553 1	88.359 1
2	1	8.1519 1	88.172 1
2	1	8.1304 1	88.286 1
2	1	8.2449 1	88.1380 1
2	1	8.1051 1	88.30 1
2	1	8.1081 1	88.64 1
2	1	8.1269 1	88.257 1
2	1	8.2080 1	88.603 1
2	1	8.2194 1	88.1844 1
7	12	8.458 1 8.534 1 8.712 1 8.782 1	88.2157 1 88.226 1 88.39 1
2	1	8.1774 1	88.500 1
2	1	8.2234 1	88.1464 1
2	1	8.290 1	88.1701 1
2	1	8.1452 1	88.94 1
2	1	8.1602 1	88.411 1
2	1	8.1849 1	88.559 1
2	1	8.2329 1	88.753 1
2	1	8.1703 1	88.468 1
2	1	8.2442 1	88.1375 1
2	1	8.2109 1	88.618 1
2	1	8.999 1	88.1640 1
2	1	8.1593 1	88.402 1
2	1	8.2312 1	88.1005 1
2	1	8.324 1	88.1747 1
2	1	8.1959 1	88.1223 1
2	1	8.1818 1	88.527 1
2	1	8.1190 1	88.1915 1
2	1	8.1379 1	88.8 1
2	1	8.1840 1	88.549 1
2	1	8.1581 1	88.389 1
4	3	8.1530 0.591 8.2525 0.750 8.63 1	88.637 1
2	1	8.1428 1	88.328 1
2	1	8.298 1	88.1712 1
3	2	8.2293 1 8.2196 0.772	88.1091 1
2	1	8.2369 1	88.1949 1
2	1	8.1904 1	88.1372 1
2	1	8.916 1	88.2070 1
2	1	8.932 1	88.2011 1
2	1	8.1596 1	88.404 1
2	1	8.2154 1	88.1860 1
11	18	8.2298 1 8.2299 1	88.1529 1 88.1487 1 88.1556 0.824 88.1514 0.449 88.1503 0.369 88.1490 0.340 88.1542 0.197 88.1572 0.119 88.1517 0.075
2	1	8.199 1	88.647 1
6	5	8.1916 1	88.1495 0.065 88.1524 1 88.1534 0.065 88.1550 0.784 88.1565 0.846
2	1	8.1548 1	88.354 1
2	1	8.1674 1	88.435 1
2	1	8.1144 1	88.339 1
2	1	8.1549 1	88.355 1
2	1	8.2336 1	88.742 1
2	1	8.2352 1	88.1919 1
2	1	8.2257 1	88.1436 1
2	1	8.1948 1	88.1234 1
2	1	8.1186 1	88.1909 1
21	20	8.2057 1	88.108 0.812 88.1112 1 88.1145 0.375 88.1176 0.062 88.1355 0.938 88.1450 0.531 88.1932 0.594 88.1986 0.719 88.2047 0.156 88.2065 0.812 88.2218 0.875 88.2237 0.062 88.2244 0.844 88.2260 0.750 88.295 0.687 88.779 0.531 88.908 0.812 88.926 0.094 88.933 0.781 88.949 0.688
3	2	8.240 1	88.1678 1 88.1863 0.699
2	1	8.2416 1	88.825 1
2	1	8.2380 1	88.1960 1
2	1	8.1451 1	88.93 1
4	4	8.1060 1 8.443 1	88.2159 1 88.41 0.588
2	1	8.2205 1	88.1816 1
2	1	8.1492 1	88.126 1
2	1	8.1929 1	88.1294 1
2	1	8.1946 1	88.1236 1
2	1	8.1377 1	88.6 1
2	1	8.1459 1	88.98 1
2	1	8.264 1	88.1682 1
2	1	8.1673 1	88.434 1
2	1	8.1836 1	88.545 1
2	1	8.2310 1	88.1003 1
2	1	8.1146 1	88.341 1
2	1	8.1886 1	88.806 1
2	1	8.1908 1	88.1338 1
2	1	8.1559 1	88.365 1
2	1	8.1716 1	88.483 1
2	1	8.1292 1	88.274 1
2	1	8.933 1	88.2010 1
2	1	8.1001 1	88.1642 1
2	1	8.2258 1	88.1435 1
2	1	8.957 1	88.1998 1
2	1	8.1870 1	88.1390 1
2	1	8.1246 1	88.1210 1
2	1	8.1830 1	88.536 1
2	1	8.1907 1	88.1369 1
2	1	8.2078 1	88.601 1
3	2	8.1317 1 8.599 0.769	88.1971 1
2	1	8.1510 1	88.163 1
2	1	8.1953 1	88.1229 1
2	1	8.2049 1	88.768 1
4	3	8.294 1	88.1253 1 88.1789 0.980 88.689 0.980
3	2	8.318 1	88.2227 1 88.916 1
2	1	8.329 1	88.1753 1
2	1	8.1889 1	88.808 1
2	1	8.1297 1	88.279 1
7	12	8.459 1 8.535 1 8.711 1 8.781 1	88.2158 1 88.227 1 88.40 1
2	1	8.1497 1	88.150 1
2	1	8.964 1	88.2004 1
2	1	8.1046 1	88.22 1
2	1	8.87 1	88.1073 1
3	2	8.1159 1 8.1220 1	88.218 1
2	1	8.1888 1	88.804 1
2	1	8.1967 1	88.1216 1
2	1	8.1564 1	88.370 1
2	1	8.1457 1	88.97 1
2	1	8.1555 1	88.361 1
2	1	8.1551 1	88.357 1
2	1	8.1259 1	88.247 1
2	1	8.1558 1	88.364 1
3	2	8.1315 0.953 8.600 1	88.84 1
2	1	8.269 1	88.1686 1
3	2	8.1654 1 8.1725 1	88.1846 1
3	2	8.1281 0.057 8.1826 1	88.533 1
2	1	8.1566 1	88.372 1
2	1	8.1047 1	88.23 1
2	1	8.1435 1	88.332 1
2	1	8.1462 1	88.101 1
10	9	8.1636 0.191 8.173 1 8.1988 1 8.591 1 8.622 0.423 8.672 1 8.696 1 8.728 1 8.747 1	88.1894 1
2	1	8.2272 1	88.1416 1
2	1	8.1563 1	88.369 1
2	1	8.1781 1	88.507 1
8	7	8.1645 1	88.111 0.853 88.1117 1 88.1634 0.882 88.2061 0.912 88.2264 1 88.299 0.912 88.954 0.912
2	1	8.45 1	88.625 1
2	1	8.1954 1	88.1228 1
2	1	8.2274 1	88.1415 1
2	1	8.1053 1	88.33 1
4	3	8.1923 0.152 8.2052 0.210 8.2381 1	88.1405 1
2	1	8.992 1	88.1622 1
2	1	8.1588 1	88.395 1
2	1	8.1546 1	88.352 1
2	1	8.1713 1	88.478 1
2	1	8.2105 1	88.614 1
2	1	8.1557 1	88.363 1
3	2	8.1788 0.063 8.2104 1	88.612 1
2	1	8.2259 1	88.1434 1
2	1	8.874 1	88.2087 1
3	2	8.1161 1 8.1222 0.521	88.220 1
2	1	8.1042 1	88.18 1
2	1	8.2236 1	88.1462 1
2	1	8.2411 1	88.829 1
3	2	8.687 1 8.807 0.939	88.51 1
2	1	8.1460 1	88.99 1
2	1	8.1791 1	88.515 1
2	1	8.991 1	88.1620 1
3	2	8.2227 0.937 8.56 1	88.1013 1
2	1	8.1590 1	88.397 1
2	1	8.1807 1	88.524 1
2	1	8.2443 1	88.1376 1
2	1	8.2401 1	88.859 1
2	1	8.2441 1	88.1374 1
2	1	8.1737 1	88.492 1
2	1	8.1887 1	88.805 1
3	2	8.1884 0.818 8.2452 1	88.630 1
2	1	8.1552 1	88.358 1
2	1	8.116 1	88.728 1
2	1	8.1735 1	88.490 1
9	20	8.1326 1 8.1443 1 8.2218 1 8.2533 1 8.69 1	88.131 0.600 88.2035 0.200 88.641 0.240 88.73 1
2	1	8.1540 1	88.346 1
2	1	8.1430 1	88.330 1
2	1	8.2204 1	88.1817 1
2	1	8.1266 1	88.254 1
2	1	8.1240 1	88.238 1
2	1	8.1280 1	88.266 1
2	1	8.1500 1	88.153 1
2	1	8.2267 1	88.1431 1
2	1	8.1287 1	88.270 1
2	1	8.2291 1	88.1093 1
2	1	8.2355 1	88.1938 1
2	1	8.1187 1	88.1910 1
2	1	8.1183 1	88.1883 1
2	1	8.994 1	88.1625 1
2	1	8.1952 1	88.1230 1
2	1	8.1545 1	88.351 1
2	1	8.1543 1	88.349 1
2	1	8.1736 1	88.491 1
2	1	8.1834 1	88.543 1
2	1	8.917 1	88.2069 1
2	1	8.2337 1	88.741 1
11	18	8.1134 1 8.159 0.773 8.1621 0.773 8.2122 0.545 8.2144 0.773 8.552 0.818 8.573 0.818 8.681 0.955 8.860 0.864	88.2224 1 88.913 1
2	1	8.1369 1	88.2112 1
4	3	8.1529 1 8.2526 1 8.64 0.649	88.638 1
2	1	8.1809 1	88.526 1
2	1	8.2515 1	88.1591 1
2	1	8.2051 1	88.1397 1
2	1	8.293 1	88.1707 1
2	1	8.1591 1	88.399 1
2	1	8.1300 1	88.282 1
2	1	8.1580 1	88.388 1
2	1	8.1055 1	88.56 1
3	2	8.1154 1 8.1215 0.088	88.179 1
2	1	8.1695 1	88.450 1
2	1	8.1290 1	88.272 1
3	2	8.857 1	88.2283 1 88.2286 0.234
2	1	8.2202 1	88.1818 1
2	1	8.58 1	88.634 1
2	1	8.1875 1	88.595 1
2	1	8.1149 1	88.344 1
5	6	8.1318 1 8.598 0.958 8.948 1	88.137 1 88.1970 0.480
2	1	8.1577 1	88.383 1
2	1	8.1808 1	88.525 1
2	1	8.1524 1	88.177 1
2	1	8.1358 1	88.2094 1
2	1	8.108 1	88.736 1
2	1	8.1833 1	88.542 1
4	3	8.119 1 8.2176 0.873 8.2191 0.873	88.674 1
2	1	8.1586 1	88.393 1
2	1	8.1714 1	88.481 1
2	1	8.1514 1	88.167 1
2	1	8.1499 1	88.152 1
2	1	8.1003 1	88.1644 1
2	1	8.1487 1	88.121 1
2	1	8.1692 1	88.449 1
2	1	8.1681 1	88.439 1
2	1	8.1848 1	88.1873 1
2	1	8.1962 1	88.1220 1
2	1	8.2015 1	88.1215 1
3	2	8.1158 1 8.1219 1	88.217 1
2	1	8.955 1	88.1996 1
2	1	8.1677 1	88.437 1
2	1	8.1574 1	88.379 1
2	1	8.912 1	88.2075 1
2	1	8.1550 1	88.356 1
2	1	8.1687 1	88.444 1
2	1	8.1508 1	88.161 1
2	1	8.2365 1	88.1946 1
2	1	8.1038 1	88.1240 1
2	1	8.1264 1	88.251 1
2	1	8.1715 1	88.482 1
3	2	8.217 1	88.2180 1 88.870 1
2	1	8.2282 1	88.1410 1
2	1	8.326 1	88.1750 1
8	7	8.16 1	88.1135 0.755 88.1428 0.054 88.1429 0.108 88.1460 0.083 88.1461 0.207 88.2230 1 88.918 0.519
2	1	8.2210 1	88.1812 1
2	1	8.2100 1	88.607 1
22	112	8.2508 1 8.1989 1 8.592 1 8.673 1 8.697 1 8.727 1 8.746 1 8.174 0.997 8.1637 0.987 8.435 0.947 8.1110 0.770 8.342 0.767 8.883 0.333 8.227 0.137	88.1151 1 88.2317 1 88.1158 0.223 88.708 0.191 88.1316 0.188 88.1273 0.186 88.1772 0.186 88.1159 0.086
2	1	8.2408 1	88.831 1
2	1	8.1048 1	88.24 1
2	1	8.1479 1	88.119 1
12	11	8.1642 1 8.179 1 8.1993 1 8.2340 1 8.346 0.870 8.596 1 8.615 1 8.677 1 8.701 1 8.723 1 8.742 1	88.289 1
5	4	8.2300 1	88.1486 1 88.1528 0.803 88.1543 0.606 88.1557 0.600
2	1	8.271 1	88.1688 1
3	2	8.1162 1 8.1223 1	88.221 1
17	72	8.1398 1 8.457 1 8.533 1 8.713 1 8.783 1 8.1057 0.261 8.124 0.261 8.440 0.261	88.1044 1 88.2156 1 88.38 0.818 88.454 0.727 88.225 0.591 88.120 0.391 88.1722 0.202 88.1905 0.202 88.465 0.202
2	1	8.2519 1	88.1596 1
3	2	8.2243 1 8.2247 0.996	88.1442 1
2	1	8.1505 1	88.158 1
3	2	8.1720 1	88.2201 1 88.891 1
2	1	8.1495 1	88.147 1
2	1	8.1461 1	88.100 1
2	1	8.2418 1	88.823 1
9	8	8.1606 0.929 8.1729 0.929 8.1932 0.893 8.2008 1 8.2021 0.714 8.2510 0.964 8.881 0.964 8.946 1	88.1395 1
2	1	8.1433 1	88.988 1
3	2	8.47 1	88.2027 1 88.626 0.636
2	1	8.1562 1	88.368 1
2	1	8.1587 1	88.394 1
2	1	8.1790 1	88.514 1
24	44	8.1138 1 8.845 0.250	88.1085 1 88.1118 0.833 88.112 1 88.1138 0.833 88.1361 1 88.1456 0.583 88.1635 1 88.1732 1 88.1736 1 88.1926 0.917 88.1981 1 88.2041 1 88.2060 1 88.2106 0.833 88.2213 1 88.2249 1 88.2265 1 88.300 1 88.774 0.583 88.903 1 88.938 1 88.955 0.750
2	1	8.1682 1	88.440 1
31	84	8.167 1 8.1626 1 8.166 0.987 8.1982 0.917 8.690 0.917 8.734 0.917 8.753 0.917 8.335 0.801 8.689 0.755 8.754 0.755 8.333 0.735 8.855 0.690 8.1125 0.664 8.584 0.657 8.797 0.657 8.30 0.507 8.29 0.415 8.1627 0.277 8.1118 0.275 8.189 0.239 8.425 0.209 8.850 0.205 8.561 0.095 8.424 0.070 8.663 0.069 8.423 0.068 8.664 0.061 8.1629 0.055	88.306 1 88.983 1 88.1061 0.073
2	1	8.1491 1	88.125 1
2	1	8.1928 1	88.1330 1
2	1	8.2419 1	88.822 1
2	1	8.2198 1	88.1833 1
2	1	8.1184 1	88.1907 1
3	2	8.209 1	88.2203 1 88.893 1
14	13	8.1106 1 8.1638 0.565 8.1990 0.653 8.221 0.667 8.2343 0.443 8.343 0.667 8.436 0.450 8.593 0.653 8.618 0.586 8.674 0.653 8.698 0.653 8.726 0.653 8.745 0.653	88.1049 1
2	1	8.307 1	88.1719 1
3	2	8.454 1 8.816 1	88.1842 1
2	1	8.1554 1	88.360 1
2	1	8.2238 1	88.1444 1
2	1	8.2410 1	88.830 1
3	2	8.1157 1 8.1218 1	88.216 1
2	1	8.1077 1	88.60 1
2	1	8.1709 1	88.474 1
13	40	8.1607 1 8.2511 1 8.2022 0.504 8.880 0.434 8.1728 0.400	88.106 1 88.1078 1 88.1109 1 88.1382 1 88.2235 1 88.2049 1 88.1599 0.800 88.1934 0.434
3	2	8.625 0.508 8.643 1	88.1423 1
2	1	8.2335 1	88.748 1
27	50	8.2055 1 8.1615 0.996	88.1082 0.867 88.109 0.800 88.1114 0.800 88.1142 0.867 88.1348 0.867 88.1357 0.800 88.1452 0.667 88.1632 1 88.1729 0.800 88.1739 0.867 88.1825 0.733 88.1984 0.867 88.2063 0.800 88.2216 1 88.2239 1 88.2246 0.867 88.2262 0.800 88.297 0.867 88.777 0.867 88.906 1 88.928 1 88.935 0.867 88.951 0.600 88.1930 0.903 88.2045 1
2	1	8.2353 1	88.1920 1
2	1	8.1082 1	88.65 1
2	1	8.1947 1	88.1235 1
3	2	8.2163 1 8.2180 1	88.1852 1
2	1	8.2235 1	88.1463 1
2	1	8.297 1	88.1711 1
2	1	8.1181 1	88.1882 1
3	2	8.1262 1	88.2184 1 88.874 1
2	1	8.1328 1	88.288 1
2	1	8.1595 1	88.403 1
3	2	8.2521 1 8.60 1	88.635 1
2	1	8.1804 1	88.658 1
2	1	8.1285 1	88.269 1
2	1	8.1829 1	88.535 1
12	20	8.1936 1 8.367 0.222	88.1291 0.800 88.1298 1 88.1726 0.800 88.1755 0.800 88.184 0.800 88.2188 0.800 88.725 0.800 88.798 1 88.851 0.800 88.878 0.800
2	1	8.993 1	88.1623 1
2	1	8.1583 1	88.390 1
7	6	8.1113 1	88.1274 0.937 88.1315 0.921 88.1771 1 88.2115 0.241 88.2318 0.746 88.709 0.937
2	1	8.1488 1	88.123 1
2	1	8.2407 1	88.855 1
2	1	8.1914 1	88.1562 1
2	1	8.954 1	88.1995 1
2	1	8.2387 1	88.1966 1
3	2	8.1915 1	88.1549 1 88.1578 0.400
2	1	8.1265 1	88.253 1
13	12	8.1114 1 8.1634 1 8.171 1 8.1986 1 8.339 0.967 8.431 1 8.589 1 8.624 1 8.670 1 8.694 1 8.730 1 8.749 1	88.1892 1
2	1	8.1569 1	88.375 1
2	1	8.1049 1	88.25 1
2	1	8.2477 1	88.1911 1
2	1	8.1275 1	88.262 1
2	1	8.83 1	88.1069 1
2	1	8.998 1	88.1639 1
2	1	8.2467 1	88.1387 1
2	1	8.2075 1	88.598 1
2	1	8.2152 1	88.1861 1
2	1	8.289 1	88.1702 1
2	1	8.1494 1	88.127 1
8	12	8.1325 1 8.1444 1 8.1525 1 8.2219 1 8.2532 1 8.68 1	88.132 1 88.74 0.750
14	13	8.1614 1	88.1081 0.143 88.1113 0.143 88.1143 0.429 88.1349 0.429 88.1728 0.143 88.1740 0.143 88.1826 1 88.1985 0.143 88.2217 0.143 88.2238 1 88.2245 0.143 88.907 0.143 88.934 0.143
2	1	8.110 1	88.734 1
2	1	8.2513 1	88.1590 1
2	1	8.2382 1	88.1407 1
35	234	8.1605 0.667 8.1730 0.667 8.1931 0.667 8.2007 1 8.2020 0.333 8.2509 0.667 8.411 0.778 8.882 0.778 8.945 1	88.1076 0.111 88.1107 0.778 88.1201 0.111 88.1384 0.778 88.1936 1 88.620 0.111 88.104 1 88.921 1 88.1008 1 88.1150 1 88.1351 1 88.1368 1 88.1447 1 88.1597 1 88.1612 1 88.1627 1 88.1744 1 88.1830 1 88.1835 1 88.1838 1 88.1989 1 88.2068 1 88.2221 1 88.2233 1 88.2240 1 88.2257 1
2	1	8.327 1	88.1751 1
3	2	8.1027 0.190 8.2370 1	88.1950 1
2	1	8.81 1	88.1068 1
2	1	8.1523 1	88.176 1
15	44	8.1640 1 8.178 1 8.1992 1 8.345 0.667 8.438 1 8.595 1 8.616 1 8.676 1 8.700 1 8.724 1 8.743 1	88.1020 0.940 88.1046 0.259 88.463 0.820 88.718 1
2	1	8.1370 1	88.2113 1
2	1	8.1367 1	88.2110 1
24	144	8.1105 1 8.1639 0.556 8.1991 0.556 8.2344 0.722 8.344 0.722 8.437 0.556 8.594 0.556 8.617 0.350 8.675 0.556 8.699 0.556 8.725 0.556 8.744 0.556	88.1023 0.056 88.1168 0.556 88.1282 1 88.1305 1 88.1764 0.117 88.1901 0.611 88.193 1 88.2196 0.611 88.462 0.556 88.716 0.667 88.791 0.556 88.886 0.611
3	2	8.1104 1	88.1171 0.719 88.1903 1
13	12	8.1112 1 8.1635 0.309 8.172 0.309 8.1987 0.309 8.340 0.949 8.433 0.391 8.590 0.309 8.623 0.309 8.671 0.309 8.695 0.309 8.729 0.309 8.748 0.309	88.1893 1
2	1	8.995 1	88.1396 1
2	1	8.1151 1	88.345 1
6	5	8.2301 1	88.1501 1 88.1527 0.757 88.1545 0.865 88.1559 0.189 88.1574 0.824
2	1	8.2240 1	88.1443 1
3	2	8.2019 0.333 8.944 1	88.784 1
2	1	8.1821 1	88.529 1
3	2	8.1432 0.062 8.1721 1	88.1626 1
2	1	8.1568 1	88.374 1
2	1	8.235 1	88.1468 1
16	39	8.1526 1 8.2220 1 8.67 1	88.1097 0.720 88.1178 0.760 88.1293 0.920 88.1296 0.880 88.1724 0.880 88.1754 1 88.182 0.880 88.2186 0.600 88.650 0.555 88.727 0.920 88.800 0.800 88.853 0.840 88.876 0.600
25	100	8.1307 0.414 8.1387 0.954 8.1806 0.796 8.1868 0.968 8.1879 0.966 8.1917 0.648 8.1995 0.421 8.2012 0.893 8.2074 0.973 8.2096 1 8.2304 0.416 8.2347 0.234 8.2385 0.959 8.2396 0.893 8.248 0.073 8.2550 0.431 8.280 0.893 8.613 0.421 8.913 0.198 8.978 0.433	88.1388 1 88.1586 0.414 88.1964 0.412 88.554 0.056 88.597 0.051
2	1	8.395 1	88.1879 1
2	1	8.46 1	88.2026 1
2	1	8.1573 1	88.488 1
5	4	8.1527 1 8.2221 0.619 8.2530 0.990 8.66 0.995	88.1164 1
2	1	8.2405 1	88.857 1
4	3	8.1068 1 8.452 1 8.818 0.365	88.1859 1
2	1	8.118 1	88.323 1
14	33	8.1064 0.917 8.134 0.917 8.2423 0.508 8.447 0.917 8.464 0.958 8.540 0.958 8.633 1 8.650 1 8.705 0.958 8.776 0.958 8.898 0.758	88.2164 0.738 88.235 0.883 88.46 1
