Size	Relations	OrthoA	OrthoB
2	1	8.1450 1	87.851 1
2	1	8.1449 1	87.852 1
2	1	8.1779 1	87.1519 1
2	1	8.1267 1	87.521 1
2	1	8.1453 1	87.14 1
3	2	8.1825 1	87.1935 0.878 87.1952 1
2	1	8.2206 1	87.1509 1
2	1	8.1861 1	87.1501 1
2	1	8.1256 1	87.2422 1
2	1	8.1909 1	87.1450 1
2	1	8.2156 1	87.218 1
2	1	8.1241 1	87.509 1
2	1	8.1375 1	87.38 1
2	1	8.1416 1	87.2584 1
2	1	8.88 1	87.2048 1
2	1	8.1701 1	87.1733 1
2	1	8.1374 1	87.37 1
2	1	8.1502 1	87.652 1
3	2	8.1278 1 8.1826 0.725	87.2696 1
3	2	8.2164 0.990 8.2181 1	87.634 1
2	1	8.2415 1	87.2391 1
2	1	8.86 1	87.2049 1
2	1	8.2159 1	87.215 1
2	1	8.1384 1	87.49 1
2	1	8.1504 1	87.650 1
3	2	8.2286 1 8.2108 0.772	87.2087 1
2	1	8.2412 1	87.2021 1
2	1	8.1429 1	87.728 1
2	1	8.325 1	87.1538 1
2	1	8.1656 1	87.269 1
2	1	8.1301 1	87.490 1
2	1	8.347 1	87.1513 1
2	1	8.1661 1	87.1189 1
2	1	8.1406 1	87.353 1
2	1	8.1509 1	87.2593 1
2	1	8.350 1	87.2431 1
2	1	8.2005 1	87.604 1
2	1	8.1696 1	87.598 1
2	1	8.1572 1	87.967 1
2	1	8.1454 1	87.15 1
2	1	8.1043 1	87.55 1
2	1	8.1277 1	87.110 1
2	1	8.1436 1	87.633 1
2	1	8.2378 1	87.1691 1
2	1	8.237 1	87.601 1
2	1	8.80 1	87.90 1
2	1	8.1302 1	87.106 1
2	1	8.1298 1	87.485 1
2	1	8.1560 1	87.2463 1
2	1	8.1690 1	87.1027 1
13	40	8.101 0.226 8.1071 0.904 8.1338 0.918 8.140 0.886 8.473 0.918 8.549 0.918 8.642 1 8.815 0.627	87.1213 0.379 87.1616 0.580 87.2189 0.073 87.2520 1 87.2562 0.785
2	1	8.270 1	87.1354 1
2	1	8.1827 1	87.2050 1
2	1	8.1522 1	87.1698 1
3	2	8.1579 1	87.1061 1 87.2389 0.621
2	1	8.1520 1	87.1696 1
2	1	8.931 1	87.494 1
2	1	8.1785 1	87.1771 1
2	1	8.2237 1	87.2044 1
2	1	8.1684 1	87.570 1
2	1	8.198 1	87.1038 1
2	1	8.1754 1	87.1002 1
2	1	8.2356 1	87.317 1
2	1	8.1245 1	87.2579 1
2	1	8.292 1	87.2536 1
5	4	8.23 1 8.2599 0.634 8.2608 0.612 8.9 1	87.2758 1
2	1	8.2016 1	87.2352 1
2	1	8.2366 1	87.1788 1
2	1	8.1426 1	87.1580 1
2	1	8.1517 1	87.1175 1
2	1	8.1303 1	87.107 1
2	1	8.1431 1	87.2160 1
2	1	8.2362 1	87.1785 1
2	1	8.1664 1	87.790 1
2	1	8.1951 1	87.1842 1
2	1	8.266 1	87.792 1
2	1	8.2030 1	87.2400 1
2	1	8.1669 1	87.751 1
2	1	8.1372 1	87.31 1
2	1	8.1838 1	87.2337 1
2	1	8.1335 1	87.2567 1
2	1	8.1706 1	87.488 1
2	1	8.1147 1	87.137 1
2	1	8.1376 1	87.39 1
2	1	8.989 1	87.2288 1
2	1	8.1078 1	87.676 1
21	110	8.1066 0.694 8.136 0.665 8.2425 0.468 8.449 0.387 8.466 1 8.542 1 8.635 0.677 8.652 0.677 8.703 0.101 8.774 0.689	87.1121 0.519 87.1218 0.578 87.141 0.647 87.1614 0.884 87.198 0.259 87.1989 0.344 87.2099 0.058 87.2194 0.787 87.2517 0.645 87.2558 0.060 87.2611 1
2	1	8.1544 1	87.2447 1
2	1	8.349 1	87.2432 1
2	1	8.1658 1	87.1053 1
2	1	8.1667 1	87.753 1
2	1	8.1366 1	87.24 1
2	1	8.234 1	87.2272 1
2	1	8.206 1	87.2056 1
2	1	8.290 1	87.594 1
3	2	8.1386 1	87.1039 0.866 87.52 1
3	2	8.1028 1 8.2372 0.090	87.2315 1
2	1	8.1296 1	87.481 1
2	1	8.2076 1	87.2430 1
2	1	8.872 1	87.491 1
2	1	8.1438 1	87.2485 1
2	1	8.1685 1	87.571 1
2	1	8.1941 1	87.1873 1
2	1	8.1783 1	87.1769 1
3	2	8.1163 1 8.1224 1	87.103 1
2	1	8.1439 1	87.2486 1
2	1	8.1666 1	87.754 1
2	1	8.1792 1	87.2284 1
2	1	8.2363 1	87.1786 1
2	1	8.1905 1	87.1404 1
2	1	8.1955 1	87.876 1
2	1	8.1738 1	87.1433 1
2	1	8.2330 1	87.2285 1
2	1	8.238 1	87.682 1
5	4	8.1321 0.158 8.2534 1 8.719 0.490 8.950 0.750	87.1004 1
2	1	8.2101 1	87.1254 1
2	1	8.958 1	87.2142 1
2	1	8.1244 1	87.531 1
2	1	8.1659 1	87.1052 1
2	1	8.1784 1	87.1770 1
2	1	8.2004 1	87.603 1
2	1	8.2157 1	87.217 1
2	1	8.1274 1	87.2580 1
2	1	8.1665 1	87.788 1
2	1	8.498 1	87.1655 1
2	1	8.1185 1	87.535 1
2	1	8.1279 1	87.2712 1
2	1	8.328 1	87.1536 1
2	1	8.1575 1	87.326 1
2	1	8.1668 1	87.752 1
2	1	8.1513 1	87.1171 1
7	10	8.20 1 8.5 1 8.2611 1 8.502 0.948 8.2591 0.567	87.176 1 87.173 1
2	1	8.1515 1	87.1173 1
2	1	8.1949 1	87.1844 1
2	1	8.1440 1	87.2487 1
2	1	8.1052 1	87.81 1
2	1	8.1378 1	87.43 1
22	120	8.1062 0.997 8.132 0.157 8.1392 0.061 8.1895 0.136 8.445 1 8.462 0.901 8.538 0.901 8.631 0.927 8.648 0.927 8.708 0.089 8.778 0.901 8.900 0.856	87.1127 0.791 87.151 0.172 87.1608 0.667 87.1672 0.784 87.2198 0.074 87.2247 0.105 87.2514 0.808 87.2552 1 87.2617 0.875 87.444 0.107
2	1	8.1294 1	87.464 1
2	1	8.1835 1	87.833 1
2	1	8.2379 1	87.2746 1
31	150	8.1307 0.931 8.1995 0.966 8.2304 0.948 8.2550 0.989 8.613 0.966 8.978 1	87.1262 0.653 87.1524 0.337 87.1680 0.366 87.1800 0.735 87.1905 0.648 87.1932 0.653 87.2106 0.539 87.2152 0.653 87.2256 0.772 87.2507 0.653 87.266 0.331 87.2786 0.653 87.333 0.331 87.403 0.331 87.453 0.331 87.546 0.587 87.58 0.331 87.610 1 87.706 0.653 87.719 0.772 87.746 0.653 87.8 0.331 87.859 0.331 87.912 0.331 87.93 0.331
2	1	8.1368 1	87.28 1
2	1	8.2155 1	87.683 1
2	1	8.871 1	87.2583 1
2	1	8.2473 1	87.2363 1
4	3	8.1314 1 8.603 0.051 8.98 0.362	87.1008 1
2	1	8.1567 1	87.2465 1
2	1	8.1780 1	87.1762 1
2	1	8.1365 1	87.23 1
13	12	8.1110 0.721 8.1637 1 8.174 0.985 8.1989 0.979 8.227 0.074 8.342 0.718 8.435 0.926 8.592 0.979 8.673 0.979 8.697 0.979 8.727 0.979 8.746 0.979	87.2630 1
2	1	8.1260 1	87.596 1
3	2	8.2165 1 8.2182 0.964	87.1493 1
2	1	8.1503 1	87.651 1
2	1	8.267 1	87.793 1
2	1	8.1565 1	87.2470 1
2	1	8.1857 1	87.1500 1
2	1	8.2292 1	87.2286 1
2	1	8.240 1	87.91 1
2	1	8.1906 1	87.1403 1
45	476	8.363 1 8.1623 1 8.1129 1 8.554 0.794 8.2120 0.784 8.858 0.772 8.186 0.766 8.2142 0.713 8.34 0.700 8.788 0.638 8.419 0.583 8.808 0.368 8.683 0.352 8.417 0.319 8.1128 0.270 8.162 0.180 8.576 0.083	87.2172 1 87.2639 1 87.1306 1 87.1428 0.678 87.822 0.676 87.1352 0.658 87.847 0.657 87.1810 0.652 87.717 0.648 87.548 0.587 87.2549 0.583 87.2435 0.560 87.430 0.477 87.127 0.372 87.183 0.372 87.191 0.372 87.208 0.372 87.344 0.372 87.348 0.372 87.356 0.372 87.366 0.372 87.390 0.372 87.402 0.372 87.458 0.372 87.520 0.372 87.578 0.372 87.88 0.372 87.1313 0.051
2	1	8.2445 1	87.1793 1
2	1	8.2160 1	87.214 1
2	1	8.274 1	87.540 1
2	1	8.1541 1	87.2444 1
2	1	8.2029 1	87.2398 1
2	1	8.1663 1	87.1188 1
2	1	8.1870 1	87.2051 1
2	1	8.2449 1	87.1821 1
2	1	8.2003 1	87.602 1
2	1	8.1875 1	87.811 1
2	1	8.1957 1	87.878 1
2	1	8.1295 1	87.465 1
4	3	8.15 1 8.2577 0.237 8.508 0.130	87.2773 1
2	1	8.2359 1	87.320 1
2	1	8.1263 1	87.291 1
2	1	8.1547 1	87.2450 1
18	45	8.1135 0.080 8.158 1 8.1618 0.112 8.1975 0.182 8.2123 0.154 8.2125 0.073 8.2145 0.950 8.316 0.123 8.38 0.687 8.413 0.146 8.551 0.845 8.680 0.992 8.739 0.992 8.791 0.949 8.861 0.991	87.1302 0.050 87.1304 0.089 87.2641 1
3	2	8.1584 1	87.1520 1 87.2157 0.783
2	1	8.1589 1	87.1552 1
2	1	8.262 1	87.2399 1
2	1	8.1498 1	87.656 1
2	1	8.2400 1	87.2384 1
3	2	8.1578 1 8.2106 0.186	87.327 1
2	1	8.1521 1	87.1697 1
2	1	8.2268 1	87.1077 1
2	1	8.1075 1	87.678 1
2	1	8.1408 1	87.351 1
3	2	8.1773 1 8.1427 0.765	87.794 1
2	1	8.1407 1	87.352 1
2	1	8.300 1	87.1155 1
2	1	8.1542 1	87.2445 1
2	1	8.2317 1	87.1362 1
2	1	8.1778 1	87.1528 1
2	1	8.926 1	87.2442 1
2	1	8.1843 1	87.1867 1
2	1	8.1299 1	87.486 1
2	1	8.1553 1	87.2456 1
4	3	8.1800 1 8.1831 0.126 8.1832 0.147	87.9 1
2	1	8.2280 1	87.727 1
2	1	8.1592 1	87.1554 1
2	1	8.1841 1	87.2333 1
2	1	8.301 1	87.1156 1
2	1	8.1872 1	87.2732 1
2	1	8.1257 1	87.532 1
2	1	8.1556 1	87.2459 1
2	1	8.478 1	87.1637 1
2	1	8.1383 1	87.48 1
2	1	8.1380 1	87.45 1
2	1	8.2446 1	87.1792 1
2	1	8.526 1	87.2757 1
2	1	8.930 1	87.2705 1
17	30	8.1130 0.079 8.1133 0.119 8.161 0.294 8.1622 0.954 8.185 0.975 8.2121 0.924 8.2143 0.836 8.36 1 8.362 0.947 8.416 0.205 8.553 0.969 8.574 0.558 8.682 0.969 8.789 0.917 8.859 0.948	87.1305 1 87.2640 0.449
2	1	8.1452 1	87.13 1
2	1	8.284 1	87.595 1
3	2	8.147 1	87.2355 1 87.2360 1
2	1	8.1242 1	87.529 1
4	3	8.146 1	87.2356 1 87.2361 1 87.2685 0.485
2	1	8.302 1	87.1157 1
2	1	8.1076 1	87.677 1
3	2	8.2113 0.090 8.212 1	87.1169 1
2	1	8.2298 1	87.334 1
2	1	8.2289 1	87.1503 1
15	36	8.1655 0.979 8.1722 1 8.2111 0.979	87.1211 0.467 87.138 0.173 87.1618 0.736 87.2163 0.801 87.2187 0.083 87.2274 1 87.2482 0.512 87.2521 0.926 87.258 0.145 87.2605 1 87.583 0.094 87.964 0.109
2	1	8.1288 1	87.2744 1
2	1	8.1496 1	87.658 1
2	1	8.299 1	87.1154 1
27	50	8.1196 0.954 8.1198 0.954 8.1310 0.954 8.1390 1 8.1455 0.954 8.1475 0.954 8.1538 0.954 8.1693 0.954 8.1796 0.954 8.1817 0.954 8.1882 0.954 8.2058 0.954 8.2085 0.954 8.2296 1 8.243 0.954 8.331 0.954 8.372 0.954 8.52 0.954 8.786 0.954 8.803 0.954 8.810 0.954 8.906 0.954 8.907 0.954 8.979 0.954 8.983 0.954	87.1546 1 87.2781 1
2	1	8.109 1	87.2057 1
2	1	8.1942 1	87.1874 1
2	1	8.1451 1	87.12 1
4	4	8.1192 1 8.1193 0.900	87.313 1 87.262 0.950
2	1	8.1519 1	87.1695 1
2	1	8.514 1	87.89 1
2	1	8.1005 1	87.829 1
2	1	8.1079 1	87.674 1
2	1	8.1719 1	87.813 1
2	1	8.1561 1	87.2464 1
2	1	8.1548 1	87.2451 1
2	1	8.929 1	87.2704 1
2	1	8.932 1	87.2499 1
3	2	8.1007 1 8.1596 0.756	87.50 1
3	2	8.2172 1 8.2187 0.992	87.1374 1
2	1	8.1293 1	87.462 1
3	2	8.2166 0.994 8.2183 1	87.1492 1
2	1	8.1776 1	87.1529 1
2	1	8.2209 1	87.637 1
2	1	8.2357 1	87.319 1
2	1	8.1382 1	87.47 1
2	1	8.305 1	87.646 1
3	2	8.1739 1 8.2472 0.291	87.117 1
3	2	8.1282 1 8.2081 0.641	87.2713 1
2	1	8.2079 1	87.714 1
2	1	8.1469 1	87.1375 1
2	1	8.1551 1	87.2454 1
2	1	8.1839 1	87.2335 1
2	1	8.1964 1	87.798 1
2	1	8.1462 1	87.1376 1
22	121	8.1065 1 8.135 0.952 8.2424 0.948 8.448 0.987 8.465 0.946 8.541 0.946 8.634 0.954 8.651 0.954 8.704 0.946 8.775 0.946 8.896 0.102	87.1124 0.961 87.1219 0.326 87.1613 0.723 87.1990 0.979 87.2101 1 87.2195 0.950 87.2237 0.277 87.242 0.317 87.2516 0.965 87.2557 0.974 87.2612 0.950
4	3	8.1421 0.111 8.2225 1 8.51 0.091	87.2779 1
5	6	8.1405 1 8.1708 0.387 8.2326 0.142	87.354 1 87.355 0.058
2	1	8.1850 1	87.1499 1
7	6	8.1911 1	87.2016 0.149 87.2227 0.160 87.2490 0.533 87.2723 0.167 87.294 0.214 87.417 1
2	1	8.1950 1	87.1843 1
2	1	8.2281 1	87.726 1
2	1	8.1433 1	87.1011 1
2	1	8.2504 1	87.774 1
2	1	8.1890 1	87.22 1
2	1	8.1710 1	87.1431 1
19	34	8.1118 0.271 8.1627 0.272 8.1629 0.052 8.167 1 8.1982 0.916 8.29 0.411 8.335 0.798 8.424 0.066 8.425 0.204 8.561 0.091 8.584 0.651 8.664 0.058 8.690 0.916 8.734 0.916 8.753 0.916 8.797 0.653 8.850 0.200	87.2648 0.893 87.735 1
2	1	8.1564 1	87.2469 1
2	1	8.1304 1	87.104 1
2	1	8.1689 1	87.1026 1
2	1	8.1704 1	87.1730 1
2	1	8.1840 1	87.2334 1
2	1	8.1545 1	87.2448 1
3	2	8.1159 1 8.1220 1	87.493 1
2	1	8.884 1	87.51 1
2	1	8.2236 1	87.616 1
2	1	8.1000 1	87.1489 1
3	2	8.1155 1 8.1216 1	87.1417 1
2	1	8.1373 1	87.32 1
2	1	8.1660 1	87.1050 1
4	3	8.2176 0.972 8.2191 1 8.119 0.883	87.993 1
2	1	8.1702 1	87.1732 1
2	1	8.351 1	87.713 1
2	1	8.89 1	87.1816 1
2	1	8.1271 1	87.2581 1
2	1	8.1713 1	87.1682 1
2	1	8.2080 1	87.712 1
7	10	8.1359 0.452 8.1360 0.078 8.1363 1 8.1364 0.456 8.1869 0.838	87.1328 0.088 87.99 1
2	1	8.272 1	87.1717 1
2	1	8.1268 1	87.2706 1
2	1	8.273 1	87.1722 1
2	1	8.1787 1	87.1772 1
2	1	8.1720 1	87.2052 1
2	1	8.2352 1	87.314 1
2	1	8.1961 1	87.2339 1
2	1	8.1686 1	87.618 1
2	1	8.1557 1	87.2460 1
2	1	8.1510 1	87.2596 1
2	1	8.1546 1	87.2449 1
2	1	8.1563 1	87.2468 1
2	1	8.1593 1	87.1556 1
2	1	8.1809 1	87.188 1
2	1	8.2380 1	87.2745 1
2	1	8.2416 1	87.2392 1
2	1	8.2417 1	87.2393 1
3	2	8.1518 1 8.1506 0.882	87.2259 1
2	1	8.1501 1	87.653 1
3	2	8.2228 0.831 8.57 1	87.1006 1
2	1	8.1774 1	87.1530 1
2	1	8.2369 1	87.2316 1
2	1	8.1818 1	87.1106 1
2	1	8.1559 1	87.2462 1
2	1	8.1837 1	87.831 1
2	1	8.1927 1	87.619 1
2	1	8.1555 1	87.2458 1
2	1	8.2507 1	87.775 1
5	4	8.1313 0.171 8.1998 0.629 8.2548 0.064 8.977 1	87.2403 1
2	1	8.1836 1	87.832 1
2	1	8.2259 1	87.1761 1
2	1	8.2360 1	87.1079 1
2	1	8.933 1	87.2498 1
2	1	8.1262 1	87.2472 1
2	1	8.2336 1	87.1058 1
2	1	8.1807 1	87.190 1
3	2	8.1842 1 8.2107 0.110	87.131 1
2	1	8.1590 1	87.1553 1
2	1	8.1571 1	87.968 1
2	1	8.957 1	87.2143 1
4	3	8.1532 0.351 8.2523 1 8.61 0.673	87.572 1
3	2	8.1156 1 8.1217 1	87.1416 1
2	1	8.1356 1	87.101 1
37	300	8.1388 1 8.1853 0.174 8.1867 0.968 8.1880 0.903 8.1918 1 8.2011 0.903 8.2073 0.903 8.2097 1 8.2386 0.968 8.2395 0.919 8.281 0.952 8.914 0.984	87.1070 0.433 87.1268 0.433 87.129 0.433 87.1294 0.433 87.1343 0.433 87.1372 0.433 87.1429 0.433 87.145 0.433 87.1453 0.433 87.1526 0.433 87.1583 0.433 87.1801 1 87.213 0.433 87.230 0.433 87.260 0.433 87.274 0.433 87.288 0.433 87.384 0.433 87.41 0.433 87.460 0.433 87.585 0.433 87.589 0.433 87.761 0.433 87.764 0.433 87.989 0.433
2	1	8.1552 1	87.2455 1
2	1	8.1570 1	87.969 1
2	1	8.1683 1	87.569 1
2	1	8.2518 1	87.789 1
2	1	8.2337 1	87.1336 1
2	1	8.269 1	87.1176 1
2	1	8.2257 1	87.1760 1
2	1	8.1711 1	87.1683 1
2	1	8.1543 1	87.2446 1
2	1	8.1495 1	87.2183 1
2	1	8.1472 1	87.1875 1
4	3	8.2201 1 8.1507 0.919 8.2519 0.953	87.805 1
41	400	8.1034 0.105 8.1208 0.285 8.156 0.978 8.1616 0.582 8.1973 0.562 8.2350 0.073 8.319 0.689 8.389 1 8.41 0.976 8.678 0.976 8.716 0.562 8.741 0.976 8.811 0.122 8.812 0.121 8.865 0.966 8.96 0.970	87.1074 0.984 87.1272 0.979 87.1486 1 87.1742 0.984 87.1778 0.961 87.18 0.912 87.1941 0.979 87.2145 0.984 87.2213 0.928 87.2353 0.975 87.2401 0.981 87.2559 0.977 87.2695 0.975 87.2741 0.988 87.292 0.977 87.316 0.979 87.328 0.984 87.350 0.984 87.518 0.979 87.621 0.981 87.644 0.988 87.66 0.984 87.685 0.937 87.835 0.977 87.992 0.988
3	2	8.1047 1	87.133 1 87.2108 0.280
2	1	8.1478 1	87.368 1
2	1	8.1718 1	87.620 1
2	1	8.1956 1	87.877 1
18	32	8.1117 0.992 8.1631 0.262 8.168 0.856 8.1983 0.819 8.2131 0.244 8.336 0.996 8.428 0.826 8.562 0.698 8.586 0.815 8.667 0.815 8.691 0.819 8.733 0.819 8.752 0.819 8.796 1 8.849 0.992 8.866 0.060	87.1289 0.106 87.2645 1
2	1	8.916 1	87.854 1
2	1	8.1566 1	87.2471 1
2	1	8.2332 1	87.1240 1
37	312	8.2422 1 8.337 1 8.1063 0.992 8.446 0.992 8.133 0.986 8.1116 0.595 8.1984 0.579 8.587 0.579 8.668 0.579 8.692 0.579 8.732 0.579 8.751 0.579 8.429 0.577 8.1632 0.576 8.169 0.574 8.848 0.466 8.463 0.209 8.539 0.209 8.706 0.209 8.777 0.209 8.899 0.209 8.795 0.195 8.632 0.192 8.649 0.192	87.1609 1 87.2642 1 87.2197 0.758 87.1992 0.756 87.2553 0.729 87.2515 0.655 87.239 0.319 87.1126 0.275 87.149 0.152 87.2104 0.148 87.2614 0.094 87.2616 0.077 87.150 0.053
2	1	8.2517 1	87.517 1
2	1	8.390 1	87.816 1
2	1	8.1697 1	87.1791 1
2	1	8.1270 1	87.2582 1
2	1	8.2234 1	87.614 1
2	1	8.1948 1	87.1845 1
2	1	8.2411 1	87.1334 1
2	1	8.1558 1	87.2461 1
22	117	8.1058 0.820 8.125 0.820 8.1396 0.725 8.1899 0.820 8.441 0.803 8.458 1 8.534 1 8.626 0.207 8.644 0.725 8.712 1 8.782 1 8.830 0.284 8.904 0.143	87.1111 0.628 87.1140 1 87.1592 0.618 87.164 0.121 87.2300 0.609 87.2541 0.614 87.2656 0.980 87.425 0.594 87.71 0.618
2	1	8.1516 1	87.1174 1
2	1	8.1657 1	87.1054 1
2	1	8.1055 1	87.179 1
2	1	8.1457 1	87.1751 1
2	1	8.1705 1	87.1159 1
2	1	8.1500 1	87.654 1
2	1	8.1540 1	87.2443 1
2	1	8.1146 1	87.136 1
2	1	8.2274 1	87.187 1
2	1	8.1554 1	87.2457 1
2	1	8.1586 1	87.1549 1
2	1	8.1966 1	87.796 1
2	1	8.1904 1	87.1405 1
2	1	8.2279 1	87.1723 1
2	1	8.79 1	87.1540 1
3	2	8.1157 1 8.1218 1	87.1407 1
6	5	8.19 1 8.2590 0.645 8.2612 0.822 8.4 1 8.501 0.878	87.172 1
2	1	8.964 1	87.2139 1
2	1	8.1499 1	87.655 1
2	1	8.2313 1	87.275 1
2	1	8.263 1	87.1779 1
2	1	8.1550 1	87.2453 1
2	1	8.2202 1	87.2258 1
2	1	8.1381 1	87.46 1
3	2	8.2154 1	87.1781 1 87.687 0.052
2	1	8.1703 1	87.1731 1
2	1	8.2287 1	87.54 1
2	1	8.2269 1	87.1823 1
2	1	8.1048 1	87.134 1
3	2	8.833 1	87.1545 1 87.2782 1
2	1	8.991 1	87.998 1
3	2	8.83 1	87.2055 1 87.2742 1
2	1	8.2500 1	87.772 1
2	1	8.2443 1	87.881 1
2	1	8.2198 1	87.882 1
2	1	8.2361 1	87.1084 1
2	1	8.990 1	87.1861 1
2	1	8.1808 1	87.189 1
2	1	8.298 1	87.1153 1
2	1	8.1494 1	87.506 1
2	1	8.2208 1	87.617 1
2	1	8.2235 1	87.615 1
2	1	8.886 1	87.361 1
2	1	8.2158 1	87.216 1
2	1	8.1505 1	87.649 1
2	1	8.955 1	87.2144 1
2	1	8.2401 1	87.2059 1
2	1	8.1508 1	87.2591 1
3	2	8.2163 1 8.2180 1	87.635 1
2	1	8.2442 1	87.1322 1
2	1	8.297 1	87.1055 1
11	24	8.1069 1 8.1430 1 8.817 0.841 8.2452 0.559 8.453 0.556 8.1884 0.553 8.2226 0.547 8.55 0.536	87.2109 1 87.2161 1 87.2766 0.965
2	1	8.1459 1	87.1239 1
2	1	8.1046 1	87.132 1
2	1	8.120 1	87.1408 1
3	2	8.1158 1 8.1219 1	87.1406 1
2	1	8.1514 1	87.1172 1
2	1	8.2365 1	87.1787 1
4	3	8.2578 0.177 8.2633 0.177 8.507 1	87.2772 1
5	4	8.993 1	87.996 1 87.10 1 87.2751 0.885 87.2793 0.860
3	2	8.479 1	87.1146 0.980 87.2124 1
2	1	8.1369 1	87.29 1
2	1	8.1625 1	87.2176 1
3	2	8.1054 1 8.2205 0.118	87.16 1
22	120	8.1059 0.917 8.126 0.265 8.1898 0.712 8.442 0.917 8.459 1 8.535 1 8.627 0.094 8.645 0.865 8.711 1 8.781 1 8.828 0.330 8.903 0.891	87.1112 0.966 87.1593 0.842 87.163 0.938 87.2011 0.973 87.2207 0.966 87.2301 0.993 87.2542 0.918 87.2655 0.918 87.426 0.952 87.70 1
2	1	8.917 1	87.853 1
4	3	8.1126 1 8.188 0.524 8.856 0.713	87.2323 1
2	1	8.1562 1	87.2466 1
2	1	8.2078 1	87.227 1
2	1	8.327 1	87.1537 1
2	1	8.2267 1	87.1539 1
2	1	8.1962 1	87.2338 1
2	1	8.1370 1	87.30 1
2	1	8.1377 1	87.42 1
2	1	8.2387 1	87.2138 1
5	4	8.143 0.080 8.2431 0.092 8.569 0.181 8.99 1	87.1795 1
2	1	8.1004 1	87.828 1
2	1	8.1947 1	87.1478 1
2	1	8.1149 1	87.2703 1
2	1	8.1849 1	87.1866 1
2	1	8.1001 1	87.325 1
2	1	8.2353 1	87.315 1
2	1	8.1074 1	87.679 1
12	11	8.1173 1	87.1128 0.059 87.1187 1 87.154 0.062 87.1671 0.070 87.1996 0.092 87.2200 0.102 87.231 0.094 87.2513 0.064 87.2551 0.104 87.2618 0.070 87.61 0.097
2	1	8.1269 1	87.2707 1
2	1	8.2419 1	87.2394 1
2	1	8.2282 1	87.1815 1
2	1	8.1292 0.853	87.2165 0.853
