Size	Relations	OrthoA	OrthoB
2	1	33.64 1	63.57 1
2	1	33.63 1	63.56 1
2	1	33.859 1	63.707 1
2	1	33.1046 1	63.85 1
2	1	33.773 1	63.974 1
2	1	33.67 1	63.966 1
2	1	33.190 1	63.168 1
2	1	33.466 1	63.372 1
2	1	33.442 1	63.524 1
2	1	33.737 1	63.731 1
2	1	33.1052 1	63.83 1
2	1	33.771 1	63.207 1
2	1	33.538 1	63.944 1
2	1	33.592 1	63.467 1
2	1	33.594 1	63.469 1
2	1	33.166 1	63.351 1
2	1	33.1059 1	63.84 1
2	1	33.914 1	63.831 1
2	1	33.1020 1	63.804 1
2	1	33.3 1	63.3 1
2	1	33.670 1	63.436 1
2	1	33.1006 1	63.382 1
2	1	33.1080 1	63.166 1
2	1	33.584 1	63.492 1
2	1	33.101 1	63.66 1
2	1	33.103 1	63.68 1
2	1	33.4 1	63.4 1
2	1	33.1127 1	63.127 1
2	1	33.200 1	63.1002 1
2	1	33.1147 1	63.782 1
2	1	33.13 1	63.13 1
2	1	33.1217 1	63.844 1
3	2	33.169 1	63.355 1 63.581 0.755
2	1	33.516 1	63.447 1
2	1	33.265 1	63.258 1
2	1	33.1207 1	63.529 1
2	1	33.837 1	63.80 1
2	1	33.958 1	63.219 1
2	1	33.973 1	63.845 1
2	1	33.1113 1	63.137 1
2	1	33.924 1	63.196 1
2	1	33.725 1	63.225 1
2	1	33.68 1	63.965 1
2	1	33.1000 1	63.103 1
2	1	33.229 1	63.992 1
2	1	33.30 1	63.18 1
2	1	33.1100 1	63.201 1
2	1	33.908 1	63.240 1
2	1	33.582 1	63.460 1
2	1	33.1158 1	63.177 1
2	1	33.724 1	63.234 1
2	1	33.854 1	63.695 1
2	1	33.1239 1	63.886 1
2	1	33.334 1	63.187 1
2	1	33.313 1	63.129 1
2	1	33.446 1	63.767 1
2	1	33.852 1	63.693 1
2	1	33.775 1	63.976 1
3	2	33.1227 1 33.1225 0.737	63.1016 1
2	1	33.304 1	63.920 1
2	1	33.262 1	63.774 1
2	1	33.327 1	63.118 1
2	1	33.1021 1	63.887 1
2	1	33.59 1	63.552 1
2	1	33.339 1	63.554 1
2	1	33.376 1	63.305 1
2	1	33.264 1	63.255 1
2	1	33.1164 1	63.174 1
2	1	33.226 1	63.995 1
2	1	33.493 1	63.344 1
2	1	33.199 1	63.1003 1
2	1	33.1170 1	63.592 1
4	3	33.1228 1	63.1017 1 63.300 0.741 63.1019 0.720
2	1	33.867 1	63.324 1
2	1	33.1110 1	63.140 1
2	1	33.1055 1	63.838 1
2	1	33.1015 1	63.330 1
2	1	33.319 1	63.121 1
2	1	33.983 1	63.814 1
2	1	33.664 1	63.288 1
2	1	33.157 1	63.953 1
2	1	33.242 1	63.1005 1
2	1	33.787 1	63.182 1
5	6	33.698 1 33.1054 1	63.333 1 63.678 1 63.322 0.101
2	1	33.802 1	63.541 1
2	1	33.1018 1	63.802 1
2	1	33.683 1	63.1009 1
2	1	33.336 1	63.557 1
2	1	33.135 1	63.156 1
2	1	33.337 1	63.556 1
2	1	33.1221 1	63.1013 1
2	1	33.113 1	63.100 1
2	1	33.685 1	63.358 1
2	1	33.213 1	63.997 1
2	1	33.741 1	63.756 1
2	1	33.898 1	63.275 1
2	1	33.288 1	63.936 1
2	1	33.962 1	63.251 1
2	1	33.131 1	63.793 1
2	1	33.241 1	63.1006 1
2	1	33.354 1	63.430 1
2	1	33.820 1	63.428 1
2	1	33.999 1	63.821 1
2	1	33.581 1	63.459 1
2	1	33.50 1	63.983 1
2	1	33.1086 1	63.873 1
2	1	33.1107 1	63.142 1
2	1	33.25 1	63.15 1
3	2	33.1211 1	63.991 1 63.662 0.906
2	1	33.807 1	63.373 1
2	1	33.1111 1	63.139 1
2	1	33.456 1	63.718 1
4	3	33.156 1	63.955 1 63.958 0.233 63.959 0.184
2	1	33.271 1	63.911 1
2	1	33.1160 1	63.472 1
2	1	33.1064 1	63.1008 1
2	1	33.726 1	63.223 1
2	1	33.1204 1	63.577 1
2	1	33.970 1	63.891 1
4	3	33.165 1	63.946 1 63.44 0.793 63.532 0.795
2	1	33.280 1	63.25 1
2	1	33.201 1	63.30 1
2	1	33.1036 1	63.840 1
2	1	33.453 1	63.721 1
2	1	33.309 1	63.913 1
2	1	33.5 1	63.5 1
2	1	33.753 1	63.763 1
2	1	33.137 1	63.158 1
2	1	33.684 1	63.470 1
2	1	33.868 1	63.314 1
2	1	33.1230 1	63.1021 1
2	1	33.754 1	63.764 1
2	1	33.1009 1	63.379 1
2	1	33.465 1	63.371 1
2	1	33.272 1	63.910 1
2	1	33.856 1	63.697 1
2	1	33.322 1	63.113 1
2	1	33.1017 1	63.801 1
2	1	33.533 1	63.683 1
2	1	33.933 1	63.870 1
2	1	33.975 1	63.863 1
2	1	33.173 1	63.807 1
2	1	33.167 1	63.352 1
2	1	33.409 1	63.282 1
2	1	33.7 1	63.7 1
2	1	33.1131 1	63.37 1
2	1	33.899 1	63.349 1
2	1	33.124 1	63.798 1
2	1	33.853 1	63.694 1
2	1	33.709 1	63.260 1
2	1	33.1045 1	63.86 1
2	1	33.743 1	63.758 1
2	1	33.1 1	63.1 1
2	1	33.550 1	63.712 1
2	1	33.227 1	63.994 1
2	1	33.377 1	63.306 1
2	1	33.1149 1	63.784 1
2	1	33.1091 1	63.878 1
2	1	33.667 1	63.500 1
2	1	33.291 1	63.933 1
2	1	33.861 1	63.709 1
2	1	33.729 1	63.277 1
2	1	33.781 1	63.403 1
2	1	33.1233 1	63.1023 1
2	1	33.977 1	63.865 1
2	1	33.170 1	63.356 1
2	1	33.338 1	63.555 1
2	1	33.211 1	63.999 1
2	1	33.919 1	63.135 1
2	1	33.1056 1	63.91 1
2	1	33.1151 1	63.786 1
2	1	33.568 1	63.652 1
3	2	33.473 1 33.474 0.075	63.832 1
2	1	33.355 1	63.431 1
2	1	33.909 1	63.823 1
2	1	33.285 1	63.939 1
2	1	33.126 1	63.796 1
2	1	33.549 1	63.508 1
2	1	33.978 1	63.189 1
2	1	33.546 1	63.506 1
2	1	33.950 1	63.474 1
2	1	33.273 1	63.909 1
2	1	33.461 1	63.297 1
2	1	33.1184 1	63.108 1
2	1	33.326 1	63.112 1
2	1	33.75 1	63.888 1
2	1	33.860 1	63.708 1
2	1	33.996 1	63.818 1
2	1	33.335 1	63.558 1
2	1	33.1049 1	63.194 1
2	1	33.839 1	63.82 1
2	1	33.735 1	63.729 1
2	1	33.1058 1	63.89 1
2	1	33.95 1	63.60 1
2	1	33.286 1	63.938 1
2	1	33.656 1	63.418 1
2	1	33.849 1	63.689 1
2	1	33.728 1	63.278 1
2	1	33.788 1	63.181 1
2	1	33.971 1	63.892 1
2	1	33.624 1	63.540 1
2	1	33.1013 1	63.790 1
2	1	33.1031 1	63.340 1
2	1	33.66 1	63.967 1
2	1	33.876 1	63.92 1
2	1	33.879 1	63.901 1
2	1	33.932 1	63.871 1
2	1	33.311 1	63.918 1
2	1	33.494 1	63.345 1
2	1	33.302 1	63.922 1
2	1	33.212 1	63.998 1
2	1	33.9 1	63.9 1
2	1	33.161 1	63.295 1
2	1	33.297 1	63.927 1
2	1	33.930 1	63.312 1
2	1	33.1214 1	63.843 1
2	1	33.998 1	63.820 1
3	2	33.866 1 33.185 0.792	63.283 1
3	2	33.477 1	63.361 1 63.848 0.751
2	1	33.292 1	63.932 1
2	1	33.476 1	63.360 1
2	1	33.949 1	63.475 1
2	1	33.65 1	63.968 1
2	1	33.679 1	63.362 1
3	2	33.1094 1	63.318 0.165 63.880 1
2	1	33.920 1	63.134 1
2	1	33.80 1	63.203 1
2	1	33.520 1	63.510 1
2	1	33.2 1	63.2 1
2	1	33.997 1	63.819 1
2	1	33.459 1	63.292 1
2	1	33.567 1	63.651 1
2	1	33.658 1	63.489 1
2	1	33.61 1	63.550 1
2	1	33.1229 1	63.1020 1
2	1	33.774 1	63.975 1
2	1	33.136 1	63.157 1
2	1	33.73 1	63.458 1
2	1	33.1180 1	63.29 1
2	1	33.300 1	63.924 1
2	1	33.1028 1	63.328 1
2	1	33.1219 1	63.1011 1
2	1	33.31 1	63.19 1
2	1	33.48 1	63.984 1
2	1	33.102 1	63.67 1
2	1	33.1051 1	63.93 1
2	1	33.27 1	63.811 1
2	1	33.957 1	63.222 1
2	1	33.20 1	63.14 1
2	1	33.455 1	63.719 1
2	1	33.60 1	63.551 1
2	1	33.1115 1	63.132 1
2	1	33.11 1	63.11 1
2	1	33.174 1	63.806 1
2	1	33.690 1	63.427 1
2	1	33.786 1	63.390 1
2	1	33.659 1	63.488 1
2	1	33.953 1	63.388 1
2	1	33.579 1	63.449 1
3	2	33.492 1	63.1001 0.214 63.183 1
2	1	33.1165 1	63.903 1
2	1	33.851 1	63.692 1
2	1	33.295 1	63.929 1
2	1	33.308 1	63.914 1
2	1	33.1157 1	63.178 1
2	1	33.712 1	63.246 1
2	1	33.870 1	63.276 1
2	1	33.206 1	63.34 1
2	1	33.1132 1	63.36 1
2	1	33.995 1	63.817 1
2	1	33.912 1	63.826 1
2	1	33.732 1	63.724 1
2	1	33.457 1	63.290 1
2	1	33.669 1	63.438 1
2	1	33.1095 1	63.881 1
2	1	33.900 1	63.348 1
2	1	33.910 1	63.824 1
2	1	33.305 1	63.919 1
2	1	33.911 1	63.825 1
2	1	33.97 1	63.62 1
3	2	33.590 1 33.864 0.093	63.495 1
6	5	33.132 1	63.154 1 63.195 0.875 63.370 0.772 63.574 0.889 63.684 1
2	1	33.244 1	63.270 1
2	1	33.72 1	63.115 1
2	1	33.47 1	63.985 1
2	1	33.733 1	63.727 1
2	1	33.1108 1	63.141 1
2	1	33.375 1	63.304 1
2	1	33.969 1	63.531 1
2	1	33.865 1	63.284 1
2	1	33.758 1	63.210 1
2	1	33.862 1	63.710 1
2	1	33.515 1	63.441 1
2	1	33.143 1	63.519 1
2	1	33.192 1	63.252 1
2	1	33.307 1	63.915 1
2	1	33.1027 1	63.329 1
2	1	33.1183 1	63.110 1
2	1	33.299 1	63.925 1
2	1	33.303 1	63.921 1
2	1	33.672 1	63.262 1
2	1	33.886 1	63.533 1
2	1	33.1068 1	63.59 1
3	2	33.202 1	63.334 0.310 63.792 1
2	1	33.310 1	63.912 1
2	1	33.46 1	63.986 1
2	1	33.133 1	63.601 1
2	1	33.458 1	63.291 1
2	1	33.210 1	63.1000 1
2	1	33.660 1	63.674 1
2	1	33.916 1	63.199 1
2	1	33.114 1	63.101 1
2	1	33.12 1	63.12 1
3	2	33.37 1	63.868 0.157 63.957 1
2	1	33.1181 1	63.28 1
2	1	33.506 1	63.378 1
5	6	33.179 1 33.108 0.903	63.152 1 63.450 0.784 63.41 0.903
2	1	33.274 1	63.908 1
2	1	33.809 1	63.104 1
2	1	33.1166 1	63.904 1
2	1	33.243 1	63.1007 1
2	1	33.290 1	63.934 1
2	1	33.863 1	63.711 1
2	1	33.887 1	63.768 1
2	1	33.58 1	63.549 1
2	1	33.289 1	63.935 1
2	1	33.1114 1	63.136 1
2	1	33.284 1	63.940 1
2	1	33.1194 1	63.46 1
2	1	33.460 1	63.293 1
2	1	33.204 1	63.31 1
2	1	33.1016 1	63.800 1
2	1	33.429 1	63.274 1
2	1	33.793 1	63.241 1
2	1	33.972 1	63.855 1
2	1	33.976 1	63.864 1
2	1	33.317 1	63.119 1
2	1	33.918 1	63.197 1
2	1	33.710 1	63.248 1
2	1	33.1030 1	63.341 1
2	1	33.115 1	63.726 1
2	1	33.1150 1	63.785 1
2	1	33.742 1	63.757 1
2	1	33.838 1	63.79 1
3	2	33.69 1	63.268 1 63.269 0.085
2	1	33.152 1	63.442 1
2	1	33.279 1	63.24 1
2	1	33.1193 1	63.47 1
2	1	33.51 1	63.982 1
2	1	33.888 1	63.769 1
2	1	33.301 1	63.923 1
2	1	33.782 1	63.898 1
2	1	33.796 1	63.702 1
2	1	33.1154 1	63.789 1
2	1	33.1034 1	63.337 1
2	1	33.1088 1	63.875 1
2	1	33.1101 1	63.200 1
3	2	33.644 1 33.766 0.066	63.808 1
2	1	33.979 1	63.188 1
2	1	33.850 1	63.691 1
2	1	33.1042 1	63.841 1
2	1	33.836 1	63.81 1
2	1	33.1220 1	63.1012 1
2	1	33.153 1	63.443 1
2	1	33.795 1	63.701 1
2	1	33.514 1	63.440 1
4	3	33.1002 0.126 33.1079 0.183 33.1206 1	63.733 1
2	1	33.454 1	63.720 1
2	1	33.534 1	63.682 1
3	2	33.404 1 33.847 0.172	63.890 1
3	2	33.439 1	63.580 1 63.583 0.677
2	1	33.356 1	63.770 1
2	1	33.1153 1	63.788 1
2	1	33.1087 1	63.874 1
2	1	33.168 1	63.353 1
2	1	33.539 1	63.221 1
2	1	33.33 1	63.21 1
2	1	33.1019 1	63.803 1
2	1	33.282 1	63.327 1
2	1	33.1043 1	63.842 1
2	1	33.1044 1	63.87 1
2	1	33.1139 1	63.672 1
2	1	33.1162 1	63.176 1
2	1	33.296 1	63.928 1
2	1	33.691 1	63.425 1
2	1	33.261 1	63.775 1
2	1	33.734 1	63.728 1
2	1	33.45 1	63.987 1
2	1	33.228 1	63.993 1
2	1	33.294 1	63.930 1
2	1	33.298 1	63.926 1
2	1	33.509 1	63.294 1
2	1	33.99 1	63.64 1
2	1	33.1148 1	63.783 1
2	1	33.287 1	63.937 1
2	1	33.427 1	63.272 1
2	1	33.947 1	63.307 1
2	1	33.34 1	63.22 1
2	1	33.475 1	63.359 1
2	1	33.464 1	63.342 1
2	1	33.10 1	63.10 1
2	1	33.263 1	63.893 1
2	1	33.840 1	63.78 1
2	1	33.324 1	63.114 1
2	1	33.432 1	63.565 1
2	1	33.321 1	63.122 1
2	1	33.744 1	63.759 1
2	1	33.797 1	63.703 1
2	1	33.449 1	63.947 1
2	1	33.589 1	63.493 1
2	1	33.1152 1	63.787 1
2	1	33.35 1	63.23 1
2	1	33.306 1	63.917 1
2	1	33.112 1	63.99 1
2	1	33.653 1	63.544 1
2	1	33.1025 1	63.332 1
2	1	33.917 1	63.198 1
2	1	33.32 1	63.20 1
2	1	33.180 1	63.153 1
2	1	33.144 1	63.518 1
2	1	33.91 1	63.236 1
2	1	33.994 1	63.816 1
4	4	33.1200 0.176 33.196 1	63.376 1 63.670 0.542
2	1	33.792 1	63.383 1
2	1	33.745 1	63.761 1
2	1	33.772 1	63.409 1
2	1	33.100 1	63.65 1
3	2	33.1191 1 33.412 0.071	63.165 1
2	1	33.55 1	63.979 1
2	1	33.780 1	63.404 1
2	1	33.1096 1	63.882 1
2	1	33.794 1	63.117 1
2	1	33.954 1	63.514 1
2	1	33.1050 1	63.95 1
2	1	33.692 1	63.424 1
2	1	33.746 1	63.762 1
2	1	33.127 1	63.794 1
2	1	33.214 1	63.996 1
2	1	33.736 1	63.730 1
2	1	33.1008 1	63.380 1
3	2	33.481 1	63.456 1 63.661 0.155
2	1	33.52 1	63.981 1
2	1	33.1012 1	63.567 1
2	1	33.1190 1	63.494 1
2	1	33.145 1	63.520 1
2	1	33.946 1	63.308 1
2	1	33.123 1	63.43 1
2	1	33.314 1	63.130 1
2	1	33.53 1	63.980 1
2	1	33.1022 1	63.1004 1
2	1	33.29 1	63.17 1
2	1	33.505 1	63.377 1
2	1	33.931 1	63.311 1
2	1	33.1097 1	63.883 1
2	1	33.478 1	63.448 1
2	1	33.1065 1	63.776 1
3	2	33.661 1	63.734 0.095 63.735 1
2	1	33.711 1	63.247 1
2	1	33.1071 1	63.517 1
2	1	33.696 1	63.834 1
2	1	33.318 1	63.120 1
2	1	33.8 1	63.8 1
2	1	33.939 1	63.961 1
2	1	33.1092 1	63.879 1
2	1	33.545 1	63.504 1
2	1	33.1007 1	63.381 1
2	1	33.428 1	63.273 1
2	1	33.293 1	63.931 1
2	1	33.902 1	63.287 1
2	1	33.98 1	63.63 1
3	2	33.487 1	63.457 1 63.659 0.142
2	1	33.639 1	63.511 1
2	1	33.527 1	63.417 1
2	1	33.1182 1	63.77 1
2	1	33.597 1	63.713 1
2	1	33.6 1	63.6 1
2	1	33.921 1	63.133 1
2	1	33.945 1	63.310 1
2	1	33.993 1	63.813 1
2	1	33.984 1	63.815 1
2	1	33.373 1	63.302 1
2	1	33.83 1	63.226 1
2	1	33.731 1	63.722 1
2	1	33.637 1	63.296 1
3	2	33.198 1	63.433 0.068 63.675 1
2	1	33.530 1	63.572 1
2	1	33.205 1	63.33 1
3	2	33.44 1	63.179 0.203 63.180 1
2	1	33.1112 1	63.138 1
2	1	33.803 1	63.478 1
2	1	33.121 1	63.595 1
2	1	33.171 1	63.254 1
2	1	33.187 1	63.750 1
2	1	33.125 1	63.797 1
2	1	33.740 1	63.755 1
2	1	33.1032 1	63.339 1
3	2	33.315 1	63.131 0.174 63.941 1
2	1	33.583 1	63.491 1
2	1	33.94 1	63.237 1
2	1	33.463 1	63.298 1
2	1	33.529 1	63.280 1
2	1	33.941 1	63.299 1
2	1	33.142 1	63.649 1
2	1	33.1218 1	63.1010 1
2	1	33.183 1	63.589 1
2	1	33.1163 1	63.175 1
2	1	33.738 1	63.732 1
2	1	33.704 1	63.714 1
2	1	33.513 1	63.439 1
2	1	33.1208 1	63.569 1
2	1	33.693 1	63.423 1
2	1	33.374 1	63.303 1
2	1	33.547 1	63.507 1
3	2	33.705 1	63.604 0.090 63.637 1
4	4	33.694 1 33.779 0.070	63.40 0.204 63.951 1
2	1	33.965 1	63.266 1
2	1	33.468 0.759	63.1014 0.759
2	1	33.104 0.759	63.69 0.759
