Size	Relations	OrthoA	OrthoB
2	1	33.63 1	62.384 1
2	1	33.64 1	62.385 1
2	1	33.859 1	62.1193 1
5	4	33.603 1	62.1732 0.368 62.1836 0.234 62.647 1 62.900 0.145
2	1	33.313 1	62.634 1
2	1	33.1046 1	62.97 1
2	1	33.1164 1	62.1654 1
2	1	33.466 1	62.1111 1
2	1	33.1052 1	62.109 1
2	1	33.973 1	62.2097 1
2	1	33.1020 1	62.1326 1
2	1	33.1217 1	62.352 1
2	1	33.538 1	62.1972 1
2	1	33.67 1	62.388 1
2	1	33.190 1	62.861 1
2	1	33.737 1	62.1013 1
2	1	33.442 1	62.1147 1
2	1	33.594 1	62.1783 1
2	1	33.4 1	62.310 1
2	1	33.265 1	62.371 1
2	1	33.516 1	62.1970 1
2	1	33.175 1	62.1337 1
2	1	33.514 1	62.1968 1
2	1	33.1202 1	62.1707 1
2	1	33.166 1	62.916 1
2	1	33.260 1	62.363 1
2	1	33.592 1	62.1781 1
2	1	33.1059 1	62.125 1
4	3	33.560 1	62.234 0.566 62.779 0.632 62.957 1
2	1	33.3 1	62.309 1
2	1	33.13 1	62.319 1
2	1	33.771 1	62.1060 1
2	1	33.584 1	62.569 1
2	1	33.1158 1	62.1618 1
2	1	33.137 1	62.457 1
2	1	33.914 1	62.1281 1
2	1	33.1080 1	62.925 1
2	1	33.172 1	62.1333 1
2	1	33.670 1	62.1511 1
2	1	33.1000 1	62.2063 1
2	1	33.1113 1	62.2019 1
2	1	33.684 1	62.2130 1
2	1	33.1006 1	62.2044 1
2	1	33.1054 1	62.1377 1
2	1	33.319 1	62.507 1
2	1	33.113 1	62.444 1
2	1	33.1018 1	62.1324 1
2	1	33.264 1	62.370 1
2	1	33.200 1	62.87 1
2	1	33.1015 1	62.1321 1
2	1	33.169 1	62.919 1
2	1	33.157 1	62.921 1
2	1	33.101 1	62.437 1
2	1	33.924 1	62.1286 1
2	1	33.724 1	62.50 1
2	1	33.196 1	62.620 1
2	1	33.1210 1	62.1716 1
2	1	33.908 1	62.1276 1
2	1	33.919 1	62.1384 1
2	1	33.1147 1	62.1629 1
2	1	33.30 1	62.263 1
6	5	33.600 1	62.1729 0.943 62.1833 0.804 62.650 0.835 62.903 0.753 62.991 1
2	1	33.59 1	62.343 1
2	1	33.103 1	62.439 1
2	1	33.753 1	62.1026 1
2	1	33.582 1	62.1568 1
5	4	33.602 1	62.172 0.558 62.1731 0.608 62.1835 1 62.648 0.617
2	1	33.229 1	62.64 1
2	1	33.958 1	62.1401 1
2	1	33.304 1	62.495 1
2	1	33.725 1	62.51 1
2	1	33.334 1	62.1318 1
2	1	33.983 1	62.2076 1
2	1	33.354 1	62.1299 1
2	1	33.1021 1	62.532 1
2	1	33.339 1	62.1313 1
2	1	33.1 1	62.307 1
2	1	33.199 1	62.88 1
2	1	33.476 1	62.1064 1
2	1	33.75 1	62.408 1
2	1	33.60 1	62.344 1
2	1	33.409 1	62.1984 1
2	1	33.853 1	62.1189 1
2	1	33.549 1	62.625 1
2	1	33.854 1	62.1190 1
2	1	33.852 1	62.1188 1
2	1	33.1239 1	62.306 1
2	1	33.226 1	62.67 1
2	1	33.976 1	62.2094 1
2	1	33.7 1	62.313 1
2	1	33.813 1	62.1172 1
2	1	33.398 1	62.1344 1
2	1	33.450 1	62.1141 1
2	1	33.376 1	62.1293 1
2	1	33.46 1	62.231 1
2	1	33.1100 1	62.2027 1
2	1	33.787 1	62.553 1
2	1	33.1207 1	62.1789 1
2	1	33.867 1	62.1223 1
2	1	33.446 1	62.1145 1
2	1	33.355 1	62.1298 1
2	1	33.1163 1	62.1653 1
2	1	33.1107 1	62.2024 1
2	1	33.280 1	62.158 1
2	1	33.1055 1	62.121 1
2	1	33.327 1	62.514 1
2	1	33.241 1	62.63 1
2	1	33.1184 1	62.1663 1
2	1	33.68 1	62.389 1
2	1	33.1110 1	62.2022 1
2	1	33.786 1	62.554 1
2	1	33.568 1	62.668 1
2	1	33.456 1	62.1134 1
2	1	33.1102 1	62.2025 1
2	1	33.156 1	62.922 1
2	1	33.1111 1	62.2021 1
2	1	33.493 1	62.26 1
2	1	33.606 1	62.938 1
2	1	33.1114 1	62.2018 1
2	1	33.1221 1	62.295 1
2	1	33.262 1	62.365 1
2	1	33.581 1	62.1567 1
2	1	33.465 1	62.1115 1
2	1	33.1227 1	62.298 1
2	1	33.1228 1	62.299 1
2	1	33.242 1	62.62 1
2	1	33.820 1	62.1181 1
2	1	33.336 1	62.1316 1
2	1	33.1009 1	62.2041 1
2	1	33.347 1	62.1312 1
2	1	33.741 1	62.1017 1
2	1	33.868 1	62.1222 1
2	1	33.27 1	62.268 1
2	1	33.1233 1	62.303 1
2	1	33.468 1	62.1101 1
2	1	33.1170 1	62.1657 1
2	1	33.131 1	62.452 1
2	1	33.970 1	62.2101 1
2	1	33.664 1	62.1517 1
2	1	33.58 1	62.342 1
2	1	33.1057 1	62.123 1
2	1	33.1153 1	62.1623 1
2	1	33.1230 1	62.301 1
2	1	33.184 1	62.360 1
2	1	33.876 1	62.1238 1
2	1	33.1086 1	62.1918 1
2	1	33.1225 1	62.296 1
2	1	33.5 1	62.311 1
2	1	33.2 1	62.308 1
2	1	33.337 1	62.1315 1
2	1	33.685 1	62.2131 1
2	1	33.683 1	62.101 1
2	1	33.975 1	62.2095 1
2	1	33.213 1	62.69 1
2	1	33.742 1	62.1018 1
2	1	33.1093 1	62.1924 1
2	1	33.135 1	62.455 1
2	1	33.546 1	62.622 1
2	1	33.550 1	62.626 1
2	1	33.227 1	62.66 1
2	1	33.1152 1	62.1624 1
2	1	33.50 1	62.227 1
2	1	33.900 1	62.1272 1
2	1	33.726 1	62.52 1
2	1	33.167 1	62.917 1
2	1	33.669 1	62.1512 1
2	1	33.273 1	62.374 1
2	1	33.1180 1	62.1658 1
2	1	33.902 1	62.1275 1
2	1	33.802 1	62.2155 1
2	1	33.124 1	62.448 1
2	1	33.1064 1	62.142 1
2	1	33.847 1	62.1008 1
2	1	33.860 1	62.1194 1
2	1	33.309 1	62.500 1
2	1	33.962 1	62.1402 1
2	1	33.1036 1	62.91 1
2	1	33.1149 1	62.1627 1
6	5	33.365 1	62.1073 0.720 62.245 0.754 62.329 1 62.767 0.775 62.945 0.824
2	1	33.653 1	62.1584 1
2	1	33.734 1	62.1010 1
2	1	33.1091 1	62.1922 1
2	1	33.144 1	62.149 1
2	1	33.434 1	62.38 1
2	1	33.909 1	62.1277 1
2	1	33.288 1	62.479 1
2	1	33.1162 1	62.1652 1
2	1	33.377 1	62.1292 1
2	1	33.533 1	62.575 1
2	1	33.754 1	62.1027 1
2	1	33.453 1	62.1137 1
2	1	33.609 1	62.936 1
2	1	33.182 1	62.1357 1
2	1	33.25 1	62.321 1
2	1	33.201 1	62.86 1
2	1	33.667 1	62.1514 1
2	1	33.1211 1	62.1717 1
2	1	33.272 1	62.373 1
2	1	33.335 1	62.1317 1
2	1	33.338 1	62.1314 1
2	1	33.61 1	62.345 1
2	1	33.1013 1	62.1319 1
2	1	33.1045 1	62.96 1
2	1	33.185 1	62.361 1
2	1	33.997 1	62.2067 1
2	1	33.1056 1	62.122 1
2	1	33.271 1	62.372 1
2	1	33.73 1	62.404 1
2	1	33.709 1	62.897 1
2	1	33.899 1	62.1271 1
2	1	33.1019 1	62.1325 1
3	2	33.165 1	62.915 1 62.442 0.887
2	1	33.856 1	62.1192 1
2	1	33.173 1	62.1334 1
2	1	33.12 1	62.318 1
2	1	33.862 1	62.1196 1
2	1	33.812 1	62.1171 1
2	1	33.729 1	62.1004 1
2	1	33.1058 1	62.124 1
2	1	33.143 1	62.150 1
2	1	33.211 1	62.71 1
2	1	33.861 1	62.1195 1
2	1	33.1017 1	62.1323 1
2	1	33.517 1	62.1971 1
2	1	33.794 1	62.543 1
2	1	33.971 1	62.2100 1
2	1	33.807 1	62.1098 1
2	1	33.1043 1	62.94 1
2	1	33.1160 1	62.2078 1
2	1	33.455 1	62.1135 1
2	1	33.52 1	62.225 1
2	1	33.781 1	62.563 1
2	1	33.56 1	62.221 1
2	1	33.399 1	62.1205 1
2	1	33.542 1	62.1978 1
2	1	33.1051 1	62.108 1
2	1	33.322 1	62.510 1
2	1	33.136 1	62.456 1
2	1	33.567 1	62.667 1
2	1	33.849 1	62.1184 1
2	1	33.31 1	62.262 1
2	1	33.643 1	62.1406 1
2	1	33.998 1	62.2066 1
2	1	33.1094 1	62.1925 1
2	1	33.348 1	62.1311 1
2	1	33.1151 1	62.1625 1
2	1	33.212 1	62.70 1
2	1	33.1214 1	62.1718 1
2	1	33.658 1	62.1441 1
2	1	33.1131 1	62.2008 1
2	1	33.51 1	62.226 1
2	1	33.644 1	62.1407 1
2	1	33.97 1	62.433 1
2	1	33.1229 1	62.300 1
2	1	33.291 1	62.482 1
3	2	33.608 1	62.186 1 62.937 0.607
2	1	33.1127 1	62.2014 1
2	1	33.1028 1	62.527 1
2	1	33.285 1	62.476 1
2	1	33.656 1	62.15 1
2	1	33.324 1	62.511 1
2	1	33.866 1	62.1199 1
3	2	33.477 1	62.1063 1 62.1579 0.700
2	1	33.47 1	62.230 1
2	1	33.743 1	62.1019 1
2	1	33.728 1	62.1002 1
2	1	33.598 1	62.1944 1
2	1	33.933 1	62.1469 1
2	1	33.102 1	62.438 1
2	1	33.123 1	62.447 1
2	1	33.246 1	62.1351 1
2	1	33.1042 1	62.93 1
2	1	33.108 1	62.441 1
2	1	33.918 1	62.1385 1
2	1	33.325 1	62.512 1
2	1	33.590 1	62.1780 1
2	1	33.1014 1	62.1320 1
2	1	33.1049 1	62.105 1
2	1	33.317 1	62.505 1
2	1	33.1002 1	62.2061 1
2	1	33.126 1	62.450 1
2	1	33.696 1	62.2154 1
2	1	33.996 1	62.2068 1
2	1	33.174 1	62.1335 1
2	1	33.404 1	62.689 1
2	1	33.529 1	62.572 1
2	1	33.619 1	62.1597 1
2	1	33.520 1	62.1534 1
2	1	33.788 1	62.551 1
2	1	33.1095 1	62.1926 1
2	1	33.20 1	62.320 1
2	1	33.595 1	62.1784 1
2	1	33.758 1	62.1043 1
2	1	33.192 1	62.864 1
2	1	33.1108 1	62.2023 1
2	1	33.941 1	62.1376 1
2	1	33.311 1	62.502 1
2	1	33.921 1	62.1285 1
2	1	33.977 1	62.2093 1
2	1	33.314 1	62.635 1
2	1	33.95 1	62.431 1
2	1	33.735 1	62.1011 1
2	1	33.920 1	62.1383 1
2	1	33.132 1	62.453 1
2	1	33.9 1	62.315 1
2	1	33.624 1	62.1528 1
2	1	33.315 1	62.2104 1
2	1	33.1219 1	62.293 1
2	1	33.179 1	62.856 1
2	1	33.457 1	62.1133 1
2	1	33.286 1	62.477 1
2	1	33.659 1	62.1442 1
2	1	33.461 1	62.1129 1
2	1	33.888 1	62.1265 1
2	1	33.999 1	62.2065 1
3	2	33.995 1	62.2069 1 62.1556 0.759
2	1	33.459 1	62.1131 1
5	4	33.492 1	62.107 1 62.117 0.756 62.1450 0.756 62.1870 0.754
2	1	33.494 1	62.27 1
2	1	33.361 1	62.764 1
2	1	33.48 1	62.229 1
2	1	33.955 1	62.1364 1
2	1	33.204 1	62.83 1
2	1	33.326 1	62.513 1
2	1	33.1016 1	62.1322 1
2	1	33.932 1	62.1470 1
2	1	33.1031 1	62.524 1
2	1	33.1101 1	62.2026 1
2	1	33.1150 1	62.1626 1
3	2	33.460 1	62.1130 1 62.2126 0.731
2	1	33.55 1	62.222 1
2	1	33.206 1	62.77 1
2	1	33.1157 1	62.1619 1
2	1	33.305 1	62.496 1
2	1	33.957 1	62.1359 1
2	1	33.979 1	62.2077 1
2	1	33.851 1	62.1187 1
2	1	33.11 1	62.317 1
2	1	33.679 1	62.1755 1
2	1	33.778 1	62.1851 1
2	1	33.1181 1	62.1659 1
6	5	33.366 1	62.1689 0.891 62.244 0.932 62.328 0.069 62.768 0.939 62.946 1
2	1	33.274 1	62.375 1
2	1	33.353 1	62.1300 1
2	1	33.278 1	62.160 1
2	1	33.300 1	62.491 1
2	1	33.191 1	62.863 1
2	1	33.579 1	62.1552 1
2	1	33.1183 1	62.1662 1
2	1	33.80 1	62.413 1
2	1	33.930 1	62.1480 1
2	1	33.244 1	62.60 1
2	1	33.956 1	62.1360 1
2	1	33.558 1	62.1838 1
2	1	33.732 1	62.1007 1
2	1	33.72 1	62.397 1
2	1	33.134 1	62.454 1
2	1	33.37 1	62.254 1
2	1	33.506 1	62.1080 1
2	1	33.912 1	62.1280 1
2	1	33.668 1	62.1513 1
2	1	33.69 1	62.392 1
2	1	33.297 1	62.488 1
2	1	33.978 1	62.2084 1
2	1	33.208 1	62.74 1
2	1	33.66 1	62.387 1
2	1	33.793 1	62.549 1
2	1	33.281 1	62.157 1
2	1	33.780 1	62.564 1
2	1	33.911 1	62.1279 1
2	1	33.302 1	62.493 1
2	1	33.210 1	62.72 1
3	2	33.395 1	62.1815 0.343 62.888 1
2	1	33.1166 1	62.1656 1
2	1	33.865 1	62.1198 1
2	1	33.292 1	62.483 1
2	1	33.953 1	62.1366 1
2	1	33.318 1	62.506 1
2	1	33.396 1	62.1766 1
2	1	33.1027 1	62.528 1
2	1	33.1194 1	62.1671 1
2	1	33.634 1	62.1574 1
2	1	33.910 1	62.1278 1
2	1	33.1218 1	62.292 1
2	1	33.127 1	62.451 1
2	1	33.690 1	62.2150 1
2	1	33.243 1	62.61 1
2	1	33.744 1	62.1020 1
2	1	33.463 1	62.1123 1
2	1	33.65 1	62.386 1
2	1	33.1209 1	62.1715 1
2	1	33.10 1	62.316 1
2	1	33.1156 1	62.1620 1
2	1	33.115 1	62.850 1
2	1	33.521 1	62.1535 1
2	1	33.782 1	62.562 1
2	1	33.458 1	62.1132 1
2	1	33.712 1	62.894 1
2	1	33.374 1	62.1295 1
2	1	33.672 1	62.1508 1
2	1	33.736 1	62.1012 1
2	1	33.1044 1	62.95 1
2	1	33.1165 1	62.1655 1
2	1	33.548 1	62.624 1
2	1	33.870 1	62.1237 1
2	1	33.1115 1	62.2017 1
2	1	33.375 1	62.1294 1
2	1	33.1087 1	62.1919 1
3	2	33.674 1	62.255 1 62.256 0.067
2	1	33.821 1	62.1182 1
2	1	33.886 1	62.1263 1
2	1	33.1132 1	62.2007 1
2	1	33.733 1	62.1009 1
2	1	33.534 1	62.576 1
2	1	33.329 1	62.516 1
2	1	33.599 1	62.2050 1
2	1	33.887 1	62.1264 1
2	1	33.969 1	62.1404 1
2	1	33.837 1	62.684 1
2	1	33.796 1	62.541 1
2	1	33.158 1	62.920 1
2	1	33.308 1	62.499 1
2	1	33.850 1	62.1186 1
2	1	33.133 1	62.1361 1
5	4	33.564 1	62.1958 0.566 62.240 1 62.772 0.576 62.950 0.569
2	1	33.637 1	62.1575 1
2	1	33.596 1	62.1785 1
2	1	33.515 1	62.1969 1
2	1	33.100 1	62.436 1
2	1	33.1029 1	62.526 1
2	1	33.1092 1	62.1923 1
2	1	33.168 1	62.918 1
2	1	33.32 1	62.261 1
2	1	33.293 1	62.484 1
2	1	33.299 1	62.490 1
2	1	33.898 1	62.1269 1
2	1	33.310 1	62.501 1
2	1	33.464 1	62.1122 1
2	1	33.691 1	62.2151 1
2	1	33.1022 1	62.531 1
2	1	33.1096 1	62.2031 1
2	1	33.693 1	62.2153 1
2	1	33.303 1	62.494 1
2	1	33.209 1	62.73 1
2	1	33.688 1	62.2142 1
2	1	33.952 1	62.1367 1
2	1	33.178 1	62.849 1
2	1	33.449 1	62.1142 1
3	2	33.605 1	62.177 0.485 62.939 1
2	1	33.99 1	62.435 1
2	1	33.351 1	62.1308 1
2	1	33.295 1	62.486 1
2	1	33.53 1	62.224 1
2	1	33.692 1	62.2152 1
2	1	33.916 1	62.1387 1
2	1	33.164 1	62.914 1
2	1	33.1090 1	62.1921 1
2	1	33.710 1	62.896 1
2	1	33.863 1	62.1197 1
2	1	33.114 1	62.445 1
2	1	33.279 1	62.159 1
2	1	33.349 1	62.1310 1
2	1	33.356 1	62.1297 1
2	1	33.1068 1	62.146 1
2	1	33.263 1	62.369 1
5	4	33.362 1	62.1071 0.096 62.1686 0.562 62.247 0.667 62.765 1
2	1	33.565 1	62.763 1
2	1	33.34 1	62.259 1
2	1	33.44 1	62.252 1
2	1	33.518 1	62.1533 1
2	1	33.797 1	62.540 1
2	1	33.307 1	62.498 1
2	1	33.454 1	62.1136 1
2	1	33.478 1	62.1062 1
2	1	33.727 1	62.1001 1
2	1	33.214 1	62.68 1
2	1	33.963 1	62.1554 1
2	1	33.994 1	62.2070 1
2	1	33.290 1	62.481 1
2	1	33.1050 1	62.106 1
2	1	33.475 1	62.1065 1
2	1	33.544 1	62.1982 1
2	1	33.620 1	62.1596 1
2	1	33.1030 1	62.525 1
2	1	33.562 1	62.1409 1
2	1	33.1154 1	62.1621 1
2	1	33.261 1	62.364 1
2	1	33.649 1	62.1578 1
3	2	33.473 1 33.474 0.187	62.714 1
2	1	33.686 1	62.2132 1
2	1	33.738 1	62.1014 1
2	1	33.945 1	62.1375 1
2	1	33.432 1	62.1163 1
2	1	33.972 1	62.2098 1
2	1	33.1148 1	62.1628 1
2	1	33.296 1	62.487 1
2	1	33.783 1	62.557 1
2	1	33.1085 1	62.1916 1
2	1	33.795 1	62.542 1
2	1	33.836 1	62.685 1
2	1	33.967 1	62.1403 1
2	1	33.202 1	62.1146 1
2	1	33.228 1	62.65 1
2	1	33.289 1	62.480 1
2	1	33.301 1	62.492 1
2	1	33.427 1	62.1166 1
2	1	33.652 1	62.1583 1
2	1	33.762 1	62.788 1
2	1	33.96 1	62.432 1
2	1	33.6 1	62.312 1
2	1	33.33 1	62.260 1
2	1	33.946 1	62.1374 1
2	1	33.284 1	62.475 1
2	1	33.532 1	62.574 1
2	1	33.539 1	62.1973 1
2	1	33.287 1	62.478 1
2	1	33.1220 1	62.294 1
2	1	33.673 1	62.1507 1
6	8	33.645 1 33.765 0.331	62.1047 0.092 62.1185 0.123 62.1869 0.108 62.566 1
2	1	33.70 1	62.394 1
2	1	33.1088 1	62.1920 1
2	1	33.429 1	62.1164 1
2	1	33.345 1	62.1328 1
2	1	33.352 1	62.1303 1
2	1	33.1193 1	62.1670 1
2	1	33.505 1	62.1081 1
2	1	33.730 1	62.1005 1
2	1	33.915 1	62.1388 1
2	1	33.1203 1	62.1706 1
2	1	33.687 1	62.2139 1
2	1	33.917 1	62.1386 1
8	7	33.601 1	62.171 0.867 62.1730 1 62.1834 0.733 62.602 0.733 62.649 0.833 62.902 0.867 62.990 1
2	1	33.883 1	62.1262 1
2	1	33.931 1	62.1479 1
2	1	33.45 1	62.251 1
2	1	33.792 1	62.550 1
2	1	33.1034 1	62.521 1
2	1	33.342 1	62.1327 1
3	2	33.439 1	62.1148 0.074 62.2009 1
2	1	33.504 1	62.1082 1
2	1	33.545 1	62.1983 1
2	1	33.94 1	62.430 1
2	1	33.98 1	62.434 1
2	1	33.651 1	62.1582 1
2	1	33.320 1	62.508 1
2	1	33.540 1	62.1976 1
3	2	33.440 1	62.53 0.058 62.960 1
2	1	33.809 1	62.1099 1
2	1	33.122 1	62.446 1
2	1	33.759 1	62.1044 1
2	1	33.8 1	62.314 1
2	1	33.1032 1	62.523 1
2	1	33.294 1	62.485 1
2	1	33.1047 1	62.98 1
2	1	33.1226 1	62.297 1
2	1	33.746 1	62.1022 1
2	1	33.509 1	62.1389 1
2	1	33.589 1	62.1570 1
2	1	33.755 1	62.1028 1
2	1	33.954 1	62.1365 1
2	1	33.195 1	62.617 1
2	1	33.112 1	62.443 1
2	1	33.29 1	62.264 1
2	1	33.91 1	62.429 1
2	1	33.306 1	62.497 1
2	1	33.1048 1	62.99 1
2	1	33.35 1	62.258 1
2	1	33.428 1	62.1165 1
7	6	33.368 1	62.1613 0.171 62.1691 1 62.1739 1 62.242 0.143 62.770 0.200 62.948 0.171
2	1	33.298 1	62.489 1
2	1	33.481 1	62.2045 1
2	1	33.1071 1	62.147 1
2	1	33.104 1	62.440 1
2	1	33.1112 1	62.2020 1
2	1	33.125 1	62.449 1
2	1	33.527 1	62.1423 1
2	1	33.541 1	62.1977 1
2	1	33.875 1	62.1588 1
2	1	33.940 1	62.571 1
2	1	33.350 1	62.1309 1
2	1	33.1065 1	62.143 1
2	1	33.373 1	62.1296 1
2	1	33.180 1	62.857 1
2	1	33.203 1	62.84 1
2	1	33.321 1	62.509 1
2	1	33.312 1	62.633 1
2	1	33.639 1	62.1576 1
2	1	33.85 1	62.419 1
2	1	33.947 1	62.1373 1
2	1	33.1008 1	62.2042 1
2	1	33.207 1	62.75 1
2	1	33.984 1	62.2075 1
2	1	33.495 1	62.1083 1
2	1	33.553 1	62.669 1
2	1	33.629 1	62.567 1
2	1	33.731 1	62.1006 1
6	5	33.363 1	62.1687 0.769 62.246 0.688 62.330 0.676 62.766 1 62.944 0.682
2	1	33.678 1	62.1756 1
2	1	33.145 1	62.148 1
2	1	33.1011 1	62.1397 1
2	1	33.205 1	62.78 1
2	1	33.282 1	62.156 1
2	1	33.513 1	62.1967 1
2	1	33.772 1	62.565 1
2	1	33.1182 1	62.1661 1
2	1	33.171 1	62.1332 1
2	1	33.330 1	62.517 1
2	1	33.745 1	62.1021 1
2	1	33.1007 1	62.2043 1
2	1	33.283 1	62.155 1
2	1	33.383 1	62.2118 1
15	14	33.563 1	62.1410 1 62.1413 0.129 62.1600 0.158 62.175 0.282 62.1905 0.158 62.1957 0.170 62.2114 0.266 62.238 0.266 62.283 0.074 62.610 0.306 62.646 0.108 62.773 0.132 62.899 0.256 62.951 0.228
2	1	33.1146 1	62.1630 1
2	1	33.488 1	62.2048 1
2	1	33.657 1	62.1440 1
2	1	33.650 1	62.1581 1
2	1	33.1033 1	62.522 1
2	1	33.1061 1	62.128 1
2	1	33.1097 1	62.2030 1
2	1	33.993 1	62.2071 1
2	1	33.1025 1	62.529 1
2	1	33.76 1	62.409 1
2	1	33.1012 1	62.1515 1
2	1	33.412 1	62.407 1
2	1	33.711 1	62.895 1
7	6	33.1119 1	62.1693 0.118 62.1959 0.956 62.2111 0.093 62.241 0.967 62.771 0.955 62.949 1
2	1	33.682 1	62.100 1
2	1	33.901 1	62.1273 1
2	1	33.259 1	62.362 1
2	1	33.547 1	62.623 1
2	1	33.811 1	62.1100 1
2	1	33.340 1	62.1240 1
2	1	33.597 1	62.1786 1
2	1	33.739 1	62.1015 1
2	1	33.256 1	62.1666 1
2	1	33.705 1	62.1417 1
2	1	33.142 1	62.151 1
2	1	33.871 1	62.1585 1
2	1	33.974 1	62.2096 1
2	1	33.803 1	62.2156 1
2	1	33.593 1	62.1782 1
2	1	33.1040 1	62.92 1
2	1	33.62 1	62.383 1
2	1	33.740 1	62.1016 1
2	1	33.54 1	62.223 1
2	1	33.83 1	62.418 1
2	1	33.855 1	62.1191 1
2	1	33.183 1	62.113 1
4	3	33.105 1 33.106 0.349 33.1185 0.105	62.1079 1
2	1	33.193 1	62.865 1
2	1	33.71 1	62.395 1
2	1	33.757 1	62.1042 1
3	2	33.447 1	62.1329 1 62.1745 0.268
2	1	33.689 1	62.2149 1
2	1	33.90 1	62.428 1
2	1	33.1066 1	62.144 1
2	1	33.452 1	62.1138 1
2	1	33.1003 1	62.2060 1
2	1	33.1001 1	62.2062 1
2	1	33.186 1	62.859 1
3	2	33.680 0.111 33.819 1	62.708 1
2	1	33.665 1	62.1516 1
2	1	33.162 1	62.912 1
3	2	33.437 1	62.1159 1 62.1945 1
2	1	33.512 1	62.1966 1
2	1	33.822 1	62.1183 1
2	1	33.1099 1	62.2028 1
2	1	33.784 1	62.555 1
2	1	33.1084 1	62.1890 1
3	2	33.848 1	62.6 0.157 62.800 1
8	7	33.1124 1	62.1614 0.393 62.1690 0.403 62.1738 0.134 62.1962 1 62.243 0.265 62.769 0.403 62.947 0.424
2	1	33.232 1	62.2124 1
2	1	33.818 1	62.1180 1
2	1	33.82 1	62.414 1
2	1	33.1035 1	62.89 1
3	2	33.612 1	62.659 0.418 62.932 1
2	1	33.817 1	62.1179 1
2	1	33.49 1	62.228 1
2	1	33.873 1	62.1586 1
2	1	33.543 1	62.1979 1
2	1	33.86 1	62.421 1
2	1	33.874 1	62.1587 1
2	1	33.316 1	62.503 1
2	1	33.798 1	62.538 1
