Size	Relations	OrthoA	OrthoB
2	1	33.63 1	64.46 1
2	1	33.64 1	64.47 1
2	1	33.859 1	64.393 1
2	1	33.313 1	64.503 1
2	1	33.1046 1	64.163 1
2	1	33.1164 1	64.1281 1
2	1	33.1200 1	64.1301 1
2	1	33.391 1	64.968 1
2	1	33.466 1	64.445 1
2	1	33.973 1	64.1056 1
2	1	33.1052 1	64.153 1
2	1	33.538 1	64.790 1
2	1	33.1020 1	64.308 1
2	1	33.1217 1	64.1331 1
2	1	33.67 1	64.50 1
2	1	33.737 1	64.904 1
2	1	33.190 1	64.1122 1
2	1	33.442 1	64.417 1
2	1	33.516 1	64.792 1
2	1	33.594 1	64.713 1
2	1	33.514 1	64.794 1
2	1	33.265 1	64.239 1
2	1	33.166 1	64.1147 1
2	1	33.4 1	64.4 1
2	1	33.175 1	64.1138 1
2	1	33.1202 1	64.1309 1
2	1	33.1207 1	64.1310 1
2	1	33.260 1	64.234 1
2	1	33.1059 1	64.148 1
2	1	33.592 1	64.715 1
2	1	33.13 1	64.13 1
2	1	33.413 1	64.802 1
2	1	33.3 1	64.3 1
2	1	33.771 1	64.924 1
2	1	33.1158 1	64.1278 1
2	1	33.172 1	64.1141 1
2	1	33.914 1	64.344 1
2	1	33.1000 1	64.1077 1
2	1	33.137 1	64.134 1
2	1	33.584 1	64.724 1
2	1	33.670 1	64.530 1
2	1	33.698 1	64.844 1
2	1	33.1006 1	64.1085 1
2	1	33.1113 1	64.1238 1
2	1	33.684 1	64.492 1
2	1	33.1054 1	64.983 1
2	1	33.113 1	64.120 1
2	1	33.1080 1	64.1176 1
2	1	33.319 1	64.283 1
2	1	33.73 1	64.56 1
2	1	33.200 1	64.202 1
2	1	33.169 1	64.1144 1
2	1	33.264 1	64.238 1
2	1	33.1018 1	64.310 1
2	1	33.157 1	64.1171 1
2	1	33.1015 1	64.314 1
2	1	33.924 1	64.340 1
2	1	33.1127 1	64.1242 1
2	1	33.101 1	64.112 1
2	1	33.724 1	64.889 1
2	1	33.1204 1	64.645 1
2	1	33.908 1	64.349 1
2	1	33.1147 1	64.1269 1
2	1	33.30 1	64.17 1
2	1	33.229 1	64.220 1
2	1	33.103 1	64.114 1
2	1	33.753 1	64.915 1
2	1	33.59 1	64.41 1
2	1	33.919 1	64.935 1
2	1	33.304 1	64.271 1
2	1	33.958 1	64.1026 1
2	1	33.582 1	64.615 1
2	1	33.354 1	64.330 1
2	1	33.725 1	64.890 1
2	1	33.983 1	64.1065 1
2	1	33.1021 1	64.305 1
2	1	33.476 1	64.928 1
2	1	33.334 1	64.317 1
2	1	33.1198 1	64.1302 1
2	1	33.75 1	64.59 1
2	1	33.1 1	64.1 1
2	1	33.60 1	64.42 1
2	1	33.549 1	64.758 1
2	1	33.199 1	64.201 1
2	1	33.409 1	64.771 1
2	1	33.7 1	64.7 1
2	1	33.339 1	64.322 1
2	1	33.813 1	64.407 1
2	1	33.226 1	64.217 1
2	1	33.853 1	64.397 1
2	1	33.1239 1	64.1347 1
2	1	33.854 1	64.396 1
2	1	33.778 1	64.1101 1
2	1	33.852 1	64.398 1
2	1	33.376 1	64.336 1
2	1	33.787 1	64.832 1
2	1	33.976 1	64.1059 1
2	1	33.46 1	64.29 1
2	1	33.867 1	64.371 1
2	1	33.446 1	64.419 1
2	1	33.1100 1	64.1230 1
2	1	33.280 1	64.247 1
2	1	33.355 1	64.331 1
2	1	33.327 1	64.289 1
2	1	33.1107 1	64.1233 1
2	1	33.1102 1	64.1232 1
2	1	33.241 1	64.221 1
2	1	33.1163 1	64.1280 1
2	1	33.786 1	64.831 1
2	1	33.1184 1	64.1289 1
2	1	33.1055 1	64.152 1
2	1	33.1110 1	64.1235 1
2	1	33.1114 1	64.1239 1
2	1	33.156 1	64.1172 1
2	1	33.68 1	64.51 1
2	1	33.493 1	64.815 1
2	1	33.456 1	64.432 1
2	1	33.1111 1	64.1236 1
2	1	33.568 1	64.962 1
2	1	33.262 1	64.236 1
2	1	33.898 1	64.355 1
2	1	33.465 1	64.444 1
2	1	33.1221 1	64.1335 1
2	1	33.1227 1	64.1338 1
2	1	33.1228 1	64.1339 1
2	1	33.1009 1	64.1088 1
2	1	33.242 1	64.222 1
2	1	33.1170 1	64.1284 1
2	1	33.1233 1	64.1344 1
2	1	33.741 1	64.908 1
2	1	33.336 1	64.319 1
2	1	33.182 1	64.227 1
2	1	33.868 1	64.370 1
2	1	33.468 1	64.459 1
2	1	33.581 1	64.614 1
2	1	33.664 1	64.535 1
2	1	33.876 1	64.367 1
2	1	33.131 1	64.129 1
2	1	33.347 1	64.323 1
2	1	33.5 1	64.5 1
2	1	33.1057 1	64.150 1
2	1	33.807 1	64.460 1
2	1	33.970 1	64.1053 1
2	1	33.546 1	64.761 1
2	1	33.820 1	64.404 1
2	1	33.1086 1	64.1216 1
2	1	33.58 1	64.40 1
2	1	33.685 1	64.491 1
2	1	33.1153 1	64.1275 1
2	1	33.184 1	64.229 1
2	1	33.337 1	64.320 1
2	1	33.1230 1	64.1341 1
2	1	33.398 1	64.450 1
2	1	33.1225 1	64.1336 1
3	2	33.183 1	64.228 1 64.886 0.841
2	1	33.1093 1	64.1223 1
2	1	33.213 1	64.215 1
2	1	33.135 1	64.132 1
2	1	33.2 1	64.2 1
2	1	33.975 1	64.1058 1
2	1	33.1152 1	64.1274 1
2	1	33.703 1	64.846 1
2	1	33.742 1	64.909 1
2	1	33.683 1	64.159 1
2	1	33.227 1	64.218 1
2	1	33.50 1	64.33 1
2	1	33.124 1	64.124 1
2	1	33.802 1	64.472 1
2	1	33.999 1	64.1076 1
2	1	33.1064 1	64.144 1
2	1	33.167 1	64.1146 1
2	1	33.273 1	64.242 1
2	1	33.352 1	64.328 1
2	1	33.550 1	64.757 1
2	1	33.1180 1	64.1285 1
4	3	33.399 1	64.1342 1 64.458 0.083 64.685 0.277
2	1	33.900 1	64.353 1
2	1	33.170 1	64.1143 1
2	1	33.669 1	64.531 1
2	1	33.726 1	64.891 1
2	1	33.309 1	64.276 1
2	1	33.962 1	64.1027 1
2	1	33.734 1	64.901 1
2	1	33.1149 1	64.1271 1
2	1	33.860 1	64.392 1
2	1	33.144 1	64.138 1
2	1	33.754 1	64.916 1
2	1	33.909 1	64.348 1
2	1	33.25 1	64.15 1
2	1	33.1162 1	64.1279 1
2	1	33.1036 1	64.169 1
2	1	33.1091 1	64.1221 1
2	1	33.902 1	64.350 1
2	1	33.847 1	64.899 1
2	1	33.1211 1	64.1329 1
2	1	33.288 1	64.255 1
2	1	33.729 1	64.895 1
2	1	33.434 1	64.820 1
2	1	33.453 1	64.429 1
2	1	33.201 1	64.203 1
2	1	33.1013 1	64.316 1
2	1	33.377 1	64.337 1
2	1	33.533 1	64.721 1
2	1	33.272 1	64.241 1
2	1	33.653 1	64.633 1
2	1	33.185 1	64.230 1
2	1	33.997 1	64.1074 1
2	1	33.667 1	64.533 1
2	1	33.61 1	64.43 1
2	1	33.271 1	64.240 1
2	1	33.899 1	64.354 1
2	1	33.335 1	64.318 1
2	1	33.338 1	64.321 1
2	1	33.1045 1	64.164 1
2	1	33.856 1	64.394 1
2	1	33.861 1	64.391 1
2	1	33.1056 1	64.151 1
4	3	33.165 1	64.1148 1 64.118 0.887 64.339 0.879
2	1	33.1019 1	64.309 1
2	1	33.173 1	64.1140 1
2	1	33.709 1	64.851 1
2	1	33.783 1	64.829 1
2	1	33.812 1	64.408 1
2	1	33.1058 1	64.149 1
2	1	33.1160 1	64.1063 1
2	1	33.1017 1	64.311 1
3	2	33.600 1	64.60 0.733 64.681 1
2	1	33.342 1	64.1136 1
2	1	33.143 1	64.137 1
2	1	33.1043 1	64.166 1
2	1	33.862 1	64.390 1
2	1	33.971 1	64.1054 1
2	1	33.12 1	64.12 1
2	1	33.211 1	64.213 1
2	1	33.136 1	64.133 1
2	1	33.72 1	64.55 1
2	1	33.542 1	64.775 1
2	1	33.517 1	64.791 1
2	1	33.794 1	64.836 1
2	1	33.161 1	64.1154 1
2	1	33.455 1	64.431 1
2	1	33.567 1	64.963 1
2	1	33.1014 1	64.315 1
2	1	33.1051 1	64.154 1
2	1	33.52 1	64.35 1
2	1	33.322 1	64.285 1
2	1	33.781 1	64.827 1
2	1	33.348 1	64.324 1
2	1	33.643 1	64.509 1
2	1	33.473 1	64.523 1
2	1	33.849 1	64.401 1
2	1	33.31 1	64.18 1
2	1	33.1214 1	64.1330 1
2	1	33.212 1	64.214 1
2	1	33.51 1	64.34 1
2	1	33.644 1	64.510 1
2	1	33.404 1	64.957 1
4	3	33.598 1	64.1109 0.866 64.183 1 64.696 0.862
3	2	33.603 1	64.63 1 64.678 0.581
2	1	33.97 1	64.108 1
2	1	33.998 1	64.1075 1
2	1	33.1151 1	64.1273 1
2	1	33.47 1	64.30 1
2	1	33.933 1	64.640 1
2	1	33.324 1	64.286 1
2	1	33.477 1	64.927 1
2	1	33.1028 1	64.301 1
2	1	33.1131 1	64.1262 1
2	1	33.291 1	64.258 1
2	1	33.1229 1	64.1340 1
2	1	33.285 1	64.252 1
2	1	33.656 1	64.816 1
2	1	33.696 1	64.473 1
2	1	33.728 1	64.894 1
2	1	33.866 1	64.387 1
2	1	33.1094 1	64.1224 1
2	1	33.658 1	64.596 1
2	1	33.56 1	64.39 1
2	1	33.123 1	64.123 1
2	1	33.126 1	64.126 1
2	1	33.743 1	64.910 1
2	1	33.918 1	64.934 1
2	1	33.978 1	64.1062 1
2	1	33.102 1	64.113 1
2	1	33.246 1	64.226 1
2	1	33.1049 1	64.157 1
2	1	33.1095 1	64.1225 1
2	1	33.590 1	64.716 1
2	1	33.920 1	64.936 1
2	1	33.1042 1	64.167 1
2	1	33.1002 1	64.1079 1
2	1	33.529 1	64.723 1
2	1	33.788 1	64.833 1
2	1	33.244 1	64.224 1
2	1	33.941 1	64.984 1
2	1	33.996 1	64.1073 1
2	1	33.520 1	64.650 1
2	1	33.758 1	64.919 1
2	1	33.133 1	64.621 1
2	1	33.311 1	64.278 1
2	1	33.95 1	64.106 1
2	1	33.174 1	64.1139 1
2	1	33.735 1	64.902 1
2	1	33.132 1	64.130 1
2	1	33.624 1	64.657 1
2	1	33.793 1	64.835 1
2	1	33.325 1	64.287 1
2	1	33.192 1	64.1107 1
2	1	33.20 1	64.14 1
2	1	33.1108 1	64.1234 1
2	1	33.317 1	64.281 1
2	1	33.286 1	64.253 1
2	1	33.595 1	64.712 1
2	1	33.9 1	64.9 1
2	1	33.977 1	64.1060 1
2	1	33.457 1	64.433 1
2	1	33.659 1	64.595 1
2	1	33.1219 1	64.1333 1
2	1	33.179 1	64.1127 1
2	1	33.494 1	64.814 1
2	1	33.888 1	64.359 1
2	1	33.314 1	64.504 1
2	1	33.459 1	64.435 1
2	1	33.492 1	64.155 1
2	1	33.48 1	64.31 1
3	2	33.995 1	64.1072 1 64.620 0.731
2	1	33.274 1	64.243 1
2	1	33.921 1	64.341 1
2	1	33.1181 1	64.1286 1
2	1	33.461 1	64.439 1
2	1	33.55 1	64.38 1
2	1	33.1031 1	64.298 1
3	2	33.326 1	64.288 1 64.495 0.804
2	1	33.979 1	64.1064 1
2	1	33.932 1	64.639 1
3	2	33.460 1	64.436 1 64.496 0.801
2	1	33.1016 1	64.312 1
2	1	33.579 1	64.613 1
2	1	33.955 1	64.999 1
2	1	33.1150 1	64.1272 1
2	1	33.204 1	64.205 1
2	1	33.679 1	64.521 1
2	1	33.11 1	64.11 1
2	1	33.315 1	64.1031 1
2	1	33.851 1	64.399 1
2	1	33.1157 1	64.1277 1
2	1	33.191 1	64.1121 1
2	1	33.206 1	64.208 1
2	1	33.278 1	64.245 1
2	1	33.707 1	64.850 1
2	1	33.108 1	64.116 1
2	1	33.27 1	64.917 1
2	1	33.957 1	64.1002 1
2	1	33.353 1	64.329 1
2	1	33.506 1	64.807 1
2	1	33.1183 1	64.1288 1
2	1	33.80 1	64.75 1
2	1	33.134 1	64.131 1
2	1	33.300 1	64.267 1
2	1	33.305 1	64.272 1
2	1	33.912 1	64.345 1
2	1	33.956 1	64.1001 1
2	1	33.1101 1	64.1231 1
2	1	33.297 1	64.264 1
2	1	33.37 1	64.25 1
2	1	33.385 1	64.976 1
2	1	33.732 1	64.898 1
2	1	33.673 1	64.524 1
2	1	33.69 1	64.52 1
2	1	33.780 1	64.826 1
2	1	33.210 1	64.212 1
2	1	33.946 1	64.987 1
2	1	33.66 1	64.49 1
2	1	33.208 1	64.210 1
2	1	33.911 1	64.346 1
2	1	33.1166 1	64.1283 1
2	1	33.949 1	64.992 1
2	1	33.158 1	64.1165 1
2	1	33.302 1	64.269 1
2	1	33.281 1	64.248 1
2	1	33.292 1	64.259 1
2	1	33.865 1	64.388 1
2	1	33.1194 1	64.1305 1
2	1	33.1209 1	64.1328 1
2	1	33.10 1	64.10 1
2	1	33.950 1	64.993 1
2	1	33.668 1	64.532 1
2	1	33.910 1	64.347 1
2	1	33.953 1	64.997 1
2	1	33.712 1	64.854 1
2	1	33.1218 1	64.1332 1
2	1	33.972 1	64.1055 1
2	1	33.318 1	64.282 1
2	1	33.396 1	64.449 1
2	1	33.458 1	64.434 1
2	1	33.65 1	64.48 1
2	1	33.736 1	64.903 1
2	1	33.870 1	64.368 1
2	1	33.548 1	64.759 1
2	1	33.375 1	64.335 1
2	1	33.690 1	64.477 1
2	1	33.1027 1	64.302 1
2	1	33.243 1	64.223 1
2	1	33.388 1	64.975 1
2	1	33.744 1	64.911 1
2	1	33.782 1	64.828 1
2	1	33.1087 1	64.1217 1
2	1	33.733 1	64.900 1
2	1	33.672 1	64.525 1
2	1	33.887 1	64.360 1
2	1	33.1165 1	64.1282 1
2	1	33.374 1	64.334 1
4	3	33.674 1	64.145 0.062 64.23 1 64.24 0.103
2	1	33.1115 1	64.1240 1
2	1	33.1132 1	64.1263 1
2	1	33.330 1	64.292 1
2	1	33.688 1	64.480 1
2	1	33.850 1	64.400 1
2	1	33.886 1	64.361 1
2	1	33.164 1	64.1150 1
2	1	33.168 1	64.1145 1
2	1	33.329 1	64.291 1
2	1	33.463 1	64.442 1
2	1	33.464 1	64.443 1
2	1	33.540 1	64.777 1
2	1	33.207 1	64.209 1
2	1	33.521 1	64.649 1
2	1	33.1044 1	64.165 1
2	1	33.308 1	64.275 1
2	1	33.515 1	64.793 1
2	1	33.534 1	64.720 1
2	1	33.691 1	64.476 1
2	1	33.634 1	64.624 1
2	1	33.692 1	64.475 1
2	1	33.796 1	64.838 1
2	1	33.395 1	64.454 1
2	1	33.100 1	64.111 1
2	1	33.1092 1	64.1222 1
2	1	33.303 1	64.270 1
2	1	33.1029 1	64.300 1
2	1	33.596 1	64.711 1
2	1	33.821 1	64.403 1
2	1	33.969 1	64.1029 1
2	1	33.209 1	64.211 1
2	1	33.299 1	64.266 1
2	1	33.310 1	64.277 1
2	1	33.1022 1	64.304 1
2	1	33.637 1	64.625 1
2	1	33.295 1	64.262 1
2	1	33.449 1	64.421 1
2	1	33.797 1	64.839 1
2	1	33.952 1	64.996 1
3	2	33.202 1	64.204 1 64.418 0.384
2	1	33.1096 1	64.1226 1
2	1	33.32 1	64.19 1
2	1	33.53 1	64.36 1
2	1	33.214 1	64.216 1
2	1	33.351 1	64.327 1
2	1	33.963 1	64.619 1
2	1	33.114 1	64.121 1
2	1	33.279 1	64.246 1
2	1	33.1068 1	64.141 1
2	1	33.115 1	64.1131 1
2	1	33.251 1	64.1292 1
2	1	33.307 1	64.274 1
2	1	33.349 1	64.325 1
2	1	33.518 1	64.651 1
2	1	33.738 1	64.905 1
2	1	33.916 1	64.932 1
2	1	33.967 1	64.1028 1
2	1	33.228 1	64.219 1
2	1	33.544 1	64.773 1
6	5	33.620 1	64.1366 1 64.1386 1 64.1408 0.821 64.1421 0.821 64.1434 0.821
2	1	33.704 1	64.847 1
2	1	33.863 1	64.389 1
2	1	33.34 1	64.21 1
2	1	33.710 1	64.852 1
2	1	33.356 1	64.332 1
2	1	33.293 1	64.260 1
2	1	33.994 1	64.1071 1
3	2	33.105 1 33.106 0.247	64.1178 1
2	1	33.454 1	64.430 1
2	1	33.1050 1	64.156 1
2	1	33.1090 1	64.1220 1
2	1	33.178 1	64.1132 1
2	1	33.263 1	64.237 1
2	1	33.290 1	64.257 1
2	1	33.44 1	64.27 1
2	1	33.752 1	64.1155 1
2	1	33.930 1	64.636 1
2	1	33.475 1	64.929 1
2	1	33.693 1	64.474 1
2	1	33.965 1	64.1097 1
2	1	33.127 1	64.127 1
2	1	33.282 1	64.249 1
2	1	33.478 1	64.926 1
2	1	33.650 1	64.630 1
2	1	33.652 1	64.632 1
2	1	33.727 1	64.893 1
2	1	33.1030 1	64.299 1
2	1	33.945 1	64.985 1
2	1	33.96 1	64.107 1
2	1	33.296 1	64.263 1
2	1	33.1085 1	64.1180 1
2	1	33.1148 1	64.1270 1
2	1	33.1154 1	64.1276 1
2	1	33.1220 1	64.1334 1
2	1	33.289 1	64.256 1
2	1	33.532 1	64.722 1
2	1	33.539 1	64.789 1
2	1	33.6 1	64.6 1
2	1	33.33 1	64.20 1
2	1	33.345 1	64.1135 1
2	1	33.261 1	64.235 1
2	1	33.301 1	64.268 1
2	1	33.505 1	64.808 1
2	1	33.649 1	64.628 1
2	1	33.686 1	64.490 1
2	1	33.481 1	64.1084 1
2	1	33.427 1	64.411 1
2	1	33.660 1	64.593 1
2	1	33.70 1	64.53 1
2	1	33.284 1	64.251 1
2	1	33.287 1	64.254 1
2	1	33.527 1	64.818 1
3	2	33.602 1	64.62 1 64.679 0.977
2	1	33.795 1	64.837 1
2	1	33.429 1	64.413 1
2	1	33.687 1	64.482 1
2	1	33.1088 1	64.1218 1
2	1	33.545 1	64.772 1
2	1	33.931 1	64.638 1
2	1	33.91 1	64.104 1
2	1	33.809 1	64.953 1
2	1	33.915 1	64.931 1
2	1	33.94 1	64.105 1
2	1	33.99 1	64.110 1
2	1	33.1193 1	64.1304 1
2	1	33.45 1	64.28 1
2	1	33.917 1	64.933 1
2	1	33.171 1	64.1142 1
2	1	33.858 1	64.1307 1
2	1	33.792 1	64.834 1
2	1	33.294 1	64.261 1
2	1	33.439 1	64.1260 1
2	1	33.1034 1	64.295 1
2	1	33.730 1	64.896 1
2	1	33.312 1	64.502 1
2	1	33.504 1	64.809 1
2	1	33.1047 1	64.162 1
2	1	33.541 1	64.776 1
4	4	33.645 1 33.765 0.349	64.494 0.172 64.823 1
2	1	33.8 1	64.8 1
2	1	33.954 1	64.998 1
2	1	33.283 1	64.250 1
2	1	33.432 1	64.989 1
2	1	33.578 1	64.695 1
2	1	33.651 1	64.631 1
2	1	33.98 1	64.109 1
2	1	33.1071 1	64.140 1
2	1	33.1226 1	64.1337 1
2	1	33.589 1	64.618 1
2	1	33.746 1	64.913 1
2	1	33.1139 1	64.982 1
2	1	33.1190 1	64.959 1
2	1	33.1146 1	64.1268 1
2	1	33.35 1	64.22 1
2	1	33.29 1	64.16 1
2	1	33.759 1	64.920 1
2	1	33.306 1	64.273 1
2	1	33.122 1	64.122 1
2	1	33.1032 1	64.297 1
2	1	33.104 1	64.115 1
2	1	33.112 1	64.119 1
2	1	33.383 1	64.977 1
2	1	33.509 1	64.930 1
2	1	33.1008 1	64.1087 1
2	1	33.513 1	64.795 1
2	1	33.1112 1	64.1237 1
2	1	33.125 1	64.125 1
2	1	33.428 1	64.412 1
2	1	33.629 1	64.725 1
2	1	33.699 1	64.845 1
2	1	33.321 1	64.284 1
2	1	33.511 1	64.797 1
2	1	33.606 1	64.674 1
2	1	33.411 1	64.647 1
2	1	33.984 1	64.1067 1
2	1	33.1048 1	64.161 1
2	1	33.1065 1	64.143 1
2	1	33.259 1	64.233 1
2	1	33.410 1	64.937 1
2	1	33.148 1	64.511 1
2	1	33.373 1	64.333 1
2	1	33.731 1	64.897 1
2	1	33.180 1	64.1126 1
2	1	33.298 1	64.265 1
2	1	33.350 1	64.326 1
2	1	33.145 1	64.139 1
2	1	33.608 1	64.671 1
2	1	33.639 1	64.627 1
2	1	33.772 1	64.825 1
2	1	33.1011 1	64.1019 1
2	1	33.1182 1	64.1287 1
2	1	33.678 1	64.522 1
2	1	33.83 1	64.79 1
2	1	33.495 1	64.810 1
2	1	33.947 1	64.988 1
2	1	33.205 1	64.207 1
2	1	33.543 1	64.774 1
3	2	33.563 1	64.65 0.225 64.667 1
2	1	33.488 1	64.1082 1
2	1	33.1224 1	64.1103 1
2	1	33.553 1	64.961 1
2	1	33.657 1	64.597 1
2	1	33.682 1	64.160 1
2	1	33.745 1	64.912 1
2	1	33.87 1	64.84 1
2	1	33.341 1	64.888 1
2	1	33.993 1	64.1070 1
2	1	33.1012 1	64.534 1
2	1	33.1061 1	64.147 1
2	1	33.1097 1	64.1227 1
2	1	33.901 1	64.352 1
2	1	33.1007 1	64.1086 1
2	1	33.340 1	64.366 1
2	1	33.412 1	64.58 1
2	1	33.711 1	64.853 1
2	1	33.1025 1	64.303 1
2	1	33.1033 1	64.296 1
2	1	33.1232 1	64.1343 1
2	1	33.547 1	64.760 1
2	1	33.705 1	64.848 1
2	1	33.974 1	64.1057 1
2	1	33.597 1	64.710 1
2	1	33.1205 1	64.646 1
2	1	33.245 1	64.225 1
2	1	33.400 1	64.965 1
2	1	33.739 1	64.906 1
2	1	33.90 1	64.103 1
2	1	33.1084 1	64.1177 1
2	1	33.249 1	64.1293 1
2	1	33.21 1	64.500 1
2	1	33.198 1	64.592 1
2	1	33.803 1	64.471 1
2	1	33.951 1	64.995 1
2	1	33.419 1	64.967 1
2	1	33.62 1	64.45 1
2	1	33.54 1	64.37 1
2	1	33.740 1	64.907 1
2	1	33.71 1	64.54 1
2	1	33.448 1	64.420 1
4	3	33.585 1 33.586 0.315 33.648 0.155	64.798 1
2	1	33.452 1	64.428 1
2	1	33.1001 1	64.1078 1
2	1	33.593 1	64.714 1
2	1	33.689 1	64.478 1
2	1	33.193 1	64.1106 1
2	1	33.855 1	64.395 1
2	1	33.186 1	64.1124 1
2	1	33.883 1	64.762 1
2	1	33.948 1	64.991 1
2	1	33.86 1	64.80 1
3	2	33.447 1	64.1134 1 64.512 0.303
2	1	33.609 1	64.670 1
2	1	33.777 1	64.1100 1
2	1	33.822 1	64.402 1
2	1	33.1126 1	64.1241 1
2	1	33.784 1	64.830 1
2	1	33.1099 1	64.1229 1
2	1	33.162 1	64.1151 1
2	1	33.647 1	64.562 1
2	1	33.526 1	64.591 1
2	1	33.512 1	64.796 1
2	1	33.604 1	64.677 1
2	1	33.142 1	64.1181 1
6	5	33.848 1	64.1363 0.116 64.1384 1 64.1406 1 64.1419 1 64.1432 1
3	2	33.1137 1	64.1377 1 64.1397 1
2	1	33.320 1	64.363 1
2	1	33.638 1	64.626 1
2	1	33.232 1	64.498 1
2	1	33.393 1	64.455 1
3	2	33.612 1	64.66 1 64.666 1
2	1	33.1199 1	64.1303 1
2	1	33.140 1	64.135 1
2	1	33.607 1	64.1170 1
