Size	Relations	OrthoA	OrthoB
2	1	35.67 1	61.62 1
2	1	35.872 1	61.231 1
2	1	35.69 1	61.63 1
2	1	35.612 1	61.1065 1
2	1	35.1063 1	61.984 1
2	1	35.320 1	61.800 1
2	1	35.1182 1	61.687 1
2	1	35.474 1	61.1137 1
2	1	35.988 1	61.721 1
2	1	35.1069 1	61.1124 1
2	1	35.547 1	61.1305 1
2	1	35.72 1	61.66 1
2	1	35.746 1	61.408 1
2	1	35.1237 1	61.122 1
2	1	35.194 1	61.948 1
2	1	35.449 1	61.1144 1
2	1	35.5 1	61.472 1
2	1	35.603 1	61.1178 1
2	1	35.271 1	61.52 1
2	1	35.521 1	61.1301 1
3	2	35.569 1	61.594 1 61.749 0.104
2	1	35.1220 1	61.1342 1
2	1	35.266 1	61.100 1
2	1	35.1076 1	61.1119 1
2	1	35.601 1	61.1180 1
2	1	35.14 1	61.463 1
2	1	35.4 1	61.473 1
2	1	35.1176 1	61.690 1
2	1	35.176 1	61.544 1
2	1	35.929 1	61.153 1
2	1	35.593 1	61.774 1
2	1	35.1015 1	61.744 1
2	1	35.679 1	61.804 1
2	1	35.142 1	61.1051 1
2	1	35.523 1	61.1303 1
2	1	35.1130 1	61.648 1
2	1	35.118 1	61.1225 1
2	1	35.693 1	61.1324 1
2	1	35.1071 1	61.346 1
2	1	35.1097 1	61.148 1
2	1	35.206 1	61.994 1
2	1	35.326 1	61.1069 1
2	1	35.173 1	61.547 1
2	1	35.270 1	61.53 1
2	1	35.1034 1	61.879 1
2	1	35.1031 1	61.876 1
2	1	35.939 1	61.378 1
2	1	35.1144 1	61.652 1
2	1	35.161 1	61.881 1
2	1	35.106 1	61.1232 1
2	1	35.732 1	61.704 1
2	1	35.923 1	61.1149 1
2	1	35.1164 1	61.515 1
2	1	35.235 1	61.1369 1
2	1	35.609 1	61.260 1
2	1	35.31 1	61.458 1
2	1	35.108 1	61.1230 1
3	2	35.611 1	61.1066 1 61.238 0.829
2	1	35.63 1	61.859 1
2	1	35.934 1	61.936 1
2	1	35.762 1	61.432 1
2	1	35.973 1	61.98 1
2	1	35.311 1	61.20 1
2	1	35.717 1	61.677 1
2	1	35.591 1	61.143 1
2	1	35.360 1	61.368 1
2	1	35.1038 1	61.189 1
2	1	35.998 1	61.733 1
2	1	35.340 1	61.873 1
2	1	35.1022 1	61.904 1
2	1	35.558 1	61.972 1
2	1	35.2 1	61.475 1
2	1	35.205 1	61.993 1
2	1	35.8 1	61.469 1
2	1	35.80 1	61.1312 1
2	1	35.345 1	61.868 1
2	1	35.823 1	61.1079 1
2	1	35.864 1	61.823 1
2	1	35.1260 1	61.894 1
2	1	35.232 1	61.1372 1
2	1	35.866 1	61.821 1
2	1	35.865 1	61.822 1
2	1	35.64 1	61.860 1
2	1	35.383 1	61.374 1
2	1	35.991 1	61.724 1
2	1	35.453 1	61.1140 1
2	1	35.880 1	61.222 1
2	1	35.1117 1	61.1057 1
2	1	35.361 1	61.369 1
2	1	35.287 1	61.44 1
2	1	35.1225 1	61.1269 1
2	1	35.333 1	61.172 1
2	1	35.733 1	61.703 1
2	1	35.1119 1	61.1055 1
2	1	35.1181 1	61.688 1
2	1	35.247 1	61.1368 1
2	1	35.1202 1	61.923 1
2	1	35.1124 1	61.1054 1
2	1	35.796 1	61.1132 1
2	1	35.1127 1	61.645 1
2	1	35.1072 1	61.1123 1
2	1	35.484 1	61.1272 1
2	1	35.73 1	61.67 1
2	1	35.502 1	61.1257 1
2	1	35.1131 1	61.649 1
2	1	35.463 1	61.1038 1
2	1	35.615 1	61.612 1
2	1	35.1128 1	61.646 1
2	1	35.797 1	61.1131 1
2	1	35.268 1	61.55 1
2	1	35.1247 1	61.129 1
2	1	35.1241 1	61.126 1
2	1	35.473 1	61.1136 1
2	1	35.248 1	61.1367 1
2	1	35.1248 1	61.130 1
2	1	35.750 1	61.404 1
2	1	35.1188 1	61.928 1
2	1	35.476 1	61.1287 1
2	1	35.1253 1	61.897 1
2	1	35.342 1	61.871 1
2	1	35.1025 1	61.907 1
2	1	35.881 1	61.448 1
2	1	35.353 1	61.867 1
2	1	35.136 1	61.1046 1
2	1	35.590 1	61.144 1
2	1	35.673 1	61.810 1
2	1	35.555 1	61.969 1
2	1	35.1036 1	61.192 1
2	1	35.830 1	61.504 1
2	1	35.694 1	61.1323 1
2	1	35.780 1	61.341 1
2	1	35.6 1	61.471 1
2	1	35.1171 1	61.521 1
2	1	35.1074 1	61.1121 1
2	1	35.62 1	61.811 1
2	1	35.1250 1	61.132 1
2	1	35.343 1	61.870 1
2	1	35.1103 1	61.246 1
2	1	35.219 1	61.1374 1
2	1	35.1170 1	61.520 1
2	1	35.1245 1	61.127 1
2	1	35.140 1	61.1049 1
2	1	35.990 1	61.723 1
2	1	35.751 1	61.403 1
2	1	35.3 1	61.474 1
2	1	35.233 1	61.1371 1
2	1	35.54 1	61.1341 1
2	1	35.692 1	61.980 1
2	1	35.712 1	61.1293 1
2	1	35.1081 1	61.1334 1
2	1	35.559 1	61.973 1
2	1	35.171 1	61.549 1
2	1	35.129 1	61.1218 1
2	1	35.812 1	61.299 1
2	1	35.735 1	61.702 1
2	1	35.279 1	61.49 1
2	1	35.1014 1	61.743 1
2	1	35.678 1	61.805 1
2	1	35.170 1	61.550 1
2	1	35.1198 1	61.927 1
2	1	35.316 1	61.15 1
2	1	35.915 1	61.1355 1
5	4	35.371 1	61.307 1 61.446 0.138 61.579 0.174 61.599 0.729
2	1	35.148 1	61.1281 1
2	1	35.174 1	61.546 1
2	1	35.924 1	61.1150 1
2	1	35.977 1	61.97 1
2	1	35.406 1	61.133 1
2	1	35.1166 1	61.517 1
2	1	35.873 1	61.230 1
2	1	35.1108 1	61.333 1
2	1	35.763 1	61.433 1
2	1	35.1053 1	61.990 1
2	1	35.295 1	61.36 1
2	1	35.26 1	61.461 1
2	1	35.1180 1	61.689 1
2	1	35.1229 1	61.120 1
2	1	35.441 1	61.162 1
2	1	35.743 1	61.411 1
2	1	35.384 1	61.375 1
2	1	35.207 1	61.995 1
2	1	35.460 1	61.1035 1
2	1	35.676 1	61.807 1
2	1	35.917 1	61.1148 1
2	1	35.738 1	61.698 1
2	1	35.1012 1	61.741 1
2	1	35.278 1	61.50 1
2	1	35.65 1	61.712 1
2	1	35.618 1	61.842 1
2	1	35.914 1	61.1394 1
2	1	35.542 1	61.778 1
2	1	35.277 1	61.51 1
2	1	35.344 1	61.869 1
2	1	35.1029 1	61.874 1
2	1	35.662 1	61.830 1
2	1	35.1062 1	61.985 1
2	1	35.869 1	61.232 1
2	1	35.1073 1	61.1122 1
3	2	35.169 1	61.382 1 61.1227 0.887
2	1	35.874 1	61.229 1
2	1	35.1075 1	61.1120 1
2	1	35.1033 1	61.878 1
2	1	35.147 1	61.1280 1
2	1	35.1035 1	61.880 1
2	1	35.330 1	61.240 1
2	1	35.177 1	61.543 1
2	1	35.1060 1	61.987 1
2	1	35.13 1	61.464 1
2	1	35.1218 1	61.326 1
2	1	35.525 1	61.1304 1
2	1	35.875 1	61.228 1
2	1	35.348 1	61.571 1
2	1	35.217 1	61.1376 1
2	1	35.341 1	61.872 1
2	1	35.804 1	61.1126 1
2	1	35.165 1	61.1398 1
2	1	35.141 1	61.1050 1
2	1	35.462 1	61.1037 1
2	1	35.77 1	61.72 1
2	1	35.56 1	61.1339 1
2	1	35.159 1	61.882 1
2	1	35.329 1	61.239 1
2	1	35.965 1	61.619 1
2	1	35.1068 1	61.105 1
2	1	35.551 1	61.1309 1
4	3	35.607 1	61.234 1 61.694 0.102 61.797 0.167
2	1	35.791 1	61.1322 1
2	1	35.354 1	61.866 1
2	1	35.32 1	61.457 1
2	1	35.861 1	61.826 1
2	1	35.420 1	61.940 1
2	1	35.1233 1	61.121 1
2	1	35.652 1	61.135 1
2	1	35.948 1	61.423 1
2	1	35.1030 1	61.875 1
2	1	35.55 1	61.1340 1
2	1	35.891 1	61.481 1
2	1	35.1013 1	61.742 1
2	1	35.1148 1	61.1263 1
2	1	35.653 1	61.136 1
2	1	35.218 1	61.1375 1
2	1	35.1169 1	61.519 1
2	1	35.102 1	61.1236 1
2	1	35.1249 1	61.131 1
2	1	35.292 1	61.39 1
2	1	35.486 1	61.1271 1
3	2	35.879 1 35.189 0.773	61.225 1
2	1	35.1111 1	61.290 1
2	1	35.298 1	61.33 1
2	1	35.60 1	61.856 1
2	1	35.667 1	61.1101 1
2	1	35.1045 1	61.184 1
2	1	35.737 1	61.699 1
2	1	35.665 1	61.1258 1
2	1	35.705 1	61.300 1
2	1	35.752 1	61.402 1
2	1	35.933 1	61.935 1
2	1	35.1059 1	61.988 1
2	1	35.107 1	61.1231 1
2	1	35.131 1	61.1216 1
2	1	35.1112 1	61.291 1
2	1	35.1066 1	61.108 1
2	1	35.252 1	61.1363 1
2	1	35.1017 1	61.746 1
2	1	35.48 1	61.1172 1
2	1	35.935 1	61.937 1
2	1	35.113 1	61.1228 1
2	1	35.250 1	61.1365 1
2	1	35.1011 1	61.740 1
2	1	35.49 1	61.1171 1
2	1	35.178 1	61.542 1
2	1	35.599 1	61.1181 1
2	1	35.798 1	61.1129 1
2	1	35.318 1	61.13 1
2	1	35.537 1	61.775 1
2	1	35.956 1	61.398 1
2	1	35.137 1	61.1047 1
2	1	35.100 1	61.1238 1
2	1	35.744 1	61.410 1
2	1	35.767 1	61.436 1
2	1	35.186 1	61.582 1
2	1	35.803 1	61.1127 1
2	1	35.138 1	61.611 1
2	1	35.1125 1	61.1053 1
2	1	35.21 1	61.462 1
2	1	35.633 1	61.557 1
2	1	35.293 1	61.38 1
2	1	35.324 1	61.1071 1
2	1	35.859 1	61.1401 1
2	1	35.464 1	61.1039 1
2	1	35.10 1	61.467 1
2	1	35.903 1	61.491 1
2	1	35.992 1	61.725 1
2	1	35.197 1	61.1196 1
2	1	35.668 1	61.1102 1
2	1	35.503 1	61.1256 1
3	2	35.501 1	61.106 1 61.887 0.623
2	1	35.466 1	61.1041 1
2	1	35.51 1	61.1170 1
2	1	35.1118 1	61.1056 1
2	1	35.1239 1	61.124 1
2	1	35.183 1	61.953 1
2	1	35.280 1	61.48 1
2	1	35.321 1	61.801 1
2	1	35.1010 1	61.739 1
2	1	35.817 1	61.1288 1
2	1	35.1110 1	61.289 1
2	1	35.1199 1	61.926 1
2	1	35.994 1	61.732 1
2	1	35.688 1	61.273 1
2	1	35.468 1	61.1043 1
3	2	35.467 1	61.1042 1 61.1247 0.801
2	1	35.1048 1	61.181 1
2	1	35.628 1	61.1162 1
2	1	35.1032 1	61.877 1
2	1	35.332 1	61.171 1
2	1	35.970 1	61.626 1
2	1	35.947 1	61.422 1
2	1	35.822 1	61.1080 1
2	1	35.59 1	61.855 1
2	1	35.367 1	61.94 1
2	1	35.210 1	61.997 1
2	1	35.322 1	61.303 1
2	1	35.588 1	61.762 1
2	1	35.936 1	61.379 1
2	1	35.1175 1	61.691 1
2	1	35.359 1	61.367 1
2	1	35.863 1	61.824 1
2	1	35.312 1	61.19 1
2	1	35.1201 1	61.924 1
2	1	35.513 1	61.1414 1
2	1	35.972 1	61.628 1
5	4	35.405 1	61.1315 0.896 61.1361 0.092 61.159 0.052 61.792 1
2	1	35.212 1	61.1382 1
2	1	35.12 1	61.465 1
2	1	35.716 1	61.678 1
2	1	35.139 1	61.1048 1
2	1	35.307 1	61.24 1
2	1	35.85 1	61.209 1
2	1	35.38 1	61.116 1
2	1	35.913 1	61.1392 1
2	1	35.971 1	61.627 1
2	1	35.28 1	61.434 1
2	1	35.927 1	61.1153 1
2	1	35.901 1	61.489 1
2	1	35.682 1	61.138 1
2	1	35.304 1	61.27 1
2	1	35.179 1	61.541 1
2	1	35.71 1	61.65 1
2	1	35.926 1	61.1152 1
2	1	35.1226 1	61.317 1
2	1	35.961 1	61.1206 1
2	1	35.216 1	61.1377 1
2	1	35.309 1	61.22 1
2	1	35.964 1	61.618 1
2	1	35.741 1	61.1402 1
2	1	35.1184 1	61.929 1
2	1	35.288 1	61.43 1
2	1	35.299 1	61.32 1
2	1	35.878 1	61.226 1
2	1	35.70 1	61.64 1
2	1	35.1227 1	61.119 1
2	1	35.720 1	61.674 1
2	1	35.11 1	61.466 1
2	1	35.465 1	61.1040 1
2	1	35.325 1	61.1070 1
2	1	35.753 1	61.401 1
2	1	35.884 1	61.482 1
2	1	35.416 1	61.747 1
2	1	35.187 1	61.535 1
2	1	35.745 1	61.409 1
2	1	35.1238 1	61.123 1
2	1	35.742 1	61.412 1
2	1	35.249 1	61.1366 1
2	1	35.1044 1	61.185 1
2	1	35.557 1	61.971 1
2	1	35.681 1	61.139 1
2	1	35.699 1	61.943 1
2	1	35.902 1	61.490 1
2	1	35.1104 1	61.245 1
2	1	35.382 1	61.373 1
2	1	35.1183 1	61.930 1
2	1	35.128 1	61.1219 1
2	1	35.381 1	61.372 1
2	1	35.792 1	61.349 1
2	1	35.1149 1	61.1262 1
2	1	35.1132 1	61.650 1
2	1	35.862 1	61.825 1
2	1	35.522 1	61.1302 1
2	1	35.1178 1	61.731 1
2	1	35.172 1	61.548 1
2	1	35.188 1	61.533 1
2	1	35.335 1	61.174 1
2	1	35.549 1	61.1307 1
2	1	35.284 1	61.46 1
2	1	35.1167 1	61.518 1
2	1	35.700 1	61.944 1
2	1	35.1061 1	61.986 1
2	1	35.105 1	61.1233 1
2	1	35.315 1	61.16 1
2	1	35.793 1	61.348 1
2	1	35.472 1	61.1135 1
2	1	35.543 1	61.779 1
2	1	35.768 1	61.437 1
8	12	35.372 1 35.373 1	61.578 1 61.717 1 61.693 0.533 61.1348 0.136 61.979 0.129 61.956 0.120
5	4	35.614 1	61.101 0.778 61.1061 1 61.109 0.833 61.200 0.611
2	1	35.215 1	61.1378 1
2	1	35.310 1	61.21 1
2	1	35.643 1	61.838 1
2	1	35.306 1	61.25 1
2	1	35.701 1	61.945 1
2	1	35.1046 1	61.183 1
2	1	35.576 1	61.587 1
2	1	35.646 1	61.837 1
2	1	35.302 1	61.29 1
2	1	35.300 1	61.31 1
2	1	35.1039 1	61.188 1
2	1	35.1107 1	61.334 1
2	1	35.317 1	61.14 1
2	1	35.967 1	61.622 1
2	1	35.677 1	61.806 1
2	1	35.286 1	61.45 1
18	32	35.573 1 35.1138 1	61.495 1 61.156 1 61.532 0.612 61.600 0.584 61.445 0.494 61.220 0.458 61.505 0.454 61.292 0.334 61.252 0.328 61.1387 0.316 61.755 0.307 61.256 0.305 61.1421 0.240 61.309 0.236 61.563 0.202 61.574 0.157
2	1	35.35 1	61.454 1
2	1	35.57 1	61.1338 1
2	1	35.182 1	61.607 1
2	1	35.355 1	61.277 1
5	4	35.368 1	61.282 0.529 61.344 1 61.429 0.412 61.597 0.510
2	1	35.925 1	61.1151 1
2	1	35.119 1	61.1224 1
2	1	35.214 1	61.1379 1
2	1	35.718 1	61.676 1
2	1	35.876 1	61.227 1
2	1	35.357 1	61.279 1
2	1	35.208 1	61.996 1
2	1	35.220 1	61.1373 1
2	1	35.314 1	61.17 1
2	1	35.931 1	61.933 1
2	1	35.747 1	61.407 1
2	1	35.1085 1	61.1330 1
2	1	35.982 1	61.96 1
2	1	35.461 1	61.1036 1
2	1	35.629 1	61.1161 1
2	1	35.336 1	61.175 1
2	1	35.553 1	61.631 1
3	2	35.366 0.278 35.574 1	61.1155 1
2	1	35.713 1	61.1292 1
2	1	35.297 1	61.34 1
2	1	35.1009 1	61.738 1
2	1	35.1067 1	61.107 1
2	1	35.761 1	61.1397 1
2	1	35.770 1	61.339 1
2	1	35.269 1	61.54 1
2	1	35.362 1	61.370 1
2	1	35.661 1	61.831 1
2	1	35.736 1	61.700 1
4	3	35.617 1	61.1177 0.212 61.420 1 61.559 0.165
2	1	35.45 1	61.1174 1
2	1	35.487 1	61.1270 1
2	1	35.234 1	61.1370 1
2	1	35.483 1	61.1273 1
2	1	35.1047 1	61.182 1
2	1	35.1172 1	61.522 1
2	1	35.1240 1	61.125 1
2	1	35.213 1	61.1380 1
2	1	35.683 1	61.117 1
2	1	35.101 1	61.1237 1
2	1	35.1165 1	61.516 1
2	1	35.34 1	61.455 1
2	1	35.303 1	61.28 1
2	1	35.659 1	61.833 1
2	1	35.7 1	61.470 1
2	1	35.296 1	61.35 1
2	1	35.308 1	61.23 1
2	1	35.33 1	61.456 1
2	1	35.832 1	61.828 1
2	1	35.993 1	61.728 1
2	1	35.512 1	61.1413 1
2	1	35.548 1	61.1306 1
2	1	35.526 1	61.215 1
2	1	35.132 1	61.1214 1
2	1	35.294 1	61.37 1
2	1	35.120 1	61.608 1
2	1	35.291 1	61.40 1
2	1	35.490 1	61.903 1
2	1	35.267 1	61.56 1
2	1	35.1105 1	61.244 1
2	1	35.289 1	61.42 1
2	1	35.411 1	61.177 1
2	1	35.571 1	61.425 1
2	1	35.658 1	61.835 1
3	2	35.789 1 35.790 0.820	61.1321 1
2	1	35.104 1	61.1234 1
2	1	35.932 1	61.934 1
2	1	35.470 1	61.1134 1
2	1	35.819 1	61.552 1
2	1	35.930 1	61.932 1
2	1	35.46 1	61.1173 1
3	2	35.610 1	61.261 1 61.814 0.710
2	1	35.554 1	61.630 1
2	1	35.1109 1	61.332 1
2	1	35.446 1	61.1265 1
2	1	35.175 1	61.545 1
2	1	35.511 1	61.1412 1
2	1	35.627 1	61.1163 1
2	1	35.74 1	61.68 1
2	1	35.802 1	61.1128 1
2	1	35.1051 1	61.178 1
2	1	35.969 1	61.625 1
2	1	35.541 1	61.776 1
4	4	35.654 1 35.773 0.349	61.1316 1 61.524 0.083
2	1	35.439 1	61.1204 1
2	1	35.968 1	61.623 1
2	1	35.301 1	61.30 1
2	1	35.196 1	61.946 1
2	1	35.1064 1	61.983 1
2	1	35.9 1	61.468 1
2	1	35.103 1	61.1235 1
2	1	35.660 1	61.832 1
2	1	35.319 1	61.799 1
2	1	35.805 1	61.1125 1
2	1	35.755 1	61.399 1
2	1	35.127 1	61.1221 1
2	1	35.587 1	61.1268 1
2	1	35.1208 1	61.1428 1
2	1	35.1088 1	61.1329 1
12	11	35.375 1	61.1346 1 61.1389 0.719 61.335 0.281 61.576 0.125 61.606 0.156 61.656 0.312 61.659 0.375 61.680 0.250 61.757 0.375 61.764 0.156 61.771 0.250
2	1	35.550 1	61.1308 1
2	1	35.1246 1	61.128 1
2	1	35.684 1	61.137 1
2	1	35.598 1	61.360 1
2	1	35.313 1	61.18 1
2	1	35.36 1	61.453 1
2	1	35.1163 1	61.514 1
2	1	35.1049 1	61.180 1
2	1	35.195 1	61.947 1
2	1	35.30 1	61.459 1
2	1	35.520 1	61.1300 1
2	1	35.109 1	61.1229 1
2	1	35.117 1	61.1226 1
2	1	35.518 1	61.1298 1
2	1	35.1129 1	61.647 1
2	1	35.380 1	61.371 1
2	1	35.960 1	61.1208 1
2	1	35.328 1	61.1068 1
2	1	35.638 1	61.773 1
2	1	35.265 1	61.99 1
2	1	35.708 1	61.1294 1
2	1	35.130 1	61.1217 1
2	1	35.184 1	61.952 1
2	1	35.1024 1	61.906 1
2	1	35.1082 1	61.1333 1
2	1	35.740 1	61.1403 1
2	1	35.356 1	61.278 1
2	1	35.940 1	61.377 1
2	1	35.305 1	61.26 1
7	6	35.572 1	61.1064 0.057 61.330 0.072 61.359 1 61.391 0.110 61.438 0.118 61.589 0.622
2	1	35.781 1	61.1320 1
2	1	35.999 1	61.735 1
2	1	35.1200 1	61.925 1
2	1	35.687 1	61.274 1
2	1	35.962 1	61.1205 1
2	1	35.497 1	61.901 1
2	1	35.504 1	61.1411 1
5	4	35.369 1	61.283 1 61.430 0.734 61.598 0.751 61.93 0.821
2	1	35.211 1	61.1383 1
2	1	35.691 1	61.981 1
2	1	35.562 1	61.1426 1
2	1	35.754 1	61.400 1
2	1	35.75 1	61.716 1
2	1	35.1008 1	61.737 1
2	1	35.1023 1	61.905 1
2	1	35.1028 1	61.808 1
2	1	35.739 1	61.1405 1
2	1	35.916 1	61.1354 1
2	1	35.1050 1	61.179 1
2	1	35.146 1	61.1279 1
2	1	35.719 1	61.675 1
2	1	35.1155 1	61.323 1
12	11	35.1136 1	61.1388 0.937 61.214 0.952 61.219 0.145 61.253 0.148 61.257 0.089 61.337 0.158 61.386 0.091 61.575 0.686 61.756 1 61.766 0.065 61.785 0.154
2	1	35.516 1	61.1274 1
2	1	35.556 1	61.970 1
2	1	35.1078 1	61.1117 1
2	1	35.1244 1	61.250 1
2	1	35.150 1	61.262 1
2	1	35.1101 1	61.147 1
2	1	35.989 1	61.722 1
2	1	35.1252 1	61.898 1
2	1	35.714 1	61.679 1
2	1	35.748 1	61.406 1
2	1	35.695 1	61.783 1
2	1	35.200 1	61.325 1
2	1	35.813 1	61.298 1
2	1	35.984 1	61.1399 1
2	1	35.535 1	61.1260 1
4	3	35.110 1 35.111 0.344 35.1203 0.103	61.1415 1
3	2	35.1209 1 35.419 0.082	61.1311 1
2	1	35.66 1	61.61 1
2	1	35.602 1	61.1179 1
2	1	35.749 1	61.405 1
5	4	35.402 1	61.1314 1 61.1345 0.061 61.840 0.526 61.966 0.075
2	1	35.647 1	61.836 1
2	1	35.666 1	61.1100 1
2	1	35.698 1	61.942 1
2	1	35.1016 1	61.745 1
2	1	35.198 1	61.1197 1
2	1	35.76 1	61.71 1
2	1	35.290 1	61.41 1
2	1	35.58 1	61.1337 1
2	1	35.867 1	61.820 1
4	3	35.594 1 35.595 0.319 35.657 0.158	61.1297 1
2	1	35.963 1	61.617 1
2	1	35.898 1	61.968 1
2	1	35.552 1	61.632 1
2	1	35.190 1	61.950 1
2	1	35.454 1	61.264 1
2	1	35.674 1	61.809 1
2	1	35.833 1	61.827 1
2	1	35.987 1	61.720 1
2	1	35.1065 1	61.982 1
2	1	35.1052 1	61.992 1
2	1	35.347 1	61.705 1
2	1	35.1143 1	61.651 1
2	1	35.1116 1	61.1059 1
3	2	35.860 1	61.158 0.598 61.537 1
2	1	35.946 1	61.421 1
2	1	35.451 1	61.1146 1
2	1	35.606 1	61.1384 1
3	2	35.621 1	61.1165 0.826 61.845 1
2	1	35.966 1	61.620 1
2	1	35.445 1	61.1142 1
16	15	35.1141 1	61.1021 0.354 61.1347 0.248 61.212 0.281 61.509 0.271 61.577 0.356 61.605 0.341 61.655 1 61.660 0.291 61.681 0.383 61.709 0.368 61.758 0.303 61.765 0.069 61.772 0.081 61.794 0.091 61.975 0.142
2	1	35.238 1	61.1249 1
2	1	35.390 1	61.328 1
2	1	35.623 1	61.567 1
2	1	35.1156 1	61.321 1
