Size	Relations	OrthoA	OrthoB
2	1	35.67 1	62.384 1
2	1	35.872 1	62.1193 1
2	1	35.69 1	62.385 1
5	4	35.612 1	62.1732 0.368 62.1836 0.234 62.647 1 62.900 0.145
2	1	35.320 1	62.634 1
2	1	35.1063 1	62.97 1
2	1	35.1182 1	62.1654 1
2	1	35.474 1	62.1111 1
2	1	35.1069 1	62.109 1
2	1	35.988 1	62.2097 1
2	1	35.1237 1	62.352 1
2	1	35.547 1	62.1972 1
2	1	35.72 1	62.388 1
2	1	35.194 1	62.861 1
2	1	35.746 1	62.1013 1
2	1	35.449 1	62.1147 1
2	1	35.603 1	62.1783 1
2	1	35.5 1	62.310 1
2	1	35.271 1	62.371 1
2	1	35.179 1	62.1337 1
2	1	35.521 1	62.1968 1
2	1	35.1220 1	62.1707 1
3	2	35.569 1	62.779 0.164 62.957 1
2	1	35.170 1	62.916 1
2	1	35.266 1	62.363 1
2	1	35.601 1	62.1781 1
2	1	35.1076 1	62.125 1
2	1	35.4 1	62.309 1
2	1	35.14 1	62.319 1
2	1	35.593 1	62.569 1
2	1	35.1176 1	62.1618 1
2	1	35.142 1	62.457 1
2	1	35.929 1	62.1281 1
2	1	35.1097 1	62.925 1
2	1	35.176 1	62.1333 1
2	1	35.679 1	62.1511 1
2	1	35.1015 1	62.2063 1
2	1	35.1130 1	62.2019 1
2	1	35.693 1	62.2130 1
2	1	35.523 1	62.1970 1
2	1	35.1071 1	62.1377 1
2	1	35.326 1	62.507 1
2	1	35.118 1	62.444 1
2	1	35.1034 1	62.1324 1
2	1	35.270 1	62.370 1
2	1	35.206 1	62.87 1
2	1	35.1031 1	62.1321 1
2	1	35.173 1	62.919 1
2	1	35.161 1	62.921 1
2	1	35.106 1	62.437 1
2	1	35.939 1	62.1286 1
2	1	35.732 1	62.50 1
2	1	35.1228 1	62.1716 1
2	1	35.923 1	62.1276 1
2	1	35.934 1	62.1384 1
2	1	35.1164 1	62.1629 1
2	1	35.31 1	62.263 1
6	5	35.609 1	62.1729 0.943 62.1833 0.804 62.650 0.835 62.903 0.753 62.991 1
2	1	35.63 1	62.343 1
2	1	35.108 1	62.439 1
2	1	35.762 1	62.1026 1
2	1	35.591 1	62.1568 1
5	4	35.611 1	62.172 0.558 62.1731 0.608 62.1835 1 62.648 0.617
2	1	35.235 1	62.64 1
2	1	35.973 1	62.1401 1
2	1	35.311 1	62.495 1
2	1	35.717 1	62.897 1
2	1	35.340 1	62.1318 1
2	1	35.998 1	62.2076 1
2	1	35.360 1	62.1299 1
2	1	35.1038 1	62.532 1
2	1	35.345 1	62.1313 1
2	1	35.2 1	62.307 1
2	1	35.205 1	62.88 1
2	1	35.80 1	62.408 1
2	1	35.64 1	62.344 1
2	1	35.416 1	62.1984 1
2	1	35.865 1	62.1189 1
2	1	35.558 1	62.625 1
2	1	35.1022 1	62.2044 1
2	1	35.866 1	62.1190 1
2	1	35.864 1	62.1188 1
2	1	35.1260 1	62.306 1
2	1	35.232 1	62.67 1
2	1	35.991 1	62.2094 1
2	1	35.8 1	62.313 1
2	1	35.823 1	62.1172 1
2	1	35.405 1	62.1344 1
2	1	35.457 1	62.1141 1
2	1	35.383 1	62.1293 1
2	1	35.1117 1	62.2027 1
2	1	35.797 1	62.553 1
2	1	35.1225 1	62.1789 1
2	1	35.880 1	62.1223 1
2	1	35.453 1	62.1145 1
2	1	35.733 1	62.51 1
2	1	35.361 1	62.1298 1
2	1	35.1181 1	62.1653 1
2	1	35.1124 1	62.2024 1
2	1	35.287 1	62.158 1
2	1	35.1072 1	62.121 1
2	1	35.333 1	62.514 1
2	1	35.247 1	62.63 1
2	1	35.1202 1	62.1663 1
2	1	35.73 1	62.389 1
2	1	35.1127 1	62.2022 1
2	1	35.796 1	62.554 1
2	1	35.577 1	62.668 1
2	1	35.463 1	62.1134 1
2	1	35.1119 1	62.2025 1
2	1	35.1128 1	62.2021 1
2	1	35.502 1	62.26 1
2	1	35.615 1	62.938 1
2	1	35.1131 1	62.2018 1
2	1	35.484 1	62.1064 1
2	1	35.1241 1	62.295 1
2	1	35.268 1	62.365 1
2	1	35.590 1	62.1567 1
2	1	35.473 1	62.1115 1
2	1	35.1247 1	62.298 1
2	1	35.1248 1	62.299 1
2	1	35.248 1	62.62 1
2	1	35.830 1	62.1181 1
2	1	35.342 1	62.1316 1
2	1	35.1025 1	62.2041 1
2	1	35.353 1	62.1312 1
2	1	35.750 1	62.1017 1
2	1	35.881 1	62.1222 1
2	1	35.28 1	62.268 1
2	1	35.202 1	62.620 1
2	1	35.1253 1	62.303 1
2	1	35.476 1	62.1101 1
2	1	35.1188 1	62.1657 1
2	1	35.136 1	62.452 1
2	1	35.985 1	62.2101 1
2	1	35.673 1	62.1517 1
2	1	35.1037 1	62.1326 1
2	1	35.780 1	62.1060 1
2	1	35.62 1	62.342 1
2	1	35.1074 1	62.123 1
2	1	35.1171 1	62.1623 1
2	1	35.1250 1	62.301 1
2	1	35.188 1	62.360 1
2	1	35.1103 1	62.1918 1
2	1	35.1245 1	62.296 1
2	1	35.6 1	62.311 1
2	1	35.3 1	62.308 1
2	1	35.343 1	62.1315 1
2	1	35.694 1	62.2131 1
2	1	35.692 1	62.101 1
2	1	35.990 1	62.2095 1
2	1	35.219 1	62.69 1
2	1	35.751 1	62.1018 1
2	1	35.1110 1	62.1924 1
2	1	35.140 1	62.455 1
2	1	35.555 1	62.622 1
2	1	35.559 1	62.626 1
2	1	35.233 1	62.66 1
2	1	35.1170 1	62.1624 1
2	1	35.54 1	62.227 1
2	1	35.915 1	62.1272 1
2	1	35.735 1	62.52 1
2	1	35.171 1	62.917 1
2	1	35.678 1	62.1512 1
2	1	35.1081 1	62.142 1
2	1	35.279 1	62.374 1
2	1	35.1198 1	62.1658 1
2	1	35.917 1	62.1275 1
2	1	35.812 1	62.2155 1
2	1	35.129 1	62.448 1
2	1	35.859 1	62.1008 1
2	1	35.873 1	62.1194 1
2	1	35.316 1	62.500 1
2	1	35.977 1	62.1402 1
2	1	35.1053 1	62.91 1
2	1	35.1166 1	62.1627 1
6	5	35.371 1	62.1073 0.720 62.245 0.754 62.329 1 62.767 0.775 62.945 0.824
2	1	35.662 1	62.1584 1
2	1	35.743 1	62.1010 1
2	1	35.1108 1	62.1922 1
2	1	35.148 1	62.149 1
2	1	35.441 1	62.38 1
2	1	35.924 1	62.1277 1
2	1	35.295 1	62.479 1
2	1	35.1180 1	62.1652 1
2	1	35.384 1	62.1292 1
2	1	35.542 1	62.575 1
2	1	35.763 1	62.1027 1
2	1	35.460 1	62.1137 1
2	1	35.618 1	62.936 1
2	1	35.186 1	62.1357 1
2	1	35.26 1	62.321 1
2	1	35.207 1	62.86 1
2	1	35.676 1	62.1514 1
2	1	35.1229 1	62.1717 1
2	1	35.278 1	62.373 1
2	1	35.341 1	62.1317 1
2	1	35.344 1	62.1314 1
2	1	35.65 1	62.345 1
2	1	35.1029 1	62.1319 1
2	1	35.1062 1	62.96 1
2	1	35.1012 1	62.2067 1
2	1	35.189 1	62.361 1
2	1	35.1073 1	62.122 1
2	1	35.277 1	62.372 1
2	1	35.78 1	62.404 1
2	1	35.914 1	62.1271 1
2	1	35.1035 1	62.1325 1
3	2	35.169 1	62.915 1 62.442 0.887
2	1	35.869 1	62.1192 1
2	1	35.177 1	62.1334 1
2	1	35.13 1	62.318 1
2	1	35.875 1	62.1196 1
2	1	35.822 1	62.1171 1
2	1	35.330 1	62.511 1
2	1	35.738 1	62.1004 1
2	1	35.1075 1	62.124 1
2	1	35.147 1	62.150 1
2	1	35.217 1	62.71 1
2	1	35.874 1	62.1195 1
2	1	35.1033 1	62.1323 1
2	1	35.525 1	62.1971 1
2	1	35.804 1	62.543 1
2	1	35.986 1	62.2100 1
2	1	35.817 1	62.1098 1
2	1	35.1060 1	62.94 1
2	1	35.1178 1	62.2078 1
2	1	35.462 1	62.1135 1
2	1	35.56 1	62.225 1
2	1	35.791 1	62.563 1
2	1	35.60 1	62.221 1
2	1	35.159 1	62.922 1
2	1	35.406 1	62.1205 1
2	1	35.551 1	62.1978 1
2	1	35.1068 1	62.108 1
2	1	35.329 1	62.510 1
2	1	35.141 1	62.456 1
2	1	35.576 1	62.667 1
2	1	35.861 1	62.1184 1
2	1	35.32 1	62.262 1
2	1	35.652 1	62.1406 1
2	1	35.1013 1	62.2066 1
2	1	35.1111 1	62.1925 1
2	1	35.354 1	62.1311 1
2	1	35.1169 1	62.1625 1
2	1	35.218 1	62.70 1
2	1	35.891 1	62.1238 1
2	1	35.1233 1	62.1718 1
2	1	35.667 1	62.1441 1
2	1	35.1148 1	62.2008 1
2	1	35.55 1	62.226 1
2	1	35.102 1	62.433 1
2	1	35.653 1	62.1407 1
2	1	35.1249 1	62.300 1
2	1	35.298 1	62.482 1
2	1	35.1144 1	62.2014 1
2	1	35.1045 1	62.527 1
2	1	35.292 1	62.476 1
2	1	35.665 1	62.15 1
2	1	35.879 1	62.1199 1
3	2	35.486 1	62.1063 1 62.1579 0.700
2	1	35.752 1	62.1019 1
2	1	35.737 1	62.1002 1
2	1	35.607 1	62.1944 1
2	1	35.948 1	62.1469 1
2	1	35.107 1	62.438 1
2	1	35.128 1	62.447 1
2	1	35.252 1	62.1351 1
2	1	35.1059 1	62.93 1
2	1	35.113 1	62.441 1
2	1	35.933 1	62.1385 1
2	1	35.331 1	62.512 1
2	1	35.599 1	62.1780 1
2	1	35.1030 1	62.1320 1
2	1	35.1066 1	62.105 1
2	1	35.324 1	62.505 1
2	1	35.1011 1	62.2068 1
2	1	35.1017 1	62.2061 1
2	1	35.131 1	62.450 1
2	1	35.705 1	62.2154 1
2	1	35.178 1	62.1335 1
2	1	35.411 1	62.689 1
2	1	35.537 1	62.572 1
2	1	35.48 1	62.231 1
2	1	35.528 1	62.1534 1
2	1	35.798 1	62.551 1
2	1	35.1112 1	62.1926 1
2	1	35.21 1	62.320 1
2	1	35.604 1	62.1784 1
2	1	35.767 1	62.1043 1
2	1	35.197 1	62.864 1
2	1	35.1125 1	62.2023 1
2	1	35.49 1	62.230 1
2	1	35.956 1	62.1376 1
2	1	35.318 1	62.502 1
2	1	35.936 1	62.1285 1
2	1	35.992 1	62.2093 1
2	1	35.321 1	62.635 1
2	1	35.100 1	62.431 1
2	1	35.744 1	62.1011 1
2	1	35.935 1	62.1383 1
2	1	35.10 1	62.315 1
2	1	35.137 1	62.453 1
2	1	35.633 1	62.1528 1
2	1	35.322 1	62.2104 1
2	1	35.1239 1	62.293 1
2	1	35.183 1	62.856 1
2	1	35.464 1	62.1133 1
2	1	35.293 1	62.477 1
2	1	35.668 1	62.1442 1
2	1	35.468 1	62.1129 1
2	1	35.1014 1	62.2065 1
2	1	35.903 1	62.1265 1
3	2	35.1010 1	62.2069 1 62.1556 0.759
2	1	35.466 1	62.1131 1
5	4	35.501 1	62.107 1 62.117 0.756 62.1450 0.756 62.1870 0.754
2	1	35.503 1	62.27 1
2	1	35.367 1	62.764 1
2	1	35.51 1	62.229 1
2	1	35.628 1	62.1597 1
2	1	35.970 1	62.1364 1
2	1	35.210 1	62.83 1
2	1	35.332 1	62.513 1
2	1	35.1032 1	62.1322 1
2	1	35.947 1	62.1470 1
2	1	35.1048 1	62.524 1
2	1	35.1118 1	62.2026 1
3	2	35.467 1	62.1130 1 62.2126 0.731
2	1	35.59 1	62.222 1
2	1	35.212 1	62.77 1
2	1	35.1175 1	62.1619 1
2	1	35.312 1	62.496 1
2	1	35.972 1	62.1359 1
2	1	35.994 1	62.2077 1
2	1	35.863 1	62.1187 1
2	1	35.12 1	62.317 1
2	1	35.688 1	62.1755 1
2	1	35.787 1	62.1851 1
2	1	35.1199 1	62.1659 1
6	5	35.372 1	62.1689 0.891 62.244 0.932 62.328 0.069 62.768 0.939 62.946 1
2	1	35.280 1	62.375 1
2	1	35.359 1	62.1300 1
2	1	35.307 1	62.491 1
2	1	35.588 1	62.1552 1
2	1	35.1201 1	62.1662 1
2	1	35.85 1	62.413 1
2	1	35.945 1	62.1480 1
2	1	35.250 1	62.60 1
2	1	35.971 1	62.1360 1
2	1	35.741 1	62.1007 1
2	1	35.77 1	62.397 1
2	1	35.139 1	62.454 1
2	1	35.38 1	62.254 1
2	1	35.513 1	62.1080 1
2	1	35.927 1	62.1280 1
2	1	35.677 1	62.1513 1
2	1	35.74 1	62.392 1
2	1	35.304 1	62.488 1
2	1	35.993 1	62.2084 1
2	1	35.901 1	62.1263 1
2	1	35.71 1	62.387 1
2	1	35.803 1	62.549 1
2	1	35.288 1	62.157 1
2	1	35.926 1	62.1279 1
2	1	35.309 1	62.493 1
2	1	35.216 1	62.72 1
3	2	35.402 1	62.1815 0.343 62.888 1
2	1	35.1184 1	62.1656 1
2	1	35.878 1	62.1198 1
2	1	35.299 1	62.483 1
2	1	35.968 1	62.1366 1
2	1	35.325 1	62.506 1
2	1	35.403 1	62.1766 1
2	1	35.1044 1	62.528 1
2	1	35.1212 1	62.1671 1
2	1	35.643 1	62.1574 1
2	1	35.1238 1	62.292 1
2	1	35.132 1	62.451 1
2	1	35.699 1	62.2150 1
2	1	35.249 1	62.61 1
2	1	35.753 1	62.1020 1
2	1	35.70 1	62.386 1
2	1	35.1227 1	62.1715 1
2	1	35.11 1	62.316 1
2	1	35.1174 1	62.1620 1
2	1	35.120 1	62.850 1
2	1	35.529 1	62.1535 1
2	1	35.792 1	62.562 1
2	1	35.465 1	62.1132 1
2	1	35.720 1	62.894 1
2	1	35.381 1	62.1295 1
2	1	35.681 1	62.1508 1
2	1	35.745 1	62.1012 1
2	1	35.1061 1	62.95 1
2	1	35.1183 1	62.1655 1
2	1	35.557 1	62.624 1
2	1	35.884 1	62.1237 1
2	1	35.1132 1	62.2017 1
2	1	35.382 1	62.1294 1
2	1	35.1104 1	62.1919 1
3	2	35.683 1	62.255 1 62.256 0.067
2	1	35.768 1	62.1044 1
2	1	35.1149 1	62.2007 1
2	1	35.742 1	62.1009 1
2	1	35.543 1	62.576 1
2	1	35.335 1	62.516 1
2	1	35.608 1	62.2050 1
2	1	35.902 1	62.1264 1
2	1	35.984 1	62.1404 1
2	1	35.849 1	62.684 1
2	1	35.1167 1	62.1626 1
2	1	35.806 1	62.541 1
2	1	35.162 1	62.920 1
2	1	35.315 1	62.499 1
2	1	35.862 1	62.1186 1
2	1	35.138 1	62.1361 1
5	4	35.573 1	62.1958 0.566 62.240 1 62.772 0.576 62.950 0.569
2	1	35.646 1	62.1575 1
2	1	35.605 1	62.1785 1
2	1	35.284 1	62.160 1
2	1	35.522 1	62.1969 1
2	1	35.1046 1	62.526 1
2	1	35.105 1	62.436 1
2	1	35.1109 1	62.1923 1
2	1	35.172 1	62.918 1
2	1	35.300 1	62.484 1
2	1	35.306 1	62.490 1
2	1	35.913 1	62.1269 1
2	1	35.317 1	62.501 1
2	1	35.472 1	62.1122 1
2	1	35.700 1	62.2151 1
2	1	35.1039 1	62.531 1
2	1	35.1113 1	62.2031 1
2	1	35.702 1	62.2153 1
2	1	35.310 1	62.494 1
2	1	35.215 1	62.73 1
2	1	35.697 1	62.2142 1
2	1	35.967 1	62.1367 1
2	1	35.182 1	62.849 1
2	1	35.104 1	62.435 1
2	1	35.456 1	62.1142 1
3	2	35.614 1	62.177 0.485 62.939 1
2	1	35.357 1	62.1308 1
2	1	35.302 1	62.486 1
2	1	35.57 1	62.224 1
2	1	35.701 1	62.2152 1
2	1	35.931 1	62.1387 1
2	1	35.168 1	62.914 1
2	1	35.1107 1	62.1921 1
2	1	35.214 1	62.74 1
2	1	35.718 1	62.896 1
3	2	35.617 1	62.186 1 62.937 0.793
2	1	35.832 1	62.1182 1
2	1	35.876 1	62.1197 1
2	1	35.119 1	62.445 1
2	1	35.286 1	62.159 1
2	1	35.355 1	62.1310 1
2	1	35.1085 1	62.146 1
2	1	35.269 1	62.369 1
5	4	35.368 1	62.1071 0.096 62.1686 0.562 62.247 0.667 62.765 1
2	1	35.574 1	62.763 1
2	1	35.925 1	62.1278 1
2	1	35.35 1	62.259 1
2	1	35.45 1	62.252 1
2	1	35.526 1	62.1533 1
2	1	35.807 1	62.540 1
2	1	35.314 1	62.498 1
2	1	35.461 1	62.1136 1
2	1	35.487 1	62.1062 1
2	1	35.736 1	62.1001 1
2	1	35.1009 1	62.2070 1
2	1	35.220 1	62.68 1
2	1	35.978 1	62.1554 1
2	1	35.297 1	62.481 1
2	1	35.1067 1	62.106 1
2	1	35.483 1	62.1065 1
2	1	35.553 1	62.1982 1
2	1	35.629 1	62.1596 1
2	1	35.1047 1	62.525 1
2	1	35.362 1	62.1297 1
2	1	35.571 1	62.1409 1
2	1	35.33 1	62.261 1
2	1	35.1172 1	62.1621 1
2	1	35.267 1	62.364 1
2	1	35.658 1	62.1578 1
3	2	35.481 1 35.482 0.187	62.714 1
2	1	35.695 1	62.2132 1
2	1	35.747 1	62.1014 1
2	1	35.960 1	62.1375 1
2	1	35.439 1	62.1163 1
2	1	35.987 1	62.2098 1
2	1	35.1165 1	62.1628 1
2	1	35.303 1	62.487 1
2	1	35.793 1	62.557 1
2	1	35.1102 1	62.1916 1
2	1	35.805 1	62.542 1
2	1	35.848 1	62.685 1
2	1	35.982 1	62.1403 1
2	1	35.101 1	62.432 1
2	1	35.208 1	62.1146 1
2	1	35.234 1	62.65 1
2	1	35.296 1	62.480 1
2	1	35.308 1	62.492 1
2	1	35.434 1	62.1166 1
2	1	35.661 1	62.1583 1
2	1	35.7 1	62.312 1
2	1	35.34 1	62.260 1
2	1	35.961 1	62.1374 1
2	1	35.291 1	62.475 1
2	1	35.470 1	62.1123 1
2	1	35.541 1	62.574 1
2	1	35.548 1	62.1973 1
2	1	35.294 1	62.478 1
2	1	35.1240 1	62.294 1
2	1	35.682 1	62.1507 1
6	8	35.654 1 35.773 0.331	62.1047 0.092 62.1185 0.123 62.1869 0.108 62.566 1
2	1	35.75 1	62.394 1
2	1	35.1105 1	62.1920 1
2	1	35.351 1	62.1328 1
2	1	35.358 1	62.1303 1
2	1	35.436 1	62.1164 1
2	1	35.1211 1	62.1670 1
2	1	35.196 1	62.863 1
2	1	35.512 1	62.1081 1
2	1	35.739 1	62.1005 1
2	1	35.930 1	62.1388 1
2	1	35.1221 1	62.1706 1
2	1	35.696 1	62.2139 1
2	1	35.932 1	62.1386 1
8	7	35.610 1	62.171 0.867 62.1730 1 62.1834 0.733 62.602 0.733 62.649 0.833 62.902 0.867 62.990 1
2	1	35.898 1	62.1262 1
2	1	35.946 1	62.1479 1
2	1	35.46 1	62.251 1
3	2	35.789 1 35.790 0.769	62.564 1
2	1	35.802 1	62.550 1
2	1	35.1051 1	62.521 1
2	1	35.348 1	62.1327 1
3	2	35.446 1	62.1148 0.074 62.2009 1
2	1	35.511 1	62.1082 1
2	1	35.554 1	62.1983 1
2	1	35.99 1	62.430 1
2	1	35.103 1	62.434 1
2	1	35.660 1	62.1582 1
2	1	35.327 1	62.508 1
2	1	35.549 1	62.1976 1
3	2	35.447 1	62.53 0.058 62.960 1
2	1	35.819 1	62.1099 1
2	1	35.127 1	62.446 1
2	1	35.9 1	62.314 1
2	1	35.1049 1	62.523 1
2	1	35.301 1	62.485 1
2	1	35.1064 1	62.98 1
2	1	35.1246 1	62.297 1
2	1	35.755 1	62.1022 1
2	1	35.770 1	62.788 1
2	1	35.516 1	62.1389 1
2	1	35.598 1	62.1570 1
2	1	35.764 1	62.1028 1
2	1	35.969 1	62.1365 1
2	1	35.200 1	62.617 1
2	1	35.117 1	62.443 1
2	1	35.30 1	62.264 1
2	1	35.96 1	62.429 1
2	1	35.313 1	62.497 1
2	1	35.1065 1	62.99 1
2	1	35.36 1	62.258 1
2	1	35.435 1	62.1165 1
7	6	35.375 1	62.1613 0.171 62.1691 1 62.1739 1 62.242 0.143 62.770 0.200 62.948 0.171
2	1	35.305 1	62.489 1
2	1	35.490 1	62.2045 1
2	1	35.1088 1	62.147 1
2	1	35.109 1	62.440 1
2	1	35.1129 1	62.2020 1
2	1	35.130 1	62.449 1
2	1	35.535 1	62.1423 1
2	1	35.550 1	62.1977 1
2	1	35.889 1	62.1588 1
2	1	35.955 1	62.571 1
2	1	35.356 1	62.1309 1
2	1	35.1082 1	62.143 1
2	1	35.380 1	62.1296 1
2	1	35.184 1	62.857 1
2	1	35.209 1	62.84 1
2	1	35.328 1	62.509 1
2	1	35.319 1	62.633 1
2	1	35.648 1	62.1576 1
2	1	35.90 1	62.419 1
2	1	35.962 1	62.1373 1
2	1	35.1024 1	62.2042 1
2	1	35.213 1	62.75 1
2	1	35.999 1	62.2075 1
2	1	35.504 1	62.1083 1
2	1	35.562 1	62.669 1
2	1	35.638 1	62.567 1
2	1	35.740 1	62.1006 1
6	5	35.369 1	62.1687 0.769 62.246 0.688 62.330 0.676 62.766 1 62.944 0.682
2	1	35.687 1	62.1756 1
2	1	35.1027 1	62.1397 1
2	1	35.211 1	62.78 1
2	1	35.289 1	62.156 1
2	1	35.520 1	62.1967 1
2	1	35.781 1	62.565 1
2	1	35.1200 1	62.1661 1
2	1	35.175 1	62.1332 1
2	1	35.336 1	62.517 1
2	1	35.754 1	62.1021 1
2	1	35.1023 1	62.2043 1
2	1	35.290 1	62.155 1
2	1	35.389 1	62.2118 1
15	14	35.572 1	62.1410 1 62.1413 0.129 62.1600 0.158 62.175 0.282 62.1905 0.158 62.1957 0.170 62.2114 0.266 62.238 0.266 62.283 0.074 62.610 0.306 62.646 0.108 62.773 0.132 62.899 0.256 62.951 0.228
2	1	35.1163 1	62.1630 1
2	1	35.497 1	62.2048 1
2	1	35.666 1	62.1440 1
2	1	35.659 1	62.1581 1
2	1	35.1008 1	62.2071 1
2	1	35.1050 1	62.522 1
2	1	35.1078 1	62.128 1
2	1	35.1114 1	62.2030 1
2	1	35.373 1	62.1075 1
2	1	35.1042 1	62.529 1
2	1	35.81 1	62.409 1
2	1	35.1028 1	62.1515 1
2	1	35.419 1	62.407 1
2	1	35.719 1	62.895 1
7	6	35.1136 1	62.1693 0.118 62.1959 0.956 62.2111 0.093 62.241 0.967 62.771 0.955 62.949 1
2	1	35.691 1	62.100 1
2	1	35.916 1	62.1273 1
2	1	35.265 1	62.362 1
2	1	35.556 1	62.623 1
2	1	35.821 1	62.1100 1
2	1	35.346 1	62.1240 1
2	1	35.606 1	62.1786 1
2	1	35.748 1	62.1015 1
2	1	35.262 1	62.1666 1
2	1	35.714 1	62.1417 1
2	1	35.146 1	62.151 1
2	1	35.885 1	62.1585 1
2	1	35.989 1	62.2096 1
2	1	35.813 1	62.2156 1
2	1	35.602 1	62.1782 1
2	1	35.1057 1	62.92 1
2	1	35.66 1	62.383 1
2	1	35.749 1	62.1016 1
4	3	35.110 1 35.111 0.348 35.1203 0.105	62.1079 1
2	1	35.58 1	62.223 1
2	1	35.867 1	62.1191 1
2	1	35.88 1	62.418 1
2	1	35.187 1	62.113 1
2	1	35.198 1	62.865 1
2	1	35.76 1	62.395 1
2	1	35.766 1	62.1042 1
2	1	35.195 1	62.862 1
3	2	35.454 1	62.1329 1 62.1745 0.268
2	1	35.698 1	62.2149 1
2	1	35.95 1	62.428 1
2	1	35.1083 1	62.144 1
2	1	35.459 1	62.1138 1
2	1	35.1018 1	62.2060 1
2	1	35.1016 1	62.2062 1
2	1	35.190 1	62.859 1
3	2	35.689 0.111 35.829 1	62.708 1
2	1	35.674 1	62.1516 1
2	1	35.166 1	62.912 1
3	2	35.444 1	62.1159 1 62.1945 1
2	1	35.519 1	62.1966 1
2	1	35.833 1	62.1183 1
2	1	35.1116 1	62.2028 1
2	1	35.794 1	62.555 1
2	1	35.1101 1	62.1890 1
3	2	35.860 1	62.6 0.157 62.800 1
8	7	35.1141 1	62.1614 0.393 62.1690 0.403 62.1738 0.134 62.1962 1 62.243 0.265 62.769 0.403 62.947 0.424
2	1	35.238 1	62.2124 1
2	1	35.828 1	62.1180 1
2	1	35.87 1	62.414 1
2	1	35.1052 1	62.89 1
3	2	35.621 1	62.659 0.418 62.932 1
2	1	35.827 1	62.1179 1
2	1	35.53 1	62.228 1
2	1	35.887 1	62.1586 1
2	1	35.552 1	62.1979 1
2	1	35.888 1	62.1587 1
2	1	35.91 1	62.421 1
2	1	35.323 1	62.503 1
2	1	35.808 1	62.538 1
