Size	Relations	OrthoA	OrthoB
2	1	6.757 1	91.883 1
2	1	6.758 1	91.884 1
2	1	6.606 1	91.480 1
2	1	6.986 1	91.731 1
2	1	6.1247 1	91.820 1
2	1	6.1228 1	91.164 1
2	1	6.1201 1	91.451 1
2	1	6.819 1	91.1155 1
2	1	6.1021 1	91.426 1
2	1	6.1080 1	91.745 1
2	1	6.1044 1	91.176 1
2	1	6.22 1	91.1396 1
2	1	6.314 1	91.1128 1
2	1	6.567 1	91.24 1
3	2	6.1027 1	91.1098 0.085 91.1102 1
2	1	6.415 1	91.754 1
2	1	6.439 1	91.942 1
2	1	6.246 1	91.961 1
2	1	6.694 1	91.553 1
2	1	6.721 1	91.214 1
2	1	6.438 1	91.943 1
2	1	6.1133 1	91.789 1
4	3	6.32 1	91.718 1 91.450 0.725 91.716 0.786
2	1	6.20 1	91.1240 1
2	1	6.720 1	91.216 1
2	1	6.317 1	91.1131 1
2	1	6.1135 1	91.787 1
2	1	6.528 1	91.174 1
2	1	6.903 1	91.1134 1
2	1	6.449 1	91.933 1
2	1	6.883 1	91.207 1
2	1	6.641 1	91.679 1
2	1	6.1205 1	91.1068 1
2	1	6.1183 1	91.1205 1
2	1	6.735 1	91.166 1
2	1	6.955 1	91.591 1
2	1	6.1172 1	91.586 1
2	1	6.672 1	91.699 1
2	1	6.701 1	91.890 1
2	1	6.1007 1	91.41 1
2	1	6.994 1	91.1104 1
2	1	6.932 1	91.782 1
2	1	6.626 1	91.1064 1
2	1	6.1047 1	91.735 1
2	1	6.1069 1	91.627 1
2	1	6.1001 1	91.556 1
2	1	6.1248 1	91.819 1
2	1	6.1254 1	91.971 1
2	1	6.1195 1	91.927 1
2	1	6.281 1	91.719 1
2	1	6.284 1	91.698 1
2	1	6.904 1	91.674 1
2	1	6.1004 1	91.1252 1
3	2	6.59 1	91.185 1 91.187 0.871
2	1	6.97 1	91.407 1
2	1	6.623 1	91.103 1
2	1	6.783 1	91.639 1
2	1	6.1009 1	91.477 1
2	1	6.667 1	91.702 1
2	1	6.1032 1	91.560 1
2	1	6.560 1	91.619 1
2	1	6.719 1	91.449 1
2	1	6.251 1	91.750 1
2	1	6.676 1	91.1026 1
2	1	6.50 1	91.769 1
2	1	6.48 1	91.771 1
2	1	6.1096 1	91.96 1
2	1	6.1011 1	91.475 1
2	1	6.1035 1	91.363 1
2	1	6.1235 1	91.492 1
2	1	6.1203 1	91.1070 1
2	1	6.912 1	91.1076 1
2	1	6.681 1	91.566 1
2	1	6.875 1	91.378 1
2	1	6.1217 1	91.1229 1
2	1	6.1074 1	91.1306 1
2	1	6.1194 1	91.125 1
2	1	6.232 1	91.677 1
2	1	6.860 1	91.441 1
2	1	6.1073 1	91.688 1
2	1	6.1056 1	91.774 1
2	1	6.283 1	91.697 1
2	1	6.922 1	91.919 1
3	2	6.43 1	91.1061 1 91.454 0.123
2	1	6.805 1	91.583 1
2	1	6.877 1	91.513 1
2	1	6.1151 1	91.153 1
2	1	6.1116 1	91.20 1
2	1	6.1202 1	91.1071 1
2	1	6.1234 1	91.493 1
2	1	6.26 1	91.1197 1
2	1	6.410 1	91.1300 1
2	1	6.435 1	91.945 1
2	1	6.1041 1	91.578 1
2	1	6.803 1	91.1243 1
2	1	6.710 1	91.438 1
2	1	6.751 1	91.899 1
2	1	6.670 1	91.548 1
2	1	6.440 1	91.941 1
2	1	6.1014 1	91.663 1
2	1	6.993 1	91.1103 1
2	1	6.767 1	91.655 1
2	1	6.1180 1	91.1348 1
2	1	6.948 1	91.589 1
2	1	6.1034 1	91.323 1
2	1	6.45 1	91.1062 1
2	1	6.429 1	91.951 1
2	1	6.1039 1	91.580 1
2	1	6.250 1	91.725 1
2	1	6.997 1	91.1231 1
2	1	6.981 1	91.204 1
2	1	6.915 1	91.1074 1
10	16	6.1145 0.126 6.122 0.134 6.338 1 6.343 0.196 6.364 0.420 6.452 0.079 6.516 0.112 6.523 0.116	91.525 1 91.994 0.216
2	1	6.995 1	91.391 1
2	1	6.545 1	91.12 1
2	1	6.663 1	91.704 1
2	1	6.680 1	91.565 1
2	1	6.947 1	91.147 1
2	1	6.718 1	91.408 1
3	2	6.673 1 6.604 0.906	91.967 1
2	1	6.795 1	91.672 1
2	1	6.287 1	91.759 1
2	1	6.919 1	91.623 1
2	1	6.204 1	91.1045 1
3	2	6.620 1	91.257 1 91.909 0.718
2	1	6.646 1	91.498 1
2	1	6.726 1	91.1392 1
2	1	6.796 1	91.671 1
2	1	6.141 1	91.405 1
2	1	6.619 1	91.469 1
2	1	6.315 1	91.1129 1
2	1	6.1038 1	91.581 1
2	1	6.1163 1	91.1251 1
2	1	6.588 1	91.1090 1
2	1	6.1079 1	91.1238 1
3	2	6.584 1	91.751 1 91.1386 0.715
2	1	6.179 1	91.582 1
2	1	6.432 1	91.949 1
2	1	6.847 1	91.1190 1
2	1	6.659 1	91.717 1
2	1	6.1006 1	91.40 1
2	1	6.544 1	91.13 1
2	1	6.729 1	91.237 1
2	1	6.849 1	91.322 1
2	1	6.1010 1	91.476 1
2	1	6.1040 1	91.579 1
2	1	6.1181 1	91.1202 1
2	1	6.1118 1	91.18 1
2	1	6.1054 1	91.776 1
2	1	6.1052 1	91.778 1
2	1	6.426 1	91.673 1
2	1	6.527 1	91.301 1
2	1	6.797 1	91.670 1
2	1	6.893 1	91.811 1
2	1	6.104 1	91.1060 1
2	1	6.247 1	91.966 1
2	1	6.442 1	91.939 1
2	1	6.811 1	91.706 1
2	1	6.1164 1	91.1127 1
2	1	6.1168 1	91.101 1
2	1	6.1233 1	91.319 1
2	1	6.4 1	91.1383 1
2	1	6.963 1	91.549 1
2	1	6.785 1	91.632 1
2	1	6.74 1	91.479 1
2	1	6.621 1	91.211 1
2	1	6.895 1	91.467 1
2	1	6.802 1	91.1242 1
2	1	6.526 1	91.302 1
2	1	6.972 1	91.1135 1
2	1	6.1022 1	91.428 1
2	1	6.428 1	91.952 1
2	1	6.999 1	91.741 1
2	1	6.1134 1	91.788 1
2	1	6.790 1	91.634 1
2	1	6.862 1	91.439 1
3	2	6.725 1	91.1393 1 91.310 0.690
2	1	6.770 1	91.652 1
2	1	6.318 1	91.1132 1
2	1	6.764 1	91.658 1
4	3	6.1253 1	91.1249 1 91.575 0.736 91.1116 0.686
2	1	6.593 1	91.1236 1
2	1	6.1111 1	91.603 1
2	1	6.1171 1	91.584 1
2	1	6.194 1	91.233 1
2	1	6.812 1	91.705 1
4	3	6.1050 1	91.1008 1 91.1280 0.093 91.198 0.117
2	1	6.998 1	91.1232 1
2	1	6.1005 1	91.39 1
2	1	6.1210 1	91.1385 1
2	1	6.174 1	91.1115 1
2	1	6.1149 1	91.154 1
2	1	6.297 1	91.114 1
2	1	6.699 1	91.888 1
2	1	6.1150 1	91.1247 1
2	1	6.12 1	91.119 1
2	1	6.49 1	91.770 1
2	1	6.605 1	91.614 1
4	3	6.920 1	91.371 0.207 91.620 1 91.212 0.802
3	2	6.1089 1	91.1162 0.232 91.456 1
2	1	6.565 1	91.26 1
2	1	6.1188 1	91.136 1
2	1	6.798 1	91.33 1
2	1	6.700 1	91.889 1
2	1	6.1129 1	91.793 1
3	2	6.801 1	91.486 1 91.687 0.765
2	1	6.129 1	91.433 1
2	1	6.749 1	91.902 1
3	2	6.409 1	91.434 1 91.370 0.701
2	1	6.83 1	91.335 1
2	1	6.1127 1	91.795 1
2	1	6.923 1	91.918 1
2	1	6.603 1	91.481 1
2	1	6.848 1	91.321 1
2	1	6.668 1	91.701 1
2	1	6.765 1	91.657 1
2	1	6.714 1	91.435 1
2	1	6.640 1	91.121 1
4	3	6.176 1	91.444 0.061 91.446 0.147 91.466 1
2	1	6.966 1	91.1222 1
2	1	6.1113 1	91.600 1
2	1	6.776 1	91.646 1
2	1	6.695 1	91.552 1
2	1	6.585 1	91.744 1
2	1	6.965 1	91.1221 1
3	2	6.60 1	91.1246 1 91.1399 0.080
2	1	6.1175 1	91.1254 1
2	1	6.779 1	91.643 1
2	1	6.444 1	91.937 1
2	1	6.403 1	91.808 1
2	1	6.582 1	91.753 1
2	1	6.1209 1	91.1384 1
2	1	6.655 1	91.1025 1
2	1	6.272 1	91.818 1
2	1	6.1246 1	91.821 1
2	1	6.1189 1	91.360 1
2	1	6.102 1	91.711 1
2	1	6.288 1	91.959 1
2	1	6.697 1	91.550 1
2	1	6.823 1	91.209 1
2	1	6.750 1	91.901 1
2	1	6.964 1	91.1220 1
2	1	6.698 1	91.457 1
2	1	6.753 1	91.898 1
2	1	6.1245 1	91.822 1
2	1	6.47 1	91.772 1
3	2	6.905 1 6.117 1	91.1083 1
2	1	6.967 1	91.1223 1
2	1	6.980 1	91.247 1
2	1	6.871 1	91.506 1
2	1	6.562 1	91.1149 1
2	1	6.635 1	91.1105 1
2	1	6.654 1	91.1024 1
2	1	6.771 1	91.651 1
10	25	6.289 1 6.290 1 6.309 0.806 6.737 0.806 6.86 0.050	91.953 1 91.954 1 91.957 0.553 91.409 0.386 91.956 0.281
2	1	6.784 1	91.638 1
3	2	6.450 1	91.1257 1 91.597 0.738
2	1	6.220 1	91.1027 1
2	1	6.602 1	91.483 1
2	1	6.900 1	91.1157 1
2	1	6.810 1	91.707 1
2	1	6.1057 1	91.1241 1
2	1	6.799 1	91.34 1
2	1	6.914 1	91.1075 1
2	1	6.296 1	91.1073 1
2	1	6.279 1	91.497 1
2	1	6.973 1	91.1136 1
2	1	6.448 1	91.934 1
2	1	6.1114 1	91.599 1
3	2	6.660 1	91.714 1 91.386 0.641
5	4	6.81 1	91.756 0.088 91.757 0.098 91.920 0.195 91.921 1
2	1	6.639 1	91.122 1
2	1	6.774 1	91.648 1
2	1	6.1174 1	91.1255 1
2	1	6.1117 1	91.19 1
2	1	6.131 1	91.766 1
2	1	6.286 1	91.696 1
2	1	6.451 1	91.1002 1
2	1	6.789 1	91.635 1
2	1	6.530 1	91.172 1
2	1	6.712 1	91.437 1
2	1	6.550 1	91.95 1
2	1	6.713 1	91.436 1
2	1	6.198 1	91.630 1
2	1	6.427 1	91.159 1
4	3	6.329 1	91.532 1 91.988 0.077 91.989 0.193
2	1	6.1031 1	91.561 1
2	1	6.768 1	91.654 1
2	1	6.644 1	91.515 1
2	1	6.249 1	91.727 1
2	1	6.1023 1	91.429 1
3	2	6.1157 1	91.1141 1 91.238 0.885
2	1	6.634 1	91.387 1
2	1	6.636 1	91.388 1
2	1	6.548 1	91.564 1
2	1	6.675 1	91.762 1
5	6	6.702 1 6.703 0.069	91.260 0.598 91.517 0.118 91.891 1
3	2	6.1257 1	91.1000 0.112 91.518 1
2	1	6.888 1	91.213 1
2	1	6.436 1	91.944 1
2	1	6.656 1	91.730 1
2	1	6.946 1	91.587 1
2	1	6.929 1	91.781 1
4	3	6.1178 1	91.773 1 91.282 0.711 91.785 0.882
2	1	6.781 1	91.641 1
2	1	6.769 1	91.653 1
2	1	6.529 1	91.173 1
2	1	6.103 1	91.1059 1
2	1	6.780 1	91.642 1
2	1	6.1078 1	91.1237 1
2	1	6.708 1	91.30 1
2	1	6.13 1	91.458 1
2	1	6.184 1	91.1309 1
2	1	6.906 1	91.1080 1
2	1	6.11 1	91.250 1
4	4	6.340 0.082 6.971 1	91.1200 1 91.92 0.064
2	1	6.788 1	91.636 1
2	1	6.627 1	91.1066 1
2	1	6.601 1	91.485 1
2	1	6.1132 1	91.790 1
2	1	6.547 1	91.9 1
2	1	6.782 1	91.640 1
2	1	6.861 1	91.440 1
5	6	6.437 0.052 6.990 1	91.1120 0.671 91.275 0.450 91.277 1
3	2	6.80 1	91.1037 1 91.326 0.169
2	1	6.778 1	91.644 1
2	1	6.414 1	91.308 1
2	1	6.132 1	91.765 1
2	1	6.845 1	91.839 1
2	1	6.73 1	91.109 1
2	1	6.878 1	91.514 1
2	1	6.15 1	91.460 1
2	1	6.203 1	91.1046 1
2	1	6.1070 1	91.628 1
2	1	6.1112 1	91.602 1
2	1	6.1148 1	91.1390 1
2	1	6.208 1	91.1051 1
2	1	6.219 1	91.1028 1
2	1	6.775 1	91.647 1
2	1	6.696 1	91.551 1
2	1	6.952 1	91.251 1
2	1	6.1241 1	91.1388 1
2	1	6.72 1	91.107 1
2	1	6.760 1	91.1004 1
3	2	6.557 1	91.527 1 91.993 0.513
2	1	6.546 1	91.507 1
2	1	6.682 1	91.567 1
4	4	6.366 0.886 6.396 1	91.519 1 91.998 0.957
2	1	6.766 1	91.656 1
2	1	6.1071 1	91.629 1
3	2	6.180 1	91.1299 1 91.1314 0.127
2	1	6.1208 1	91.555 1
5	4	6.265 1	91.1150 1 91.557 0.797 91.784 0.919 91.1298 0.953
4	4	6.1055 1 6.628 0.156	91.775 1 91.1277 0.676
2	1	6.791 1	91.633 1
2	1	6.1119 1	91.17 1
2	1	6.475 1	91.255 1
2	1	6.9 1	91.177 1
2	1	6.566 1	91.25 1
2	1	6.552 1	91.93 1
2	1	6.1018 1	91.923 1
2	1	6.747 1	91.907 1
3	2	6.902 1	91.1133 1 91.742 0.739
3	2	6.863 1	91.1015 1 91.239 0.249
2	1	6.1015 1	91.664 1
2	1	6.363 1	91.105 1
2	1	6.1182 1	91.1203 1
2	1	6.248 1	91.728 1
2	1	6.446 1	91.935 1
2	1	6.653 1	91.661 1
2	1	6.1077 1	91.120 1
2	1	6.1108 1	91.606 1
2	1	6.1155 1	91.1273 1
2	1	6.58 1	91.817 1
2	1	6.949 1	91.590 1
2	1	6.777 1	91.645 1
2	1	6.207 1	91.1038 1
2	1	6.763 1	91.659 1
2	1	6.1131 1	91.791 1
2	1	6.330 1	91.1049 1
2	1	6.727 1	91.1391 1
2	1	6.728 1	91.764 1
2	1	6.884 1	91.304 1
2	1	6.441 1	91.940 1
4	3	6.328 1 6.554 0.475 6.649 0.196	91.533 1
6	8	6.91 1 6.88 1	91.1054 1 91.814 1 91.1207 0.106 91.1139 0.092
2	1	6.419 1	91.797 1
2	1	6.762 1	91.1022 1
2	1	6.773 1	91.649 1
2	1	6.916 1	91.1295 1
2	1	6.956 1	91.111 1
2	1	6.1130 1	91.792 1
2	1	6.1227 1	91.1126 1
2	1	6.202 1	91.1048 1
2	1	6.549 1	91.1156 1
2	1	6.118 1	91.385 1
2	1	6.344 1	91.896 1
2	1	6.1179 1	91.1151 1
4	4	6.499 0.230 6.944 1	91.68 1 91.867 0.385
2	1	6.173 1	91.962 1
2	1	6.445 1	91.936 1
2	1	6.564 1	91.27 1
3	2	6.350 0.203 6.67 1	91.1337 1
2	1	6.717 1	91.505 1
2	1	6.724 1	91.1394 1
2	1	6.968 1	91.1224 1
2	1	6.193 1	91.234 1
2	1	6.1017 1	91.922 1
2	1	6.1154 1	91.1274 1
3	2	6.982 1 6.100 1	91.235 1
2	1	6.1252 1	91.317 1
2	1	6.978 1	91.184 1
2	1	6.300 1	91.723 1
2	1	6.887 1	91.123 1
3	2	6.233 1 6.942 0.088	91.678 1
2	1	6.1106 1	91.1275 1
4	3	6.420 1	91.803 1 91.42 0.728 91.912 0.774
2	1	6.933 1	91.783 1
2	1	6.14 1	91.459 1
2	1	6.316 1	91.1130 1
2	1	6.551 1	91.94 1
2	1	6.643 1	91.1192 1
2	1	6.1136 1	91.786 1
2	1	6.412 1	91.1160 1
2	1	6.622 1	91.543 1
2	1	6.950 1	91.1225 1
2	1	6.433 1	91.948 1
8	15	6.491 1 6.490 1 6.599 0.447 6.598 0.381 6.464 0.166	91.536 1 91.537 1 91.983 0.355
7	6	6.177 1 6.310 0.860 6.925 0.905 6.1067 0.860 6.1156 0.852 6.1223 0.876	91.1271 1
2	1	6.1249 1	91.1154 1
2	1	6.308 1	91.389 1
2	1	6.1012 1	91.473 1
2	1	6.1019 1	91.924 1
2	1	6.1184 1	91.113 1
2	1	6.95 1	91.713 1
2	1	6.1204 1	91.1069 1
2	1	6.786 1	91.637 1
2	1	6.709 1	91.31 1
2	1	6.1053 1	91.777 1
2	1	6.1059 1	91.1315 1
2	1	6.759 1	91.1005 1
2	1	6.327 1	91.986 1
2	1	6.918 1	91.1261 1
2	1	6.434 1	91.947 1
3	2	6.1193 1	91.131 1 91.132 0.098
2	1	6.128 1	91.430 1
2	1	6.1085 1	91.708 1
2	1	6.1229 1	91.16 1
3	2	6.1232 1	91.547 0.128 91.761 1
2	1	6.989 1	91.274 1
2	1	6.748 1	91.904 1
2	1	6.907 1	91.1079 1
3	2	6.51 1	91.1346 0.478 91.1349 1
2	1	6.252 1	91.1146 1
2	1	6.1008 1	91.478 1
2	1	6.671 1	91.700 1
2	1	6.657 1	91.729 1
2	1	6.1147 1	91.169 1
2	1	6.1152 1	91.320 1
2	1	6.130 1	91.1296 1
2	1	6.430 1	91.950 1
2	1	6.688 1	91.115 1
2	1	6.858 1	91.156 1
