Size	Relations	OrthoA	OrthoB
2	1	6.757 1	89.97 1
2	1	6.758 1	89.96 1
2	1	6.606 1	89.502 1
2	1	6.986 1	89.255 1
2	1	6.350 1	89.1317 1
2	1	6.1247 1	89.100 1
2	1	6.819 1	89.1809 1
2	1	6.1228 1	89.807 1
2	1	6.1201 1	89.528 1
2	1	6.1021 1	89.558 1
2	1	6.1080 1	89.243 1
2	1	6.1044 1	89.819 1
2	1	6.567 1	89.1223 1
2	1	6.735 1	89.808 1
2	1	6.22 1	89.1338 1
2	1	6.314 1	89.1852 1
2	1	6.1027 1	89.1871 1
2	1	6.415 1	89.238 1
2	1	6.246 1	89.2081 1
2	1	6.694 1	89.461 1
2	1	6.721 1	89.1072 1
2	1	6.439 1	89.4 1
2	1	6.1133 1	89.157 1
3	2	6.32 1	89.264 1 89.266 0.847
2	1	6.438 1	89.3 1
2	1	6.20 1	89.1682 1
2	1	6.528 1	89.817 1
2	1	6.903 1	89.1846 1
2	1	6.317 1	89.1849 1
2	1	6.720 1	89.1069 1
2	1	6.1135 1	89.159 1
2	1	6.449 1	89.13 1
4	3	6.883 1	89.2220 1 89.913 1 89.611 0.840
2	1	6.1205 1	89.1942 1
2	1	6.641 1	89.328 1
2	1	6.1183 1	89.1743 1
2	1	6.672 1	89.283 1
2	1	6.1172 1	89.421 1
2	1	6.955 1	89.415 1
2	1	6.994 1	89.1869 1
2	1	6.701 1	89.71 1
2	1	6.932 1	89.164 1
2	1	6.1007 1	89.1208 1
2	1	6.1047 1	89.250 1
2	1	6.1001 1	89.445 1
2	1	6.626 1	89.1946 1
2	1	6.1069 1	89.377 1
2	1	6.1248 1	89.101 1
2	1	6.1195 1	89.19 1
2	1	6.1004 1	89.1671 1
2	1	6.281 1	89.263 1
2	1	6.904 1	89.332 1
2	1	6.1254 1	89.1063 1
2	1	6.284 1	89.284 1
2	1	6.97 1	89.573 1
2	1	6.783 1	89.365 1
2	1	6.560 1	89.384 1
2	1	6.1009 1	89.505 1
2	1	6.1032 1	89.442 1
2	1	6.667 1	89.280 1
2	1	6.719 1	89.532 1
2	1	6.1235 1	89.492 1
2	1	6.676 1	89.2005 1
2	1	6.48 1	89.176 1
2	1	6.251 1	89.242 1
2	1	6.1035 1	89.639 1
2	1	6.50 1	89.178 1
2	1	6.912 1	89.1934 1
2	1	6.1096 1	89.1444 1
2	1	6.681 1	89.437 1
2	1	6.1203 1	89.1940 1
2	1	6.1011 1	89.507 1
2	1	6.1217 1	89.1701 1
2	1	6.1194 1	89.1397 1
2	1	6.860 1	89.542 1
2	1	6.232 1	89.330 1
2	1	6.875 1	89.604 1
2	1	6.1202 1	89.1939 1
2	1	6.1073 1	89.322 1
2	1	6.283 1	89.285 1
2	1	6.1116 1	89.1227 1
2	1	6.805 1	89.424 1
2	1	6.435 1	89.1 1
2	1	6.1056 1	89.173 1
2	1	6.922 1	89.31 1
2	1	6.1151 1	89.762 1
2	1	6.410 1	89.1593 1
2	1	6.26 1	89.83 1
2	1	6.751 1	89.63 1
2	1	6.670 1	89.466 1
2	1	6.803 1	89.1679 1
2	1	6.1041 1	89.429 1
2	1	6.1234 1	89.491 1
2	1	6.250 1	89.261 1
2	1	6.440 1	89.5 1
2	1	6.710 1	89.545 1
2	1	6.767 1	89.349 1
2	1	6.948 1	89.417 1
2	1	6.623 1	89.1615 1
2	1	6.1014 1	89.341 1
2	1	6.429 1	89.2091 1
2	1	6.43 1	89.1949 1
2	1	6.993 1	89.1870 1
2	1	6.1039 1	89.427 1
2	1	6.995 1	89.594 1
2	1	6.915 1	89.1936 1
2	1	6.545 1	89.1235 1
2	1	6.663 1	89.278 1
2	1	6.680 1	89.438 1
2	1	6.919 1	89.379 1
2	1	6.287 1	89.218 1
2	1	6.795 1	89.334 1
3	2	6.673 1 6.604 0.906	89.2079 1
3	2	6.981 1	89.2187 1 89.884 1
2	1	6.726 1	89.1371 1
2	1	6.646 1	89.488 1
2	1	6.620 1	89.742 1
2	1	6.718 1	89.1391 1
2	1	6.796 1	89.335 1
2	1	6.1038 1	89.426 1
2	1	6.432 1	89.2100 1
2	1	6.588 1	89.1904 1
2	1	6.204 1	89.1992 1
2	1	6.315 1	89.1851 1
2	1	6.947 1	89.418 1
2	1	6.1163 1	89.1672 1
2	1	6.659 1	89.265 1
2	1	6.619 1	89.513 1
2	1	6.1181 1	89.1746 1
2	1	6.1006 1	89.1209 1
2	1	6.1079 1	89.1684 1
2	1	6.584 1	89.241 1
2	1	6.179 1	89.425 1
2	1	6.1010 1	89.506 1
2	1	6.544 1	89.1234 1
2	1	6.1054 1	89.171 1
2	1	6.1118 1	89.1229 1
2	1	6.849 1	89.978 1
2	1	6.247 1	89.2080 1
2	1	6.1052 1	89.169 1
2	1	6.104 1	89.1952 1
2	1	6.1040 1	89.428 1
2	1	6.426 1	89.333 1
2	1	6.797 1	89.336 1
2	1	6.811 1	89.276 1
2	1	6.847 1	89.562 1
2	1	6.442 1	89.7 1
2	1	6.1164 1	89.1853 1
2	1	6.527 1	89.1123 1
2	1	6.74 1	89.503 1
2	1	6.1022 1	89.557 1
2	1	6.1150 1	89.1675 1
2	1	6.45 1	89.1948 1
2	1	6.963 1	89.465 1
2	1	6.526 1	89.1122 1
2	1	6.802 1	89.1680 1
2	1	6.318 1	89.1848 1
2	1	6.4 1	89.1380 1
2	1	6.790 1	89.370 1
2	1	6.999 1	89.247 1
2	1	6.862 1	89.544 1
2	1	6.1005 1	89.1210 1
2	1	6.12 1	89.1416 1
2	1	6.785 1	89.372 1
2	1	6.725 1	89.1370 1
2	1	6.764 1	89.346 1
2	1	6.428 1	89.2090 1
2	1	6.621 1	89.1092 1
2	1	6.1134 1	89.158 1
2	1	6.770 1	89.352 1
2	1	6.972 1	89.1845 1
2	1	6.1171 1	89.423 1
3	2	6.1050 1	89.1611 0.080 89.2044 1
2	1	6.1111 1	89.393 1
2	1	6.1210 1	89.1378 1
2	1	6.593 1	89.1686 1
2	1	6.194 1	89.1068 1
2	1	6.49 1	89.177 1
2	1	6.699 1	89.73 1
2	1	6.812 1	89.277 1
2	1	6.565 1	89.1221 1
2	1	6.605 1	89.1589 1
2	1	6.798 1	89.1214 1
2	1	6.1129 1	89.153 1
2	1	6.1149 1	89.763 1
2	1	6.297 1	89.1420 1
2	1	6.1074 1	89.731 1
2	1	6.1127 1	89.151 1
3	2	6.801 1	89.496 1 89.323 0.797
2	1	6.83 1	89.1006 1
2	1	6.848 1	89.977 1
2	1	6.700 1	89.72 1
3	2	6.409 1	89.549 1 89.610 0.807
2	1	6.895 1	89.516 1
4	3	6.920 1	89.383 1 89.609 0.191 89.1091 0.730
2	1	6.749 1	89.60 1
2	1	6.765 1	89.347 1
2	1	6.603 1	89.501 1
2	1	6.640 1	89.1413 1
2	1	6.1089 1	89.1800 1
2	1	6.966 1	89.1708 1
2	1	6.668 1	89.281 1
2	1	6.776 1	89.358 1
2	1	6.1034 1	89.988 1
2	1	6.129 1	89.551 1
2	1	6.300 1	89.550 1
2	1	6.585 1	89.244 1
3	2	6.176 1	89.518 1 89.539 0.160
2	1	6.779 1	89.361 1
2	1	6.965 1	89.1709 1
2	1	6.695 1	89.462 1
2	1	6.1113 1	89.398 1
2	1	6.714 1	89.548 1
2	1	6.444 1	89.9 1
2	1	6.655 1	89.2006 1
2	1	6.1209 1	89.1379 1
2	1	6.582 1	89.239 1
2	1	6.403 1	89.123 1
2	1	6.1188 1	89.663 1
2	1	6.1246 1	89.99 1
2	1	6.1259 1	89.307 1
2	1	6.448 1	89.12 1
2	1	6.60 1	89.1676 1
2	1	6.877 1	89.474 1
2	1	6.964 1	89.1710 1
2	1	6.1189 1	89.662 1
2	1	6.47 1	89.175 1
2	1	6.823 1	89.1094 1
3	2	6.905 1 6.117 1	89.1914 1
2	1	6.697 1	89.464 1
2	1	6.750 1	89.61 1
2	1	6.288 1	89.2083 1
2	1	6.753 1	89.64 1
2	1	6.967 1	89.1707 1
2	1	6.1121 1	89.1687 1
17	72	6.178 1 6.213 0.415 6.323 0.085 6.359 0.883 6.370 0.816 6.5 0.888 6.521 0.712 6.558 0.420 6.596 0.128	89.1487 0.611 89.1501 0.265 89.1519 0.246 89.1523 0.466 89.1533 1 89.1544 0.198 89.1559 0.219 89.1574 0.182
2	1	6.1138 1	89.1712 1
2	1	6.871 1	89.481 1
2	1	6.980 1	89.726 1
2	1	6.1245 1	89.98 1
2	1	6.102 1	89.271 1
2	1	6.771 1	89.353 1
2	1	6.220 1	89.2004 1
2	1	6.450 1	89.1643 1
2	1	6.784 1	89.366 1
10	25	6.289 1 6.290 1 6.309 0.806 6.737 0.806 6.86 0.050	89.2085 1 89.2088 1 89.2089 0.562 89.572 0.406 89.2086 0.270
2	1	6.654 1	89.2007 1
2	1	6.602 1	89.499 1
2	1	6.900 1	89.1807 1
19	88	6.338 1 6.343 1 6.364 0.523 6.122 0.224 6.1145 0.218 6.523 0.212 6.516 0.208 6.452 0.181 6.468 0.121 6.595 0.089 6.399 0.076	89.2148 1 89.1835 1 89.406 0.538 89.48 0.440 89.1031 0.347 89.2149 0.175 89.49 0.098 89.753 0.093
2	1	6.562 1	89.1828 1
2	1	6.810 1	89.275 1
3	2	6.717 1	89.2182 1 89.879 1
2	1	6.914 1	89.1935 1
2	1	6.799 1	89.1213 1
2	1	6.973 1	89.1844 1
2	1	6.296 1	89.1937 1
2	1	6.279 1	89.489 1
3	2	6.660 1	89.268 1 89.599 0.641
2	1	6.639 1	89.1412 1
2	1	6.1114 1	89.399 1
2	1	6.1031 1	89.441 1
5	6	6.702 1 6.703 0.052	89.468 0.395 89.70 1 89.749 0.519
2	1	6.712 1	89.546 1
2	1	6.774 1	89.356 1
2	1	6.636 1	89.597 1
3	2	6.263 1	89.1584 0.896 89.581 1
4	3	6.329 1	89.2145 1 89.231 0.252 89.45 0.912
5	6	6.481 1 6.493 0.923	89.146 1 89.1985 0.116 89.87 0.328
2	1	6.286 1	89.286 1
2	1	6.427 1	89.802 1
2	1	6.1023 1	89.556 1
2	1	6.644 1	89.470 1
2	1	6.1168 1	89.1439 1
2	1	6.131 1	89.210 1
2	1	6.634 1	89.598 1
2	1	6.708 1	89.1217 1
2	1	6.550 1	89.1460 1
2	1	6.768 1	89.350 1
2	1	6.713 1	89.547 1
2	1	6.436 1	89.2 1
2	1	6.1057 1	89.1681 1
2	1	6.1117 1	89.1228 1
2	1	6.789 1	89.369 1
2	1	6.249 1	89.259 1
2	1	6.888 1	89.1073 1
2	1	6.946 1	89.419 1
2	1	6.530 1	89.815 1
2	1	6.675 1	89.214 1
2	1	6.929 1	89.165 1
2	1	6.781 1	89.363 1
2	1	6.769 1	89.351 1
2	1	6.782 1	89.364 1
2	1	6.103 1	89.1953 1
2	1	6.1078 1	89.1685 1
2	1	6.547 1	89.1333 1
2	1	6.780 1	89.362 1
4	3	6.1178 1	89.174 1 89.161 0.882 89.1196 0.679
2	1	6.13 1	89.524 1
2	1	6.601 1	89.497 1
2	1	6.451 1	89.1236 1
2	1	6.656 1	89.256 1
2	1	6.1132 1	89.156 1
2	1	6.529 1	89.816 1
2	1	6.788 1	89.368 1
2	1	6.73 1	89.1436 1
2	1	6.132 1	89.211 1
3	2	6.845 1	89.567 0.116 89.625 1
2	1	6.906 1	89.1916 1
2	1	6.627 1	89.1944 1
2	1	6.997 1	89.1696 1
4	3	6.557 1	89.2147 1 89.233 0.252 89.47 1
2	1	6.778 1	89.360 1
2	1	6.861 1	89.543 1
2	1	6.952 1	89.734 1
2	1	6.11 1	89.733 1
3	2	6.437 0.062 6.990 1	89.1200 1
2	1	6.72 1	89.1438 1
2	1	6.272 1	89.102 1
2	1	6.696 1	89.463 1
2	1	6.219 1	89.2003 1
4	3	6.237 1	89.1667 0.294 89.2269 0.983 89.660 1
2	1	6.203 1	89.1991 1
2	1	6.1241 1	89.1375 1
3	2	6.1253 1	89.1674 1 89.1858 0.686
2	1	6.775 1	89.357 1
2	1	6.180 1	89.1594 1
2	1	6.15 1	89.522 1
2	1	6.1112 1	89.394 1
2	1	6.546 1	89.480 1
2	1	6.80 1	89.1998 1
2	1	6.174 1	89.1861 1
2	1	6.208 1	89.1960 1
2	1	6.1157 1	89.666 1
2	1	6.248 1	89.258 1
2	1	6.552 1	89.1462 1
2	1	6.949 1	89.416 1
2	1	6.1148 1	89.1373 1
4	3	6.265 1	89.1813 1 89.162 0.919 89.444 0.797
2	1	6.1070 1	89.376 1
2	1	6.682 1	89.436 1
2	1	6.760 1	89.2061 1
5	4	6.1257 1	89.147 0.181 89.148 0.069 89.1987 1 89.2015 0.335
2	1	6.766 1	89.348 1
2	1	6.878 1	89.471 1
2	1	6.1018 1	89.23 1
2	1	6.791 1	89.371 1
2	1	6.1182 1	89.1745 1
2	1	6.863 1	89.324 1
2	1	6.9 1	89.820 1
2	1	6.727 1	89.1372 1
3	2	6.1055 1 6.628 0.167	89.172 1
2	1	6.1015 1	89.340 1
2	1	6.924 1	89.1435 1
2	1	6.475 1	89.740 1
2	1	6.1208 1	89.446 1
2	1	6.747 1	89.58 1
2	1	6.1077 1	89.1415 1
2	1	6.1119 1	89.1230 1
2	1	6.566 1	89.1222 1
2	1	6.653 1	89.343 1
2	1	6.698 1	89.1090 1
3	2	6.191 0.067 6.367 1	89.311 1
2	1	6.729 1	89.665 1
3	2	6.902 1	89.1847 1 89.246 0.739
4	3	6.971 1	89.775 0.267 89.776 0.111 89.964 1
2	1	6.446 1	89.11 1
2	1	6.762 1	89.2009 1
2	1	6.1071 1	89.375 1
2	1	6.207 1	89.1997 1
2	1	6.549 1	89.1808 1
2	1	6.763 1	89.345 1
2	1	6.968 1	89.1706 1
2	1	6.773 1	89.355 1
2	1	6.441 1	89.6 1
4	3	6.490 1	89.2139 1 89.223 1 89.38 1
2	1	6.1130 1	89.154 1
2	1	6.728 1	89.212 1
2	1	6.777 1	89.359 1
2	1	6.884 1	89.1103 1
2	1	6.1131 1	89.155 1
2	1	6.202 1	89.1989 1
2	1	6.1179 1	89.1812 1
2	1	6.81 1	89.27 1
2	1	6.1108 1	89.390 1
2	1	6.724 1	89.1369 1
2	1	6.445 1	89.10 1
2	1	6.419 1	89.131 1
2	1	6.1212 1	89.974 1
2	1	6.956 1	89.1434 1
2	1	6.198 1	89.374 1
2	1	6.344 1	89.66 1
2	1	6.564 1	89.1220 1
7	12	6.328 1 6.327 1 6.554 0.461 6.649 0.185	89.2144 1 89.228 1 89.44 0.994
2	1	6.1227 1	89.1855 1
11	24	6.395 1 6.396 1 6.366 0.055	89.636 1 89.404 1 89.53 0.979 89.752 0.561 89.2153 0.554 89.983 0.536 89.756 0.402 89.755 0.108
12	11	6.622 1	89.1170 0.259 89.1285 0.898 89.1296 1 89.1753 0.127 89.188 0.908 89.2171 0.912 89.646 0.295 89.714 0.924 89.789 0.304 89.84 0.434 89.868 0.910
2	1	6.1017 1	89.24 1
2	1	6.1154 1	89.1617 1
2	1	6.894 1	89.514 1
3	2	6.982 1 6.100 1	89.1066 1
3	2	6.499 0.237 6.944 1	89.627 1
2	1	6.193 1	89.1067 1
2	1	6.58 1	89.103 1
9	8	6.340 1	89.2154 0.256 89.403 0.890 89.54 0.904 89.635 0.116 89.661 0.053 89.669 0.105 89.757 1 89.986 0.339
2	1	6.933 1	89.163 1
2	1	6.1106 1	89.1616 1
2	1	6.14 1	89.523 1
2	1	6.233 1	89.329 1
2	1	6.1136 1	89.160 1
2	1	6.1012 1	89.509 1
2	1	6.978 1	89.847 1
2	1	6.887 1	89.1411 1
2	1	6.551 1	89.1461 1
2	1	6.316 1	89.1850 1
2	1	6.433 1	89.2101 1
2	1	6.1053 1	89.170 1
3	2	6.1249 1	89.1810 1 89.57 0.197
2	1	6.186 1	89.1323 1
2	1	6.10 1	89.732 1
2	1	6.308 1	89.596 1
7	12	6.464 0.128 6.491 1 6.598 0.365 6.599 0.386	89.2140 1 89.224 1 89.39 1
2	1	6.786 1	89.367 1
2	1	6.91 1	89.1741 1
2	1	6.950 1	89.1705 1
2	1	6.1019 1	89.22 1
2	1	6.1204 1	89.1941 1
2	1	6.942 1	89.623 1
7	6	6.177 1 6.310 0.860 6.925 0.905 6.1067 0.860 6.1156 0.852 6.1223 0.876	89.1620 1
2	1	6.709 1	89.1216 1
2	1	6.1184 1	89.1433 1
2	1	6.412 1	89.1802 1
2	1	6.759 1	89.2060 1
2	1	6.128 1	89.555 1
2	1	6.434 1	89.2102 1
2	1	6.918 1	89.1639 1
2	1	6.1229 1	89.1231 1
3	2	6.215 0.087 6.417 1	89.1854 1
2	1	6.657 1	89.257 1
2	1	6.66 1	89.697 1
2	1	6.671 1	89.282 1
2	1	6.206 1	89.1996 1
2	1	6.998 1	89.1698 1
2	1	6.748 1	89.59 1
2	1	6.907 1	89.1917 1
2	1	6.1152 1	89.976 1
5	6	6.456 1 6.610 0.742	89.1011 1 89.1048 1 89.1896 0.473
2	1	6.1008 1	89.504 1
3	2	6.1232 1	89.216 1 89.467 0.077
2	1	6.1085 0.767	89.274 0.767
