Size	Relations	OrthoA	OrthoB
2	1	6.757 1	90.93 1
2	1	6.758 1	90.92 1
2	1	6.606 1	90.504 1
2	1	6.986 1	90.251 1
2	1	6.350 1	90.1314 1
2	1	6.1247 1	90.96 1
2	1	6.819 1	90.1806 1
2	1	6.1228 1	90.812 1
2	1	6.1021 1	90.561 1
2	1	6.1201 1	90.529 1
2	1	6.1080 1	90.240 1
2	1	6.1044 1	90.827 1
2	1	6.567 1	90.1222 1
2	1	6.735 1	90.813 1
2	1	6.22 1	90.1332 1
2	1	6.314 1	90.1848 1
2	1	6.1027 1	90.1867 1
2	1	6.415 1	90.235 1
2	1	6.246 1	90.2082 1
2	1	6.721 1	90.1073 1
2	1	6.439 1	90.4 1
2	1	6.694 1	90.463 1
2	1	6.1133 1	90.155 1
2	1	6.32 1	90.260 1
2	1	6.438 1	90.3 1
2	1	6.20 1	90.1678 1
2	1	6.528 1	90.825 1
2	1	6.903 1	90.1842 1
2	1	6.720 1	90.1071 1
2	1	6.317 1	90.1845 1
2	1	6.1135 1	90.157 1
2	1	6.449 1	90.13 1
4	3	6.883 1	90.2220 0.971 90.922 1 90.617 0.840
2	1	6.1205 1	90.1940 1
2	1	6.641 1	90.326 1
2	1	6.1183 1	90.1741 1
2	1	6.672 1	90.279 1
2	1	6.1172 1	90.419 1
2	1	6.955 1	90.414 1
2	1	6.994 1	90.1865 1
2	1	6.701 1	90.70 1
2	1	6.932 1	90.162 1
2	1	6.1047 1	90.246 1
2	1	6.626 1	90.1944 1
2	1	6.1007 1	90.1207 1
2	1	6.1001 1	90.447 1
2	1	6.1069 1	90.375 1
2	1	6.1248 1	90.97 1
2	1	6.1195 1	90.19 1
2	1	6.1004 1	90.1667 1
2	1	6.281 1	90.259 1
2	1	6.904 1	90.330 1
2	1	6.1254 1	90.1065 1
2	1	6.284 1	90.280 1
2	1	6.97 1	90.577 1
2	1	6.1009 1	90.507 1
2	1	6.783 1	90.363 1
2	1	6.560 1	90.383 1
2	1	6.1032 1	90.443 1
2	1	6.667 1	90.276 1
2	1	6.1235 1	90.494 1
2	1	6.719 1	90.533 1
2	1	6.48 1	90.173 1
2	1	6.676 1	90.2007 1
2	1	6.251 1	90.239 1
2	1	6.50 1	90.175 1
2	1	6.1096 1	90.1439 1
2	1	6.1035 1	90.644 1
2	1	6.912 1	90.1932 1
2	1	6.1203 1	90.1938 1
2	1	6.1011 1	90.509 1
2	1	6.681 1	90.438 1
2	1	6.1217 1	90.1696 1
2	1	6.1194 1	90.1391 1
2	1	6.860 1	90.543 1
2	1	6.232 1	90.328 1
2	1	6.875 1	90.609 1
2	1	6.1073 1	90.318 1
2	1	6.1202 1	90.1937 1
2	1	6.1116 1	90.1226 1
2	1	6.283 1	90.281 1
2	1	6.805 1	90.422 1
2	1	6.435 1	90.1 1
2	1	6.922 1	90.32 1
2	1	6.1151 1	90.773 1
2	1	6.1056 1	90.170 1
2	1	6.410 1	90.1587 1
2	1	6.670 1	90.468 1
2	1	6.803 1	90.1675 1
2	1	6.751 1	90.62 1
2	1	6.26 1	90.566 1
2	1	6.1041 1	90.427 1
2	1	6.1234 1	90.493 1
2	1	6.250 1	90.257 1
2	1	6.440 1	90.5 1
2	1	6.710 1	90.546 1
2	1	6.767 1	90.347 1
2	1	6.948 1	90.416 1
2	1	6.623 1	90.1610 1
2	1	6.1014 1	90.339 1
2	1	6.993 1	90.1866 1
2	1	6.1039 1	90.425 1
2	1	6.429 1	90.2092 1
2	1	6.43 1	90.1947 1
2	1	6.915 1	90.1934 1
2	1	6.1074 1	90.741 1
2	1	6.545 1	90.1234 1
2	1	6.663 1	90.274 1
2	1	6.995 1	90.599 1
2	1	6.680 1	90.439 1
2	1	6.919 1	90.377 1
3	2	6.981 1	90.2194 1 90.895 1
2	1	6.287 1	90.217 1
2	1	6.795 1	90.332 1
3	2	6.673 1 6.604 0.906	90.2080 1
2	1	6.796 1	90.333 1
2	1	6.726 1	90.1364 1
2	1	6.620 1	90.754 1
2	1	6.646 1	90.491 1
2	1	6.718 1	90.1383 1
2	1	6.588 1	90.1900 1
2	1	6.1038 1	90.424 1
2	1	6.432 1	90.2105 1
2	1	6.204 1	90.1994 1
2	1	6.315 1	90.1847 1
2	1	6.947 1	90.417 1
2	1	6.659 1	90.261 1
2	1	6.1163 1	90.1668 1
2	1	6.1006 1	90.1208 1
2	1	6.1181 1	90.1744 1
2	1	6.619 1	90.516 1
2	1	6.1079 1	90.1680 1
2	1	6.1010 1	90.508 1
2	1	6.179 1	90.423 1
2	1	6.584 1	90.238 1
2	1	6.1054 1	90.168 1
2	1	6.544 1	90.1233 1
2	1	6.104 1	90.1951 1
2	1	6.1118 1	90.1228 1
2	1	6.849 1	90.988 1
2	1	6.1052 1	90.166 1
2	1	6.1040 1	90.426 1
2	1	6.247 1	90.2081 1
2	1	6.426 1	90.331 1
2	1	6.797 1	90.334 1
2	1	6.811 1	90.272 1
2	1	6.847 1	90.565 1
2	1	6.442 1	90.7 1
2	1	6.1164 1	90.1849 1
2	1	6.527 1	90.1123 1
3	2	6.300 1	90.1381 1 90.1956 0.124
2	1	6.1150 1	90.1671 1
2	1	6.45 1	90.1946 1
2	1	6.74 1	90.505 1
2	1	6.526 1	90.1122 1
2	1	6.1022 1	90.560 1
2	1	6.318 1	90.1844 1
2	1	6.963 1	90.467 1
2	1	6.895 1	90.519 1
2	1	6.802 1	90.1676 1
2	1	6.4 1	90.1373 1
2	1	6.790 1	90.368 1
2	1	6.12 1	90.1408 1
2	1	6.862 1	90.545 1
2	1	6.999 1	90.244 1
2	1	6.1005 1	90.1209 1
2	1	6.785 1	90.370 1
2	1	6.764 1	90.344 1
2	1	6.1134 1	90.156 1
2	1	6.725 1	90.1363 1
2	1	6.428 1	90.2091 1
2	1	6.621 1	90.1089 1
2	1	6.972 1	90.1841 1
2	1	6.770 1	90.350 1
2	1	6.1111 1	90.392 1
2	1	6.1210 1	90.1371 1
3	2	6.1050 1	90.1605 0.081 90.2048 1
2	1	6.1171 1	90.421 1
2	1	6.194 1	90.1070 1
2	1	6.593 1	90.1682 1
2	1	6.812 1	90.273 1
2	1	6.699 1	90.72 1
2	1	6.49 1	90.174 1
2	1	6.565 1	90.1220 1
2	1	6.1129 1	90.151 1
2	1	6.798 1	90.1213 1
2	1	6.1149 1	90.774 1
2	1	6.297 1	90.1412 1
2	1	6.605 1	90.1583 1
3	2	6.801 1	90.498 1 90.319 0.765
2	1	6.700 1	90.71 1
2	1	6.1127 1	90.149 1
3	2	6.409 1	90.550 1 90.616 0.807
2	1	6.83 1	90.1016 1
2	1	6.749 1	90.59 1
2	1	6.765 1	90.345 1
2	1	6.1089 1	90.1796 1
2	1	6.640 1	90.1405 1
2	1	6.668 1	90.277 1
2	1	6.603 1	90.503 1
2	1	6.966 1	90.1705 1
3	2	6.920 1	90.615 1 90.1088 0.751
2	1	6.776 1	90.356 1
2	1	6.129 1	90.554 1
2	1	6.585 1	90.241 1
2	1	6.779 1	90.359 1
2	1	6.965 1	90.1706 1
2	1	6.176 1	90.520 1
2	1	6.877 1	90.475 1
2	1	6.714 1	90.549 1
2	1	6.1113 1	90.397 1
2	1	6.695 1	90.464 1
2	1	6.1138 1	90.1709 1
2	1	6.444 1	90.9 1
2	1	6.655 1	90.2008 1
2	1	6.582 1	90.236 1
2	1	6.1188 1	90.668 1
2	1	6.403 1	90.119 1
2	1	6.1209 1	90.1372 1
2	1	6.1246 1	90.95 1
2	1	6.1189 1	90.667 1
3	2	6.1259 1	90.1060 0.123 90.301 1
2	1	6.60 1	90.1672 1
2	1	6.448 1	90.12 1
18	81	6.359 1 6.370 1 6.178 0.897 6.5 0.864 6.521 0.687 6.558 0.450 6.213 0.432 6.596 0.131 6.323 0.086	90.1533 1 90.1482 1 90.1512 0.792 90.1524 0.442 90.1536 0.442 90.1506 0.433 90.1495 0.427 90.1549 0.085 90.1509 0.071
2	1	6.288 1	90.2084 1
2	1	6.47 1	90.172 1
2	1	6.964 1	90.1707 1
2	1	6.697 1	90.466 1
3	2	6.905 1 6.117 1	90.1909 1
2	1	6.750 1	90.60 1
2	1	6.823 1	90.1092 1
2	1	6.967 1	90.1704 1
2	1	6.753 1	90.63 1
2	1	6.997 1	90.1692 1
2	1	6.871 1	90.484 1
2	1	6.1245 1	90.94 1
2	1	6.1121 1	90.1683 1
2	1	6.980 1	90.736 1
2	1	6.102 1	90.267 1
2	1	6.220 1	90.2006 1
2	1	6.450 1	90.1639 1
13	30	6.1145 0.221 6.122 0.227 6.338 1 6.343 0.326 6.364 0.526 6.399 0.078 6.452 0.183 6.468 0.124 6.516 0.211 6.523 0.214	90.1038 1 90.2154 0.260 90.48 0.327
2	1	6.654 1	90.2009 1
2	1	6.771 1	90.351 1
2	1	6.784 1	90.364 1
10	25	6.289 1 6.290 1 6.309 0.806 6.737 0.806 6.86 0.050	90.2086 1 90.2089 1 90.2090 0.553 90.576 0.400 90.2087 0.268
2	1	6.900 1	90.1804 1
2	1	6.602 1	90.501 1
2	1	6.810 1	90.271 1
2	1	6.914 1	90.1933 1
3	2	6.717 1	90.2189 1 90.890 1
2	1	6.562 1	90.1824 1
2	1	6.799 1	90.1212 1
2	1	6.973 1	90.1840 1
2	1	6.279 1	90.492 1
3	2	6.660 1	90.264 1 90.604 0.641
2	1	6.296 1	90.1935 1
2	1	6.639 1	90.1404 1
2	1	6.1031 1	90.442 1
5	6	6.702 1 6.703 0.052	90.470 0.393 90.69 1 90.759 0.517
2	1	6.712 1	90.547 1
2	1	6.286 1	90.282 1
2	1	6.636 1	90.602 1
2	1	6.774 1	90.354 1
2	1	6.644 1	90.472 1
6	5	6.329 1	90.1026 0.063 90.1880 0.142 90.2151 1 90.230 0.368 90.45 0.987
3	2	6.263 1	90.1576 0.989 90.586 1
2	1	6.1114 1	90.398 1
2	1	6.427 1	90.808 1
2	1	6.1023 1	90.559 1
2	1	6.131 1	90.209 1
2	1	6.436 1	90.2 1
2	1	6.550 1	90.1454 1
2	1	6.634 1	90.603 1
2	1	6.713 1	90.548 1
2	1	6.768 1	90.348 1
2	1	6.249 1	90.255 1
2	1	6.789 1	90.367 1
2	1	6.1117 1	90.1227 1
2	1	6.946 1	90.418 1
2	1	6.675 1	90.213 1
2	1	6.888 1	90.1074 1
2	1	6.708 1	90.1216 1
2	1	6.530 1	90.823 1
2	1	6.929 1	90.163 1
2	1	6.103 1	90.1952 1
2	1	6.769 1	90.349 1
2	1	6.781 1	90.361 1
2	1	6.1078 1	90.1681 1
2	1	6.780 1	90.360 1
2	1	6.13 1	90.525 1
2	1	6.451 1	90.1235 1
2	1	6.547 1	90.1326 1
2	1	6.1057 1	90.1677 1
2	1	6.782 1	90.362 1
2	1	6.601 1	90.499 1
4	3	6.1178 1	90.171 1 90.159 0.882 90.1197 0.679
3	2	6.1253 1	90.1669 1 90.1854 0.686
3	2	6.971 1	90.787 0.953 90.976 1
2	1	6.1132 1	90.154 1
2	1	6.529 1	90.824 1
2	1	6.656 1	90.252 1
2	1	6.73 1	90.1428 1
2	1	6.788 1	90.366 1
3	2	6.845 1	90.570 1 90.631 0.149
2	1	6.132 1	90.210 1
2	1	6.906 1	90.1911 1
2	1	6.627 1	90.1942 1
2	1	6.861 1	90.544 1
2	1	6.778 1	90.358 1
4	3	6.557 1	90.2153 1 90.232 0.250 90.47 1
4	3	6.237 1	90.1663 0.133 90.2272 0.319 90.665 1
2	1	6.11 1	90.743 1
2	1	6.952 1	90.744 1
2	1	6.174 1	90.1857 1
2	1	6.203 1	90.1993 1
2	1	6.546 1	90.483 1
2	1	6.696 1	90.465 1
2	1	6.72 1	90.1430 1
2	1	6.219 1	90.2005 1
2	1	6.1241 1	90.1368 1
2	1	6.208 1	90.1958 1
2	1	6.775 1	90.355 1
3	2	6.437 0.067 6.990 1	90.1201 1
2	1	6.180 1	90.1588 1
2	1	6.80 1	90.2000 1
2	1	6.15 1	90.523 1
2	1	6.1112 1	90.393 1
2	1	6.248 1	90.254 1
2	1	6.552 1	90.1456 1
4	3	6.265 1	90.1810 1 90.160 0.919 90.446 0.797
2	1	6.949 1	90.415 1
2	1	6.1148 1	90.1366 1
2	1	6.682 1	90.437 1
2	1	6.766 1	90.346 1
2	1	6.760 1	90.2063 1
2	1	6.791 1	90.369 1
2	1	6.1070 1	90.374 1
2	1	6.1018 1	90.23 1
2	1	6.1157 1	90.672 1
2	1	6.1182 1	90.1743 1
2	1	6.878 1	90.473 1
3	2	6.1055 1 6.628 0.164	90.169 1
2	1	6.727 1	90.1365 1
2	1	6.9 1	90.828 1
2	1	6.475 1	90.752 1
2	1	6.1077 1	90.1407 1
2	1	6.1015 1	90.338 1
2	1	6.272 1	90.98 1
2	1	6.747 1	90.57 1
2	1	6.1119 1	90.1229 1
2	1	6.1208 1	90.448 1
2	1	6.566 1	90.1221 1
2	1	6.653 1	90.341 1
2	1	6.698 1	90.1087 1
2	1	6.924 1	90.1427 1
2	1	6.729 1	90.670 1
3	2	6.902 1	90.1843 1 90.243 0.739
3	2	6.191 0.068 6.367 1	90.985 1
2	1	6.446 1	90.11 1
2	1	6.207 1	90.1999 1
2	1	6.441 1	90.6 1
2	1	6.549 1	90.1805 1
2	1	6.762 1	90.2011 1
5	4	6.490 1	90.1417 0.824 90.2145 1 90.222 1 90.39 1
2	1	6.777 1	90.357 1
2	1	6.968 1	90.1703 1
2	1	6.773 1	90.353 1
2	1	6.884 1	90.1101 1
2	1	6.728 1	90.211 1
2	1	6.763 1	90.343 1
2	1	6.1130 1	90.152 1
15	26	6.340 1 6.1257 1	90.997 1 90.54 1 90.2160 0.542 90.402 0.510 90.760 0.219 90.666 0.142 90.2271 0.135 90.768 0.129 90.204 0.122 90.832 0.120 90.1324 0.119 90.1236 0.104 90.1794 0.093
2	1	6.1131 1	90.153 1
2	1	6.1168 1	90.1433 1
2	1	6.202 1	90.1991 1
2	1	6.1071 1	90.373 1
2	1	6.724 1	90.1362 1
2	1	6.1179 1	90.1809 1
2	1	6.1108 1	90.389 1
2	1	6.445 1	90.10 1
2	1	6.956 1	90.1426 1
2	1	6.344 1	90.65 1
2	1	6.198 1	90.372 1
2	1	6.1227 1	90.1851 1
10	21	6.396 1 6.395 1 6.366 0.890	90.403 1 90.641 1 90.2159 0.994 90.762 0.726 90.994 0.447 90.53 0.407 90.765 0.369
8	16	6.327 1 6.328 1 6.554 0.461 6.649 0.185	90.227 1 90.2150 1 90.44 0.440 90.228 0.079
2	1	6.81 1	90.26 1
11	10	6.622 1	90.1170 0.256 90.1284 0.924 90.1295 1 90.1749 0.847 90.186 0.983 90.2178 0.993 90.651 0.290 90.723 0.413 90.796 0.362 90.879 0.983
2	1	6.193 1	90.1069 1
2	1	6.564 1	90.1219 1
2	1	6.1017 1	90.24 1
2	1	6.1154 1	90.1612 1
2	1	6.58 1	90.99 1
2	1	6.894 1	90.517 1
3	2	6.982 1 6.100 1	90.1068 1
2	1	6.1106 1	90.1611 1
3	2	6.499 0.238 6.944 1	90.634 1
2	1	6.14 1	90.524 1
2	1	6.551 1	90.1455 1
2	1	6.933 1	90.161 1
2	1	6.233 1	90.327 1
2	1	6.887 1	90.1403 1
2	1	6.978 1	90.857 1
2	1	6.1136 1	90.158 1
2	1	6.316 1	90.1846 1
2	1	6.433 1	90.2106 1
3	2	6.1249 1	90.1807 1 90.56 0.195
2	1	6.1012 1	90.511 1
2	1	6.186 1	90.1318 1
2	1	6.1053 1	90.167 1
2	1	6.91 1	90.1738 1
2	1	6.1019 1	90.22 1
2	1	6.950 1	90.1702 1
2	1	6.786 1	90.365 1
7	12	6.464 0.128 6.491 1 6.598 0.365 6.599 0.386	90.2146 1 90.223 1 90.40 1
2	1	6.10 1	90.742 1
2	1	6.1184 1	90.1425 1
2	1	6.1204 1	90.1939 1
7	6	6.177 1 6.310 0.860 6.925 0.905 6.1067 0.860 6.1156 0.852 6.1223 0.876	90.1615 1
2	1	6.709 1	90.1215 1
2	1	6.759 1	90.2062 1
2	1	6.412 1	90.1798 1
2	1	6.918 1	90.1635 1
3	2	6.259 0.051 6.942 1	90.629 1
2	1	6.308 1	90.601 1
2	1	6.1212 1	90.307 1
2	1	6.1229 1	90.1230 1
2	1	6.434 1	90.2107 1
2	1	6.128 1	90.558 1
2	1	6.657 1	90.253 1
2	1	6.206 1	90.1998 1
3	2	6.215 0.087 6.417 1	90.1850 1
2	1	6.42 1	90.1948 1
2	1	6.998 1	90.1693 1
2	1	6.671 1	90.278 1
2	1	6.907 1	90.1912 1
2	1	6.1110 1	90.391 1
2	1	6.1152 1	90.987 1
3	2	6.1232 1	90.215 1 90.469 0.078
5	6	6.456 1 6.610 0.742	90.1021 1 90.1053 0.906 90.1892 0.502
2	1	6.748 1	90.58 1
2	1	6.1008 1	90.506 1
18	17	6.371 1	90.1085 0.203 90.1132 0.119 90.115 0.144 90.1358 0.087 90.1451 0.084 90.1837 0.082 90.1915 0.179 90.1969 1 90.1972 0.193 90.205 0.090 90.2051 0.203 90.2197 0.054 90.2241 0.084 90.298 0.200 90.898 0.086 90.942 0.232 90.958 0.072
2	1	6.420 1	90.1871 1
2	1	6.419 1	90.127 1
2	1	6.1085 0.767	90.270 0.767
